0 271
0 303
2 243
2 470
3 286
3 437
5 46
4 125
4 839
6 913
8 391
8 499
9 395
9 634
10 361
10 705
11 188
12 676
15 266
15 1001
17 34
17 749
19 632
19 742
21 121
21 709
23 24
23 683
24 751
25 26
25 104
26 900
27 28
27 198
28 668
29 30
29 881
30 506
31 32
31 673
32 983
33 5
33 34
34 18
35 36
35 609
36 744
37 38
37 417
38 593
39 40
39 141
40 168
41 42
41 823
42 338
43 15
43 44
44 658
45 46
45 691
46 857
47 48
47 197
48 468
49 50
49 386
50 598
51 41
51 52
52 47
53 54
53 1013
54 453
55 56
55 717
56 756
57 58
57 329
58 604
59 60
59 340
60 117
61 62
61 335
62 571
63 64
63 516
64 371
65 66
65 987
66 704
67 68
67 318
68 642
69 70
69 722
70 1011
71 72
71 733
72 893
73 74
73 572
74 233
75 76
75 237
76 620
77 78
77 1002
78 579
79 80
79 154
80 534
81 82
81 247
82 296
83 84
83 365
84 136
85 86
85 991
86 574
87 88
87 476
88 714
89 90
89 207
90 672
91 16
91 92
92 798
93 94
93 501
94 140
95 96
95 299
96 457
97 98
97 278
98 239
99 100
99 961
100 211
101 102
101 584
102 700
103 104
103 449
104 483
105 106
105 127
106 565
107 108
107 886
108 268
109 110
109 206
110 862
111 112
111 546
112 202
113 95
113 114
114 607
115 116
115 265
116 829
117 118
117 880
118 181
119 120
119 627
120 143
121 122
121 369
122 180
123 124
123 158
124 422
125 126
125 183
126 532
127 128
127 753
128 354
129 130
129 821
130 222
131 132
131 155
132 770
133 134
133 619
134 312
135 23
135 136
136 662
137 138
137 513
138 162
139 140
139 339
140 64
141 142
141 389
142 803
143 144
143 557
144 230
145 146
145 830
146 86
147 67
147 148
148 290
149 150
149 773
150 732
151 152
151 445
152 837
153 154
153 300
154 221
155 156
155 889
156 949
157 158
157 403
158 292
159 59
159 160
160 500
161 162
161 441
162 523
163 164
163 877
164 933
165 166
165 495
166 324
167 168
167 953
168 101
169 170
169 690
170 110
171 172
171 1003
172 715
173 174
173 566
174 94
175 176
175 497
176 302
177 178
177 664
178 538
179 180
179 925
180 320
181 182
181 479
182 273
183 184
183 401
184 578
185 186
185 187
186 865
187 188
187 635
188 746
189 190
189 616
190 274
191 192
191 794
192 1006
193 194
193 811
194 17
195 196
195 461
196 594
197 198
197 241
198 33
199 200
199 809
200 890
201 202
201 625
202 317
203 204
203 253
204 892
205 206
205 735
206 347
207 208
207 785
208 84
209 210
209 985
210 782
211 212
211 261
212 393
213 214
213 927
214 592
215 216
215 602
216 522
217 45
217 218
218 780
219 220
219 628
220 87
221 184
221 222
222 12
223 193
223 224
224 508
225 226
225 477
226 618
227 228
227 287
228 186
229 217
229 230
230 654
231 232
231 442
232 109
233 234
233 805
234 968
235 236
235 856
236 784
237 238
237 734
238 321
239 240
239 929
240 1014
241 122
241 242
242 108
243 244
243 629
244 699
245 142
245 246
246 802
247 248
247 313
248 879
249 250
249 423
250 541
251 252
251 359
252 548
253 254
253 444
254 739
255 256
255 257
256 832
257 258
257 678
258 92
259 129
259 260
260 294
261 51
261 262
262 385
263 85
263 264
264 633
265 199
265 266
266 947
267 268
267 795
268 472
269 270
269 595
270 418
271 272
271 481
272 116
273 274
273 426
274 818
275 276
275 868
276 411
277 278
277 400
278 710
279 53
279 280
280 464
281 282
281 631
282 554
283 135
283 284
284 485
285 286
285 450
286 515
287 288
287 729
288 91
289 290
289 831
290 888
291 288
291 292
292 220
293 219
293 294
294 848
295 296
295 993
296 928
297 289
297 298
298 549
299 55
299 300
300 341
301 302
301 492
302 724
303 304
303 973
304 494
305 282
305 306
306 540
307 308
307 911
308 644
309 139
309 310
310 439
311 312
311 940
312 882
313 314
313 723
314 323
315 209
315 316
316 847
317 318
317 463
318 469
319 81
319 320
320 524
321 322
321 772
322 192
323 324
323 667
324 120
325 137
325 326
326 70
327 223
327 328
328 276
329 330
329 835
330 972
331 332
331 536
332 558
333 334
333 671
334 212
335 336
335 561
336 218
337 338
337 845
338 655
339 71
339 340
340 621
341 342
341 951
342 27
343 42
343 344
344 167
345 20
345 346
346 754
347 348
347 646
348 956
349 350
349 878
350 79
351 352
351 693
352 701
353 152
353 354
354 373
355 224
355 356
356 767
357 358
357 775
358 264
359 360
359 876
360 145
361 362
361 567
362 245
363 364
363 727
364 581
365 89
365 366
366 434
367 352
367 368
368 640
369 97
369 370
370 650
371 372
371 791
372 706
373 374
373 765
374 50
375 376
375 695
376 390
377 378
377 388
378 124
379 380
379 446
380 801
381 244
381 382
382 22
383 384
383 651
384 415
385 386
385 580
386 804
387 388
387 511
388 622
389 390
389 863
390 820
391 327
391 392
392 363
393 21
393 394
394 745
395 396
395 535
396 38
397 114
397 398
398 1007
399 90
399 400
400 480
401 402
401 815
402 498
403 404
403 843
404 562
405 343
405 406
406 796
407 408
407 569
408 5
409 410
409 685
410 840
411 412
411 431
412 82
413 414
413 553
414 80
415 416
415 887
416 360
417 131
417 418
418 918
419 420
419 455
420 345
421 166
421 422
422 208
423 424
423 943
424 412
425 74
425 426
426 643
427 428
427 901
428 325
429 430
429 995
430 999
431 432
431 652
432 48
433 434
433 694
434 279
435 362
435 436
436 858
437 61
437 438
438 177
439 440
439 519
440 636
441 283
441 442
442 487
443 285
443 444
444 259
445 446
445 639
446 475
447 448
447 758
448 126
449 450
449 517
450 113
451 232
451 452
452 544
453 454
453 998
454 854
455 295
455 456
456 413
457 458
457 921
458 407
459 460
459 898
460 688
461 462
461 931
462 752
463 456
463 464
464 950
465 151
465 466
466 275
467 78
467 468
468 980
469 470
469 897
470 332
471 448
471 472
472 630
473 159
473 474
474 674
475 476
475 819
476 768
477 115
477 478
478 277
479 178
479 480
480 790
481 93
481 482
482 666
483 484
483 969
484 582
485 260
485 486
486 88
487 488
487 677
488 367
489 490
489 585
490 68
491 492
491 564
492 1000
493 419
493 494
494 336
495 496
495 747
496 787
497 498
497 503
498 256
499 500
499 963
500 610
501 502
501 529
502 894
503 504
503 588
504 528
505 506
505 964
506 440
507 225
507 508
508 904
509 510
509 555
510 702
511 57
511 512
512 398
513 203
513 514
514 227
515 105
515 516
516 771
517 267
517 518
518 366
519 520
519 713
520 824
521 77
521 522
522 14
523 404
523 524
524 844
525 526
525 962
526 866
527 528
527 841
528 896
529 530
529 663
530 502
531 527
531 532
532 1
533 534
533 994
534 452
535 200
535 536
536 460
537 249
537 538
538 533
539 43
539 540
540 471
541 153
541 542
542 778
543 10
543 544
544 952
545 375
545 546
546 682
547 548
547 597
548 1012
549 550
549 766
550 346
551 189
551 552
552 670
553 182
553 554
554 396
555 556
555 718
556 397
557 558
557 719
558 552
559 560
559 681
560 825
561 562
561 967
562 272
563 451
563 564
564 712
565 566
565 861
566 645
567 56
567 568
568 986
569 570
569 990
570 410
571 161
571 572
572 58
573 545
573 574
574 196
575 576
575 997
576 800
577 509
577 578
578 638
579 580
579 647
580 984
581 530
581 582
582 936
583 584
583 730
584 512
585 376
585 586
586 853
587 235
587 588
588 966
589 590
589 737
590 926
591 25
591 592
592 842
593 594
593 959
594 432
595 596
595 988
596 482
597 598
597 989
598 435
599 315
599 600
600 708
601 201
601 602
602 550
603 604
603 783
604 429
605 606
605 741
606 759
607 138
607 608
608 958
609 610
609 871
610 583
611 612
611 755
612 781
613 73
613 614
614 66
615 547
615 616
616 846
617 537
617 618
618 764
619 377
619 620
620 777
621 622
621 641
622 291
623 280
623 624
624 148
625 6
625 626
626 493
627 172
627 628
628 945
629 630
629 859
630 814
631 443
631 632
632 304
633 520
633 634
634 31
635 309
635 636
636 176
637 40
637 638
638 792
639 2
639 640
640 992
641 356
641 642
642 750
643 250
643 644
644 370
645 425
645 646
646 4
647 394
647 648
648 596
649 24
649 650
650 525
651 652
651 850
652 788
653 518
653 654
654 946
655 111
655 656
656 860
657 658
657 776
658 935
659 637
659 660
660 826
661 662
661 937
662 996
663 664
663 965
664 970
665 666
665 981
666 568
667 514
667 668
668 133
669 379
669 670
670 812
671 603
671 672
672 378
673 107
673 674
674 907
675 543
675 676
676 236
677 665
677 678
678 96
679 76
679 680
680 624
681 682
681 942
682 486
683 684
683 757
684 12
685 251
685 686
686 392
687 459
687 688
688 908
689 191
689 690
690 102
691 611
691 692
692 576
693 100
693 694
694 799
695 696
695 944
696 743
697 118
697 698
698 350
699 334
699 700
700 698
701 19
701 702
702 916
703 704
703 1010
704 661
705 405
705 706
706 454
707 240
707 708
708 870
709 703
709 710
710 982
711 98
711 712
712 659
713 473
713 714
714 656
715 716
715 813
716 531
717 381
717 718
718 195
719 298
719 720
720 301
721 29
721 722
722 297
723 724
723 869
724 348
725 657
725 726
726 948
727 648
727 728
728 252
729 119
729 730
730 763
731 128
731 732
732 164
733 734
733 974
734 563
735 736
735 810
736 885
737 357
737 738
738 474
739 740
739 912
740 726
741 238
741 742
742 399
743 614
743 744
744 608
745 488
745 746
746 852
747 387
747 748
748 306
749 750
749 867
750 586
751 490
751 752
752 420
753 35
753 754
754 368
755 99
755 756
756 171
757 725
757 758
758 269
759 760
759 816
760 978
761 762
761 793
762 806
763 626
763 764
764 156
765 675
765 766
766 174
767 591
767 768
768 384
769 63
769 770
770 458
771 772
771 923
772 915
773 761
773 774
774 680
775 776
775 797
776 613
777 778
777 851
778 834
779 780
779 833
780 132
781 560
781 782
782 774
783 784
783 875
784 902
785 769
785 786
786 909
787 355
787 788
788 906
789 760
789 790
790 169
791 716
791 792
792 36
793 344
793 794
794 467
795 163
795 796
796 521
797 337
797 798
798 32
799 800
799 849
800 689
801 416
801 802
802 262
803 26
803 804
804 204
805 806
805 977
806 342
807 808
807 976
808 226
809 229
809 810
810 103
811 731
811 812
812 408
813 736
813 814
814 789
815 816
815 895
816 462
817 284
817 818
818 216
819 820
819 855
820 44
821 75
821 822
822 577
823 205
823 824
824 328
825 740
825 826
826 11
827 615
827 828
828 52
829 696
829 830
830 242
831 213
831 832
832 660
833 489
833 834
834 380
835 281
835 836
836 7
837 330
837 838
838 692
839 822
839 840
840 828
841 686
841 842
842 504
843 179
843 844
844 960
845 65
845 846
846 556
847 194
847 848
848 932
849 850
849 957
850 307
851 438
851 852
852 146
853 311
853 854
854 510
855 39
855 856
856 60
857 505
857 858
858 322
859 860
859 975
860 542
861 173
861 862
862 954
863 62
863 864
864 406
865 496
865 866
866 414
867 160
867 868
868 874
869 870
869 1009
870 808
871 827
871 872
872 314
873 872
873 874
874 215
875 3
875 876
876 601
877 433
877 878
878 559
879 605
879 880
880 649
881 882
881 905
882 372
883 310
883 884
884 424
885 883
885 886
886 864
887 888
887 1005
888 910
889 873
889 890
890 697
891 599
891 892
892 914
893 234
893 894
894 1008
895 112
895 896
896 270
897 364
897 898
898 570
899 210
899 900
900 326
901 539
901 902
902 884
903 891
903 904
904 358
905 428
905 906
906 786
907 587
907 908
908 382
909 711
909 910
910 720
911 106
911 912
912 263
913 8
913 914
914 600
915 37
915 916
916 924
917 430
917 918
918 402
919 920
919 941
920 333
921 28
921 922
922 421
923 353
923 924
924 526
925 551
925 926
926 147
927 738
927 928
928 728
929 679
929 930
930 934
931 409
931 932
932 653
933 144
933 934
934 130
935 316
935 936
936 134
937 762
937 938
938 293
939 938
939 940
940 478
941 507
941 942
942 9
943 447
943 944
944 6
945 258
945 946
946 930
947 185
947 948
948 255
949 30
949 950
950 836
951 305
951 952
952 190
953 954
953 1004
954 899
955 228
955 956
956 11
957 427
957 958
958 54
959 157
959 960
960 748
961 903
961 962
962 49
963 149
963 964
964 707
965 669
965 966
966 612
967 617
967 968
968 573
969 349
969 970
970 817
971 465
971 972
972 383
973 971
973 974
974 165
975 319
975 976
976 838
977 231
977 978
978 170
979 175
979 980
980 13
981 72
981 982
982 331
983 807
983 984
984 214
985 589
985 986
986 436
987 920
987 988
988 351
989 721
989 990
990 917
991 248
991 992
992 590
993 979
993 994
994 123
995 939
995 996
996 491
997 919
997 998
998 308
999 466
999 1000
1000 374
1001 83
1001 1002
1002 69
1003 955
1003 1004
1004 254
1005 922
1005 1006
1006 684
1007 606
1007 1008
1008 687
1009 575
1009 1010
1010 779
1011 246
1011 1012
1012 484
1013 150
1013 1014
1014 623
