0 555
0 881
1 149
1 201
3 777
3 969
5 343
4 312
4 346
6 367
9 395
9 1005
10 173
10 905
12 731
11 848
13 515
13 861
15 205
15 260
17 630
17 951
19 880
19 921
21 247
21 624
23 24
23 177
24 194
25 26
25 466
26 846
27 28
27 571
28 348
29 30
29 262
30 770
31 32
31 504
32 572
33 34
33 47
34 436
35 36
35 250
36 906
37 38
37 818
38 518
39 40
39 815
40 708
41 42
41 713
42 610
43 44
43 441
44 224
45 46
45 449
46 715
47 48
47 172
48 897
49 50
49 464
50 682
51 52
51 923
52 714
53 54
53 507
54 561
55 56
55 889
56 123
57 58
57 807
58 545
59 60
59 479
60 57
61 62
61 199
62 819
63 64
63 259
64 235
65 66
65 597
66 16
67 68
67 814
68 524
69 70
69 376
70 138
71 72
71 160
72 782
73 74
73 910
74 18
75 76
75 295
76 442
77 78
77 960
78 870
79 80
79 498
80 821
81 82
81 786
82 208
83 84
83 954
84 514
85 86
85 455
86 718
87 88
87 104
88 965
89 90
89 847
90 234
91 44
91 92
92 354
93 94
93 391
94 631
95 96
95 471
96 875
97 98
97 719
98 895
99 100
99 163
100 668
101 102
101 904
102 704
103 104
103 547
104 405
105 106
105 502
106 589
107 108
107 143
108 238
109 110
109 567
110 618
111 112
111 534
112 966
113 114
113 629
114 899
115 75
115 116
116 927
117 7
117 118
118 14
119 116
119 120
120 552
121 122
121 712
122 371
123 124
123 487
124 290
125 126
125 164
126 612
127 113
127 128
128 533
129 130
129 390
130 774
131 132
131 175
132 398
133 40
133 134
134 656
135 136
135 915
136 387
137 23
137 138
138 528
139 68
139 140
140 868
141 142
141 204
142 287
143 144
143 855
144 585
145 146
145 153
146 317
147 148
147 496
148 820
149 150
149 443
150 242
151 152
151 634
152 1000
153 99
153 154
154 985
155 124
155 156
156 620
157 158
157 419
158 896
159 160
159 207
160 360
161 162
161 548
162 384
163 164
163 537
164 940
165 166
165 779
166 492
167 45
167 168
168 134
169 170
169 469
170 996
171 172
171 559
172 519
173 174
173 841
174 557
175 176
175 836
176 930
177 178
177 521
178 917
179 180
179 1003
180 538
181 33
181 182
182 396
183 119
183 184
184 962
185 186
185 824
186 88
187 188
187 839
188 725
189 20
189 190
190 736
191 192
191 632
192 1012
193 194
193 788
194 588
195 196
195 383
196 392
197 198
197 659
198 315
199 200
199 981
200 74
201 97
201 202
202 393
203 204
203 621
204 254
205 206
205 345
206 1002
207 13
207 208
208 554
209 210
209 319
210 776
211 212
211 223
212 550
213 83
213 214
214 822
215 139
215 216
216 792
217 60
217 218
218 860
219 220
219 431
220 766
221 222
221 540
222 102
223 224
223 866
224 982
225 226
225 433
226 933
227 183
227 228
228 972
229 230
229 331
230 746
231 232
231 603
232 397
233 154
233 234
234 1014
235 236
235 958
236 120
237 238
237 470
238 662
239 240
239 427
240 563
241 242
241 365
242 210
243 216
243 244
244 218
245 229
245 246
246 1006
247 248
247 473
248 438
249 217
249 250
250 950
251 252
251 789
252 801
253 174
253 254
254 144
255 256
255 745
256 324
257 258
257 912
258 125
259 260
259 565
260 644
261 262
261 813
262 795
263 264
263 811
264 688
265 266
265 641
266 543
267 268
267 803
268 671
269 270
269 275
270 480
271 272
271 727
272 931
273 274
273 596
274 446
275 276
275 375
276 646
277 278
277 693
278 643
279 249
279 280
280 676
281 128
281 282
282 280
283 284
283 651
284 768
285 165
285 286
286 214
287 288
287 685
288 1007
289 290
289 490
290 898
291 219
291 292
292 330
293 294
293 858
294 619
295 21
295 296
296 92
297 59
297 298
298 67
299 300
299 477
300 418
301 302
301 799
302 340
303 304
303 948
304 314
305 306
305 508
306 386
307 308
307 493
308 773
309 190
309 310
310 356
311 312
311 739
312 636
313 141
313 314
314 902
315 48
315 316
316 689
317 318
317 732
318 806
319 87
319 320
320 978
321 322
321 791
322 700
323 248
323 324
324 192
325 326
325 673
326 564
327 328
327 757
328 771
329 330
329 385
330 328
331 76
331 332
332 416
333 155
333 334
334 908
335 303
335 336
336 22
337 338
337 495
338 482
339 140
339 340
340 598
341 65
341 342
342 3
343 39
343 344
344 581
345 346
345 886
346 323
347 348
347 862
348 882
349 106
349 350
350 146
351 352
351 648
352 6
353 354
353 992
354 338
355 58
355 356
356 332
357 236
357 358
358 587
359 360
359 765
360 181
361 362
361 513
362 942
363 326
363 364
364 212
365 136
365 366
366 562
367 368
367 488
368 997
369 269
369 370
370 38
371 372
371 494
372 422
373 159
373 374
374 501
375 376
375 722
376 265
377 378
377 546
378 867
379 233
379 380
380 535
381 359
381 382
382 121
383 384
383 627
384 580
385 386
385 988
386 616
387 382
387 388
388 594
389 307
389 390
390 300
391 277
391 392
392 798
393 176
393 394
394 450
395 396
395 853
396 298
397 101
397 398
398 196
399 322
399 400
400 892
401 96
401 402
402 592
403 404
403 453
404 500
405 15
405 406
406 758
407 408
407 573
408 970
409 222
409 410
410 640
411 412
411 434
412 517
413 414
413 929
414 885
415 416
415 900
416 932
417 43
417 418
418 26
419 420
419 717
420 129
421 400
421 422
422 605
423 424
423 947
424 738
425 426
425 883
426 81
427 428
427 854
428 593
429 430
429 653
430 241
431 432
431 489
432 206
433 434
433 733
434 707
435 412
435 436
436 366
437 438
437 829
438 351
439 440
439 705
440 754
441 135
441 442
442 103
443 342
443 444
444 611
445 446
445 926
446 244
447 448
447 744
448 410
449 450
449 558
450 692
451 321
451 452
452 606
453 152
453 454
454 318
455 353
455 456
456 357
457 458
457 941
458 52
459 460
459 522
460 117
461 462
461 655
462 451
463 335
463 464
464 8
465 466
465 637
466 425
467 468
467 742
468 36
469 266
469 470
470 49
471 145
471 472
472 273
473 369
473 474
474 6
475 299
475 476
476 654
477 478
477 946
478 186
479 333
479 480
480 61
481 89
481 482
482 30
483 268
483 484
484 857
485 380
485 486
486 272
487 488
487 796
488 675
489 373
489 490
490 256
491 257
491 492
492 737
493 494
493 638
494 674
495 496
495 574
496 964
497 498
497 740
498 401
499 10
499 500
500 658
501 502
501 810
502 888
503 461
503 504
504 73
505 506
505 635
506 920
507 195
507 508
508 556
509 510
509 614
510 142
511 53
511 512
512 608
513 93
513 514
514 684
515 361
515 516
516 586
517 276
517 518
518 80
519 327
519 520
520 158
521 522
521 891
522 679
523 71
523 524
524 362
525 294
525 526
526 448
527 270
527 528
528 316
529 122
529 530
530 237
531 91
531 532
532 2
533 534
533 762
534 468
535 131
535 536
536 306
537 278
537 538
538 310
539 540
539 660
540 426
541 542
541 665
542 19
543 161
543 544
544 243
545 491
545 546
546 111
547 548
547 959
548 977
549 550
549 849
550 976
551 552
551 809
552 336
553 402
553 554
554 304
555 556
555 911
556 695
557 558
557 645
558 503
559 337
559 560
560 447
561 147
561 562
562 530
563 182
563 564
564 72
565 70
565 566
566 544
567 568
567 607
568 670
569 64
569 570
570 816
571 572
571 701
572 716
573 261
573 574
574 481
575 341
575 576
576 778
577 578
577 626
578 378
579 388
579 580
580 82
581 582
581 893
582 394
583 439
583 584
584 132
585 221
585 586
586 667
587 588
587 935
588 980
589 133
589 590
590 840
591 209
591 592
592 42
593 29
593 594
594 696
595 596
595 609
596 995
597 539
597 598
598 364
599 600
599 687
600 797
601 291
601 602
602 486
603 604
603 617
604 179
605 281
605 606
606 168
607 411
607 608
608 274
609 610
609 967
610 869
611 612
611 800
612 769
613 25
613 614
614 62
615 180
615 616
616 697
617 114
617 618
618 748
619 403
619 620
620 432
621 622
621 971
622 747
623 109
623 624
624 984
625 577
625 626
626 157
627 628
627 650
628 258
629 283
629 630
630 730
631 63
631 632
632 358
633 634
633 887
634 924
635 636
635 925
636 728
637 483
637 638
638 347
639 640
639 790
640 576
641 642
641 677
642 600
643 27
643 644
644 399
645 54
645 646
646 709
647 253
647 648
648 531
649 267
649 650
650 1009
651 652
651 823
652 752
653 654
653 837
654 710
655 656
655 879
656 289
657 623
657 658
658 231
659 660
659 999
660 462
661 413
661 662
662 372
663 458
663 664
664 828
665 11
665 666
666 459
667 302
667 668
668 802
669 94
669 670
670 726
671 672
671 755
672 602
673 225
673 674
674 5
675 516
675 676
676 90
677 678
677 938
678 968
679 191
679 680
680 156
681 682
681 989
682 826
683 12
683 684
684 525
685 678
685 686
686 5
687 625
687 688
688 702
689 35
689 690
690 309
691 692
691 890
692 286
693 279
693 694
694 100
695 41
695 696
696 444
697 698
697 1010
698 232
699 700
699 919
700 560
701 613
701 702
702 352
703 704
703 767
704 105
705 680
705 706
706 200
707 77
707 708
708 876
709 622
709 710
710 32
711 127
711 712
712 227
713 714
713 793
714 452
715 4
715 716
716 86
717 718
717 721
718 110
719 720
719 877
720 1011
721 55
721 722
722 711
723 724
723 949
724 297
725 284
725 726
726 440
727 728
727 963
728 285
729 211
729 730
730 28
731 732
731 986
732 126
733 734
733 851
734 878
735 736
735 749
736 750
737 467
737 738
738 334
739 740
739 831
740 804
741 389
741 742
742 339
743 239
743 744
744 536
745 311
745 746
746 663
747 690
747 748
748 681
749 169
749 750
750 282
751 381
751 752
752 952
753 445
753 754
754 526
755 497
755 756
756 901
757 758
757 975
758 998
759 699
759 760
760 308
761 741
761 762
762 694
763 764
763 787
764 1
765 766
765 1013
766 293
767 215
767 768
768 780
769 770
769 772
770 162
771 691
771 772
772 112
773 578
773 774
774 506
775 252
775 776
776 188
777 98
777 778
778 706
779 288
779 780
780 934
781 782
781 993
782 783
783 784
783 913
784 639
785 414
785 786
786 698
787 137
787 788
788 916
789 301
789 790
790 150
791 761
791 792
792 808
793 683
793 794
794 838
795 329
795 796
796 909
797 520
797 798
798 24
799 478
799 800
800 349
801 474
801 802
802 148
803 325
803 804
804 417
805 79
805 806
806 990
807 95
807 808
808 944
809 423
809 810
810 569
811 812
811 873
812 166
813 814
813 991
814 475
815 794
815 816
816 368
817 818
817 937
818 784
819 374
819 820
820 230
821 822
821 922
822 825
823 824
823 957
824 994
825 118
825 826
826 189
827 734
827 828
828 408
829 759
829 830
830 246
831 9
831 832
832 724
833 647
833 834
834 914
835 763
835 836
836 729
837 838
837 852
838 344
839 171
839 840
840 856
841 379
841 842
842 830
843 649
843 844
844 764
845 84
845 846
846 805
847 832
847 848
848 457
849 615
849 850
850 226
851 852
851 865
852 943
853 854
853 953
854 511
855 463
855 856
856 78
857 11
857 858
858 56
859 509
859 860
860 874
861 781
861 862
862 864
863 271
863 864
864 669
865 197
865 866
866 430
867 868
867 1008
868 170
869 17
869 870
870 415
871 661
871 872
872 835
873 642
873 874
874 956
875 591
875 876
876 590
877 878
877 955
878 579
879 872
879 880
880 50
881 599
881 882
882 583
883 541
883 884
884 652
885 842
885 886
886 703
887 505
887 888
888 974
889 255
889 890
890 251
891 892
891 973
892 570
893 628
893 894
894 409
895 370
895 896
896 756
897 107
897 898
898 918
899 193
899 900
900 672
901 406
901 902
902 512
903 420
903 904
904 720
905 751
905 906
906 460
907 263
907 908
908 566
909 69
909 910
910 844
911 863
911 912
912 859
913 775
913 914
914 907
915 85
915 916
916 529
917 202
917 918
918 582
919 920
919 1001
920 936
921 363
921 922
922 894
923 633
923 924
924 178
925 499
925 926
926 850
927 198
927 928
928 532
929 523
929 930
930 228
931 834
931 932
932 476
933 817
933 934
934 884
935 553
935 936
936 377
937 743
937 938
938 12
939 213
939 940
940 666
941 942
941 983
942 735
943 833
943 944
944 1004
945 437
945 946
946 903
947 184
947 948
948 657
949 51
949 950
950 939
951 320
951 952
952 435
953 595
953 954
954 785
955 845
955 956
956 664
957 871
957 958
958 313
959 485
959 960
960 305
961 151
961 962
962 220
963 549
963 964
964 167
965 542
965 966
966 812
967 551
967 968
968 240
969 185
969 970
970 568
971 972
971 987
972 456
973 484
973 974
974 604
975 945
975 976
976 424
977 472
977 978
978 37
979 465
979 980
980 130
981 575
981 982
982 292
983 245
983 984
984 961
985 753
985 986
986 527
987 979
987 988
988 429
989 421
989 990
990 296
991 843
991 992
992 187
993 407
993 994
994 355
995 404
995 996
996 108
997 760
997 998
998 584
999 203
999 1000
1000 510
1001 428
1001 1002
1002 827
1003 264
1003 1004
1004 34
1005 723
1005 1006
1006 31
1007 686
1007 1008
1008 350
1009 115
1009 1010
1010 66
1011 46
1011 1012
1012 928
1013 601
1013 1014
1014 454
