0 367
0 491
1 187
1 279
2 685
2 939
3 631
3 723
5 552
4 437
4 845
6 248
9 162
9 705
11 376
10 93
10 152
12 410
15 178
15 539
17 118
17 692
19 74
19 559
21 331
21 759
23 24
23 973
24 240
25 26
25 563
26 700
27 7
27 28
28 132
29 30
29 606
30 323
31 32
31 661
32 273
33 34
33 264
34 88
35 36
35 42
36 804
37 38
37 481
38 17
39 40
39 433
40 373
41 42
41 177
42 8
43 44
43 390
44 106
45 46
45 649
46 942
47 48
47 933
48 787
49 50
49 719
50 58
51 52
51 256
52 954
53 54
53 647
54 604
55 56
55 961
56 690
57 58
57 211
58 101
59 60
59 109
60 794
61 62
61 756
62 193
63 64
63 681
64 266
65 66
65 417
66 327
67 68
67 622
68 317
69 50
69 70
70 384
71 72
71 472
72 800
73 74
73 188
74 220
75 76
75 332
76 790
77 78
77 285
78 195
79 80
79 743
80 348
81 82
81 183
82 512
83 84
83 780
84 226
85 78
85 86
86 666
87 88
87 509
88 102
89 90
89 229
90 739
91 92
91 565
92 421
93 94
93 299
94 711
95 96
95 1003
96 288
97 98
97 210
98 404
99 100
99 945
100 704
101 102
101 927
102 776
103 104
103 523
104 80
105 106
105 407
106 204
107 108
107 778
108 309
109 110
109 197
110 658
111 112
111 336
112 750
113 114
113 426
114 610
115 75
115 116
116 897
117 118
117 448
118 143
119 120
119 296
120 476
121 122
121 389
122 724
123 46
123 124
124 258
125 126
125 205
126 270
127 128
127 913
128 963
129 130
129 234
130 298
131 132
131 885
132 908
133 105
133 134
134 1000
135 136
135 259
136 591
137 138
137 950
138 827
139 140
139 492
140 665
141 142
141 825
142 5
143 144
143 382
144 757
145 146
145 554
146 889
147 148
147 745
148 746
149 150
149 1005
150 340
151 152
151 909
152 813
153 154
153 755
154 363
155 156
155 579
156 186
157 158
157 427
158 894
159 160
159 496
160 304
161 162
161 797
162 292
163 164
163 286
164 766
165 166
165 684
166 147
167 168
167 859
168 412
169 170
169 997
170 862
171 63
171 172
172 597
173 67
173 174
174 574
175 176
175 447
176 965
177 178
177 419
178 150
179 90
179 180
180 354
181 182
181 775
182 808
183 184
183 493
184 782
185 186
185 513
186 14
187 188
187 443
188 124
189 190
189 357
190 911
191 192
191 634
192 605
193 194
193 953
194 434
195 196
195 275
196 826
197 198
197 682
198 486
199 200
199 650
200 20
201 40
201 202
202 728
203 204
203 832
204 260
205 206
205 733
206 570
207 208
207 247
208 52
209 210
209 283
210 936
211 212
211 860
212 45
213 214
213 301
214 368
215 216
215 763
216 983
217 218
217 547
218 36
219 220
219 330
220 144
221 222
221 297
222 555
223 224
223 819
224 758
225 226
225 717
226 890
227 138
227 228
228 324
229 230
229 844
230 673
231 232
231 929
232 594
233 234
233 727
234 809
235 236
235 863
236 923
237 95
237 238
238 584
239 240
239 946
240 66
241 242
241 1002
242 925
243 244
243 333
244 938
245 246
245 979
246 687
247 248
247 948
248 374
249 157
249 250
250 873
251 252
251 567
252 613
253 254
253 668
254 868
255 256
255 276
256 435
257 233
257 258
258 318
259 260
259 1014
260 262
261 5
261 262
262 402
263 117
263 264
264 166
265 266
265 896
266 97
267 268
267 300
268 484
269 270
269 1007
270 76
271 272
271 428
272 854
273 274
273 990
274 61
275 276
275 517
276 370
277 278
277 663
278 558
279 280
279 957
280 488
281 282
281 556
282 846
283 284
283 305
284 12
285 286
285 883
286 128
287 19
287 288
288 568
289 92
289 290
290 970
291 44
291 292
292 190
293 11
293 294
294 697
295 296
295 500
296 601
297 298
297 499
298 18
299 300
299 541
300 902
301 302
301 891
302 1008
303 304
303 943
304 458
305 261
305 306
306 134
307 308
307 525
308 620
309 310
309 449
310 522
311 312
311 765
312 917
313 314
313 643
314 326
315 133
315 316
316 752
317 99
317 318
318 199
319 123
319 320
320 588
321 175
321 322
322 494
323 324
323 490
324 882
325 326
325 674
326 378
327 328
327 654
328 114
329 165
329 330
330 100
331 115
331 332
332 599
333 334
333 672
334 996
335 159
335 336
336 524
337 338
337 903
338 577
339 340
339 701
340 614
341 79
341 342
342 528
343 344
343 400
344 662
345 344
345 346
346 975
347 129
347 348
348 932
349 350
349 669
350 6
351 352
351 843
352 633
353 354
353 406
354 698
355 356
355 383
356 445
357 139
357 358
358 655
359 360
359 937
360 553
361 362
361 874
362 98
363 364
363 906
364 353
365 366
365 716
366 411
367 368
367 479
368 308
369 9
369 370
370 869
371 372
371 839
372 111
373 374
373 779
374 833
375 65
375 376
376 881
377 203
377 378
378 416
379 191
379 380
380 608
381 209
381 382
382 236
383 223
383 384
384 590
385 386
385 482
386 651
387 388
387 904
388 785
389 4
389 390
390 365
391 392
391 683
392 164
393 394
393 993
394 667
395 396
395 521
396 103
397 10
397 398
398 947
399 225
399 400
400 329
401 402
401 921
402 818
403 404
403 995
404 978
405 406
405 803
406 294
407 408
407 977
408 436
409 410
409 725
410 834
411 412
411 918
412 988
413 414
413 519
414 387
415 416
415 967
416 306
417 21
417 418
418 670
419 420
419 607
420 840
421 422
421 962
422 1006
423 424
423 609
424 465
425 57
425 426
426 837
427 428
427 627
428 742
429 430
429 767
430 70
431 108
431 432
432 841
433 434
433 1009
434 377
435 352
435 436
436 715
437 438
437 505
438 235
439 54
439 440
440 720
441 356
441 442
442 310
443 444
443 489
444 520
445 446
445 769
446 851
447 141
447 448
448 473
449 450
449 781
450 83
451 452
451 474
452 628
453 454
453 980
454 603
455 456
455 893
456 253
457 41
457 458
458 712
459 460
459 639
460 254
461 462
461 549
462 284
463 113
463 464
464 206
465 466
465 642
466 508
467 468
467 753
468 618
469 470
469 611
470 922
471 472
471 853
472 638
473 474
473 557
474 806
475 476
475 914
476 319
477 478
477 625
478 135
479 480
479 761
480 158
481 482
481 540
482 798
483 484
483 771
484 26
485 486
485 630
486 566
487 375
487 488
488 64
489 3
489 490
490 424
491 1
491 492
492 77
493 494
493 915
494 43
495 122
495 496
496 764
497 2
497 498
498 35
499 500
499 901
500 600
501 502
501 982
502 788
503 504
503 1001
504 659
505 506
505 811
506 85
507 508
507 734
508 156
509 23
509 510
510 244
511 512
511 949
512 959
513 361
513 514
514 104
515 516
515 941
516 56
517 518
517 526
518 958
519 181
519 520
520 176
521 227
521 522
522 110
523 503
523 524
524 33
525 526
525 805
526 815
527 528
527 581
528 966
529 228
529 530
530 72
531 366
531 532
532 439
533 534
533 829
534 29
535 536
535 877
536 408
537 477
537 538
538 39
539 62
539 540
540 912
541 542
541 573
542 230
543 544
543 935
544 646
545 151
545 546
546 12
547 548
547 878
548 884
549 550
549 699
550 168
551 552
551 587
552 872
553 403
553 554
554 466
555 241
555 556
556 510
557 558
557 831
558 120
559 161
559 560
560 656
561 562
561 619
562 532
563 51
563 564
564 542
565 566
565 731
566 24
567 438
567 568
568 615
569 501
569 570
570 792
571 142
571 572
572 53
573 574
573 919
574 6
575 576
575 703
576 784
577 207
577 578
578 998
579 121
579 580
580 888
581 425
581 582
582 828
583 469
583 584
584 592
585 586
585 812
586 290
587 339
587 588
588 180
589 307
589 590
590 640
591 527
591 592
592 322
593 594
593 892
594 432
595 30
595 596
596 196
597 598
597 799
598 738
599 399
599 600
600 887
601 602
601 870
602 386
603 604
603 688
604 850
605 242
605 606
606 328
607 295
607 608
608 468
609 255
609 610
610 984
611 551
611 612
612 68
613 222
613 614
614 546
615 586
615 616
616 686
617 459
617 618
618 722
619 620
619 679
620 550
621 341
621 622
622 265
623 55
623 624
624 388
625 626
625 729
626 281
627 414
627 628
628 22
629 478
629 630
630 680
631 131
631 632
632 334
633 634
633 991
634 504
635 395
635 636
636 736
637 289
637 638
638 934
639 640
639 985
640 744
641 642
641 737
642 194
643 431
643 644
644 653
645 533
645 646
646 616
647 518
647 648
648 916
649 154
649 650
650 1012
651 452
651 652
652 316
653 69
653 654
654 842
655 86
655 656
656 760
657 394
657 658
658 926
659 660
659 795
660 678
661 662
661 971
662 172
663 140
663 664
664 174
665 666
665 951
666 398
667 369
667 668
668 910
669 355
669 670
670 391
671 535
671 672
672 702
673 442
673 674
674 986
675 287
675 676
676 774
677 678
677 735
678 718
679 202
679 680
680 34
681 682
681 969
682 335
683 31
683 684
684 409
685 612
685 686
686 170
687 217
687 688
688 119
689 690
689 691
690 16
691 221
691 692
692 224
693 694
693 989
694 11
695 208
695 696
696 660
697 385
697 698
698 440
699 73
699 700
700 530
701 25
701 702
702 420
703 413
703 704
704 291
705 397
705 706
706 280
707 708
707 907
708 624
709 136
709 710
710 816
711 380
711 712
712 632
713 487
713 714
714 866
715 694
715 716
716 338
717 257
717 718
718 974
719 720
719 855
720 516
721 722
721 1011
722 807
723 167
723 724
724 238
725 593
725 726
726 770
727 213
727 728
728 38
729 87
729 730
730 507
731 471
731 732
732 676
733 734
733 822
734 379
735 641
735 736
736 824
737 738
737 751
738 595
739 480
739 740
740 364
741 453
741 742
742 636
743 744
743 886
744 219
745 569
745 746
746 475
747 94
747 748
748 450
749 750
749 847
750 84
751 538
751 752
752 924
753 754
753 880
754 529
755 155
755 756
756 849
757 278
757 758
758 146
759 107
759 760
760 732
761 337
761 762
762 148
763 315
763 764
764 598
765 766
765 810
766 835
767 657
767 768
768 345
769 71
769 770
770 130
771 277
771 772
772 749
773 617
773 774
774 714
775 393
775 776
776 786
777 778
777 871
778 470
779 303
779 780
780 446
781 545
781 782
782 856
783 536
783 784
784 422
785 243
785 786
786 82
787 514
787 788
788 325
789 237
789 790
790 274
791 578
791 792
792 596
793 794
793 857
794 664
795 796
795 823
796 740
797 483
797 798
798 372
799 312
799 800
800 320
801 802
801 992
802 900
803 804
803 944
804 852
805 671
805 806
806 838
807 808
807 817
808 748
809 537
809 810
810 171
811 585
811 812
812 216
813 321
813 814
814 706
815 816
815 865
816 930
817 818
817 981
818 708
819 689
819 820
820 343
821 675
821 822
822 730
823 747
823 824
824 580
825 777
825 826
826 462
827 645
827 828
828 576
829 543
829 830
830 864
831 423
831 832
832 696
833 754
833 834
834 271
835 232
835 836
836 802
837 791
837 838
838 60
839 840
839 858
840 867
841 498
841 842
842 960
843 844
843 879
844 495
845 571
845 846
846 652
847 629
847 848
848 231
849 850
849 994
850 952
851 648
851 852
852 485
853 347
853 854
854 548
855 793
855 856
856 37
857 713
857 858
858 454
859 511
859 860
860 179
861 635
861 862
862 125
863 709
863 864
864 582
865 693
865 866
866 721
867 868
867 972
868 48
869 59
869 870
870 149
871 872
871 1013
872 401
873 239
873 874
874 246
875 163
875 876
876 531
877 173
877 878
878 955
879 583
879 880
880 560
881 311
881 882
882 762
883 707
883 884
884 342
885 886
885 931
886 371
887 250
887 888
888 444
889 836
889 890
890 562
891 91
891 892
892 116
893 644
893 894
894 405
895 252
895 896
896 626
897 898
897 999
898 96
899 773
899 900
900 112
901 153
901 902
902 621
903 575
903 904
904 861
905 848
905 906
906 415
907 360
907 908
908 184
909 821
909 910
910 89
911 218
911 912
912 1010
913 914
913 987
914 814
915 789
915 916
916 430
917 875
917 918
918 968
919 506
919 920
920 15
921 27
921 922
922 1004
923 185
923 924
924 362
925 282
925 926
926 940
927 32
927 928
928 267
929 396
929 930
930 876
931 263
931 932
932 964
933 245
933 934
934 905
935 169
935 936
936 392
937 429
937 938
938 451
939 351
939 940
940 160
941 359
941 942
942 956
943 441
943 944
944 741
945 515
945 946
946 212
947 772
947 948
948 895
949 49
949 950
950 313
951 349
951 952
952 830
953 28
953 954
954 561
955 710
955 956
956 200
957 189
957 958
958 796
959 192
959 960
960 214
961 127
961 962
962 898
963 456
963 964
964 350
965 198
965 966
966 145
967 381
967 968
968 302
969 358
969 970
970 201
971 293
971 972
972 801
973 47
973 974
974 976
975 544
975 976
976 928
977 137
977 978
978 461
979 623
979 980
980 457
981 463
981 982
982 182
983 589
983 984
984 13
985 81
985 986
986 314
987 215
987 988
988 272
989 677
989 990
990 637
991 418
991 992
992 460
993 497
993 994
994 602
995 251
995 996
996 502
997 783
997 998
998 695
999 249
999 1000
1000 464
1001 768
1001 1002
1002 467
1003 820
1003 1004
1004 269
1005 572
1005 1006
1006 726
1007 126
1007 1008
1008 534
1009 920
1009 1010
1010 268
1011 346
1011 1012
1012 564
1013 899
1013 1014
1014 455
