0 173
0 637
2 73
2 273
3 927
3 985
4 5
4 781
6 285
5 805
7 670
7 884
8 275
8 367
9 380
10 494
13 306
13 936
15 86
15 495
17 97
17 429
19 64
19 112
21 458
21 576
23 24
23 370
24 572
25 26
25 909
26 338
27 28
27 437
28 161
29 30
29 831
30 40
31 32
31 252
32 908
33 34
33 678
34 934
35 36
35 579
36 300
37 38
37 791
38 732
39 40
39 711
40 536
41 42
41 854
42 118
43 44
43 57
44 708
45 46
45 674
46 9
47 48
47 799
48 452
49 50
49 957
50 208
51 52
51 325
52 30
53 54
53 518
54 548
55 56
55 484
56 940
57 58
57 310
58 33
59 60
59 372
60 865
61 62
61 922
62 920
63 64
63 742
64 653
65 66
65 200
66 39
67 68
67 287
68 542
69 70
69 989
70 270
71 72
71 605
72 144
73 74
73 593
74 106
75 76
75 992
76 807
77 78
77 212
78 892
79 80
79 248
80 619
81 82
81 264
82 327
83 84
83 702
84 162
85 86
85 595
86 340
87 88
87 431
88 1006
89 63
89 90
90 1007
91 92
91 389
92 435
93 94
93 218
94 496
95 89
95 96
96 887
97 98
97 263
98 665
99 81
99 100
100 888
101 102
101 841
102 802
103 104
103 284
104 385
105 106
105 913
106 219
107 108
107 689
108 382
109 110
109 785
110 421
111 112
111 971
112 274
113 114
113 677
114 85
115 116
115 972
116 369
117 118
117 588
118 756
119 120
119 1003
120 693
121 122
121 988
122 292
123 124
123 353
124 723
125 126
125 635
126 444
127 128
127 189
128 611
129 130
129 277
130 314
131 132
131 587
132 363
133 134
133 834
134 917
135 15
135 136
136 93
137 138
137 962
138 269
139 140
139 764
140 712
141 142
141 177
142 694
143 144
143 1013
144 577
145 146
145 921
146 631
147 148
147 895
148 559
149 150
149 803
150 414
151 111
151 152
152 258
153 103
153 154
154 26
155 71
155 156
156 648
157 158
157 488
158 525
159 160
159 197
160 866
161 162
161 350
162 323
163 164
163 303
164 533
165 166
165 647
166 832
167 168
167 586
168 316
169 59
169 170
170 914
171 172
171 290
172 990
173 31
173 174
174 965
175 176
175 499
176 736
177 178
177 185
178 560
179 180
179 371
180 246
181 182
181 335
182 629
183 21
183 184
184 282
185 186
185 307
186 163
187 188
187 423
188 32
189 190
189 859
190 267
191 192
191 235
192 910
193 194
193 873
194 98
195 60
195 196
196 580
197 198
197 422
198 398
199 200
199 225
200 51
201 202
201 243
202 735
203 115
203 204
204 180
205 206
205 471
206 688
207 208
207 391
208 567
209 210
209 623
210 513
211 212
211 320
212 388
213 214
213 875
214 43
215 216
215 659
216 552
217 4
217 218
218 919
219 96
219 220
220 192
221 222
221 547
222 491
223 224
223 836
224 448
225 226
225 691
226 395
227 228
227 256
228 568
229 79
229 230
230 184
231 75
231 232
232 788
233 113
233 234
234 608
235 82
235 236
236 436
237 28
237 238
238 952
239 240
239 775
240 337
241 242
241 911
242 280
243 27
243 244
244 419
245 246
245 451
246 898
247 248
247 795
248 150
249 250
249 272
250 690
251 252
251 969
252 686
253 151
253 254
254 526
255 256
255 931
256 570
257 258
257 796
258 958
259 260
259 851
260 652
261 262
261 528
262 213
263 264
263 955
264 222
265 266
265 661
266 29
267 268
267 826
268 147
269 270
269 983
270 139
271 239
271 272
272 881
273 274
273 482
274 132
275 276
275 747
276 172
277 278
277 446
278 808
279 280
279 857
280 387
281 282
281 728
282 843
283 284
283 503
284 863
285 153
285 286
286 336
287 36
287 288
288 294
289 290
289 833
290 233
291 148
291 292
292 726
293 206
293 294
294 56
295 129
295 296
296 516
297 298
297 517
298 449
299 300
299 555
300 396
301 211
301 302
302 535
303 304
303 929
304 204
305 306
305 956
306 417
307 308
307 979
308 121
309 297
309 310
310 698
311 312
311 924
312 540
313 314
313 578
314 928
315 316
315 409
316 230
317 318
317 475
318 643
319 320
319 469
320 867
321 322
321 411
322 606
323 324
323 982
324 257
325 326
325 549
326 470
327 328
327 915
328 348
329 330
329 490
330 402
331 215
331 332
332 852
333 334
333 939
334 486
335 336
335 907
336 415
337 338
337 505
338 634
339 52
339 340
340 160
341 155
341 342
342 804
343 344
343 617
344 76
345 271
345 346
346 937
347 348
347 368
348 520
349 350
349 480
350 95
351 352
351 609
352 853
353 265
353 354
354 695
355 237
355 356
356 950
357 358
357 618
358 912
359 360
359 585
360 152
361 122
361 362
362 624
363 349
363 364
364 178
365 366
365 450
366 295
367 19
367 368
368 905
369 45
369 370
370 259
371 372
371 823
372 537
373 374
373 741
374 945
375 179
375 376
376 954
377 378
377 410
378 432
379 380
379 397
380 412
381 91
381 382
382 650
383 384
383 554
384 750
385 360
385 386
386 546
387 260
387 388
388 662
389 6
389 390
390 181
391 191
391 392
392 210
393 394
393 509
394 196
395 396
395 461
396 664
397 398
397 512
398 188
399 293
399 400
400 366
401 229
401 402
402 874
403 404
403 539
404 10
405 406
405 999
406 228
407 6
407 408
408 902
409 410
409 786
410 468
411 17
411 412
412 108
413 249
413 414
414 916
415 416
415 870
416 164
417 418
417 845
418 714
419 420
419 596
420 20
421 268
421 422
422 709
423 424
423 783
424 416
425 18
425 426
426 462
427 199
427 428
428 16
429 430
429 730
430 935
431 432
431 483
432 646
433 434
433 563
434 818
435 13
435 436
436 984
437 438
437 622
438 822
439 131
439 440
440 731
441 8
441 442
442 745
443 126
443 444
444 816
445 227
445 446
446 146
447 448
447 511
448 38
449 450
449 719
450 514
451 452
451 778
452 599
453 3
453 454
454 107
455 374
455 456
456 738
457 458
457 849
458 856
459 460
459 705
460 187
461 462
461 507
462 1002
463 464
463 891
464 610
465 466
465 757
466 828
467 468
467 846
468 770
469 470
469 602
470 880
471 65
471 472
472 938
473 69
473 474
474 569
475 476
475 713
476 872
477 478
477 529
478 991
479 480
479 926
480 551
481 381
481 482
482 862
483 484
483 893
484 784
485 486
485 814
486 58
487 488
487 773
488 35
489 490
489 583
490 655
491 464
491 492
492 675
493 11
493 494
494 722
495 496
495 811
496 420
497 142
497 498
498 772
499 354
499 500
500 334
501 190
501 502
502 967
503 504
503 680
504 383
505 165
505 506
506 74
507 143
507 508
508 717
509 457
509 510
510 753
511 512
511 581
512 543
513 514
513 544
514 22
515 467
515 516
516 850
517 518
517 553
518 333
519 174
519 520
520 403
521 522
521 673
522 418
523 524
523 782
524 640
525 526
525 894
526 34
527 528
527 669
528 903
529 530
529 789
530 959
531 532
531 644
532 614
533 78
533 534
534 364
535 536
535 584
536 947
537 538
537 840
538 765
539 540
539 900
540 724
541 109
541 542
542 571
543 544
543 930
544 651
545 546
545 761
546 68
547 261
547 548
548 386
549 550
549 943
550 733
551 552
551 710
552 562
553 545
553 554
554 322
555 123
555 556
556 616
557 425
557 558
558 276
559 560
559 604
560 522
561 562
561 574
562 102
563 84
563 564
564 466
565 566
565 676
566 136
567 568
567 743
568 378
569 541
569 570
570 899
571 137
571 572
572 154
573 574
573 793
574 707
575 576
575 974
576 242
577 578
577 752
578 830
579 580
579 749
580 844
581 478
581 582
582 642
583 584
583 933
584 356
585 586
585 727
586 116
587 530
587 588
588 630
589 47
589 590
590 1014
591 281
591 592
592 538
593 594
593 628
594 755
595 100
595 596
596 130
597 598
597 953
598 970
599 472
599 600
600 318
601 573
601 602
602 1009
603 479
603 604
604 194
605 101
605 606
606 94
607 453
607 608
608 62
609 519
609 610
610 523
611 591
611 612
612 502
613 329
613 614
614 906
615 616
615 835
616 871
617 88
617 618
618 847
619 620
619 641
620 886
621 135
621 622
622 683
623 127
623 624
624 882
625 133
625 626
626 158
627 589
627 628
628 715
629 250
629 630
630 876
631 632
631 771
632 524
633 634
633 767
634 223
635 92
635 636
636 932
637 289
637 638
638 278
639 440
639 640
640 202
641 642
641 810
642 497
643 644
643 666
644 827
645 646
645 679
646 400
647 298
647 648
648 455
649 650
649 918
650 485
651 456
651 652
652 649
653 654
653 748
654 868
655 23
655 656
656 774
657 658
657 1005
658 205
659 83
659 660
660 557
661 201
661 662
662 236
663 156
663 664
664 266
665 183
665 666
666 504
667 668
667 966
668 638
669 5
669 670
670 667
671 104
671 672
672 167
673 612
673 674
674 399
675 341
675 676
676 247
677 678
677 877
678 754
679 477
679 680
680 481
681 319
681 682
682 9
683 684
683 961
684 682
685 375
685 686
686 812
687 226
687 688
688 392
689 690
689 987
690 960
691 692
691 925
692 813
693 186
693 694
694 49
695 696
695 986
696 438
697 698
697 949
698 72
699 55
699 700
700 220
701 37
701 702
702 390
703 7
703 704
704 860
705 145
705 706
706 44
707 697
707 708
708 362
709 460
709 710
710 671
711 413
711 712
712 426
713 299
713 714
714 964
715 66
715 716
716 1001
717 2
717 718
718 90
719 359
719 720
720 24
721 722
721 838
722 656
723 724
723 794
724 342
725 726
725 948
726 706
727 728
727 768
728 159
729 345
729 730
730 657
731 732
731 824
732 498
733 660
733 734
734 766
735 313
735 736
736 534
737 216
737 738
738 993
739 740
739 890
740 620
741 742
741 855
742 238
743 332
743 744
744 224
745 311
745 746
746 668
747 232
747 748
748 792
749 508
749 750
750 404
751 752
751 787
752 117
753 140
753 754
754 244
755 613
755 756
756 703
757 203
757 758
758 725
759 760
759 777
760 864
761 762
761 1011
762 839
763 764
763 820
764 997
765 343
765 766
766 365
767 645
767 768
768 128
769 67
769 770
770 25
771 772
771 994
772 361
773 110
773 774
774 558
775 776
775 829
776 305
777 601
777 778
778 889
779 169
779 780
780 330
781 351
781 782
782 521
783 407
783 784
784 995
785 658
785 786
786 532
787 627
787 788
788 355
789 692
789 790
790 309
791 253
791 792
792 195
793 141
793 794
794 442
795 379
795 796
796 758
797 301
797 798
798 1008
799 463
799 800
800 48
801 352
801 802
802 61
803 800
803 804
804 598
805 806
805 883
806 721
807 740
807 808
808 1000
809 663
809 810
810 973
811 763
811 812
812 1
813 209
813 814
814 406
815 590
815 816
816 493
817 818
817 981
818 445
819 105
819 820
820 317
821 424
821 822
822 500
823 427
823 824
824 198
825 751
825 826
826 120
827 46
827 828
828 848
829 817
829 830
830 968
831 175
831 832
832 842
833 119
833 834
834 171
835 241
835 836
836 124
837 231
837 838
838 506
839 240
839 840
840 625
841 53
841 842
842 636
843 844
843 946
844 408
845 454
845 846
846 869
847 296
847 848
848 77
849 373
849 850
850 14
851 54
851 852
852 654
853 769
853 854
854 885
855 217
855 856
856 639
857 858
857 963
858 182
859 759
859 860
860 286
861 809
861 862
862 80
863 837
863 864
864 254
865 866
865 904
866 170
867 430
867 868
868 780
869 262
869 870
870 575
871 672
871 872
872 744
873 776
873 874
874 166
875 739
875 876
876 597
877 459
877 878
878 245
879 685
879 880
880 149
881 882
881 901
882 718
883 87
883 884
884 700
885 114
885 886
886 376
887 138
887 888
888 134
889 125
889 890
890 977
891 729
891 892
892 996
893 819
893 894
894 1010
895 896
895 975
896 308
897 898
897 941
898 288
899 806
899 900
900 978
901 902
901 951
902 815
903 762
903 904
904 556
905 302
905 906
906 704
907 565
907 908
908 214
909 168
909 910
910 312
911 193
911 912
912 696
913 615
913 914
914 428
915 157
915 916
916 515
917 377
917 918
918 600
919 41
919 920
920 384
921 447
921 922
922 347
923 441
923 924
924 394
925 825
925 926
926 779
927 255
927 928
928 328
929 701
929 930
930 439
931 346
931 932
932 304
933 434
933 934
934 234
935 936
935 1004
936 315
937 99
937 938
938 531
939 465
939 940
940 70
941 858
941 942
942 476
943 393
943 944
944 734
945 207
945 946
946 626
947 948
947 1012
948 344
949 950
949 980
950 594
951 923
951 952
952 251
953 566
953 954
954 720
955 474
955 956
956 487
957 550
957 958
958 510
959 621
959 960
960 896
961 699
961 962
962 42
963 489
963 964
964 358
965 687
965 966
966 684
967 492
967 968
968 564
969 433
969 970
970 760
971 321
971 972
972 603
973 801
973 974
974 357
975 221
975 976
976 681
977 582
977 978
978 746
979 561
979 980
980 607
981 633
981 982
982 279
983 716
983 984
984 324
985 501
985 986
986 797
987 592
987 988
988 326
989 879
989 990
990 12
991 283
991 992
992 331
993 50
993 994
994 339
995 976
995 996
996 10
997 291
997 998
998 176
999 790
999 1000
1000 798
1001 897
1001 1002
1002 821
1003 473
1003 1004
1004 878
1005 401
1005 1006
1006 737
1007 998
1007 1008
1008 443
1009 861
1009 1010
1010 944
1011 527
1011 1012
1012 632
1013 405
1013 1014
1014 942
