0 17
0 825
3 295
3 945
4 451
4 935
5 761
6 223
7 447
7 767
8 208
8 650
10 606
9 665
11 49
11 199
13 422
13 428
15 627
15 797
17 153
17 715
19 183
19 773
21 46
21 350
23 24
23 269
24 586
25 26
25 863
26 1013
27 28
27 128
28 724
29 30
29 856
30 326
31 32
31 915
32 329
33 34
33 912
34 886
35 36
35 421
36 867
37 38
37 445
38 176
39 40
39 214
40 396
41 42
41 50
42 963
43 44
43 721
44 364
45 46
45 925
46 1008
47 48
47 316
48 293
49 50
49 565
50 79
51 52
51 862
52 1006
53 37
53 54
54 760
55 56
55 361
56 241
57 58
57 933
58 694
59 60
59 145
60 446
61 62
61 823
62 263
63 64
63 616
64 360
65 66
65 819
66 472
67 55
67 68
68 966
69 70
69 653
70 598
71 72
71 408
72 301
73 74
73 197
74 139
75 76
75 847
76 626
77 78
77 127
78 348
79 80
79 97
80 667
81 82
81 339
82 9
83 10
83 84
84 828
85 86
85 742
86 906
87 88
87 122
88 310
89 90
89 407
90 733
91 92
91 809
92 772
93 94
93 96
94 476
95 96
95 679
96 80
97 98
97 253
98 919
99 100
99 703
100 119
101 78
101 102
102 398
103 104
103 936
104 450
105 106
105 548
106 400
107 108
107 725
108 82
109 110
109 820
110 642
111 112
111 149
112 246
113 114
113 714
114 860
115 65
115 116
116 351
117 118
117 259
118 774
119 120
119 181
120 999
121 122
121 317
122 529
123 124
123 605
124 366
125 126
125 652
126 248
127 128
127 749
128 427
129 5
129 130
130 795
131 132
131 991
132 854
133 134
133 619
134 928
135 136
135 384
136 70
137 138
137 297
138 647
139 35
139 140
140 516
141 142
141 753
142 693
143 144
143 677
144 740
145 146
145 927
146 875
147 148
147 443
148 727
149 51
149 150
150 117
151 152
151 306
152 802
153 89
153 154
154 84
155 156
155 967
156 890
157 158
157 880
158 448
159 160
159 859
160 94
161 162
161 553
162 90
163 36
163 164
164 1007
165 166
165 603
166 498
167 168
167 996
168 801
169 170
169 257
170 900
171 172
171 735
172 322
173 174
173 219
174 401
175 176
175 685
176 493
177 178
177 323
178 420
179 180
179 929
180 362
181 182
181 987
182 207
183 184
183 411
184 960
185 18
185 186
186 230
187 188
187 599
188 277
189 190
189 252
190 158
191 192
191 542
192 576
193 194
193 374
194 58
195 196
195 746
196 660
197 198
197 615
198 150
199 200
199 722
200 853
201 202
201 649
202 976
203 204
203 737
204 386
205 206
205 594
206 940
207 208
207 803
208 648
209 210
209 331
210 135
211 61
211 212
212 281
213 214
213 747
214 431
215 216
215 778
216 926
217 218
217 385
218 973
219 220
219 785
220 470
221 76
221 222
222 403
223 105
223 224
224 651
225 226
225 435
226 170
227 165
227 228
228 922
229 230
229 965
230 670
231 232
231 887
232 340
233 234
233 581
234 24
235 236
235 258
236 123
237 238
237 508
238 342
239 240
239 454
240 466
241 168
241 242
242 575
243 15
243 244
244 370
245 246
245 882
246 162
247 248
247 413
248 798
249 250
249 321
250 645
251 252
251 751
252 779
253 143
253 254
254 312
255 133
255 256
256 850
257 258
257 604
258 921
259 260
259 817
260 156
261 262
261 313
262 765
263 264
263 523
264 806
265 14
265 266
266 418
267 268
267 585
268 664
269 270
269 830
270 92
271 272
271 571
272 712
273 274
273 687
274 154
275 276
275 700
276 873
277 166
277 278
278 86
279 280
279 690
280 897
281 282
281 397
282 288
283 284
283 947
284 56
285 1
285 286
286 696
287 288
287 314
288 659
289 290
289 455
290 245
291 292
291 959
292 833
293 294
293 641
294 430
295 296
295 637
296 265
297 298
297 333
298 711
299 300
299 763
300 126
301 302
301 983
302 596
303 77
303 304
304 9
305 306
305 975
306 461
307 44
307 308
308 998
309 292
309 310
310 638
311 29
311 312
312 845
313 314
313 736
314 404
315 316
315 483
316 369
317 318
317 997
318 872
319 31
319 320
320 509
321 237
321 322
322 146
323 324
323 471
324 607
325 283
325 326
326 160
327 328
327 330
328 355
329 159
329 330
330 625
331 155
331 332
332 100
333 334
333 559
334 344
335 336
335 913
336 234
337 338
337 349
338 771
339 340
339 517
340 336
341 342
341 731
342 804
343 173
343 344
344 492
345 271
345 346
346 148
347 249
347 348
348 305
349 341
349 350
350 734
351 85
351 352
352 110
353 161
353 354
354 891
355 109
355 356
356 16
357 75
357 358
358 495
359 40
359 360
360 456
361 362
361 739
362 580
363 364
363 643
364 272
365 366
365 775
366 486
367 34
367 368
368 2
369 370
369 521
370 974
371 372
371 905
372 426
373 374
373 728
374 91
375 376
375 458
376 425
377 378
377 729
378 1010
379 380
379 633
380 540
381 382
381 632
382 888
383 384
383 593
384 952
385 163
385 386
386 302
387 388
387 777
388 491
389 209
389 390
390 33
391 392
391 663
392 916
393 394
393 668
394 27
395 62
395 396
396 869
397 235
397 398
398 788
399 93
399 400
400 124
401 71
401 402
402 620
403 404
403 572
404 371
405 406
405 534
406 218
407 408
407 684
408 42
409 107
409 410
410 320
411 213
411 412
412 104
413 414
413 452
414 720
415 10
415 416
416 658
417 276
417 418
418 1014
419 188
419 420
420 617
421 422
421 597
422 88
423 424
423 805
424 662
425 106
425 426
426 568
427 428
427 630
428 844
429 430
429 718
430 794
431 432
431 503
432 377
433 345
433 434
434 745
435 436
435 683
436 564
437 438
437 563
438 132
439 440
439 698
440 1012
441 442
441 743
442 530
443 137
443 444
444 102
445 284
445 446
446 274
447 203
447 448
448 956
449 450
449 657
450 278
451 41
451 452
452 917
453 175
453 454
454 535
455 4
455 456
456 402
457 381
457 458
458 539
459 460
459 835
460 270
461 462
461 512
462 708
463 464
463 507
464 304
465 202
465 466
466 901
467 211
467 468
468 87
469 470
469 688
470 691
471 472
471 730
472 870
473 412
473 474
474 782
475 95
475 476
476 889
477 478
477 741
478 262
479 250
479 480
480 255
481 482
481 661
482 614
483 67
483 484
484 1002
485 486
485 791
486 28
487 488
487 499
488 800
489 490
489 841
490 920
491 134
491 492
492 719
493 21
493 494
494 984
495 66
495 496
496 12
497 157
497 498
498 468
499 99
499 500
500 666
501 502
501 681
502 969
503 504
503 937
504 538
505 72
505 506
506 334
507 5
507 508
508 353
509 285
509 510
510 217
511 63
511 512
512 1009
513 469
513 514
514 588
515 516
515 609
516 536
517 497
517 518
518 505
519 112
519 520
520 654
521 103
521 522
522 992
523 236
523 524
524 54
525 526
525 895
526 8
527 528
527 555
528 757
529 530
529 640
530 172
531 131
531 532
532 796
533 25
533 534
534 264
535 536
535 953
536 244
537 538
537 545
538 1011
539 540
539 908
540 816
541 542
541 600
542 460
543 544
543 776
544 286
545 116
545 546
546 108
547 247
547 548
548 311
549 546
549 550
550 752
551 169
551 552
552 592
553 39
553 554
554 942
555 392
555 556
556 433
557 558
557 977
558 985
559 409
559 560
560 368
561 562
561 995
562 750
563 475
563 564
564 994
565 487
565 566
566 842
567 178
567 568
568 680
569 570
569 840
570 636
571 309
571 572
572 480
573 239
573 574
574 689
575 576
575 628
576 543
577 289
577 578
578 489
579 399
579 580
580 818
581 582
581 807
582 957
583 584
583 706
584 813
585 586
585 783
586 300
587 484
587 588
588 280
589 590
589 903
590 221
591 111
591 592
592 562
593 115
593 594
594 357
595 189
595 596
596 372
597 598
597 613
598 744
599 224
599 600
600 923
601 602
601 710
602 964
603 604
603 695
604 931
605 606
605 811
606 200
607 373
607 608
608 226
609 98
609 610
610 206
611 30
611 612
612 220
613 457
613 614
614 462
615 101
615 616
616 902
617 228
617 618
618 866
619 552
619 620
620 766
621 453
621 622
622 261
623 624
623 673
624 988
625 233
625 626
626 522
627 628
627 871
628 1004
629 387
629 630
630 502
631 375
631 632
632 612
633 389
633 634
634 692
635 32
635 636
636 22
637 638
637 951
638 394
639 57
639 640
640 210
641 479
641 642
642 846
643 644
643 950
644 496
645 646
645 949
646 622
647 648
647 815
648 81
649 243
649 650
650 481
651 652
651 961
652 515
653 654
653 993
654 136
655 656
655 716
656 73
657 335
657 658
658 864
659 611
659 660
660 424
661 528
661 662
662 238
663 664
663 943
664 578
665 595
665 666
666 195
667 668
667 732
668 405
669 473
669 670
670 544
671 672
671 699
672 222
673 459
673 674
674 232
675 416
675 676
676 204
677 138
677 678
678 520
679 6
679 680
680 406
681 347
681 682
682 770
683 684
683 709
684 490
685 686
685 874
686 608
687 688
687 883
688 955
689 690
689 723
690 583
691 378
691 692
692 192
693 694
693 876
694 686
695 557
695 696
696 438
697 655
697 698
698 701
699 477
699 700
700 120
701 702
701 982
702 74
703 704
703 939
704 968
705 3
705 706
706 601
707 577
707 708
708 494
709 710
709 858
710 824
711 510
711 712
712 506
713 212
713 714
714 989
715 716
715 877
716 268
717 718
717 893
718 439
719 720
719 962
720 294
721 501
721 722
722 918
723 656
723 724
724 282
725 227
725 726
726 338
727 728
727 879
728 121
729 537
729 730
730 932
731 532
731 732
732 865
733 734
733 810
734 20
735 736
735 755
736 892
737 738
737 759
738 511
739 43
739 740
740 839
741 273
741 742
742 53
743 744
743 764
744 367
745 746
745 910
746 519
747 748
747 981
748 808
749 707
749 750
750 504
751 526
751 752
752 786
753 754
753 826
754 676
755 756
755 857
756 414
757 444
757 758
758 550
759 760
759 971
760 602
761 762
761 979
762 266
763 589
763 764
764 184
765 419
765 766
766 570
767 768
767 787
768 894
769 591
769 770
770 669
771 324
771 772
772 868
773 774
773 837
774 488
775 776
775 843
776 500
777 6
777 778
778 780
779 780
779 789
780 610
781 782
781 958
782 754
783 784
783 881
784 125
785 478
785 786
786 114
787 23
787 788
788 449
789 524
789 790
790 254
791 705
791 792
792 177
793 514
793 794
794 140
795 631
795 796
796 574
797 465
797 798
798 793
799 800
799 914
800 308
801 697
801 802
802 296
803 231
803 804
804 256
805 275
805 806
806 644
807 792
807 808
808 907
809 83
809 810
810 990
811 343
811 812
812 970
813 569
813 814
814 624
815 179
815 816
816 390
817 579
817 818
818 186
819 561
819 820
820 827
821 319
821 822
822 573
823 824
823 904
824 911
825 48
825 826
826 359
827 395
827 828
828 434
829 147
829 830
830 365
831 225
831 832
832 429
833 130
833 834
834 328
835 47
835 836
836 144
837 556
837 838
838 634
839 790
839 840
840 672
841 842
841 851
842 849
843 717
843 844
844 174
845 193
845 846
846 560
847 639
847 848
848 769
849 187
849 850
850 948
851 852
851 986
852 909
853 854
853 978
854 216
855 391
855 856
856 327
857 831
857 858
858 878
859 441
859 860
860 388
861 11
861 862
862 315
863 432
863 864
864 738
865 582
865 866
866 352
867 242
867 868
868 554
869 69
869 870
870 142
871 566
871 872
872 118
873 279
873 874
874 946
875 590
875 876
876 318
877 671
877 878
878 383
879 182
879 880
880 229
881 623
881 882
882 113
883 884
883 1005
884 260
885 38
885 886
886 896
887 888
887 980
888 164
889 191
889 890
890 938
891 533
891 892
892 852
893 337
893 894
894 363
895 129
895 896
896 541
897 812
897 898
898 618
899 474
899 900
900 64
901 290
901 902
902 26
903 829
903 904
904 417
905 190
905 906
906 376
907 713
907 908
908 584
909 346
909 910
910 587
911 52
911 912
912 885
913 914
913 930
914 682
915 303
915 916
916 167
917 291
917 918
918 726
919 549
919 920
920 185
921 832
921 922
922 151
923 196
923 924
924 674
925 525
925 926
926 762
927 332
927 928
928 141
929 19
929 930
930 13
931 45
931 932
932 423
933 848
933 934
934 482
935 437
935 936
936 354
937 547
937 938
938 180
939 485
939 940
940 1000
941 855
941 942
942 899
943 171
943 944
944 287
945 941
945 946
946 814
947 299
947 948
948 934
949 621
949 950
950 1001
951 821
951 952
952 240
953 635
953 954
954 748
955 756
955 956
956 518
957 467
957 958
958 799
959 267
959 960
960 646
961 704
961 962
962 358
963 464
963 964
964 836
965 201
965 966
966 758
967 531
967 968
968 834
969 567
969 970
970 152
971 415
971 972
972 215
973 884
973 974
974 194
975 198
975 976
976 298
977 379
977 978
978 382
979 527
979 980
980 629
981 59
981 982
982 393
983 972
983 984
984 924
985 205
985 986
986 822
987 463
987 988
988 410
989 442
989 990
990 307
991 861
991 992
992 702
993 440
993 994
994 898
995 551
995 996
996 558
997 768
997 998
998 678
999 1000
999 1003
1000 68
1001 954
1001 1002
1002 944
1003 7
1003 1004
1004 784
1005 325
1005 1006
1006 251
1007 60
1007 1008
1008 513
1009 838
1009 1010
1010 356
1011 380
1011 1012
1012 675
1013 781
1013 1014
1014 436
