0 545
0 735
3 370
3 388
4 533
4 589
5 773
6 903
7 72
7 491
8 26
8 348
10 310
9 198
11 654
11 934
13 540
13 572
15 639
15 1010
17 834
17 1001
19 942
19 962
21 887
21 986
23 24
23 617
24 245
25 6
25 26
26 930
27 28
27 716
28 578
29 30
29 361
30 249
31 32
31 359
32 194
33 34
33 492
34 200
35 36
35 432
36 143
37 38
37 193
38 448
39 40
39 738
40 69
41 42
41 921
42 9
43 44
43 230
44 645
45 46
45 112
46 831
47 48
47 115
48 606
49 50
49 769
50 446
51 52
51 453
52 970
53 54
53 244
54 725
55 56
55 731
56 400
57 58
57 978
58 155
59 60
59 424
60 1006
61 62
61 565
62 764
63 64
63 557
64 280
65 66
65 163
66 362
67 68
67 941
68 357
69 70
69 862
70 158
71 7
71 72
72 866
73 74
73 785
74 614
75 76
75 559
76 616
77 78
77 339
78 384
79 80
79 267
80 584
81 82
81 953
82 992
83 84
83 681
84 638
85 86
85 770
86 488
87 88
87 441
88 857
89 54
89 90
90 884
91 92
91 596
92 210
93 94
93 165
94 38
95 96
95 466
96 140
97 98
97 443
98 954
99 100
99 985
100 91
101 102
101 783
102 105
103 104
103 364
104 220
105 106
105 256
106 86
107 108
107 571
108 916
109 110
109 341
110 510
111 112
111 496
112 234
113 114
113 927
114 35
115 109
115 116
116 570
117 118
117 647
118 8
119 120
119 688
120 460
121 122
121 958
122 511
123 124
123 968
124 807
125 126
125 307
126 838
127 128
127 258
128 618
129 130
129 241
130 128
131 132
131 296
132 338
133 134
133 843
134 182
135 136
135 736
136 66
137 138
137 242
138 894
139 140
139 271
140 28
141 142
141 431
142 336
143 144
143 938
144 963
145 146
145 730
146 741
147 148
147 407
148 389
149 45
149 150
150 913
151 152
151 820
152 878
153 154
153 892
154 127
155 156
155 865
156 118
157 158
157 402
158 526
159 160
159 693
160 476
161 162
161 694
162 1003
163 164
163 767
164 152
165 17
165 166
166 950
167 168
167 556
168 495
169 99
169 170
170 214
171 172
171 183
172 428
173 174
173 392
174 483
175 168
175 176
176 58
177 178
177 957
178 180
179 180
179 753
180 786
181 182
181 651
182 435
183 184
183 534
184 796
185 186
185 605
186 537
187 188
187 429
188 554
189 190
189 439
190 308
191 62
191 192
192 328
193 194
193 365
194 947
195 196
195 473
196 322
197 198
197 268
198 870
199 200
199 247
200 590
201 202
201 951
202 135
203 204
203 481
204 530
205 206
205 806
206 204
207 208
207 667
208 228
209 210
209 816
210 282
211 212
211 287
212 397
213 36
213 214
214 908
215 216
215 817
216 12
217 218
217 757
218 896
219 220
219 409
220 516
221 222
221 881
222 804
223 224
223 468
224 788
225 226
225 445
226 837
227 228
227 316
228 794
229 137
229 230
230 742
231 232
231 752
232 600
233 234
233 977
234 842
235 222
235 236
236 23
237 238
237 393
238 500
239 240
239 253
240 541
241 242
241 861
242 524
243 244
243 787
244 937
245 246
245 456
246 94
247 248
247 382
248 436
249 250
249 658
250 452
251 252
251 919
252 107
253 254
253 727
254 659
255 256
255 438
256 734
257 258
257 875
258 698
259 260
259 761
260 5
261 178
261 262
262 848
263 264
263 295
264 622
265 266
265 657
266 971
267 268
267 560
268 301
269 270
269 347
270 933
271 236
271 272
272 90
273 84
273 274
274 246
275 225
275 276
276 867
277 278
277 1009
278 879
279 243
279 280
280 270
281 149
281 282
282 542
283 284
283 613
284 708
285 181
285 286
286 844
287 187
287 288
288 418
289 290
289 553
290 818
291 292
291 765
292 965
293 294
293 797
294 89
295 235
295 296
296 888
297 298
297 891
298 462
299 300
299 373
300 102
301 302
301 399
302 71
303 304
303 352
304 231
305 306
305 479
306 505
307 308
307 577
308 926
309 310
309 597
310 493
311 312
311 893
312 945
313 314
313 544
314 548
315 142
315 316
316 760
317 318
317 706
318 458
319 320
319 375
320 70
321 322
321 673
322 1002
323 324
323 367
324 608
325 144
325 326
326 522
327 203
327 328
328 190
329 330
329 335
330 561
331 332
331 709
332 78
333 334
333 745
334 528
335 336
335 749
336 408
337 338
337 682
338 188
339 75
339 340
340 714
341 342
341 943
342 346
343 344
343 976
344 518
345 346
345 883
346 284
347 348
347 828
348 520
349 123
349 350
350 936
351 352
351 855
352 610
353 354
353 874
354 290
355 356
355 915
356 329
357 358
357 421
358 529
359 360
359 981
360 920
361 119
361 362
362 390
363 103
363 364
364 611
365 366
365 885
366 631
367 368
367 564
368 710
369 370
369 555
370 845
371 77
371 372
372 95
373 159
373 374
374 832
375 76
375 376
376 378
377 371
377 378
378 464
379 299
379 380
380 233
381 382
381 649
382 434
383 97
383 384
384 261
385 386
385 707
386 648
387 55
387 388
388 437
389 390
389 854
390 858
391 392
391 717
392 644
393 394
393 585
394 208
395 396
395 695
396 376
397 303
397 398
398 202
399 122
399 400
400 508
401 402
401 455
402 327
403 404
403 586
404 206
405 406
405 547
406 227
407 157
407 408
408 156
409 381
409 410
410 720
411 412
411 928
412 40
413 414
413 973
414 728
415 218
415 416
416 696
417 83
417 418
418 532
419 420
419 737
420 860
421 252
421 422
422 568
423 424
423 449
424 699
425 426
425 939
426 33
427 380
427 428
428 1004
429 237
429 430
430 800
431 432
431 563
432 41
433 88
433 434
434 386
435 436
435 497
436 353
437 438
437 512
438 678
439 323
439 440
440 802
441 125
441 442
442 394
443 444
443 754
444 791
445 446
445 683
446 406
447 448
447 514
448 9
449 450
449 775
450 771
451 191
451 452
452 344
453 454
453 835
454 819
455 46
455 456
456 535
457 458
457 474
458 130
459 460
459 701
460 420
461 462
461 1008
462 583
463 464
463 703
464 918
465 466
465 833
466 621
467 468
467 705
468 607
469 470
469 538
470 684
471 472
471 982
472 944
473 457
473 474
474 719
475 47
475 476
476 217
477 478
477 763
478 739
479 480
479 989
480 872
481 302
481 482
482 255
483 484
483 636
484 74
485 133
485 486
486 847
487 488
487 984
488 166
489 197
489 490
490 988
491 482
491 492
492 904
493 416
493 494
494 948
495 496
495 536
496 172
497 498
497 729
498 851
499 24
499 500
500 668
501 219
501 502
502 795
503 391
503 504
504 876
505 506
505 790
506 756
507 223
507 508
508 459
509 510
509 841
510 580
511 67
511 512
512 403
513 319
513 514
514 549
515 516
515 661
516 21
517 96
517 518
518 850
519 27
519 520
520 350
521 522
521 733
522 558
523 240
523 524
524 552
525 161
525 526
526 650
527 260
527 528
528 931
529 42
529 530
530 82
531 196
531 532
532 822
533 534
533 543
534 803
535 536
535 912
536 215
537 538
537 652
538 990
539 349
539 540
540 414
541 501
541 542
542 598
543 37
543 544
544 762
545 546
545 935
546 907
547 548
547 905
548 274
549 550
549 955
550 670
551 507
551 552
552 575
553 554
553 993
554 116
555 556
555 1005
556 836
557 93
557 558
558 404
559 279
559 560
560 355
561 87
561 562
562 877
563 564
563 827
564 839
565 566
565 675
566 755
567 568
567 718
568 759
569 120
569 570
570 10
571 503
571 572
572 646
573 98
573 574
574 778
575 576
575 676
576 634
577 411
577 578
578 10
579 207
579 580
580 461
581 576
581 582
582 415
583 354
583 584
584 932
585 586
585 975
586 1011
587 588
587 704
588 19
589 590
589 711
590 288
591 592
591 609
592 278
593 594
593 998
594 672
595 275
595 596
596 201
597 216
597 598
598 306
599 600
599 732
600 924
601 251
601 602
602 603
603 63
603 604
604 229
605 121
605 606
606 581
607 221
607 608
608 825
609 610
609 801
610 925
611 294
611 612
612 826
613 213
613 614
614 662
615 351
615 616
616 330
617 618
617 666
618 56
619 264
619 620
620 440
621 619
621 622
622 238
623 427
623 624
624 579
625 626
625 959
626 573
627 298
627 628
628 642
629 169
629 630
630 1014
631 175
631 632
632 469
633 634
633 744
634 594
635 292
635 636
636 30
637 192
637 638
638 104
639 281
639 640
640 34
641 642
641 671
642 11
643 167
643 644
644 612
645 340
645 646
646 637
647 648
647 849
648 910
649 276
649 650
650 60
651 652
651 996
652 643
653 433
653 654
654 633
655 297
655 656
656 591
657 259
657 658
658 972
659 333
659 660
660 153
661 662
661 840
662 136
663 377
663 664
664 782
665 211
665 666
666 498
667 146
667 668
668 111
669 670
669 679
670 372
671 65
671 672
672 138
673 513
673 674
674 509
675 676
675 721
676 784
677 285
677 678
678 160
679 186
679 680
680 898
681 682
681 697
682 906
683 179
683 684
684 80
685 317
685 686
686 451
687 465
687 688
688 363
689 401
689 690
690 29
691 467
691 692
692 523
693 677
693 694
694 425
695 696
695 864
696 470
697 57
697 698
698 412
699 546
699 700
700 134
701 702
701 810
702 20
703 704
703 967
704 689
705 485
705 706
706 1000
707 669
707 708
708 490
709 710
709 751
710 248
711 311
711 712
712 871
713 291
713 714
714 812
715 147
715 716
716 52
717 718
717 805
718 405
719 113
719 720
720 61
721 722
721 789
722 880
723 515
723 724
724 32
725 712
725 726
726 150
727 463
727 728
728 772
729 527
729 730
730 173
731 49
731 732
732 53
733 13
733 734
734 808
735 31
735 736
736 630
737 587
737 738
738 209
739 64
739 740
740 882
741 742
741 969
742 199
743 744
743 980
744 368
745 4
745 746
746 250
747 724
747 748
748 956
749 185
749 750
750 18
751 430
751 752
752 620
753 387
753 754
754 692
755 756
755 821
756 358
757 722
757 758
758 442
759 486
759 760
760 318
761 195
761 762
762 321
763 764
763 889
764 680
765 5
765 766
766 774
767 768
767 952
768 484
769 770
769 799
770 929
771 419
771 772
772 471
773 162
773 774
774 334
775 691
775 776
776 863
777 595
777 778
778 629
779 780
779 852
780 726
781 782
781 823
782 395
783 656
783 784
784 902
785 664
785 786
786 273
787 655
787 788
788 100
789 776
789 790
790 426
791 184
791 792
792 25
793 566
793 794
794 582
795 126
795 796
796 177
797 265
797 798
798 793
799 293
799 800
800 994
801 766
801 802
802 966
803 804
803 911
804 51
805 101
805 806
806 283
807 50
807 808
808 890
809 810
809 1013
810 780
811 660
811 812
812 39
813 814
813 868
814 304
815 816
815 995
816 550
817 487
817 818
818 686
819 444
819 820
820 604
821 822
821 897
822 746
823 824
823 846
824 499
825 151
825 826
826 960
827 383
827 828
828 410
829 92
829 830
830 108
831 832
831 979
832 205
833 141
833 834
834 750
835 417
835 836
836 873
837 838
837 987
838 690
839 840
839 949
840 224
841 623
841 842
842 886
843 305
843 844
844 859
845 254
845 846
846 917
847 848
847 869
848 517
849 266
849 850
850 2
851 6
851 852
852 68
853 625
853 854
854 337
855 423
855 856
856 480
857 176
857 858
858 326
859 356
859 860
860 506
861 862
861 895
862 300
863 853
863 864
864 189
865 624
865 866
866 174
867 809
867 868
868 331
869 374
869 870
870 740
871 626
871 872
872 472
873 454
873 874
874 309
875 876
875 997
876 315
877 262
877 878
878 16
879 811
879 880
880 360
881 602
881 882
882 132
883 324
883 884
884 332
885 129
885 886
886 531
887 170
887 888
888 856
889 779
889 890
890 314
891 79
891 892
892 653
893 894
893 961
894 164
895 413
895 896
896 814
897 792
897 898
898 562
899 601
899 900
900 106
901 687
901 902
902 366
903 904
903 983
904 569
905 715
905 906
906 131
907 313
907 908
908 22
909 450
909 910
910 627
911 743
911 912
912 798
913 914
913 922
914 272
915 665
915 916
916 964
917 263
917 918
918 312
919 85
919 920
920 588
921 567
921 922
922 900
923 43
923 924
924 946
925 114
925 926
926 148
927 928
927 991
928 674
929 663
929 930
930 154
931 345
931 932
932 830
933 44
933 934
934 914
935 286
935 936
936 521
937 781
937 938
938 478
939 171
939 940
940 475
941 909
941 942
942 923
943 723
943 944
944 398
945 758
945 946
946 768
947 813
947 948
948 1012
949 385
949 950
950 628
951 824
951 952
952 289
953 525
953 954
954 447
955 956
955 1007
956 519
957 574
957 958
958 1
959 81
959 960
960 592
961 139
961 962
962 494
963 232
963 964
964 640
965 966
965 999
966 325
967 815
967 968
968 713
969 212
969 970
970 48
971 599
971 972
972 422
973 379
973 974
974 940
975 615
975 976
976 3
977 489
977 978
978 635
979 539
979 980
980 226
981 777
981 982
982 632
983 477
983 984
984 641
985 257
985 986
986 829
987 700
987 988
988 504
989 239
989 990
990 124
991 899
991 992
992 14
993 747
993 994
994 145
995 277
995 996
996 901
997 974
997 998
998 110
999 502
999 1000
1000 73
1001 117
1001 1002
1002 593
1003 551
1003 1004
1004 342
1005 343
1005 1006
1006 702
1007 685
1007 1008
1008 748
1009 369
1009 1010
1010 59
1011 269
1011 1012
1012 320
1013 15
1013 1014
1014 396
