0 165
0 910
1 773
1 813
3 4
3 473
5 143
4 767
4 799
6 116
7 109
7 685
9 329
9 489
11 304
10 12
10 622
12 960
15 727
15 859
17 218
17 327
19 248
19 505
21 519
21 787
23 24
23 175
24 536
25 26
25 27
26 602
27 28
27 154
28 917
29 30
29 83
30 597
31 32
31 105
32 922
33 34
33 688
34 335
35 36
35 53
36 860
37 38
37 62
38 664
39 40
39 477
40 268
41 42
41 538
42 885
43 44
43 825
44 264
45 46
45 661
46 38
47 48
47 420
48 980
49 50
49 333
50 302
51 52
51 949
52 125
53 54
53 598
54 372
55 56
55 527
56 836
57 58
57 893
58 758
59 60
59 942
60 46
61 62
61 503
62 108
63 64
63 263
64 254
65 66
65 456
66 908
67 68
67 594
68 952
69 70
69 997
70 190
71 72
71 765
72 619
73 74
73 191
74 555
75 76
75 147
76 61
77 78
77 211
78 410
79 80
79 94
80 357
81 82
81 441
82 284
83 84
83 649
84 361
85 86
85 547
86 660
87 88
87 219
88 228
89 90
89 771
90 971
91 92
91 697
92 36
93 94
93 589
94 867
95 96
95 878
96 450
97 98
97 216
98 50
99 100
99 563
100 683
101 102
101 446
102 935
103 104
103 815
104 288
105 106
105 562
106 994
107 108
107 449
108 171
109 110
109 112
110 700
111 112
111 608
112 393
113 88
113 114
114 364
115 116
115 719
116 616
117 118
117 766
118 300
119 120
119 989
120 444
121 122
121 424
122 928
123 124
123 934
124 214
125 126
125 528
126 213
127 128
127 227
128 375
129 130
129 981
130 392
131 5
131 132
132 828
133 134
133 337
134 121
135 136
135 462
136 651
137 138
137 891
138 266
139 140
139 158
140 321
141 142
141 663
142 438
143 144
143 531
144 658
145 86
145 146
146 151
147 148
147 864
148 895
149 150
149 167
150 185
151 152
151 606
152 81
153 154
153 314
154 359
155 156
155 946
156 394
157 158
157 595
158 990
159 160
159 501
160 68
161 150
161 162
162 900
163 164
163 432
164 871
165 166
165 941
166 693
167 136
167 168
168 659
169 170
169 526
170 840
171 172
171 1014
172 60
173 174
173 541
174 308
175 176
175 711
176 309
177 178
177 539
178 328
179 180
179 947
180 322
181 182
181 355
182 14
183 87
183 184
184 925
185 186
185 626
186 568
187 188
187 448
188 98
189 190
189 694
190 938
191 192
191 231
192 442
193 194
193 395
194 708
195 196
195 717
196 138
197 198
197 399
198 6
199 200
199 653
200 603
201 202
201 207
202 621
203 204
203 286
204 812
205 206
205 532
206 247
207 208
207 569
208 958
209 210
209 970
210 585
211 1
211 212
212 179
213 214
213 674
214 986
215 216
215 605
216 13
217 218
217 443
218 629
219 220
219 737
220 548
221 222
221 455
222 20
223 224
223 371
224 123
225 226
225 500
226 293
227 228
227 461
228 953
229 193
229 230
230 816
231 99
231 232
232 202
233 5
233 234
234 972
235 236
235 806
236 620
237 238
237 801
238 76
239 113
239 240
240 764
241 242
241 882
242 222
243 244
243 493
244 596
245 137
245 246
246 863
247 248
247 977
248 37
249 250
249 625
250 22
251 252
251 259
252 829
253 254
253 695
254 170
255 256
255 472
256 705
257 166
257 258
258 617
259 183
259 260
260 369
261 262
261 904
262 592
263 264
263 739
264 756
265 266
265 567
266 929
267 268
267 339
268 299
269 103
269 270
270 967
271 272
271 959
272 750
273 274
273 558
274 499
275 181
275 276
276 433
277 278
277 742
278 39
279 280
279 413
280 636
281 21
281 282
282 114
283 229
283 284
284 54
285 286
285 1009
286 714
287 210
287 288
288 418
289 40
289 290
290 524
291 292
291 690
292 366
293 294
293 576
294 615
295 296
295 778
296 132
297 71
297 298
298 323
299 300
299 436
300 522
301 302
301 419
302 367
303 304
303 363
304 788
305 306
305 478
306 49
307 308
307 687
308 984
309 310
309 724
310 699
311 312
311 537
312 754
313 301
313 314
314 252
315 316
315 835
316 975
317 318
317 795
318 644
319 320
319 689
320 209
321 322
321 877
322 937
323 159
323 324
324 837
325 326
325 654
326 401
327 328
327 635
328 640
329 153
329 330
330 549
331 332
331 857
332 523
333 334
333 892
334 476
335 336
335 793
336 67
337 338
337 535
338 633
339 91
339 340
340 760
341 342
341 940
342 920
343 344
343 643
344 993
345 346
345 599
346 431
347 95
347 348
348 642
349 350
349 843
350 784
351 260
351 352
352 776
353 117
353 354
354 2
355 163
355 356
356 902
357 57
357 358
358 1000
359 140
359 360
360 513
361 362
361 669
362 382
363 364
363 740
364 844
365 205
365 366
366 466
367 354
367 368
368 540
369 370
369 791
370 289
371 169
371 372
372 710
373 74
373 374
374 120
375 376
375 838
376 282
377 275
377 378
378 274
379 380
379 802
380 830
381 382
381 429
382 1006
383 384
383 409
384 262
385 265
385 386
386 514
387 388
387 497
388 82
389 384
389 390
390 662
391 392
391 601
392 491
393 394
393 609
394 676
395 55
395 396
396 529
397 162
397 398
398 295
399 47
399 400
400 390
401 305
401 402
402 130
403 404
403 612
404 479
405 406
405 577
406 839
407 197
407 408
408 75
409 410
409 423
410 966
411 135
411 412
412 948
413 414
413 901
414 498
415 416
415 607
416 983
417 418
417 679
418 827
419 420
419 769
420 221
421 422
421 916
422 187
423 15
423 424
424 52
425 426
425 869
426 178
427 386
427 428
428 792
429 430
429 819
430 388
431 432
431 556
432 196
433 434
433 888
434 580
435 436
435 759
436 484
437 348
437 438
438 291
439 440
439 632
440 572
441 414
441 442
442 172
443 237
443 444
444 991
445 446
445 681
446 775
447 448
447 1011
448 728
449 176
449 450
450 177
451 427
451 452
452 822
453 223
453 454
454 851
455 456
455 841
456 350
457 458
457 515
458 872
459 23
459 460
460 238
461 407
461 462
462 331
463 464
463 1001
464 85
465 297
465 466
466 294
467 195
467 468
468 224
469 470
469 847
470 894
471 78
471 472
472 551
473 445
473 474
474 346
475 476
475 712
476 141
477 478
477 628
478 435
479 480
479 794
480 720
481 16
481 482
482 706
483 484
483 873
484 319
485 486
485 735
486 818
487 316
487 488
488 590
489 490
489 512
490 468
491 396
491 492
492 858
493 494
493 777
494 820
495 273
495 496
496 666
497 498
497 641
498 458
499 500
499 907
500 533
501 502
501 846
502 368
503 504
503 826
504 581
505 506
505 748
506 508
507 508
507 511
508 786
509 97
509 510
510 544
511 157
511 512
512 374
513 44
513 514
514 188
515 516
515 586
516 362
517 115
517 518
518 255
519 133
519 520
520 122
521 173
521 522
522 48
523 31
523 524
524 480
525 526
525 732
526 774
527 528
527 696
528 686
529 530
529 574
530 292
531 532
531 713
532 100
533 403
533 534
534 406
535 378
535 536
536 921
537 29
537 538
538 101
539 324
539 540
540 924
541 542
541 855
542 911
543 488
543 544
544 800
545 280
545 546
546 639
547 548
547 930
548 824
549 550
549 962
550 12
551 552
551 656
552 398
553 554
553 668
554 744
555 277
555 556
556 733
557 317
557 558
558 271
559 226
559 560
560 59
561 562
561 575
562 287
563 93
563 564
564 909
565 566
565 965
566 332
567 212
567 568
568 347
569 570
569 631
570 657
571 471
571 572
572 430
573 564
573 574
574 509
575 459
575 576
576 874
577 422
577 578
578 404
579 428
579 580
580 996
581 437
581 582
582 290
583 566
583 584
584 402
585 586
585 995
586 862
587 557
587 588
588 961
589 63
589 590
590 215
591 592
591 915
592 823
593 594
593 680
594 80
595 596
595 853
596 600
597 251
597 598
598 276
599 600
599 723
600 886
601 602
601 890
602 192
603 454
603 604
604 554
605 606
605 768
606 854
607 608
607 671
608 391
609 240
609 610
610 148
611 168
611 612
612 126
613 34
613 614
614 353
615 198
615 616
616 804
617 618
617 897
618 11
619 620
619 738
620 6
621 417
621 622
622 56
623 613
623 624
624 490
625 30
625 626
626 131
627 311
627 628
628 964
629 325
629 630
630 763
631 507
631 632
632 652
633 634
633 729
634 208
635 278
635 636
636 411
637 638
637 963
638 939
639 269
639 640
640 691
641 642
641 647
642 1002
643 644
643 982
644 421
645 646
645 707
646 954
647 648
647 927
648 762
649 279
649 650
650 485
651 285
651 652
652 70
653 320
653 654
654 481
655 28
655 656
656 142
657 630
657 658
658 486
659 660
659 675
660 684
661 318
661 662
662 58
663 664
663 803
664 440
665 666
665 899
666 704
667 668
667 914
668 24
669 233
669 670
670 988
671 672
671 755
672 408
673 189
673 674
674 761
675 51
675 676
676 340
677 573
677 678
678 230
679 33
679 680
680 79
681 245
681 682
682 919
683 343
683 684
684 405
685 686
685 979
686 487
687 146
687 688
688 128
689 365
689 690
690 118
691 104
691 692
692 8
693 694
693 785
694 467
695 9
695 696
696 1013
697 3
697 698
698 236
699 270
699 700
700 358
701 702
701 703
702 387
703 313
703 704
704 502
705 426
705 706
706 389
707 708
707 781
708 510
709 155
709 710
710 492
711 73
711 712
712 673
713 714
713 974
714 35
715 356
715 716
716 926
717 315
717 718
718 749
719 161
719 720
720 722
721 722
721 817
722 1004
723 724
723 999
724 905
725 726
725 875
726 783
727 728
727 845
728 298
729 730
729 780
730 552
731 682
731 732
732 124
733 149
733 734
734 808
735 249
735 736
736 570
737 474
737 738
738 957
739 740
739 1007
740 330
741 345
741 742
742 217
743 18
743 744
744 494
745 746
745 903
746 870
747 748
747 856
748 360
749 750
749 789
750 866
751 77
751 752
752 306
753 650
753 754
754 655
755 756
755 861
756 579
757 352
757 758
758 906
759 623
759 760
760 648
761 186
761 762
762 932
763 377
763 764
764 944
765 415
765 766
766 145
767 201
767 768
768 931
769 770
769 985
770 772
771 239
771 772
772 542
773 385
773 774
774 698
775 776
775 809
776 672
777 553
777 778
778 918
779 780
779 832
780 584
781 463
781 782
782 593
783 702
783 784
784 955
785 379
785 786
786 26
787 788
787 814
788 670
789 107
789 790
790 746
791 667
791 792
792 457
793 794
793 821
794 770
795 796
795 805
796 998
797 637
797 798
798 887
799 129
799 800
800 336
801 349
801 802
802 849
803 261
803 804
804 220
805 465
805 806
806 64
807 730
807 808
808 530
809 677
809 810
810 734
811 42
811 812
812 106
813 267
813 814
814 32
815 447
815 816
816 102
817 381
817 818
818 520
819 645
819 820
820 235
821 822
821 987
822 342
823 400
823 824
824 950
825 90
825 826
826 45
827 828
827 912
828 250
829 65
829 830
830 312
831 89
831 832
832 1005
833 182
833 834
834 810
835 283
835 836
836 583
837 838
837 1010
838 884
839 452
839 840
840 716
841 627
841 842
842 303
843 797
843 844
844 692
845 127
845 846
846 518
847 743
847 848
848 152
849 753
849 850
850 19
851 618
851 852
852 883
853 326
853 854
854 534
855 373
855 856
856 203
857 119
857 858
858 242
859 741
859 860
860 559
861 862
861 933
862 338
863 475
863 864
864 571
865 184
865 866
866 506
867 796
867 868
868 110
869 587
869 870
870 848
871 464
871 872
872 204
873 351
873 874
874 397
875 258
875 876
876 550
877 878
877 1008
878 678
879 10
879 880
880 852
881 180
881 882
882 200
883 884
883 896
884 956
885 380
885 886
886 880
887 721
887 888
888 978
889 588
889 890
890 842
891 43
891 892
892 969
893 470
893 894
894 341
895 614
895 896
896 256
897 726
897 898
898 11
899 545
899 900
900 807
901 902
901 913
902 307
903 495
903 904
904 992
905 25
905 906
906 936
907 206
907 908
908 578
909 731
909 910
910 451
911 174
911 912
912 160
913 17
913 914
914 517
915 425
915 916
916 865
917 918
917 1003
918 412
919 84
919 920
920 434
921 922
921 951
922 66
923 757
923 924
924 715
925 611
925 926
926 296
927 752
927 928
928 156
929 139
929 930
930 344
931 243
931 932
932 834
933 751
933 934
934 164
935 811
935 936
936 144
937 624
937 938
938 241
939 469
939 940
940 634
941 591
941 942
942 376
943 798
943 944
944 898
945 453
945 946
946 41
947 665
947 948
948 525
949 496
949 950
950 560
951 952
951 968
952 604
953 945
953 954
954 725
955 416
955 956
956 482
957 134
957 958
958 582
959 943
959 960
960 833
961 718
961 962
962 281
963 232
963 964
964 257
965 701
965 966
966 111
967 543
967 968
968 334
969 253
969 970
970 246
971 565
971 972
972 504
973 483
973 974
974 7
975 976
975 1012
976 779
977 439
977 978
978 225
979 546
979 980
980 96
981 383
981 982
982 736
983 370
983 984
984 244
985 561
985 986
986 194
987 709
987 988
988 72
989 973
989 990
990 881
991 460
991 992
992 234
993 879
993 994
994 516
995 69
995 996
996 868
997 923
997 998
998 610
999 831
999 1000
1000 876
1001 646
1001 1002
1002 976
1003 310
1003 1004
1004 272
1005 782
1005 1006
1006 92
1007 521
1007 1008
1008 638
1009 199
1009 1010
1010 850
1011 745
1011 1012
1012 747
1013 889
1013 1014
1014 790
