0 352
0 719
3 97
3 295
4 201
4 929
5 955
6 161
7 164
7 180
8 157
8 354
9 900
10 401
11 831
11 933
13 154
13 670
15 535
15 821
17 138
17 427
19 50
19 292
21 412
21 992
23 24
23 148
24 258
25 26
25 269
26 952
27 28
27 563
28 996
29 30
29 111
30 890
31 32
31 63
32 469
33 34
33 721
34 75
35 36
35 395
36 511
37 38
37 82
38 722
39 13
39 40
40 882
41 42
41 255
42 22
43 44
43 313
44 641
45 30
45 46
46 883
47 48
47 773
48 662
49 50
49 376
50 866
51 27
51 52
52 620
53 54
53 753
54 158
55 56
55 525
56 16
57 58
57 235
58 686
59 60
59 356
60 975
61 62
61 289
62 990
63 64
63 919
64 459
65 12
65 66
66 986
67 68
67 495
68 458
69 70
69 555
70 684
71 72
71 969
72 510
73 74
73 791
74 405
75 76
75 293
76 780
77 78
77 605
78 1002
79 80
79 294
80 322
81 82
81 1011
82 599
83 84
83 505
84 512
85 86
85 474
86 357
87 88
87 353
88 855
89 90
89 420
90 864
91 92
91 215
92 98
93 94
93 414
94 706
95 96
95 433
96 270
97 98
97 899
98 123
99 100
99 579
100 74
101 102
101 707
102 799
103 104
103 441
104 944
105 9
105 106
106 611
107 108
107 434
108 86
109 110
109 561
110 241
111 112
111 1005
112 932
113 114
113 993
114 183
115 116
115 765
116 526
117 118
117 590
118 426
119 120
119 974
120 208
121 122
121 551
122 475
123 124
123 868
124 664
125 126
125 863
126 1014
127 128
127 172
128 178
129 130
129 795
130 46
131 132
131 417
132 546
133 134
133 485
134 612
135 136
135 298
136 736
137 138
137 1007
138 824
139 140
139 321
140 755
141 142
141 291
142 788
143 144
143 272
144 489
145 146
145 970
146 440
147 148
147 587
148 142
149 150
149 925
150 833
151 152
151 580
152 543
153 125
153 154
154 493
155 156
155 212
156 701
157 158
157 545
158 90
159 153
159 160
160 186
161 162
161 877
162 484
163 164
163 165
164 89
165 166
165 210
166 734
167 168
167 233
168 386
169 170
169 848
170 124
171 172
171 911
172 67
173 174
173 483
174 541
175 176
175 365
176 31
177 178
177 792
178 490
179 91
179 180
180 912
181 182
181 642
182 798
183 184
183 385
184 921
185 186
185 774
186 497
187 117
187 188
188 276
189 190
189 671
190 636
191 192
191 839
192 945
193 194
193 530
194 566
195 196
195 850
196 346
197 198
197 709
198 550
199 200
199 886
200 284
201 133
201 202
202 72
203 204
203 257
204 907
205 206
205 991
206 622
207 208
207 518
208 783
209 210
209 466
210 680
211 159
211 212
212 980
213 214
213 750
214 318
215 216
215 287
216 614
217 218
217 699
218 477
219 220
219 822
220 1003
221 222
221 957
222 375
223 224
223 529
224 984
225 62
225 226
226 430
227 219
227 228
228 768
229 230
229 315
230 559
231 232
231 411
232 781
233 234
233 369
234 415
235 236
235 247
236 70
237 238
237 910
238 422
239 192
239 240
240 902
241 242
241 312
242 926
243 244
243 407
244 478
245 246
245 875
246 752
247 163
247 248
248 132
249 250
249 1000
250 348
251 252
251 325
252 711
253 254
253 619
254 141
255 256
255 826
256 856
257 131
257 258
258 878
259 7
259 260
260 338
261 262
261 603
262 45
263 264
263 377
264 675
265 266
265 297
266 232
267 268
267 655
268 676
269 270
269 447
270 637
271 272
271 825
272 189
273 236
273 274
274 1012
275 145
275 276
276 398
277 51
277 278
278 283
279 280
279 389
280 162
281 282
281 476
282 634
283 284
283 732
284 766
285 286
285 679
286 84
287 288
287 589
288 685
289 290
289 503
290 841
291 167
291 292
292 32
293 277
293 294
294 835
295 137
295 296
296 174
297 151
297 298
298 205
299 300
299 320
300 521
301 302
301 509
302 1010
303 304
303 994
304 592
305 306
305 461
306 920
307 308
307 569
308 94
309 36
309 310
310 206
311 33
311 312
312 4
313 314
313 623
314 710
315 316
315 681
316 373
317 15
317 318
318 595
319 320
319 687
320 832
321 322
321 869
322 940
323 324
323 618
324 54
325 107
325 326
326 997
327 328
327 891
328 613
329 330
329 941
330 194
331 306
331 332
332 418
333 334
333 849
334 237
335 216
335 336
336 554
337 338
337 828
338 762
339 259
339 340
340 816
341 342
341 452
342 531
343 344
343 923
344 522
345 185
345 346
346 444
347 348
347 761
348 544
349 350
349 471
350 52
351 173
351 352
352 342
353 191
353 354
354 811
355 356
355 594
356 424
357 358
357 961
358 334
359 360
359 632
360 574
361 362
361 720
362 703
363 364
363 507
364 724
365 366
365 553
366 445
367 350
367 368
368 88
369 370
369 977
370 600
371 372
371 625
372 584
373 374
373 972
374 56
375 267
375 376
376 717
377 378
377 689
378 244
379 380
379 404
380 240
381 382
381 465
382 588
383 384
383 714
384 645
385 290
385 386
386 716
387 388
387 947
388 239
389 53
389 390
390 66
391 392
391 930
392 246
393 394
393 491
394 310
395 396
395 486
396 274
397 398
397 515
398 842
399 121
399 400
400 999
401 402
401 673
402 152
403 404
403 796
404 200
405 406
405 913
406 524
407 408
407 818
408 224
409 221
409 410
410 316
411 412
411 615
412 578
413 414
413 693
414 889
415 368
415 416
416 1
417 418
417 985
418 220
419 420
419 513
420 343
421 381
421 422
422 586
423 279
423 424
424 214
425 426
425 532
426 786
427 428
427 436
428 431
429 184
429 430
430 400
431 432
431 523
432 807
433 434
433 1013
434 577
435 341
435 436
436 296
437 128
437 438
438 644
439 440
439 651
440 806
441 65
441 442
442 268
443 444
443 804
444 384
445 446
445 981
446 538
447 448
447 881
448 24
449 450
449 697
450 568
451 11
451 452
452 95
453 454
453 758
454 534
455 456
455 602
456 17
457 458
457 639
458 379
459 460
459 978
460 58
461 81
461 462
462 918
463 464
463 939
464 800
465 229
465 466
466 61
467 468
467 770
468 160
469 470
469 659
470 80
471 3
471 472
472 723
473 253
473 474
474 557
475 476
475 843
476 836
477 478
477 735
478 960
479 367
479 480
480 708
481 85
481 482
482 106
483 421
483 484
484 845
485 486
485 819
486 361
487 473
487 488
488 397
489 460
489 490
490 678
491 60
491 492
492 846
493 494
493 834
494 690
495 305
495 496
496 650
497 134
497 498
498 746
499 449
499 500
500 814
501 502
501 731
502 621
503 504
503 536
504 872
505 261
505 506
506 564
507 508
507 695
508 581
509 510
509 810
510 260
511 339
511 512
512 958
513 218
513 514
514 79
515 516
515 570
516 23
517 332
517 518
518 249
519 317
519 520
520 49
521 336
521 522
522 756
523 168
523 524
524 552
525 526
525 649
526 118
527 177
527 528
528 443
529 29
529 530
530 745
531 532
531 898
532 963
533 534
533 954
534 567
535 73
535 536
536 114
537 538
537 763
538 857
539 540
539 630
540 438
541 273
541 542
542 467
543 329
543 544
544 286
545 100
545 546
546 280
547 327
547 548
548 953
549 550
549 728
550 652
551 552
551 749
552 282
553 77
553 554
554 573
555 92
555 556
556 640
557 181
557 558
558 870
559 383
559 560
560 492
561 562
561 741
562 105
563 6
563 564
564 542
565 266
565 566
566 726
567 539
567 568
568 14
569 69
569 570
570 633
571 170
571 572
572 359
573 574
573 901
574 450
575 59
575 576
576 198
577 47
577 578
578 300
579 580
579 691
580 528
581 423
581 582
582 135
583 455
583 584
584 169
585 586
585 692
586 1008
587 43
587 588
588 480
589 37
589 590
590 760
591 592
591 743
592 862
593 594
593 643
594 696
595 378
595 596
596 628
597 598
597 859
598 10
599 409
599 600
600 166
601 602
601 1009
602 607
603 150
603 604
604 937
605 606
605 757
606 956
607 608
607 653
608 18
609 610
609 785
610 278
611 416
611 612
612 502
613 71
613 614
614 658
615 616
615 830
616 319
617 211
617 618
618 68
619 285
619 620
620 767
621 622
621 906
622 965
623 624
623 725
624 742
625 263
625 626
626 202
627 140
627 628
628 28
629 488
629 630
630 437
631 632
631 663
632 727
633 199
633 634
634 820
635 636
635 895
636 347
637 638
637 853
638 207
639 231
639 640
640 808
641 642
641 995
642 827
643 351
643 644
644 892
645 10
645 646
646 248
647 648
647 669
648 328
649 650
649 998
650 108
651 652
651 989
652 942
653 6
653 654
654 146
655 656
655 936
656 562
657 658
657 715
658 115
659 393
659 660
660 560
661 311
661 662
662 335
663 275
663 664
664 608
665 666
665 813
666 775
667 591
667 668
668 227
669 213
669 670
670 962
671 372
671 672
672 380
673 674
673 874
674 78
675 388
675 676
676 468
677 678
677 837
678 851
679 617
679 680
680 668
681 387
681 682
682 264
683 472
683 684
684 520
685 494
685 686
686 565
687 309
687 688
688 139
689 193
689 690
690 453
691 333
691 692
692 549
693 371
693 694
694 366
695 109
695 696
696 887
697 583
697 698
698 575
699 700
699 893
700 175
701 698
701 702
702 744
703 704
703 712
704 136
705 706
705 823
706 55
707 708
707 867
708 585
709 179
709 710
710 888
711 712
711 733
712 1004
713 635
713 714
714 905
715 716
715 829
716 382
717 514
717 718
718 782
719 399
719 720
720 102
721 722
721 789
722 983
723 110
723 724
724 391
725 101
725 726
726 582
727 119
727 728
728 971
729 349
729 730
730 299
731 533
731 732
732 403
733 5
733 734
734 764
735 736
735 927
736 470
737 738
737 1006
738 704
739 737
739 740
740 858
741 223
741 742
742 537
743 683
743 744
744 408
745 25
745 746
746 394
747 314
747 748
748 448
749 451
749 750
750 959
751 390
751 752
752 42
753 667
753 754
754 771
755 610
755 756
756 802
757 758
757 935
758 331
759 281
759 760
760 982
761 762
761 916
762 374
763 99
763 764
764 406
765 38
765 766
766 838
767 768
767 885
768 672
769 770
769 979
770 303
771 127
771 772
772 540
773 647
773 774
774 226
775 506
775 776
776 362
777 593
777 778
778 903
779 780
779 873
780 209
781 782
781 938
782 188
783 748
783 784
784 922
785 446
785 786
786 21
787 5
787 788
788 896
789 363
789 790
790 337
791 171
791 792
792 805
793 656
793 794
794 627
795 793
795 796
796 308
797 64
797 798
798 41
799 705
799 800
800 598
801 330
801 802
802 966
803 804
803 987
804 425
805 806
805 861
806 265
807 323
807 808
808 250
809 810
809 879
810 419
811 702
811 812
812 660
813 713
813 814
814 456
815 222
815 816
816 143
817 818
817 847
818 204
819 779
819 820
820 442
821 777
821 822
822 803
823 626
823 824
824 571
825 601
825 826
826 784
827 740
827 828
828 196
829 729
829 830
830 195
831 113
831 832
832 428
833 439
833 834
834 500
835 836
835 951
836 968
837 126
837 838
838 946
839 413
839 840
840 787
841 254
841 842
842 646
843 364
843 844
844 481
845 846
845 931
846 344
847 840
847 848
848 950
849 326
849 850
850 83
851 790
851 852
852 504
853 854
853 897
854 238
855 190
855 856
856 812
857 604
857 858
858 396
859 527
859 860
860 928
861 149
861 862
862 360
863 864
863 871
864 801
865 187
865 866
866 558
867 661
867 868
868 815
869 496
869 870
870 234
871 519
871 872
872 730
873 122
873 874
874 19
875 156
875 876
876 482
877 616
877 878
878 20
879 880
879 917
880 794
881 57
881 882
882 225
883 176
883 884
884 370
885 307
885 886
886 8
887 609
887 888
888 844
889 694
889 890
890 40
891 657
891 892
892 304
893 44
893 894
894 880
895 754
895 896
896 130
897 93
897 898
898 572
899 76
899 900
900 909
901 462
901 902
902 854
903 904
903 973
904 629
905 34
905 906
906 498
907 479
907 908
908 688
909 464
909 910
910 718
911 809
911 912
912 666
913 129
913 914
914 596
915 631
915 916
916 776
917 87
917 918
918 738
919 48
919 920
920 245
921 739
921 922
922 674
923 39
923 924
924 103
925 677
925 926
926 865
927 665
927 928
928 638
929 817
929 930
930 217
931 324
931 932
932 392
933 924
933 934
934 242
935 301
935 936
936 499
937 938
937 949
938 517
939 197
939 940
940 182
941 934
941 942
942 432
943 914
943 944
944 948
945 501
945 946
946 120
947 769
947 948
948 112
949 429
949 950
950 288
951 262
951 952
952 402
953 778
953 954
954 340
955 203
955 956
956 915
957 648
957 958
958 116
959 548
959 960
960 797
961 962
961 976
962 256
963 35
963 964
964 904
965 943
965 966
966 772
967 964
967 968
968 302
969 96
969 970
970 457
971 860
971 972
972 2
973 700
973 974
974 908
975 358
975 976
976 26
977 252
977 978
978 988
979 508
979 980
980 597
981 230
981 982
982 410
983 759
983 984
984 454
985 606
985 986
986 747
987 355
987 988
988 894
989 243
989 990
990 345
991 556
991 992
992 876
993 271
993 994
994 967
995 435
995 996
996 104
997 998
997 1001
998 144
999 751
999 1000
1000 576
1001 155
1001 1002
1002 228
1003 9
1003 1004
1004 852
1005 547
1005 1006
1006 654
1007 487
1007 1008
1008 884
1009 147
1009 1010
1010 682
1011 624
1011 1012
1012 516
1013 251
1013 1014
1014 463
