0 309
0 959
2 141
2 531
3 340
3 491
5 304
4 325
4 621
6 398
9 506
9 742
10 656
10 944
11 730
12 146
13 556
13 811
15 52
15 196
17 63
17 806
19 166
19 862
21 276
21 543
23 24
23 180
24 640
25 26
25 1013
26 137
27 10
27 28
28 48
29 30
29 199
30 780
31 32
31 673
32 924
33 34
33 437
34 842
35 36
35 738
36 412
37 38
37 934
38 278
39 40
39 606
40 826
41 42
41 771
42 389
43 44
43 765
44 354
45 46
45 665
46 410
47 48
47 413
48 731
49 37
49 50
50 1004
51 52
51 64
52 578
53 54
53 897
54 45
55 56
55 729
56 320
57 58
57 622
58 194
59 60
59 853
60 82
61 62
61 264
62 760
63 64
63 968
64 306
65 66
65 161
66 162
67 6
67 68
68 542
69 70
69 949
70 366
71 72
71 115
72 996
73 74
73 1005
74 890
75 76
75 211
76 781
77 78
77 1011
78 905
79 9
79 80
80 312
81 82
81 728
82 662
83 84
83 212
84 92
85 86
85 284
86 823
87 88
87 751
88 639
89 90
89 761
90 106
91 92
91 480
92 766
93 94
93 252
94 382
95 96
95 816
96 632
97 98
97 646
98 351
99 100
99 156
100 841
101 102
101 709
102 756
103 104
103 458
104 479
105 15
105 106
106 466
107 108
107 674
108 222
109 39
109 110
110 962
111 112
111 601
112 732
113 26
113 114
114 920
115 116
115 973
116 500
117 118
117 280
118 230
119 120
119 705
120 145
121 122
121 335
122 187
123 124
123 974
124 171
125 126
125 885
126 112
127 128
127 718
128 256
129 130
129 950
130 478
131 132
131 446
132 36
133 134
133 819
134 313
135 136
135 785
136 392
137 138
137 626
138 56
139 140
139 997
140 403
141 142
141 581
142 192
143 144
143 813
144 81
145 97
145 146
146 378
147 148
147 439
148 664
149 131
149 150
150 245
151 152
151 736
152 301
153 154
153 485
154 150
155 156
155 1001
156 869
157 158
157 635
158 552
159 160
159 882
160 886
161 162
161 297
162 369
163 144
163 164
164 149
165 6
165 166
166 978
167 168
167 768
168 338
169 170
169 505
170 877
171 70
171 172
172 608
173 174
173 545
174 657
175 153
175 176
176 251
177 178
177 693
178 881
179 143
179 180
180 311
181 77
181 182
182 956
183 184
183 535
184 696
185 186
185 846
186 328
187 170
187 188
188 799
189 190
189 904
190 532
191 192
191 429
192 984
193 194
193 723
194 418
195 196
195 209
196 16
197 198
197 436
198 560
199 200
199 779
200 558
201 202
201 598
202 132
203 204
203 911
204 393
205 206
205 355
206 686
207 25
207 208
208 945
209 210
209 643
210 682
211 212
211 797
212 385
213 167
213 214
214 659
215 216
215 739
216 611
217 151
217 218
218 658
219 220
219 867
220 517
221 222
221 477
222 78
223 224
223 288
224 689
225 226
225 753
226 670
227 228
227 434
228 198
229 230
229 712
230 893
231 204
231 232
232 564
233 234
233 733
234 675
235 236
235 359
236 695
237 236
237 238
238 467
239 240
239 352
240 498
241 242
241 487
242 724
243 244
243 527
244 557
245 246
245 864
246 544
247 248
247 681
248 936
249 250
249 431
250 254
251 154
251 252
252 570
253 254
253 533
254 332
255 256
255 716
256 148
257 258
257 629
258 979
259 260
259 963
260 35
261 262
261 697
262 486
263 264
263 863
264 29
265 266
265 489
266 960
267 226
267 268
268 798
269 270
269 559
270 88
271 272
271 293
272 43
273 274
273 834
274 129
275 276
275 407
276 690
277 278
277 281
278 461
279 280
279 331
280 824
281 282
281 469
282 455
283 85
283 284
284 653
285 270
285 286
286 441
287 288
287 333
288 593
289 290
289 419
290 848
291 292
291 980
292 568
293 237
293 294
294 18
295 54
295 296
296 698
297 298
297 329
298 786
299 300
299 590
300 155
301 224
301 302
302 512
303 304
303 319
304 157
305 306
305 906
306 435
307 308
307 909
308 462
309 310
309 669
310 713
311 299
311 312
312 932
313 314
313 773
314 894
315 257
315 316
316 80
317 318
317 845
318 553
319 320
319 414
320 814
321 124
321 322
322 607
323 324
323 327
324 314
325 326
325 679
326 202
327 328
327 579
328 172
329 330
329 563
330 594
331 332
331 871
332 896
333 87
333 334
334 702
335 336
335 631
336 44
337 7
337 338
338 982
339 340
339 451
340 165
341 342
341 895
342 176
343 344
343 362
344 8
345 346
345 787
346 353
347 348
347 365
348 117
349 5
349 350
350 68
351 352
351 509
352 401
353 354
353 990
354 394
355 356
355 453
356 750
357 3
357 358
358 497
359 219
359 360
360 965
361 362
361 494
362 390
363 364
363 654
364 116
365 366
365 526
366 852
367 158
367 368
368 884
369 370
369 501
370 866
371 372
371 777
372 190
373 374
373 907
374 69
375 376
375 678
376 291
377 378
377 511
378 1
379 380
379 883
380 295
381 364
381 382
382 776
383 384
383 837
384 74
385 386
385 942
386 425
387 388
387 445
388 178
389 390
389 521
390 223
391 392
391 450
392 142
393 394
393 617
394 402
395 120
395 396
396 5
397 398
397 641
398 840
399 400
399 741
400 668
401 140
401 402
402 60
403 110
403 404
404 850
405 406
405 683
406 337
407 408
407 589
408 22
409 410
409 817
410 262
411 412
411 955
412 1008
413 414
413 561
414 994
415 416
415 438
416 186
417 418
417 873
418 627
419 420
419 938
420 136
421 416
421 422
422 290
423 424
423 879
424 914
425 396
425 426
426 858
427 428
427 933
428 103
429 430
429 767
430 201
431 432
431 615
432 318
433 434
433 680
434 185
435 436
435 929
436 426
437 125
437 438
438 75
439 379
439 440
440 307
441 442
441 1012
442 46
443 444
443 801
444 836
445 373
445 446
446 926
447 72
447 448
448 720
449 450
449 592
450 569
451 259
451 452
452 612
453 454
453 525
454 449
455 456
455 821
456 370
457 458
457 523
458 647
459 227
459 460
460 113
461 462
461 849
462 406
463 464
463 567
464 23
465 466
465 803
466 802
467 296
467 468
468 636
469 59
469 470
470 391
471 472
471 927
472 444
473 474
473 484
474 197
475 476
475 810
476 744
477 478
477 633
478 229
479 480
479 628
480 482
481 33
481 482
482 24
483 349
483 484
484 800
485 486
485 583
486 755
487 488
487 663
488 943
489 427
489 490
490 684
491 31
491 492
492 900
493 494
493 923
494 159
495 387
495 496
496 758
497 498
497 600
498 350
499 496
499 500
500 12
501 38
501 502
502 649
503 147
503 504
504 134
505 503
505 506
506 700
507 442
507 508
508 94
509 99
509 510
510 940
511 220
511 512
512 324
513 514
513 815
514 255
515 73
515 516
516 464
517 518
517 547
518 321
519 261
519 520
520 195
521 522
521 541
522 127
523 524
523 677
524 343
525 526
525 691
526 409
527 109
527 528
528 599
529 530
529 711
530 792
531 423
531 532
532 468
533 534
533 574
534 918
535 536
535 603
536 30
537 357
537 538
538 921
539 493
539 540
540 90
541 57
541 542
542 822
543 544
543 576
544 460
545 205
545 546
546 105
547 548
547 993
548 292
549 550
549 937
550 983
551 32
551 552
552 368
553 184
553 554
554 471
555 246
555 556
556 749
557 558
557 913
558 809
559 107
559 560
560 240
561 179
561 562
562 518
563 564
563 634
564 400
565 520
565 566
566 957
567 568
567 625
568 976
569 218
569 570
570 104
571 572
571 783
572 995
573 571
573 574
574 55
575 265
575 576
576 655
577 578
577 735
578 234
579 98
579 580
580 380
581 582
581 605
582 53
583 584
583 901
584 483
585 61
585 586
586 79
587 17
587 588
588 308
589 341
589 590
590 903
591 592
591 619
592 752
593 594
593 620
594 828
595 575
595 596
596 1002
597 598
597 948
598 96
599 40
599 600
600 587
601 602
601 899
602 925
603 604
603 833
604 967
605 339
605 606
606 566
607 34
607 608
608 510
609 610
609 847
610 271
611 361
611 612
612 642
613 614
613 688
614 660
615 616
615 795
616 859
617 175
617 618
618 860
619 258
619 620
620 796
621 622
621 931
622 667
623 562
623 624
624 114
625 221
625 626
626 76
627 302
627 628
628 298
629 481
629 630
630 870
631 632
631 874
632 502
633 315
633 634
634 231
635 636
635 715
636 322
637 334
637 638
638 13
639 640
639 961
640 808
641 642
641 989
642 182
643 139
643 644
644 623
645 463
645 646
646 470
647 305
647 648
648 326
649 538
649 650
650 778
651 193
651 652
652 49
653 242
653 654
654 565
655 214
655 656
656 371
657 536
657 658
658 21
659 660
659 970
660 878
661 604
661 662
662 692
663 119
663 664
664 917
665 428
665 666
666 440
667 668
667 831
668 336
669 89
669 670
670 887
671 672
671 685
672 386
673 4
673 674
674 790
675 347
675 676
676 285
677 253
677 678
678 160
679 637
679 680
680 417
681 682
681 825
682 588
683 71
683 684
684 794
685 101
685 686
686 123
687 573
687 688
688 208
689 95
689 690
690 618
691 277
691 692
692 704
693 41
693 694
694 1014
695 225
695 696
696 345
697 698
697 699
698 975
699 700
699 947
700 661
701 207
701 702
702 51
703 203
703 704
704 210
705 651
705 706
706 746
707 266
707 708
708 555
709 411
709 710
710 775
711 712
711 987
712 550
713 714
713 868
714 710
715 716
715 820
716 130
717 181
717 718
718 832
719 457
719 720
720 238
721 722
721 769
722 443
723 724
723 941
724 323
725 726
725 939
726 1000
727 397
727 728
728 652
729 539
729 730
730 474
731 274
731 732
732 250
733 247
733 734
734 459
735 736
735 1007
736 310
737 546
737 738
738 374
739 585
739 740
740 930
741 164
741 742
742 11
743 744
743 784
744 540
745 746
745 889
746 892
747 748
747 952
748 762
749 750
749 1010
750 722
751 727
751 752
752 851
753 177
753 754
754 953
755 666
755 756
756 384
757 65
757 758
758 922
759 529
759 760
760 676
761 762
761 843
762 584
763 121
763 764
764 912
765 595
765 766
766 992
767 263
767 768
768 865
769 260
769 770
770 228
771 111
771 772
772 985
773 287
773 774
774 102
775 734
775 776
776 58
777 524
777 778
778 12
779 235
779 780
780 272
781 630
781 782
782 988
783 784
783 805
784 215
785 514
785 786
786 84
787 747
787 788
788 928
789 233
789 790
790 1003
791 577
791 792
792 737
793 794
793 844
794 580
795 191
795 796
796 972
797 757
797 798
798 706
799 42
799 800
800 597
801 802
801 830
802 898
803 804
803 908
804 122
805 2
805 806
806 294
807 173
807 808
808 168
809 62
809 810
810 108
811 244
811 812
812 986
813 789
813 814
814 268
815 273
815 816
816 764
817 200
817 818
818 763
819 377
819 820
820 490
821 213
821 822
822 838
823 47
823 824
824 376
825 317
825 826
826 880
827 513
827 828
828 919
829 118
829 830
830 725
831 126
831 832
832 448
833 610
833 834
834 83
835 551
835 836
836 476
837 433
837 838
838 774
839 708
839 840
840 770
841 648
841 842
842 367
843 687
843 844
844 495
845 745
845 846
846 935
847 743
847 848
848 782
849 694
849 850
850 991
851 852
851 1009
852 342
853 86
853 854
854 969
855 356
855 856
856 829
857 717
857 858
858 424
859 358
859 860
860 128
861 862
861 998
862 372
863 807
863 864
864 522
865 395
865 866
866 330
867 854
867 868
868 206
869 66
869 870
870 856
871 169
871 872
872 404
873 515
873 874
874 282
875 516
875 876
876 138
877 616
877 878
878 189
879 283
879 880
880 381
881 882
881 915
882 827
883 645
883 884
884 788
885 701
885 886
886 857
887 360
887 888
888 966
889 791
889 890
890 248
891 243
891 892
892 999
893 421
893 894
894 344
895 896
895 954
896 348
897 875
897 898
898 408
899 900
899 964
900 300
901 902
901 977
902 473
903 269
903 904
904 399
905 363
905 906
906 452
907 719
907 908
908 602
909 772
909 910
910 11
911 415
911 912
912 740
913 383
913 914
914 876
915 465
915 916
916 430
917 902
917 918
918 650
919 910
919 920
920 835
921 548
921 922
922 624
923 183
923 924
924 534
925 405
925 926
926 50
927 591
927 928
928 888
929 188
929 930
930 707
931 759
931 932
932 232
933 504
933 934
934 27
935 672
935 936
936 812
937 174
937 938
938 375
939 20
939 940
940 726
941 671
941 942
942 289
943 216
943 944
944 721
945 614
945 946
946 855
947 609
947 948
948 93
949 528
949 950
950 981
951 388
951 952
952 549
953 275
953 954
954 703
955 519
955 956
956 346
957 28
957 958
958 152
959 638
959 960
960 644
961 303
961 962
962 804
963 249
963 964
964 279
965 839
965 966
966 946
967 554
967 968
968 100
969 133
969 970
970 971
971 475
971 972
972 613
973 537
973 974
974 754
975 135
975 976
976 286
977 488
977 978
978 1006
979 217
979 980
980 447
981 714
981 982
982 456
983 267
983 984
984 19
985 872
985 986
986 422
987 432
987 988
988 508
989 891
989 990
990 572
991 316
991 992
992 472
993 793
993 994
994 818
995 239
995 996
996 958
997 163
997 998
998 91
999 499
999 1000
1000 67
1001 530
1001 1002
1002 748
1003 454
1003 1004
1004 420
1005 586
1005 1006
1006 861
1007 241
1007 1008
1008 507
1009 492
1009 1010
1010 916
1011 582
1011 1012
1012 14
1013 951
1013 1014
1014 596
