0 32
0 977
2 341
2 405
3 433
3 683
4 446
4 544
5 296
6 826
7 241
7 555
9 790
8 205
8 762
10 621
13 543
13 787
15 580
15 836
17 174
17 719
19 20
19 998
21 656
21 800
23 24
23 1003
24 500
25 26
25 715
26 144
27 28
27 442
28 962
29 30
29 639
30 536
31 32
31 803
32 146
33 27
33 34
34 21
35 36
35 492
36 958
37 38
37 192
38 130
39 40
39 477
40 226
41 42
41 389
42 588
43 44
43 876
44 652
45 46
45 178
46 393
47 48
47 245
48 229
49 12
49 50
50 171
51 52
51 346
52 610
53 54
53 204
54 352
55 56
55 605
56 646
57 58
57 537
58 450
59 31
59 60
60 447
61 62
61 417
62 280
63 64
63 397
64 910
65 66
65 369
66 858
67 68
67 551
68 767
69 70
69 453
70 328
71 72
71 228
72 224
73 74
73 597
74 460
75 76
75 141
76 452
77 78
77 358
78 514
79 80
79 671
80 364
81 82
81 395
82 10
83 84
83 407
84 400
85 86
85 911
86 202
87 88
87 662
88 921
89 90
89 436
90 783
91 92
91 908
92 478
93 94
93 495
94 706
95 96
95 117
96 682
97 98
97 886
98 843
99 100
99 705
100 979
101 102
101 499
102 66
103 104
103 744
104 25
105 106
105 575
106 240
107 108
107 877
108 321
109 110
109 511
110 56
111 112
111 697
112 309
113 114
113 234
114 336
115 116
115 220
116 875
117 118
117 528
118 449
119 120
119 680
120 716
121 122
121 955
122 638
123 124
123 871
124 356
125 126
125 883
126 609
127 128
127 129
128 498
129 130
129 763
130 214
131 132
131 299
132 508
133 134
133 985
134 484
135 136
135 176
136 422
137 138
137 145
138 754
139 140
139 745
140 277
141 105
141 142
142 82
143 144
143 408
144 186
145 101
145 146
146 181
147 148
147 338
148 322
149 150
149 759
150 217
151 152
151 231
152 973
153 154
153 777
154 184
155 17
155 156
156 834
157 158
157 553
158 542
159 160
159 340
160 728
161 162
161 227
162 520
163 164
163 361
164 4
165 166
165 780
166 52
167 168
167 986
168 702
169 170
169 909
170 641
171 89
171 172
172 305
173 174
173 496
174 832
175 176
175 649
176 156
177 178
177 965
178 185
179 180
179 486
180 366
181 182
181 391
182 162
183 184
183 703
184 838
185 186
185 465
186 613
187 188
187 975
188 123
189 19
189 190
190 380
191 192
191 552
192 591
193 194
193 510
194 758
195 196
195 889
196 97
197 198
197 315
198 961
199 200
199 689
200 766
201 202
201 285
202 14
203 204
203 983
204 854
205 206
205 523
206 739
207 208
207 980
208 991
209 210
209 347
210 532
211 165
211 212
212 1008
213 214
213 988
214 402
215 216
215 556
216 616
217 218
217 932
218 872
219 220
219 953
220 572
221 222
221 1009
222 804
223 224
223 771
224 952
225 226
225 947
226 9
227 228
227 563
228 630
229 230
229 926
230 647
231 179
231 232
232 386
233 234
233 776
234 505
235 236
235 387
236 617
237 238
237 376
238 140
239 240
239 375
240 207
241 242
241 737
242 869
243 244
243 873
244 906
245 246
245 847
246 298
247 248
247 273
248 994
249 250
249 690
250 509
251 93
251 252
252 104
253 254
253 557
254 54
255 256
255 413
256 78
257 258
257 435
258 247
259 260
259 846
260 396
261 262
261 365
262 848
263 264
263 724
264 792
265 266
265 828
266 782
267 268
267 757
268 160
269 23
269 270
270 47
271 272
271 997
272 518
273 274
273 748
274 320
275 246
275 276
276 818
277 212
277 278
278 470
279 280
279 545
280 660
281 282
281 885
282 271
283 284
283 794
284 1
285 286
285 564
286 432
287 153
287 288
288 546
289 290
289 805
290 925
291 292
291 775
292 924
293 294
293 640
294 738
295 203
295 296
296 951
297 298
297 681
298 923
299 250
299 300
300 72
301 39
301 302
302 853
303 304
303 725
304 731
305 98
305 306
306 370
307 308
307 677
308 431
309 310
309 414
310 538
311 63
311 312
312 944
313 159
313 314
314 1012
315 316
315 907
316 260
317 310
317 318
318 554
319 320
319 842
320 600
321 270
321 322
322 15
323 324
323 659
324 720
325 326
325 778
326 561
327 190
327 328
328 696
329 330
329 440
330 540
331 332
331 411
332 984
333 334
333 936
334 265
335 75
335 336
336 24
337 338
337 972
338 479
339 340
339 438
340 905
341 342
341 941
342 183
343 218
343 344
344 70
345 346
345 534
346 102
347 99
347 348
348 931
349 350
349 969
350 318
351 257
351 352
352 586
353 46
353 354
354 1011
355 356
355 394
356 1000
357 358
357 852
358 502
359 64
359 360
360 756
361 362
361 723
362 598
363 106
363 364
364 345
365 339
365 366
366 268
367 3
367 368
368 851
369 349
369 370
370 166
371 372
371 974
372 457
373 374
373 643
374 427
375 376
375 491
376 585
377 378
377 651
378 6
379 380
379 806
380 791
381 252
381 382
382 576
383 384
383 959
384 779
385 386
385 755
386 292
387 388
387 929
388 169
389 390
389 815
390 1006
391 392
391 999
392 741
393 394
393 859
394 722
395 396
395 927
396 359
397 61
397 398
398 753
399 400
399 517
400 80
401 195
401 402
402 238
403 404
403 590
404 120
405 406
405 891
406 992
407 408
407 445
408 669
409 410
409 928
410 658
411 412
411 769
412 286
413 139
413 414
414 290
415 221
415 416
416 684
417 418
417 711
418 699
419 65
419 420
420 813
421 422
421 915
422 629
423 5
423 424
424 750
425 426
425 691
426 295
427 385
427 428
428 278
429 430
429 897
430 956
431 432
431 822
432 126
433 434
433 515
434 472
435 436
435 831
436 418
437 107
437 438
438 912
439 440
439 864
440 150
441 442
441 455
442 136
443 444
443 579
444 262
445 446
445 901
446 789
447 448
447 930
448 981
449 450
449 653
450 429
451 304
451 452
452 810
453 454
453 481
454 222
455 2
455 456
456 172
457 458
457 570
458 584
459 460
459 1005
460 454
461 462
461 593
462 197
463 157
463 464
464 87
465 236
465 466
466 448
467 55
467 468
468 264
469 239
469 470
470 814
471 472
471 661
472 37
473 474
473 569
474 242
475 476
475 1013
476 730
477 255
477 478
478 112
479 412
479 480
480 774
481 258
481 482
482 468
483 484
483 856
484 409
485 323
485 486
486 761
487 85
487 488
488 811
489 490
489 935
490 863
491 7
491 492
492 118
493 83
493 494
494 860
495 496
495 823
496 48
497 308
497 498
498 148
499 500
499 527
500 50
501 289
501 502
502 274
503 504
503 624
504 560
505 506
505 938
506 232
507 508
507 577
508 732
509 507
509 510
510 115
511 355
511 512
512 862
513 514
513 568
514 894
515 327
515 516
516 378
517 501
517 518
518 314
519 372
519 520
520 896
521 522
521 685
522 1007
523 524
523 827
524 788
525 526
525 772
526 253
527 528
527 903
528 206
529 530
529 648
530 882
531 532
531 784
532 524
533 175
533 534
534 466
535 91
535 536
536 133
537 538
537 978
538 28
539 283
539 540
540 982
541 542
541 595
542 970
543 544
543 627
544 664
545 8
545 546
546 672
547 548
547 747
548 261
549 550
549 655
550 729
551 421
551 552
552 45
553 554
553 801
554 312
555 467
555 556
556 861
557 558
557 868
558 167
559 451
559 560
560 626
561 562
561 946
562 740
563 564
563 845
564 177
565 566
565 829
566 337
567 208
567 568
568 592
569 311
569 570
570 902
571 26
571 572
572 890
573 574
573 673
574 839
575 576
575 693
576 943
577 69
577 578
578 808
579 521
579 580
580 583
581 582
581 620
582 602
583 430
583 584
584 604
585 586
585 726
586 284
587 588
587 611
588 248
589 353
589 590
590 266
591 592
591 898
592 558
593 151
593 594
594 41
595 533
595 596
596 504
597 155
597 598
598 198
599 600
599 765
600 11
601 58
601 602
602 1010
603 373
603 604
604 855
605 92
605 606
606 170
607 489
607 608
608 663
609 76
609 610
610 516
611 331
611 612
612 802
613 614
613 914
614 439
615 616
615 948
616 781
617 608
617 618
618 949
619 73
619 620
620 158
621 622
621 645
622 307
623 624
623 967
624 996
625 626
625 698
626 194
627 535
627 628
628 820
629 630
629 899
630 710
631 632
631 634
632 892
633 493
633 634
634 841
635 67
635 636
636 817
637 638
637 895
638 119
639 607
639 640
640 736
641 642
641 795
642 990
643 383
643 644
644 57
645 606
645 646
646 718
647 648
647 816
648 742
649 650
649 919
650 939
651 474
651 652
652 752
653 357
653 654
654 329
655 437
655 656
656 51
657 34
657 658
658 5
659 219
659 660
660 237
661 235
661 662
662 712
663 13
663 664
664 216
665 666
665 850
666 306
667 668
667 878
668 476
669 213
669 670
670 550
671 279
671 672
672 968
673 548
673 674
674 686
675 434
675 676
676 293
677 113
677 678
678 193
679 680
679 989
680 764
681 682
681 799
682 124
683 684
683 809
684 300
685 363
685 686
686 90
687 100
687 688
688 154
689 461
689 690
690 937
691 459
691 692
692 824
693 281
693 694
694 138
695 654
695 696
696 86
697 189
697 698
698 830
699 615
699 700
700 866
701 702
701 835
702 360
703 233
703 704
704 188
705 485
705 706
706 519
707 708
707 760
708 71
709 710
709 825
710 96
711 463
711 712
712 384
713 223
713 714
714 122
715 275
715 716
716 695
717 374
717 718
718 844
719 59
719 720
720 333
721 722
721 887
722 33
723 724
723 971
724 362
725 612
725 726
726 812
727 728
727 819
728 506
729 88
729 730
730 330
731 732
731 840
732 18
733 282
733 734
734 797
735 549
735 736
736 867
737 127
737 738
738 74
739 111
739 740
740 68
741 742
741 893
742 410
743 734
743 744
744 749
745 161
745 746
746 490
747 215
747 748
748 35
749 325
749 750
750 416
751 599
751 752
752 494
753 131
753 754
754 108
755 756
755 796
756 614
757 211
757 758
758 132
759 302
759 760
760 116
761 335
761 762
762 619
763 201
763 764
764 966
765 679
765 766
766 94
767 428
767 768
768 503
769 81
769 770
770 22
771 38
771 772
772 950
773 774
773 874
774 180
775 721
775 776
776 880
777 200
777 778
778 425
779 522
779 780
780 109
781 121
781 782
782 884
783 670
783 784
784 426
785 709
785 786
786 650
787 60
787 788
788 332
789 790
789 993
790 480
791 152
791 792
792 168
793 382
793 794
794 963
795 751
795 796
796 879
797 243
797 798
798 1014
799 800
799 881
800 230
801 269
801 802
802 456
803 601
803 804
804 423
805 806
805 957
806 401
807 351
807 808
808 666
809 633
809 810
810 708
811 110
811 812
812 342
813 746
813 814
814 678
815 259
815 816
816 403
817 628
817 818
818 458
819 251
819 820
820 390
821 694
821 822
822 770
823 443
823 824
824 870
825 487
825 826
826 1004
827 249
827 828
828 379
829 95
829 830
830 618
831 735
831 832
832 134
833 471
833 834
834 10
835 836
835 995
836 665
837 469
837 838
838 916
839 512
839 840
840 497
841 675
841 842
842 6
843 164
843 844
844 674
845 833
845 846
846 348
847 143
847 848
848 581
849 688
849 850
850 668
851 287
851 852
852 415
853 837
853 854
854 128
855 642
855 856
856 582
857 79
857 858
858 900
859 727
859 860
860 596
861 288
861 862
862 377
863 526
863 864
864 667
865 625
865 866
866 578
867 571
867 868
868 182
869 381
869 870
870 676
871 707
871 872
872 798
873 594
873 874
874 547
875 529
875 876
876 317
877 603
877 878
878 350
879 420
879 880
880 482
881 191
881 882
882 276
883 294
883 884
884 272
885 807
885 886
886 631
887 326
887 888
888 933
889 371
889 890
890 566
891 313
891 892
892 849
893 147
893 894
894 36
895 623
895 896
896 713
897 62
897 898
898 987
899 49
899 900
900 636
901 587
901 902
902 657
903 644
903 904
904 404
905 163
905 906
906 704
907 475
907 908
908 114
909 464
909 910
910 567
911 473
911 912
912 267
913 701
913 914
914 316
915 149
915 916
916 319
917 30
917 918
918 821
919 135
919 920
920 343
921 922
921 934
922 559
923 793
923 924
924 904
925 142
925 926
926 125
927 297
927 928
928 44
929 441
929 930
930 589
931 785
931 932
932 964
933 574
933 934
934 173
935 209
935 936
936 565
937 743
937 938
938 714
939 622
939 940
940 244
941 29
941 942
942 531
943 525
943 944
944 40
945 462
945 946
946 573
947 948
947 960
948 196
949 334
949 950
950 256
951 700
951 952
952 42
953 199
953 954
954 942
955 918
955 956
956 632
957 635
957 958
958 1002
959 733
959 960
960 399
961 888
961 962
962 539
963 954
963 964
964 77
965 857
965 966
966 768
967 137
967 968
968 541
969 301
969 970
970 43
971 786
971 972
972 488
973 368
973 974
974 945
975 773
975 976
976 530
977 419
977 978
978 225
979 917
979 980
980 324
981 562
981 982
982 483
983 922
983 984
984 53
985 913
985 986
986 940
987 84
987 988
988 692
989 354
989 990
990 920
991 717
991 992
992 976
993 263
993 994
994 406
995 388
995 996
996 392
997 637
997 998
998 344
999 367
999 1000
1000 9
1001 303
1001 1002
1002 210
1003 687
1003 1004
1004 424
1005 398
1005 1006
1006 1001
1007 865
1007 1008
1008 513
1009 291
1009 1010
1010 16
1011 103
1011 1012
1012 444
1013 187
1013 1014
1014 254
