0 386
0 463
2 4
2 714
3 299
3 447
4 21
4 353
5 455
6 704
9 389
9 932
10 451
10 956
12 745
11 317
13 510
13 608
15 176
15 930
17 112
17 624
19 93
19 715
21 790
21 992
23 24
23 825
24 678
25 26
25 443
26 787
27 28
27 313
28 993
29 30
29 805
30 628
31 32
31 931
32 144
33 34
33 711
34 846
35 36
35 347
36 533
37 38
37 279
38 449
39 40
39 962
40 1
41 42
41 594
42 190
43 44
43 749
44 254
45 46
45 667
46 744
47 48
47 899
48 342
49 50
49 578
50 516
51 52
51 734
52 700
53 54
53 111
54 74
55 6
55 56
56 170
57 58
57 471
58 597
59 60
59 877
60 302
61 62
61 679
62 106
63 64
63 756
64 287
65 66
65 273
66 282
67 68
67 479
68 856
69 70
69 895
70 886
71 47
71 72
72 339
73 74
73 285
74 900
75 76
75 151
76 901
77 78
77 815
78 211
79 80
79 158
80 178
81 59
81 82
82 37
83 84
83 710
84 304
85 86
85 175
86 811
87 88
87 523
88 616
89 90
89 354
90 598
91 92
91 955
92 230
93 94
93 397
94 590
95 96
95 475
96 808
97 98
97 785
98 502
99 100
99 801
100 828
101 102
101 789
102 394
103 104
103 663
104 741
105 102
105 106
106 188
107 108
107 778
108 392
109 110
109 163
110 698
111 112
111 963
112 374
113 114
113 349
114 410
115 116
115 635
116 1014
117 118
117 779
118 31
119 120
119 131
120 13
121 114
121 122
122 361
123 124
123 532
124 375
125 126
125 747
126 296
127 128
127 985
128 757
129 130
129 656
130 150
131 132
131 140
132 340
133 134
133 759
134 327
135 136
135 878
136 831
137 129
137 138
138 120
139 140
139 179
140 721
141 73
141 142
142 881
143 61
143 144
144 683
145 146
145 688
146 517
147 148
147 707
148 319
149 150
149 478
150 760
151 152
151 324
152 260
153 154
153 452
154 769
155 10
155 156
156 620
157 158
157 483
158 887
159 81
159 160
160 312
161 162
161 527
162 153
163 164
163 791
164 640
165 166
165 763
166 50
167 168
167 995
168 11
169 170
169 917
170 126
171 172
171 439
172 352
173 32
173 174
174 611
175 176
175 879
176 837
177 178
177 577
178 922
179 180
179 684
180 417
181 182
181 618
182 933
183 184
183 263
184 66
185 186
185 926
186 291
187 188
187 875
188 358
189 190
189 520
190 783
191 192
191 854
192 514
193 194
193 547
194 365
195 196
195 497
196 632
197 198
197 657
198 840
199 200
199 816
200 923
201 25
201 202
202 987
203 204
203 819
204 344
205 206
205 855
206 138
207 12
207 208
208 88
209 210
209 655
210 411
211 137
211 212
212 244
213 214
213 461
214 307
215 193
215 216
216 622
217 216
217 218
218 559
219 220
219 809
220 172
221 23
221 222
222 687
223 224
223 573
224 5
225 226
225 599
226 155
227 228
227 331
228 466
229 230
229 681
230 716
231 232
231 459
232 841
233 234
233 812
234 728
235 236
235 937
236 975
237 238
237 546
238 996
239 165
239 240
240 268
241 18
241 242
242 166
243 244
243 325
244 28
245 117
245 246
246 366
247 248
247 588
248 948
249 250
249 422
250 30
251 11
251 252
252 914
253 254
253 504
254 537
255 249
255 256
256 65
257 258
257 563
258 278
259 260
259 829
260 444
261 27
261 262
262 522
263 237
263 264
264 58
265 266
265 289
266 323
267 268
267 426
268 943
269 270
269 433
270 859
271 272
271 902
272 346
273 274
273 861
274 480
275 276
275 927
276 454
277 69
277 278
278 644
279 149
279 280
280 1008
281 282
281 633
282 220
283 284
283 998
284 692
285 286
285 406
286 49
287 224
287 288
288 156
289 290
289 565
290 564
291 292
291 467
292 650
293 294
293 1007
294 241
295 296
295 802
296 653
297 298
297 921
298 699
299 300
299 766
300 46
301 302
301 600
302 839
303 304
303 612
304 402
305 306
305 1013
306 908
307 308
307 862
308 434
309 310
309 587
310 894
311 96
311 312
312 288
313 314
313 589
314 918
315 311
315 316
316 836
317 318
317 897
318 538
319 320
319 690
320 280
321 322
321 367
322 492
323 324
323 445
324 980
325 326
325 967
326 257
327 328
327 889
328 152
329 208
329 330
330 646
331 332
331 338
332 428
333 334
333 1011
334 912
335 213
335 336
336 469
337 338
337 418
338 888
339 340
339 390
340 658
341 342
341 359
342 17
343 344
343 997
344 308
345 346
345 936
346 864
347 348
347 401
348 794
349 223
349 350
350 345
351 352
351 989
352 482
353 354
353 966
354 723
355 79
355 356
356 972
357 358
357 421
358 726
359 360
359 372
360 742
361 362
361 638
362 356
363 364
363 958
364 355
365 366
365 476
366 942
367 368
367 511
368 154
369 370
369 838
370 110
371 226
371 372
372 761
373 374
373 494
374 348
375 376
375 465
376 252
377 318
377 378
378 866
379 380
379 472
380 968
381 382
381 601
382 473
383 384
383 509
384 80
385 386
385 593
386 935
387 388
387 408
388 990
389 390
389 872
390 781
391 392
391 521
392 98
393 394
393 708
394 810
395 134
395 396
396 300
397 398
397 780
398 490
399 400
399 540
400 626
401 402
401 602
402 412
403 33
403 404
404 474
405 406
405 603
406 161
407 99
407 408
408 43
409 410
409 965
410 950
411 412
411 753
412 907
413 75
413 414
414 272
415 416
415 777
416 610
417 418
417 705
418 453
419 236
419 420
420 409
421 71
421 422
422 45
423 424
423 651
424 70
425 426
425 643
426 870
427 385
427 428
428 51
429 425
429 430
430 44
431 432
431 1002
432 460
433 434
433 591
434 270
435 436
435 477
436 524
437 438
437 717
438 121
439 335
439 440
440 86
441 419
441 442
442 329
443 9
443 444
444 284
445 446
445 682
446 104
447 448
447 986
448 388
449 34
449 450
450 240
451 429
451 452
452 407
453 63
453 454
454 558
455 456
455 574
456 974
457 171
457 458
458 5
459 460
459 905
460 184
461 462
461 713
462 42
463 464
463 645
464 235
465 217
465 466
466 15
467 468
467 835
468 283
469 470
469 614
470 823
471 472
471 664
472 189
473 135
473 474
474 371
475 309
475 476
476 203
477 478
477 552
478 636
479 480
479 893
480 431
481 482
481 871
482 376
483 484
483 729
484 804
485 486
485 979
486 218
487 488
487 767
488 262
489 490
489 615
490 116
491 332
491 492
492 662
493 177
493 494
494 247
495 383
495 496
496 776
497 2
497 498
498 666
499 456
499 500
500 944
501 357
501 502
502 689
503 504
503 949
504 222
505 506
505 665
506 343
507 508
507 561
508 269
509 510
509 957
510 310
511 336
511 512
512 438
513 514
513 752
514 22
515 495
515 516
516 292
517 182
517 518
518 722
519 520
519 531
520 274
521 430
521 522
522 432
523 524
523 697
524 858
525 526
525 541
526 229
527 528
527 906
528 322
529 530
529 545
530 768
531 281
531 532
532 740
533 89
533 534
534 928
535 67
535 536
536 832
537 420
537 538
538 442
539 132
539 540
540 90
541 542
541 771
542 924
543 297
543 544
544 350
545 142
545 546
546 119
547 548
547 857
548 139
549 535
549 550
550 630
551 552
551 1009
552 333
553 424
553 554
554 672
555 387
555 556
556 384
557 558
557 939
558 911
559 105
559 560
560 6
561 187
561 562
562 233
563 564
563 929
564 691
565 136
565 566
566 448
567 215
567 568
568 212
569 570
569 648
570 709
571 572
571 596
572 814
573 574
573 669
574 671
575 576
575 581
576 677
577 157
577 578
578 264
579 580
579 652
580 206
581 582
581 585
582 109
583 225
583 584
584 498
585 586
585 938
586 82
587 77
587 588
588 680
589 115
589 590
590 557
591 368
591 592
592 271
593 594
593 807
594 242
595 128
595 596
596 160
597 398
597 598
598 654
599 575
599 600
600 97
601 602
601 813
602 1000
603 404
603 604
604 369
605 606
605 833
606 191
607 608
607 977
608 736
609 610
609 999
610 3
611 227
611 612
612 764
613 614
613 817
614 265
615 185
615 616
616 413
617 395
617 618
618 916
619 195
619 620
620 746
621 530
621 622
622 334
623 583
623 624
624 803
625 626
625 971
626 706
627 200
627 628
628 984
629 210
629 630
630 393
631 306
631 632
632 238
633 634
633 885
634 437
635 207
635 636
636 337
637 638
637 909
638 14
639 621
639 640
640 246
641 642
641 649
642 174
643 644
643 941
644 462
645 567
645 646
646 198
647 648
647 851
648 133
649 634
649 650
650 988
651 569
651 652
652 266
653 654
653 798
654 934
655 199
655 656
656 167
657 658
657 982
658 913
659 519
659 660
660 436
661 662
661 762
662 849
663 664
663 695
664 793
665 605
665 666
666 76
667 147
667 668
668 164
669 57
669 670
670 951
671 672
671 735
672 860
673 674
673 1010
674 844
675 396
675 676
676 543
677 440
677 678
678 920
679 595
679 680
680 572
681 232
681 682
682 946
683 506
683 684
684 267
685 586
685 686
686 52
687 100
687 688
688 400
689 690
689 696
690 286
691 251
691 692
692 830
693 694
693 843
694 468
695 255
695 696
696 380
697 162
697 698
698 192
699 571
699 700
700 528
701 702
701 1003
702 579
703 704
703 1006
704 660
705 130
705 706
706 40
707 78
707 708
708 730
709 710
709 903
710 141
711 712
711 719
712 544
713 243
713 714
714 582
715 295
715 716
716 488
717 550
717 718
718 884
719 415
719 720
720 485
721 637
721 722
722 320
723 584
723 724
724 92
725 64
725 726
726 952
727 728
727 961
728 399
729 261
729 730
730 183
731 732
731 959
732 24
733 734
733 824
734 562
735 736
735 743
736 512
737 685
737 738
738 580
739 508
739 740
740 874
741 576
741 742
742 639
743 744
743 973
744 446
745 101
745 746
746 733
747 118
747 748
748 41
749 702
749 750
750 642
751 441
751 752
752 799
753 754
753 869
754 904
755 427
755 756
756 496
757 623
757 758
758 554
759 231
759 760
760 725
761 259
761 762
762 1012
763 764
763 915
764 62
765 169
765 766
766 676
767 675
767 768
768 694
769 770
769 863
770 627
771 772
771 795
772 629
773 515
773 774
774 186
775 103
775 776
776 316
777 256
777 778
778 405
779 381
779 780
780 487
781 609
781 782
782 298
783 625
783 784
784 7
785 87
785 786
786 842
787 321
787 788
788 712
789 301
789 790
790 377
791 568
791 792
792 668
793 607
793 794
794 876
795 773
795 796
796 731
797 35
797 798
798 910
799 382
799 800
800 978
801 802
801 818
802 94
803 804
803 919
804 954
805 806
805 991
806 784
807 457
807 808
808 123
809 703
809 810
810 883
811 812
811 865
812 770
813 814
813 981
814 786
815 221
815 816
816 107
817 818
817 852
818 617
819 127
819 820
820 748
821 822
821 925
822 880
823 258
823 824
824 890
825 403
825 826
826 754
827 180
827 828
828 797
829 555
829 830
830 892
831 493
831 832
832 507
833 209
833 834
834 364
835 26
835 836
836 738
837 146
837 838
838 560
839 458
839 840
840 360
841 290
841 842
842 727
843 245
843 844
844 964
845 613
845 846
846 873
847 205
847 848
848 8
849 820
849 850
850 718
851 481
851 852
852 983
853 113
853 854
854 362
855 503
855 856
856 370
857 755
857 858
858 724
859 641
859 860
860 124
861 513
861 862
862 253
863 48
863 864
864 850
865 758
865 866
866 414
867 868
867 970
868 499
869 12
869 870
870 341
871 277
871 872
872 570
873 874
873 1005
874 363
875 876
875 953
876 994
877 489
877 878
878 91
879 775
879 880
880 326
881 526
881 882
882 234
883 470
883 884
884 68
885 219
885 886
886 450
887 314
887 888
888 867
889 619
889 890
890 305
891 55
891 892
892 122
893 168
893 894
894 54
895 423
895 896
896 38
897 772
897 898
898 732
899 159
899 900
900 145
901 108
901 902
902 566
903 239
903 904
904 673
905 821
905 906
906 529
907 36
907 908
908 940
909 553
909 910
910 806
911 315
911 912
912 20
913 868
913 914
914 788
915 551
915 916
916 148
917 214
917 918
918 750
919 827
919 920
920 196
921 800
921 922
922 248
923 379
923 924
924 792
925 751
925 926
926 464
927 928
927 945
928 826
929 737
929 930
930 534
931 932
931 969
932 1004
933 56
933 934
934 500
935 693
935 936
936 181
937 95
937 938
938 29
939 659
939 940
940 539
941 173
941 942
942 891
943 796
943 944
944 674
945 351
945 946
946 536
947 834
947 948
948 250
949 505
949 950
950 328
951 765
951 952
952 491
953 670
953 954
954 661
955 201
955 956
956 549
957 647
957 958
958 782
959 720
959 960
960 556
961 592
961 962
962 197
963 330
963 964
964 848
965 276
965 966
966 606
967 501
967 968
968 228
969 701
969 970
970 303
971 542
971 972
972 604
973 974
973 976
974 53
975 125
975 976
976 293
977 896
977 978
978 486
979 391
979 980
980 686
981 525
981 982
982 631
983 822
983 984
984 882
985 853
985 986
986 60
987 194
987 988
988 378
989 774
989 990
990 39
991 847
991 992
992 739
993 548
993 994
994 484
995 72
995 996
996 16
997 83
997 998
998 518
999 845
999 1000
1000 435
1001 204
1001 1002
1002 84
1003 85
1003 1004
1004 143
1005 275
1005 1006
1006 416
1007 1001
1007 1008
1008 898
1009 202
1009 1010
1010 373
1011 19
1011 1012
1012 294
1013 947
1013 1014
1014 960
