0 615
0 717
1 556
1 801
3 83
3 116
4 659
4 821
5 820
6 262
7 208
7 544
9 620
8 150
8 954
10 998
13 445
13 450
15 264
15 989
17 672
17 788
19 304
19 936
21 95
21 333
23 24
23 224
24 750
25 26
25 133
26 185
27 28
27 951
28 444
29 30
29 682
30 290
31 32
31 285
32 912
33 34
33 473
34 126
35 4
35 36
36 711
37 38
37 144
38 669
39 40
39 245
40 833
41 42
41 602
42 8
43 44
43 393
44 680
45 46
45 955
46 352
47 48
47 786
48 18
49 50
49 367
50 557
51 52
51 85
52 399
53 54
53 146
54 946
55 56
55 661
56 339
57 58
57 261
58 600
59 60
59 301
60 708
61 62
61 748
62 870
63 64
63 363
64 726
65 66
65 317
66 377
67 68
67 745
68 880
69 70
69 433
70 199
71 63
71 72
72 944
73 74
73 381
74 562
75 76
75 812
76 920
77 78
77 638
78 430
79 80
79 131
80 938
81 82
81 847
82 649
83 84
83 689
84 180
85 86
85 753
86 690
87 69
87 88
88 772
89 90
89 178
90 783
91 92
91 565
92 635
93 94
93 777
94 104
95 96
95 380
96 662
97 98
97 495
98 310
99 100
99 584
100 389
101 102
101 566
102 194
103 104
103 905
104 674
105 106
105 910
106 988
107 108
107 506
108 838
109 110
109 977
110 351
111 112
111 608
112 471
113 114
113 464
114 720
115 116
115 343
116 82
117 118
117 467
118 294
119 120
119 513
120 790
121 122
121 829
122 665
123 124
123 577
124 110
125 126
125 537
126 1014
127 128
127 969
128 651
129 130
129 831
130 877
131 132
131 329
132 979
133 134
133 1011
134 182
135 136
135 677
136 782
137 138
137 145
138 168
139 140
139 813
140 765
141 142
141 384
142 554
143 144
143 169
144 181
145 146
145 597
146 533
147 148
147 231
148 853
149 150
149 322
150 280
151 152
151 803
152 140
153 154
153 454
154 532
155 156
155 441
156 404
157 158
157 605
158 254
159 160
159 360
160 599
161 162
161 167
162 836
163 164
163 376
164 312
165 166
165 243
166 1008
167 168
167 857
168 675
169 170
169 293
170 289
171 172
171 209
172 987
173 174
173 252
174 686
175 128
175 176
176 187
177 38
177 178
178 579
179 143
179 180
180 411
181 182
181 222
182 612
183 36
183 184
184 869
185 186
185 478
186 1010
187 188
187 908
188 12
189 15
189 190
190 603
191 192
191 369
192 660
193 27
193 194
194 324
195 196
195 472
196 508
197 198
197 434
198 28
199 200
199 703
200 203
201 25
201 202
202 71
203 204
203 410
204 832
205 206
205 639
206 446
207 208
207 743
208 499
209 210
209 595
210 7
211 200
211 212
212 114
213 214
213 249
214 1012
215 216
215 897
216 325
217 218
217 469
218 368
219 220
219 676
220 728
221 68
221 222
222 634
223 224
223 414
224 903
225 165
225 226
226 626
227 154
227 228
228 512
229 230
229 667
230 308
231 232
231 319
232 531
233 234
233 766
234 220
235 236
235 747
236 656
237 238
237 885
238 738
239 240
239 723
240 338
241 195
241 242
242 361
243 235
243 244
244 611
245 246
245 273
246 217
247 248
247 928
248 591
249 250
249 460
250 440
251 252
251 794
252 523
253 254
253 817
254 46
255 256
255 986
256 226
257 258
257 526
258 860
259 260
259 613
260 97
261 41
261 262
262 475
263 264
263 359
264 336
265 266
265 401
266 219
267 268
267 856
268 581
269 177
269 270
270 1005
271 272
271 909
272 640
273 274
273 921
274 735
275 189
275 276
276 878
277 5
277 278
278 106
279 280
279 1003
280 443
281 39
281 282
282 541
283 284
283 1001
284 527
285 286
285 947
286 164
287 137
287 288
288 190
289 290
289 466
290 756
291 292
291 915
292 13
293 294
293 567
294 288
295 296
295 825
296 60
297 298
297 963
298 53
299 300
299 698
300 824
301 99
301 302
302 740
303 163
303 304
304 241
305 306
305 607
306 580
307 308
307 347
308 484
309 310
309 876
310 56
311 268
311 312
312 573
313 314
313 356
314 488
315 316
315 483
316 884
317 318
317 799
318 102
319 230
319 320
320 900
321 183
321 322
322 683
323 324
323 961
324 996
325 326
325 904
326 75
327 328
327 819
328 784
329 330
329 760
330 914
331 297
331 332
332 265
333 334
333 800
334 112
335 336
335 827
336 330
337 269
337 338
338 166
339 340
339 702
340 892
341 342
341 959
342 10
343 344
343 901
344 98
345 291
345 346
346 570
347 87
347 348
348 402
349 350
349 761
350 504
351 37
351 352
352 854
353 354
353 644
354 950
355 356
355 447
356 778
357 358
357 923
358 90
359 341
359 360
360 489
361 362
361 688
362 470
363 364
363 625
364 418
365 271
365 366
366 307
367 368
367 545
368 934
369 370
369 1009
370 624
371 372
371 706
372 362
373 374
373 713
374 742
375 376
375 501
376 251
377 284
377 378
378 494
379 380
379 974
380 811
381 382
381 590
382 571
383 384
383 855
384 315
385 30
385 386
386 480
387 388
387 621
388 1004
389 390
389 749
390 482
391 392
391 849
392 751
393 120
393 394
394 256
395 139
395 396
396 76
397 398
397 547
398 806
399 400
399 637
400 398
401 402
401 924
402 864
403 274
403 404
404 710
405 406
405 808
406 6
407 119
407 408
408 370
409 410
409 643
410 453
411 412
411 415
412 737
413 414
413 759
414 983
415 416
415 843
416 320
417 207
417 418
418 266
419 210
419 420
420 204
421 422
421 561
422 292
423 424
423 510
424 990
425 426
425 582
426 844
427 428
427 666
428 744
429 430
429 804
430 424
431 432
431 572
432 1002
433 434
433 687
434 111
435 436
435 779
436 16
437 438
437 767
438 948
439 440
439 681
440 542
441 442
441 859
442 458
443 444
443 456
444 932
445 446
445 629
446 798
447 448
447 500
448 313
449 450
449 865
450 976
451 452
451 795
452 277
453 454
453 917
454 134
455 456
455 487
456 536
457 295
457 458
458 232
459 84
459 460
460 941
461 462
461 985
462 858
463 118
463 464
464 5
465 21
465 466
466 719
467 353
467 468
468 822
469 62
469 470
470 588
471 22
471 472
472 919
473 331
473 474
474 282
475 476
475 736
476 438
477 422
477 478
478 816
479 201
479 480
480 234
481 257
481 482
482 898
483 162
483 484
484 416
485 176
485 486
486 72
487 488
487 993
488 372
489 490
489 535
490 223
491 492
491 770
492 982
493 417
493 494
494 896
495 496
495 895
496 215
497 498
497 773
498 574
499 500
499 709
500 77
501 260
501 502
502 156
503 504
503 594
504 278
505 80
505 506
506 632
507 508
507 851
508 136
509 490
509 510
510 152
511 512
511 524
512 350
513 514
513 991
514 530
515 141
515 516
516 326
517 17
517 518
518 592
519 520
519 868
520 926
521 205
521 522
522 762
523 524
523 700
524 906
525 526
525 823
526 455
527 175
527 528
528 32
529 530
529 893
530 610
531 532
531 995
532 158
533 129
533 534
534 465
535 536
535 835
536 840
537 538
537 758
538 848
539 540
539 930
540 474
541 240
541 542
542 346
543 382
543 544
544 646
545 461
545 546
546 78
547 548
547 907
548 426
549 507
549 550
550 971
551 552
551 586
552 212
553 554
553 630
554 486
555 237
555 556
556 387
557 408
557 558
558 432
559 421
559 560
560 242
561 562
561 701
562 722
563 564
563 935
564 435
565 197
565 566
566 311
567 479
567 568
568 348
569 318
569 570
570 834
571 47
571 572
572 627
573 558
573 574
574 371
575 135
575 576
576 958
577 35
577 578
578 746
579 267
579 580
580 894
581 582
581 943
582 94
583 584
583 729
584 105
585 100
585 586
586 54
587 70
587 588
588 654
589 123
589 590
590 49
591 492
591 592
592 296
593 594
593 973
594 945
595 33
595 596
596 160
597 449
597 598
598 388
599 248
599 600
600 704
601 555
601 602
602 725
603 198
603 604
604 1000
605 55
605 606
606 992
607 608
607 866
608 631
609 610
609 845
610 511
611 612
611 881
612 871
613 614
613 861
614 342
615 616
615 664
616 647
617 52
617 618
618 107
619 437
619 620
620 270
621 622
621 671
622 20
623 103
623 624
624 354
625 626
625 807
626 192
627 93
627 628
628 902
629 630
629 956
630 518
631 632
631 668
632 724
633 51
633 634
634 409
635 559
635 636
636 781
637 477
637 638
638 206
639 640
639 685
640 922
641 642
641 949
642 673
643 57
643 644
644 193
645 26
645 646
646 428
647 648
647 873
648 540
649 132
649 650
650 953
651 279
651 652
652 918
653 654
653 733
654 142
655 429
655 656
656 255
657 365
657 658
658 937
659 616
659 660
660 2
661 40
661 662
662 960
663 287
663 664
664 45
665 101
665 666
666 211
667 157
667 668
668 525
669 390
669 670
670 392
671 124
671 672
672 394
673 674
673 886
674 174
675 43
675 676
676 809
677 327
677 678
678 396
679 153
679 680
680 837
681 650
681 682
682 925
683 481
683 684
684 712
685 686
685 715
686 818
687 323
687 688
688 679
689 457
689 690
690 619
691 66
691 692
692 300
693 335
693 694
694 170
695 696
695 842
696 768
697 286
697 698
698 425
699 383
699 700
700 225
701 693
701 702
702 970
703 151
703 704
704 517
705 706
705 757
706 568
707 708
707 890
708 314
709 337
709 710
710 618
711 712
711 913
712 564
713 714
713 771
714 88
715 275
715 716
716 614
717 718
717 933
718 355
719 11
719 720
720 888
721 496
721 722
722 774
723 642
723 724
724 113
725 451
725 726
726 678
727 728
727 899
728 522
729 202
729 730
730 108
731 238
731 732
732 463
733 585
733 734
734 221
735 423
735 736
736 882
737 691
737 738
738 716
739 412
739 740
740 188
741 186
741 742
742 648
743 65
743 744
744 42
745 263
745 746
746 476
747 696
747 748
748 975
749 332
749 750
750 875
751 117
751 752
752 334
753 754
753 927
754 420
755 395
755 756
756 731
757 115
757 758
758 373
759 601
759 760
760 793
761 321
761 762
762 622
763 764
763 862
764 978
765 184
765 766
766 697
767 253
767 768
768 964
769 589
769 770
770 543
771 349
771 772
772 972
773 617
773 774
774 309
775 569
775 776
776 984
777 714
777 778
778 852
779 780
779 968
780 754
781 521
781 782
782 1013
783 784
783 962
784 775
785 786
785 967
786 122
787 121
787 788
788 730
789 385
789 790
790 405
791 67
791 792
792 81
793 459
793 794
794 549
795 378
795 796
796 552
797 755
797 798
798 299
799 391
799 800
800 830
801 191
801 802
802 583
803 804
803 939
804 636
805 448
805 806
806 498
807 739
807 808
808 692
809 374
809 810
810 48
811 652
811 812
812 805
813 791
813 814
814 59
815 792
815 816
816 505
817 366
817 818
818 250
819 797
819 820
820 538
821 785
821 822
822 520
823 824
823 879
824 598
825 699
825 826
826 528
827 653
827 828
828 940
829 721
829 830
830 491
831 769
831 832
832 436
833 375
833 834
834 216
835 563
835 836
836 802
837 796
837 838
838 606
839 303
839 840
840 789
841 413
841 842
842 658
843 623
843 844
844 214
845 846
845 999
846 196
847 1
847 848
848 718
849 159
849 850
850 965
851 609
851 852
852 628
853 854
853 1006
854 34
855 305
855 856
856 763
857 29
857 858
858 867
859 695
859 860
860 10
861 155
861 862
862 883
863 3
863 864
864 546
865 863
865 866
866 575
867 868
867 929
868 931
869 515
869 870
870 442
871 514
871 872
872 227
873 79
873 874
874 6
875 96
875 876
876 846
877 109
877 878
878 497
879 213
879 880
880 328
881 882
881 952
882 551
883 345
883 884
884 258
885 886
885 997
886 236
887 694
887 888
888 400
889 407
889 890
890 502
891 892
891 916
892 560
893 172
893 894
894 684
895 787
895 896
896 550
897 839
897 898
898 485
899 663
899 900
900 911
901 587
901 902
902 780
903 419
903 904
904 596
905 357
905 906
906 578
907 171
907 908
908 534
909 910
909 981
910 92
911 468
911 912
912 406
913 509
913 914
914 548
915 655
915 916
916 828
917 344
917 918
918 752
919 576
919 920
920 826
921 493
921 922
922 529
923 593
923 924
924 462
925 9
925 926
926 228
927 727
927 928
928 246
929 130
929 930
930 994
931 173
931 932
932 604
933 397
933 934
934 741
935 657
935 936
936 957
937 298
937 938
938 247
939 379
939 940
940 431
941 358
941 942
942 539
943 239
943 944
944 302
945 316
945 946
946 340
947 641
947 948
948 966
949 149
949 950
950 427
951 61
951 952
952 138
953 386
953 954
954 9
955 229
955 956
956 244
957 50
957 958
958 439
959 281
959 960
960 645
961 73
961 962
962 31
963 889
963 964
964 980
965 233
965 966
966 872
967 127
967 968
968 148
969 89
969 970
970 732
971 519
971 972
972 1007
973 86
973 974
974 815
975 503
975 976
976 218
977 734
977 978
978 147
979 125
979 980
980 942
981 841
981 982
982 64
983 91
983 984
984 810
985 19
985 986
986 891
987 452
987 988
988 14
989 24
989 990
990 58
991 283
991 992
992 776
993 403
993 994
994 23
995 516
995 996
996 306
997 259
997 998
998 276
999 179
999 1000
1000 364
1001 633
1001 1002
1002 707
1003 814
1003 1004
1004 553
1005 887
1005 1006
1006 850
1007 670
1007 1008
1008 272
1009 161
1009 1010
1010 74
1011 705
1011 1012
1012 874
1013 764
1013 1014
1014 44
