0 531
0 977
1 787
1 883
3 27
3 779
4 103
4 272
5 170
6 964
7 10
7 1011
9 698
8 91
8 676
10 608
13 122
13 457
15 540
15 981
17 59
17 206
19 278
19 317
21 395
21 409
23 24
23 198
24 677
25 26
25 197
26 869
27 28
27 671
28 414
29 30
29 861
30 443
31 32
31 563
32 928
33 34
33 36
34 402
35 36
35 434
36 948
37 38
37 44
38 795
39 40
39 793
40 226
41 42
41 978
42 931
43 44
43 967
44 377
45 46
45 794
46 560
47 48
47 914
48 440
49 50
49 369
50 544
51 52
51 706
52 4
53 54
53 925
54 587
55 56
55 130
56 972
57 58
57 756
58 886
59 60
59 66
60 90
61 62
61 619
62 224
63 64
63 359
64 848
65 66
65 365
66 347
67 68
67 969
68 88
69 70
69 879
70 835
71 72
71 633
72 50
73 74
73 306
74 820
75 76
75 211
76 268
77 78
77 605
78 992
79 80
79 252
80 774
81 82
81 346
82 290
83 84
83 997
84 797
85 86
85 191
86 738
87 88
87 229
88 76
89 90
89 566
90 824
91 92
91 247
92 590
93 94
93 301
94 468
95 96
95 831
96 519
97 98
97 889
98 408
99 100
99 741
100 1004
101 102
101 726
102 274
103 104
103 184
104 809
105 106
105 255
106 25
107 108
107 390
108 200
109 110
109 335
110 175
111 112
111 372
112 424
113 110
113 114
114 78
115 116
115 479
116 214
117 118
117 591
118 766
119 67
119 120
120 884
121 122
121 1013
122 506
123 124
123 581
124 33
125 126
125 829
126 37
127 128
127 143
128 593
129 130
129 447
130 466
131 132
131 920
132 612
133 134
133 707
134 775
135 136
135 387
136 607
137 138
137 994
138 950
139 140
139 864
140 266
141 142
141 165
142 397
143 144
143 327
144 971
145 146
145 251
146 382
147 28
147 148
148 405
149 150
149 712
150 221
151 152
151 338
152 995
153 154
153 476
154 318
155 156
155 363
156 862
157 158
157 989
158 108
159 160
159 426
160 316
161 162
161 331
162 570
163 164
163 715
164 542
165 166
165 937
166 915
167 168
167 865
168 812
169 170
169 298
170 1010
171 22
171 172
172 567
173 174
173 503
174 17
175 176
175 628
176 20
177 178
177 965
178 114
179 180
179 353
180 220
181 182
181 475
182 858
183 184
183 602
184 980
185 186
185 398
186 823
187 188
187 626
188 695
189 190
189 746
190 562
191 192
191 1003
192 694
193 61
193 194
194 178
195 53
195 196
196 604
197 198
197 839
198 98
199 71
199 200
200 786
201 202
201 852
202 601
203 204
203 410
204 264
205 206
205 299
206 507
207 118
207 208
208 720
209 210
209 999
210 452
211 212
211 515
212 714
213 95
213 214
214 525
215 216
215 955
216 376
217 218
217 877
218 1006
219 220
219 573
220 34
221 222
221 380
222 514
223 224
223 339
224 731
225 226
225 973
226 64
227 228
227 244
228 592
229 230
229 337
230 7
231 232
231 307
232 284
233 234
233 754
234 26
235 176
235 236
236 936
237 183
237 238
238 898
239 41
239 240
240 302
241 242
241 792
242 334
243 244
243 747
244 351
245 246
245 249
246 344
247 248
247 777
248 946
249 97
249 250
250 482
251 252
251 436
252 665
253 254
253 439
254 430
255 21
255 256
256 968
257 239
257 258
258 580
259 260
259 752
260 908
261 262
261 673
262 674
263 264
263 603
264 644
265 266
265 739
266 588
267 268
267 697
268 423
269 270
269 770
270 442
271 272
271 483
272 534
273 126
273 274
274 846
275 121
275 276
276 89
277 278
277 585
278 389
279 223
279 280
280 537
281 282
281 811
282 838
283 284
283 815
284 392
285 286
285 292
286 374
287 288
287 748
288 450
289 290
289 708
290 860
291 292
291 586
292 958
293 1
293 294
294 79
295 296
295 596
296 137
297 298
297 947
298 158
299 300
299 667
300 242
301 302
301 905
302 492
303 304
303 555
304 438
305 115
305 306
306 918
307 308
307 799
308 404
309 310
309 556
310 800
311 312
311 352
312 520
313 314
313 975
314 138
315 316
315 508
316 358
317 318
317 549
318 42
319 320
319 383
320 96
321 322
321 933
322 152
323 303
323 324
324 250
325 134
325 326
326 56
327 328
327 893
328 613
329 330
329 807
330 258
331 332
331 763
332 319
333 334
333 448
334 322
335 336
335 465
336 472
337 338
337 574
338 719
339 340
339 646
340 107
341 342
341 717
342 86
343 344
343 880
344 425
345 346
345 361
346 485
347 348
347 749
348 1009
349 350
349 759
350 451
351 352
351 736
352 536
353 354
353 945
354 171
355 356
355 875
356 246
357 325
357 358
358 455
359 161
359 360
360 535
361 142
361 362
362 524
363 364
363 843
364 867
365 188
365 366
366 300
367 119
367 368
368 192
369 370
369 499
370 722
371 372
371 896
372 470
373 201
373 374
374 454
375 3
375 376
376 6
377 213
377 378
378 552
379 49
379 380
380 984
381 382
381 909
382 986
383 384
383 904
384 18
385 217
385 386
386 428
387 253
387 388
388 433
389 390
389 903
390 976
391 392
391 675
392 957
393 19
393 394
394 821
395 65
395 396
396 564
397 398
397 825
398 932
399 400
399 1012
400 718
401 248
401 402
402 760
403 163
403 404
404 985
405 406
405 606
406 287
407 408
407 871
408 709
409 393
409 410
410 12
411 412
411 913
412 462
413 261
413 414
414 814
415 275
415 416
416 716
417 418
417 899
418 124
419 420
419 788
420 533
421 422
421 805
422 690
423 424
423 641
424 688
425 426
425 689
426 412
427 102
427 428
428 970
429 430
429 658
430 834
431 345
431 432
432 324
433 434
433 840
434 62
435 431
435 436
436 703
437 438
437 511
438 154
439 440
439 979
440 600
441 189
441 442
442 632
443 123
443 444
444 687
445 446
445 988
446 31
447 448
447 623
448 662
449 450
449 818
450 72
451 180
451 452
452 882
453 454
453 481
454 956
455 456
455 494
456 642
457 458
457 764
458 934
459 460
459 547
460 785
461 421
461 462
462 384
463 406
463 464
464 700
465 460
465 466
466 727
467 468
467 836
468 326
469 209
469 470
470 52
471 83
471 472
472 228
473 199
473 474
474 733
475 476
475 917
476 293
477 478
477 833
478 902
479 480
479 530
480 942
481 482
481 517
482 991
483 117
483 484
484 710
485 486
485 996
486 348
487 84
487 488
488 328
489 490
489 725
490 845
491 355
491 492
492 772
493 396
493 494
494 182
495 47
495 496
496 333
497 498
497 868
498 11
499 459
499 500
500 998
501 502
501 773
502 522
503 243
503 504
504 558
505 156
505 506
506 686
507 234
507 508
508 783
509 463
509 510
510 546
511 512
511 813
512 629
513 128
513 514
514 782
515 55
515 516
516 912
517 367
517 518
518 289
519 276
519 520
520 458
521 81
521 522
522 656
523 461
523 524
524 750
525 526
525 789
526 582
527 528
527 982
528 222
529 69
529 530
530 631
531 215
531 532
532 572
533 534
533 895
534 238
535 536
535 911
536 615
537 538
537 791
538 636
539 540
539 856
540 225
541 155
541 542
542 575
543 544
543 801
544 780
545 48
545 546
546 58
547 85
547 548
548 927
549 550
549 577
550 57
551 232
551 552
552 728
553 415
553 554
554 501
555 541
555 556
556 449
557 558
557 648
558 162
559 560
559 919
560 734
561 562
561 691
562 762
563 282
563 564
564 140
565 566
565 723
566 151
567 280
567 568
568 798
569 545
569 570
570 310
571 572
571 635
572 990
573 87
573 574
574 24
575 295
575 576
576 35
577 391
577 578
578 743
579 194
579 580
580 74
581 582
581 876
582 202
583 373
583 584
584 174
585 379
585 586
586 966
587 364
587 588
588 516
589 590
589 939
590 638
591 469
591 592
592 386
593 418
593 594
594 370
595 453
595 596
596 235
597 185
597 598
598 132
599 400
599 600
600 5
601 309
601 602
602 146
603 604
603 778
604 9
605 136
605 606
606 187
607 529
607 608
608 808
609 553
609 610
610 1007
611 612
611 670
612 532
613 411
613 614
614 952
615 496
615 616
616 639
617 93
617 618
618 350
619 620
619 1005
620 2
621 622
621 678
622 826
623 281
623 624
624 330
625 626
625 711
626 583
627 245
627 628
628 296
629 630
629 781
630 620
631 149
631 632
632 493
633 634
633 854
634 30
635 576
635 636
636 104
637 638
637 659
638 878
639 640
639 887
640 594
641 642
641 941
642 630
643 113
643 644
644 208
645 471
645 646
646 407
647 648
647 765
648 892
649 650
649 857
650 6
651 77
651 652
652 5
653 283
653 654
654 263
655 432
655 656
656 744
657 435
657 658
658 885
659 660
659 817
660 177
661 662
661 847
662 874
663 417
663 664
664 888
665 262
665 666
666 844
667 381
667 668
668 160
669 654
669 670
670 666
671 651
671 672
672 169
673 653
673 674
674 822
675 437
675 676
676 75
677 678
677 761
678 360
679 486
679 680
680 210
681 637
681 682
682 166
683 684
683 819
684 538
685 686
685 693
686 866
687 368
687 688
688 456
689 416
689 690
690 94
691 692
691 951
692 850
693 694
693 897
694 315
695 696
695 926
696 291
697 147
697 698
698 168
699 73
699 700
700 120
701 116
701 702
702 597
703 219
703 704
704 923
705 186
705 706
706 679
707 99
707 708
708 652
709 672
709 710
710 60
711 712
711 1001
712 271
713 487
713 714
714 203
715 491
715 716
716 611
717 371
717 718
718 340
719 357
719 720
720 218
721 23
721 722
722 557
723 657
723 724
724 500
725 726
725 737
726 257
727 661
727 728
728 332
729 730
729 816
730 14
731 444
731 732
732 906
733 664
733 734
734 730
735 645
735 736
736 758
737 735
737 738
738 441
739 740
739 745
740 828
741 141
741 742
742 240
743 512
743 744
744 256
745 399
745 746
746 10
747 195
747 748
748 429
749 729
749 750
750 131
751 489
751 752
752 267
753 643
753 754
754 473
755 756
755 901
756 484
757 649
757 758
758 559
759 760
759 954
760 680
761 625
761 762
762 80
763 193
763 764
764 894
765 616
765 766
766 518
767 38
767 768
768 784
769 770
769 935
770 771
771 8
771 772
772 669
773 227
773 774
774 112
775 776
775 922
776 111
777 778
777 890
778 106
779 109
779 780
780 362
781 488
781 782
782 270
783 505
783 784
784 190
785 551
785 786
786 1002
787 788
787 853
788 963
789 685
789 790
790 288
791 509
791 792
792 378
793 205
793 794
794 721
795 269
795 796
796 900
797 277
797 798
798 241
799 627
799 800
800 842
801 609
801 802
802 172
803 311
803 804
804 286
805 305
805 806
806 832
807 808
807 855
808 366
809 504
809 810
810 478
811 543
811 812
812 490
813 495
813 814
814 92
815 816
815 949
816 961
817 561
817 818
818 157
819 622
819 820
820 732
821 375
821 822
822 683
823 139
823 824
824 446
825 145
825 826
826 983
827 313
827 828
828 212
829 589
829 830
830 133
831 148
831 832
832 1014
833 696
833 834
834 464
835 802
835 836
836 498
837 838
837 851
838 474
839 584
839 840
840 9
841 101
841 842
842 497
843 681
843 844
844 705
845 385
845 846
846 702
847 755
847 848
848 196
849 403
849 850
850 684
851 413
851 852
852 349
853 854
853 881
854 297
855 837
855 856
856 394
857 539
857 858
858 312
859 279
859 860
860 724
861 167
861 862
862 929
863 595
863 864
864 550
865 767
865 866
866 873
867 236
867 868
868 768
869 870
869 959
870 159
871 127
871 872
872 216
873 341
873 874
874 907
875 876
875 993
876 579
877 568
877 878
878 974
879 45
879 880
880 164
881 565
881 882
882 422
883 827
883 884
884 521
885 526
885 886
886 260
887 237
887 888
888 207
889 29
889 890
890 938
891 320
891 892
892 16
893 894
893 953
894 467
895 610
895 896
896 803
897 634
897 898
898 513
899 548
899 900
900 150
901 663
901 902
902 1008
903 830
903 904
904 285
905 129
905 906
906 336
907 908
907 910
908 54
909 769
909 910
910 427
911 912
911 924
912 204
913 15
913 914
914 655
915 153
915 916
916 445
917 617
917 918
918 704
919 420
919 920
920 921
921 388
921 922
922 13
923 863
923 924
924 144
925 63
925 926
926 308
927 40
927 928
928 806
929 32
929 930
930 692
931 527
931 932
932 68
933 578
933 934
934 480
935 329
935 936
936 624
937 757
937 938
938 940
939 751
939 940
940 699
941 254
941 942
942 618
943 70
943 944
944 621
945 682
945 946
946 502
947 259
947 948
948 962
949 323
949 950
950 304
951 859
951 952
952 987
953 713
953 954
954 660
955 135
955 956
956 401
957 419
957 958
958 891
959 571
959 960
960 510
961 943
961 962
962 650
963 100
963 964
964 960
965 477
965 966
966 810
967 849
967 968
968 599
969 753
969 970
970 528
971 354
971 972
972 930
973 173
973 974
974 342
975 523
975 976
976 796
977 105
977 978
978 230
979 125
979 980
980 356
981 43
981 982
982 742
983 776
983 984
984 51
985 944
985 986
986 294
987 916
987 988
988 46
989 790
989 990
990 82
991 343
991 992
992 265
993 701
993 994
994 554
995 996
995 1000
996 804
997 39
997 998
998 668
999 321
999 1000
1000 740
1001 841
1001 1002
1002 647
1003 181
1003 1004
1004 569
1005 273
1005 1006
1006 598
1007 233
1007 1008
1008 640
1009 614
1009 1010
1010 872
1011 231
1011 1012
1012 314
1013 179
1013 1014
1014 870
