0 901
0 935
1 227
1 561
3 364
3 963
4 97
4 640
6 338
5 133
7 233
7 981
8 75
8 757
9 38
10 548
13 391
13 557
15 24
15 505
17 156
17 919
19 805
19 814
21 523
21 555
23 24
23 546
24 828
25 26
25 533
26 56
27 28
27 324
28 816
29 30
29 694
30 280
31 32
31 237
32 829
33 34
33 252
34 993
35 36
35 865
36 748
37 38
37 580
38 282
39 40
39 1005
40 347
41 42
41 339
42 266
43 44
43 746
44 504
45 46
45 272
46 70
47 48
47 180
48 157
49 11
49 50
50 360
51 52
51 873
52 1008
53 54
53 388
54 832
55 56
55 767
56 277
57 58
57 435
58 5
59 60
59 593
60 898
61 62
61 761
62 804
63 64
63 285
64 380
65 66
65 195
66 666
67 68
67 850
68 740
69 70
69 966
70 78
71 72
71 589
72 356
73 74
73 796
74 574
75 76
75 733
76 109
77 78
77 147
78 304
79 80
79 467
80 637
81 82
81 651
82 496
83 84
83 322
84 1010
85 86
85 858
86 573
87 88
87 520
88 810
89 90
89 545
90 795
91 92
91 763
92 139
93 94
93 681
94 189
95 96
95 717
96 408
97 98
97 995
98 108
99 100
99 906
100 922
101 102
101 532
102 762
103 104
103 513
104 418
105 106
105 137
106 263
107 108
107 623
108 660
109 110
109 163
110 807
111 112
111 117
112 288
113 114
113 142
114 83
115 116
115 607
116 641
117 118
117 178
118 204
119 120
119 657
120 148
121 122
121 998
122 879
123 124
123 691
124 361
125 126
125 997
126 777
127 128
127 291
128 800
129 130
129 656
130 50
131 132
131 169
132 872
133 134
133 718
134 457
135 136
135 801
136 470
137 55
137 138
138 425
139 140
139 908
140 984
141 142
141 667
142 377
143 144
143 231
144 923
145 146
145 393
146 376
147 148
147 1003
148 312
149 150
149 436
150 439
151 152
151 636
152 58
153 154
153 269
154 400
155 156
155 517
156 875
157 158
157 1002
158 847
159 160
159 558
160 734
161 104
161 162
162 73
163 141
163 164
164 677
165 166
165 461
166 837
167 168
167 197
168 434
169 170
169 699
170 940
171 172
171 933
172 633
173 174
173 442
174 453
175 176
175 839
176 451
177 178
177 853
178 114
179 180
179 308
180 538
181 140
181 182
182 6
183 184
183 417
184 722
185 179
185 186
186 707
187 188
187 279
188 620
189 190
189 335
190 132
191 80
191 192
192 430
193 105
193 194
194 711
195 31
195 196
196 756
197 149
197 198
198 23
199 62
199 200
200 444
201 202
201 212
202 578
203 204
203 307
204 49
205 206
205 797
206 535
207 6
207 208
208 689
209 99
209 210
210 416
211 212
211 743
212 692
213 214
213 448
214 602
215 45
215 216
216 318
217 218
217 410
218 372
219 220
219 809
220 864
221 222
221 661
222 210
223 224
223 385
224 474
225 76
225 226
226 337
227 228
227 531
228 780
229 65
229 230
230 960
231 232
231 261
232 668
233 234
233 542
234 459
235 236
235 684
236 949
237 238
237 791
238 271
239 240
239 419
240 736
241 242
241 755
242 594
243 244
243 823
244 152
245 244
245 246
246 281
247 35
247 248
248 600
249 250
249 363
250 500
251 252
251 887
252 486
253 254
253 979
254 230
255 251
255 256
256 3
257 258
257 601
258 944
259 260
259 262
260 770
261 262
261 571
262 682
263 264
263 866
264 928
265 266
265 371
266 373
267 268
267 365
268 397
269 74
269 270
270 350
271 239
271 272
272 556
273 95
273 274
274 588
275 276
275 540
276 326
277 278
277 716
278 92
279 280
279 759
280 475
281 282
281 368
282 102
283 284
283 351
284 238
285 286
285 855
286 160
287 288
287 766
288 200
289 290
289 954
290 968
291 43
291 292
292 672
293 294
293 332
294 14
295 296
295 859
296 980
297 116
297 298
298 221
299 300
299 885
300 846
301 128
301 302
302 551
303 304
303 567
304 101
305 223
305 306
306 870
307 308
307 321
308 501
309 310
309 882
310 103
311 312
311 583
312 404
313 314
313 478
314 566
315 135
315 316
316 4
317 318
317 747
318 86
319 320
319 782
320 730
321 253
321 322
322 464
323 324
323 586
324 270
325 326
325 554
326 40
327 328
327 785
328 562
329 319
329 330
330 508
331 332
331 577
332 877
333 205
333 334
334 220
335 173
335 336
336 768
337 338
337 374
338 772
339 9
339 340
340 349
341 342
341 354
342 214
343 344
343 903
344 758
345 342
345 346
346 842
347 348
347 773
348 678
349 350
349 564
350 986
351 352
351 629
352 815
353 81
353 354
354 506
355 122
355 356
356 287
357 358
357 518
358 926
359 360
359 550
360 294
361 362
361 619
362 22
363 364
363 934
364 771
365 299
365 366
366 818
367 368
367 495
368 25
369 316
369 370
370 992
371 372
371 599
372 194
373 374
373 775
374 216
375 376
375 575
376 568
377 187
377 378
378 1001
379 380
379 820
380 1000
381 286
381 382
382 904
383 384
383 896
384 460
385 386
385 781
386 644
387 383
387 388
388 659
389 390
389 955
390 489
391 392
391 570
392 203
393 394
393 524
394 744
395 396
395 559
396 552
397 398
397 703
398 246
399 400
399 670
400 422
401 144
401 402
402 994
403 404
403 539
404 880
405 183
405 406
406 301
407 408
407 514
408 765
409 410
409 989
410 41
411 412
411 738
412 712
413 414
413 643
414 146
415 293
415 416
416 910
417 265
417 418
418 426
419 77
419 420
420 167
421 375
421 422
422 130
423 424
423 735
424 634
425 426
425 603
426 642
427 224
427 428
428 835
429 201
429 430
430 482
431 432
431 783
432 817
433 434
433 708
434 66
435 436
435 905
436 71
437 110
437 438
438 176
439 292
439 440
440 52
441 442
441 937
442 245
443 444
443 477
444 67
445 317
445 446
446 834
447 448
447 647
448 379
449 188
449 450
450 943
451 452
451 714
452 382
453 432
453 454
454 702
455 456
455 886
456 939
457 458
457 836
458 938
459 259
459 460
460 996
461 462
461 861
462 604
463 464
463 587
464 658
465 355
465 466
466 483
467 468
467 841
468 250
469 470
469 1011
470 715
471 472
471 655
472 946
473 329
473 474
474 59
475 476
475 697
476 334
477 478
477 608
478 972
479 480
479 987
480 88
481 482
481 891
482 754
483 484
483 611
484 720
485 486
485 852
486 502
487 488
487 973
488 320
489 300
489 490
490 362
491 240
491 492
492 488
493 447
493 494
494 370
495 309
495 496
496 198
497 398
497 498
498 345
499 1
499 500
500 494
501 229
501 502
502 493
503 504
503 597
504 849
505 506
505 536
506 72
507 219
507 508
508 37
509 305
509 510
510 5
511 512
511 856
512 192
513 514
513 725
514 893
515 516
515 581
516 617
517 125
517 518
518 84
519 520
519 760
520 854
521 507
521 522
522 648
523 171
523 524
524 729
525 526
525 942
526 358
527 13
527 528
528 106
529 530
529 595
530 438
531 532
531 921
532 838
533 30
533 534
534 941
535 536
535 1012
536 120
537 123
537 538
538 957
539 540
539 888
540 427
541 542
541 649
542 186
543 378
543 544
544 679
545 343
545 546
546 429
547 521
547 548
548 878
549 550
549 705
550 596
551 177
551 552
552 289
553 554
553 787
554 788
555 556
555 929
556 333
557 399
557 558
558 683
559 455
559 560
560 310
561 562
561 881
562 616
563 462
563 564
564 16
565 274
565 566
566 664
567 241
567 568
568 784
569 421
569 570
570 185
571 303
571 572
572 779
573 36
573 574
574 381
575 8
575 576
576 590
577 129
577 578
578 899
579 580
579 624
580 614
581 582
581 675
582 260
583 584
583 802
584 698
585 165
585 586
586 211
587 509
587 588
588 202
589 446
589 590
590 340
591 428
591 592
592 902
593 166
593 594
594 1014
595 268
595 596
596 94
597 547
597 598
598 534
599 600
599 889
600 406
601 359
601 602
602 742
603 249
603 604
604 168
605 433
605 606
606 403
607 608
607 811
608 821
609 57
609 610
610 952
611 257
611 612
612 931
613 44
613 614
614 199
615 616
615 884
616 579
617 618
617 967
618 402
619 19
619 620
620 953
621 592
621 622
622 843
623 612
623 624
624 686
625 424
625 626
626 706
627 51
627 628
628 386
629 630
629 827
630 136
631 469
631 632
632 1006
633 472
633 634
634 476
635 636
635 862
636 606
637 473
637 638
638 976
639 640
639 813
640 528
641 232
641 642
642 985
643 248
643 644
644 314
645 541
645 646
646 983
647 273
647 648
648 511
649 21
649 650
650 9
651 652
651 851
652 731
653 654
653 962
654 522
655 395
655 656
656 225
657 415
657 658
658 174
659 313
659 660
660 991
661 662
661 951
662 384
663 664
663 990
664 290
665 666
665 917
666 111
667 635
667 668
668 196
669 670
669 789
670 526
671 672
671 676
672 209
673 42
673 674
674 831
675 32
675 676
676 254
677 15
677 678
678 626
679 680
679 753
680 98
681 445
681 682
682 909
683 155
683 684
684 7
685 284
685 686
686 90
687 175
687 688
688 298
689 690
689 732
690 490
691 692
691 745
692 752
693 392
693 694
694 605
695 325
695 696
696 256
697 341
697 698
698 161
699 700
699 719
700 897
701 456
701 702
702 336
703 344
703 704
704 12
705 627
705 706
706 724
707 708
707 876
708 673
709 91
709 710
710 690
711 126
711 712
712 328
713 714
713 751
714 977
715 618
715 716
716 412
717 560
717 718
718 964
719 405
719 720
720 348
721 722
721 750
722 776
723 724
723 774
724 258
725 572
725 726
726 311
727 728
727 871
728 630
729 463
729 730
730 346
731 732
731 819
732 100
733 527
733 734
734 892
735 159
735 736
736 721
737 295
737 738
738 48
739 584
739 740
740 662
741 663
741 742
742 826
743 206
743 744
744 632
745 143
745 746
746 323
747 653
747 748
748 824
749 499
749 750
750 615
751 609
751 752
752 413
753 754
753 927
754 1013
755 61
755 756
756 924
757 63
757 758
758 769
759 760
759 961
760 894
761 693
761 762
762 118
763 764
763 958
764 874
765 766
765 988
766 276
767 741
767 768
768 808
769 530
769 770
770 278
771 369
771 772
772 932
773 739
773 774
774 468
775 119
775 776
776 510
777 396
777 778
778 20
779 191
779 780
780 172
781 17
781 782
782 465
783 784
783 900
784 390
785 786
785 833
786 449
787 69
787 788
788 96
789 193
789 790
790 930
791 709
791 792
792 622
793 794
793 840
794 701
795 53
795 796
796 234
797 389
797 798
798 830
799 423
799 800
800 764
801 688
801 802
802 431
803 367
803 804
804 598
805 401
805 806
806 82
807 808
807 969
808 912
809 85
809 810
810 491
811 569
811 812
812 925
813 267
813 814
814 158
815 89
815 816
816 440
817 162
817 818
818 454
819 812
819 820
820 150
821 296
821 822
822 2
823 181
823 824
824 916
825 184
825 826
826 222
827 275
827 828
828 60
829 585
829 830
830 553
831 832
831 907
832 915
833 47
833 834
834 971
835 695
835 836
836 710
837 838
837 863
838 613
839 803
839 840
840 544
841 131
841 842
842 1007
843 190
843 844
844 458
845 846
845 1009
846 525
847 565
847 848
848 226
849 228
849 850
850 182
851 645
851 852
852 283
853 306
853 854
854 484
855 549
855 856
856 883
857 685
857 858
858 127
859 799
859 860
860 895
861 646
861 862
862 737
863 864
863 913
864 563
865 727
865 866
866 236
867 485
867 868
868 857
869 749
869 870
870 728
871 29
871 872
872 920
873 874
873 959
874 264
875 121
875 876
876 945
877 878
877 911
878 704
879 407
879 880
880 582
881 409
881 882
882 39
883 480
883 884
884 713
885 537
885 886
886 331
887 888
887 936
888 503
889 255
889 890
890 10
891 218
891 892
892 610
893 124
893 894
894 207
895 529
895 896
896 806
897 247
897 898
898 680
899 652
899 900
900 497
901 353
901 902
902 778
903 420
903 904
904 512
905 394
905 906
906 242
907 638
907 908
908 956
909 848
909 910
910 492
911 798
911 912
912 498
913 914
913 982
914 18
915 164
915 916
916 112
917 687
917 918
918 357
919 920
919 975
920 26
921 922
921 999
922 650
923 235
923 924
924 452
925 481
925 926
926 628
927 93
927 928
928 54
929 930
929 948
930 822
931 134
931 932
932 28
933 934
933 947
934 631
935 79
935 936
936 515
937 352
937 938
938 213
939 845
939 940
940 918
941 625
941 942
942 10
943 944
943 950
944 208
945 946
945 974
946 726
947 107
947 948
948 869
949 794
949 950
950 970
951 441
951 952
952 914
953 696
953 954
954 621
955 34
955 956
956 576
957 958
957 1004
958 217
959 113
959 960
960 844
961 793
961 962
962 215
963 243
963 964
964 330
965 487
965 966
966 151
967 786
967 968
968 723
969 138
969 970
970 466
971 387
971 972
972 153
973 674
973 974
974 87
975 867
975 976
976 327
977 443
977 978
978 792
979 543
979 980
980 516
981 297
981 982
982 978
983 471
983 984
984 27
985 825
985 986
986 68
987 591
987 988
988 654
989 639
989 990
990 665
991 890
991 992
992 154
993 965
993 994
994 411
995 46
995 996
996 671
997 145
997 998
998 700
999 669
999 1000
1000 790
1001 868
1001 1002
1002 450
1003 437
1003 1004
1004 315
1005 115
1005 1006
1006 860
1007 170
1007 1008
1008 64
1009 302
1009 1010
1010 519
1011 33
1011 1012
1012 479
1013 414
1013 1014
1014 366
