0 345
0 885
2 832
2 968
3 275
3 803
4 393
4 854
6 2
5 724
7 187
7 324
8 682
8 992
9 656
10 606
13 436
13 716
15 220
15 375
17 149
17 1003
19 665
19 946
21 306
21 782
23 24
23 57
24 816
25 26
25 165
26 925
27 28
27 442
28 126
29 30
29 574
30 47
31 32
31 484
32 568
33 34
33 499
34 638
35 36
35 408
36 243
37 38
37 868
38 178
39 40
39 291
40 145
41 42
41 659
42 252
43 44
43 921
44 712
45 46
45 133
46 226
47 48
47 743
48 429
49 50
49 730
50 942
51 52
51 1009
52 512
53 54
53 92
54 18
55 56
55 195
56 182
57 58
57 212
58 76
59 60
59 373
60 23
61 62
61 937
62 471
63 64
63 359
64 608
65 66
65 737
66 257
67 68
67 681
68 788
69 70
69 588
70 94
71 72
71 779
72 976
73 74
73 657
74 184
75 76
75 918
76 507
77 78
77 269
78 52
79 80
79 631
80 988
81 82
81 247
82 823
83 84
83 307
84 38
85 86
85 260
86 310
87 41
87 88
88 818
89 90
89 717
90 241
91 92
91 877
92 997
93 94
93 363
94 542
95 96
95 487
96 236
97 98
97 903
98 753
99 100
99 391
100 495
101 102
101 561
102 246
103 104
103 340
104 585
105 106
105 895
106 156
107 108
107 628
108 20
109 110
109 179
110 366
111 112
111 577
112 975
113 114
113 151
114 219
115 116
115 427
116 14
117 118
117 685
118 763
119 114
119 120
120 518
121 122
121 400
122 168
123 124
123 572
124 16
125 126
125 594
126 230
127 128
127 469
128 866
129 130
129 777
130 382
131 132
131 979
132 856
133 134
133 749
134 78
135 136
135 943
136 289
137 71
137 138
138 240
139 140
139 1010
140 386
141 32
141 142
142 180
143 144
143 377
144 309
145 146
145 558
146 680
147 87
147 148
148 819
149 150
149 283
150 883
151 152
151 368
152 949
153 154
153 504
154 399
155 156
155 799
156 75
157 105
157 158
158 274
159 160
159 910
160 53
161 162
161 191
162 752
163 164
163 825
164 643
165 166
165 279
166 528
167 168
167 783
168 764
169 170
169 891
170 664
171 172
171 318
172 848
173 174
173 692
174 330
175 176
175 661
176 576
177 178
177 564
178 912
179 180
179 193
180 249
181 182
181 583
182 394
183 184
183 951
184 902
185 51
185 186
186 455
187 188
187 810
188 796
189 190
189 419
190 496
191 192
191 539
192 104
193 194
193 851
194 263
195 196
195 723
196 28
197 198
197 741
198 892
199 200
199 500
200 267
201 202
201 301
202 595
203 204
203 523
204 689
205 206
205 615
206 559
207 208
207 675
208 889
209 210
209 901
210 502
211 212
211 955
212 762
213 214
213 242
214 250
215 216
215 458
216 24
217 218
217 751
218 826
219 220
219 433
220 858
221 222
221 396
222 747
223 82
223 224
224 5
225 226
225 533
226 792
227 228
227 592
228 544
229 63
229 230
230 189
231 232
231 527
232 598
233 234
233 913
234 308
235 236
235 857
236 790
237 238
237 460
238 432
239 147
239 240
240 702
241 242
241 516
242 171
243 244
243 835
244 280
245 56
245 246
246 537
247 248
247 859
248 780
249 250
249 652
250 200
251 252
251 893
252 148
253 111
253 254
254 734
255 256
255 693
256 701
257 258
257 668
258 328
259 260
259 983
260 589
261 262
261 839
262 268
263 264
263 395
264 599
265 266
265 759
266 276
267 268
267 824
268 134
269 270
269 948
270 602
271 45
271 272
272 402
273 274
273 953
274 700
275 161
275 276
276 722
277 265
277 278
278 224
279 280
279 389
280 273
281 99
281 282
282 398
283 206
283 284
284 802
285 286
285 739
286 725
287 106
287 288
288 380
289 290
289 728
290 102
291 155
291 292
292 313
293 294
293 897
294 994
295 1
295 296
296 768
297 119
297 298
298 369
299 300
299 940
300 732
301 302
301 549
302 290
303 304
303 993
304 535
305 17
305 306
306 708
307 308
307 727
308 844
309 310
309 908
310 468
311 312
311 365
312 905
313 314
313 648
314 50
315 316
315 565
316 705
317 304
317 318
318 554
319 320
319 769
320 525
321 322
321 580
322 160
323 225
323 324
324 999
325 204
325 326
326 211
327 328
327 587
328 591
329 330
329 687
330 801
331 237
331 332
332 713
333 334
333 578
334 19
335 336
335 731
336 640
337 296
337 338
338 48
339 95
339 340
340 238
341 67
341 342
342 298
343 61
343 344
344 522
345 346
345 843
346 174
347 348
347 472
348 100
349 350
349 695
350 312
351 352
351 409
352 64
353 354
353 683
354 98
355 356
355 963
356 642
357 213
357 358
358 974
359 113
359 360
360 374
361 362
361 650
362 58
363 335
363 364
364 109
365 89
365 366
366 582
367 368
367 555
368 475
369 42
369 370
370 9
371 372
371 845
372 461
373 374
373 459
374 124
375 376
375 437
376 9
377 364
377 378
378 123
379 380
379 987
380 286
381 382
381 446
382 894
383 49
383 384
384 609
385 386
385 795
386 1000
387 388
387 771
388 971
389 59
389 390
390 425
391 392
391 879
392 288
393 394
393 453
394 990
395 37
395 396
396 39
397 398
397 1004
398 526
399 262
399 400
400 596
401 27
401 402
402 570
403 404
403 967
404 800
405 406
405 667
406 110
407 408
407 758
408 215
409 295
409 410
410 46
411 350
411 412
412 703
413 26
413 414
414 361
415 414
415 416
416 214
417 418
417 964
418 584
419 420
419 911
420 77
421 115
421 422
422 347
423 424
423 960
424 814
425 426
425 961
426 804
427 339
427 428
428 531
429 430
429 872
430 612
431 432
431 935
432 952
433 194
433 434
434 196
435 157
435 436
436 684
437 438
437 755
438 978
439 440
439 919
440 950
441 183
441 442
442 530
443 329
443 444
444 370
445 446
445 817
446 311
447 448
447 573
448 410
449 163
449 450
450 765
451 452
451 915
452 711
453 454
453 669
454 170
455 456
455 926
456 766
457 316
457 458
458 941
459 131
459 460
460 634
461 462
461 706
462 12
463 305
463 464
464 420
465 33
465 466
466 448
467 397
467 468
468 444
469 470
469 1014
470 658
471 472
471 1007
472 590
473 474
473 491
474 842
475 476
475 503
476 172
477 431
477 478
478 331
479 299
479 480
480 847
481 482
481 736
482 846
483 484
483 864
484 5
485 486
485 871
486 624
487 488
487 767
488 84
489 490
489 829
490 696
491 492
491 981
492 303
493 344
493 494
494 266
495 270
495 496
496 626
497 498
497 1005
498 208
499 135
499 500
500 920
501 502
501 876
502 205
503 504
503 738
504 255
505 411
505 506
506 989
507 490
507 508
508 120
509 510
509 641
510 733
511 512
511 534
512 820
513 435
513 514
514 1011
515 492
515 516
516 601
517 440
517 518
518 962
519 333
519 520
520 74
521 522
521 787
522 646
523 524
523 773
524 551
525 526
525 995
526 686
527 384
527 528
528 430
529 325
529 530
530 72
531 334
531 532
532 958
533 449
533 534
534 176
535 10
535 536
536 770
537 538
537 786
538 838
539 81
539 540
540 760
541 353
541 542
542 470
543 544
543 875
544 898
545 199
545 546
546 691
547 385
547 548
548 232
549 371
549 550
550 418
551 239
551 552
552 956
553 223
553 554
554 614
555 556
555 807
556 121
557 144
557 558
558 837
559 342
559 560
560 718
561 562
561 991
562 424
563 564
563 809
564 541
565 566
565 827
566 231
567 568
567 715
568 218
569 207
569 570
570 678
571 572
571 629
572 327
573 4
573 574
574 277
575 546
575 576
576 566
577 578
577 637
578 25
579 259
579 580
580 644
581 3
581 582
582 884
583 117
583 584
584 862
585 586
585 616
586 146
587 177
587 588
588 888
589 322
589 590
590 360
591 464
591 592
592 881
593 594
593 647
594 1006
595 596
595 836
596 532
597 598
597 735
598 486
599 600
599 985
600 254
601 83
601 602
602 676
603 604
603 973
604 221
605 428
605 606
606 1012
607 125
607 608
608 154
609 332
609 610
610 707
611 612
611 627
612 674
613 164
613 614
614 517
615 616
615 982
616 166
617 618
617 726
618 136
619 447
619 620
620 112
621 315
621 622
622 761
623 624
623 924
624 70
625 139
625 626
626 234
627 628
627 697
628 438
629 97
629 630
630 610
631 632
631 636
632 392
633 465
633 634
634 954
635 547
635 636
636 744
637 281
637 638
638 153
639 62
639 640
640 80
641 93
641 642
642 794
643 349
643 644
644 977
645 604
645 646
646 456
647 648
647 797
648 557
649 245
649 650
650 506
651 652
651 785
652 54
653 297
653 654
654 660
655 253
655 656
656 874
657 55
657 658
658 454
659 660
659 745
660 485
661 662
661 969
662 653
663 664
663 775
664 422
665 666
665 966
666 192
667 613
667 668
668 933
669 477
669 670
670 494
671 655
671 672
672 900
673 623
673 674
674 466
675 645
675 676
676 128
677 607
677 678
678 337
679 672
679 680
680 834
681 682
681 811
682 986
683 684
683 927
684 116
685 569
685 686
686 130
687 181
687 688
688 630
689 515
689 690
690 882
691 692
691 740
692 362
693 341
693 694
694 944
695 319
695 696
696 69
697 632
697 698
698 742
699 688
699 700
700 600
701 498
701 702
702 586
703 302
703 704
704 140
705 706
705 907
706 928
707 708
707 781
708 806
709 710
709 863
710 282
711 162
711 712
712 505
713 605
713 714
714 159
715 663
715 716
716 68
717 43
717 718
718 173
719 65
719 720
720 822
721 285
721 722
722 132
723 724
723 936
724 209
725 726
725 746
726 407
727 560
727 728
728 754
729 620
729 730
730 567
731 732
731 853
732 406
733 416
733 734
734 338
735 736
735 959
736 617
737 738
737 917
738 931
739 463
739 740
740 233
741 635
741 742
742 548
743 169
743 744
744 355
745 662
745 746
746 828
747 227
747 748
748 699
749 750
749 865
750 482
751 167
751 752
752 520
753 294
753 754
754 996
755 756
755 774
756 142
757 758
757 784
758 292
759 757
759 760
760 10
761 272
761 762
762 348
763 388
763 764
764 22
765 766
765 923
766 13
767 509
767 768
768 21
769 91
769 770
770 190
771 772
771 1002
772 929
773 143
773 774
774 690
775 776
775 909
776 878
777 222
777 778
778 536
779 780
779 1013
780 972
781 186
781 782
782 284
783 784
783 873
784 405
785 197
785 786
786 462
787 216
787 788
788 11
789 790
789 805
790 88
791 720
791 792
792 476
793 415
793 794
794 412
795 229
795 796
796 351
797 175
797 798
798 478
799 403
799 800
800 15
801 802
801 840
802 122
803 671
803 804
804 772
805 806
805 916
806 96
807 445
807 808
808 244
809 571
809 810
810 833
811 30
811 812
812 404
813 258
813 814
814 346
815 481
815 816
816 540
817 597
817 818
818 984
819 603
819 820
820 86
821 822
821 887
822 300
823 824
823 922
824 850
825 378
825 826
826 618
827 150
827 828
828 44
829 575
829 830
830 622
831 479
831 832
832 980
833 158
833 834
834 776
835 719
835 836
836 849
837 838
837 938
838 556
839 129
839 840
840 314
841 35
841 842
842 336
843 497
843 844
844 756
845 271
845 846
846 855
847 434
847 848
848 998
849 354
849 850
850 488
851 439
851 852
852 480
853 519
853 854
854 441
855 358
855 856
856 138
857 202
857 858
858 698
859 443
859 860
860 721
861 210
861 862
862 812
863 679
863 864
864 73
865 251
865 866
866 103
867 501
867 868
868 945
869 870
869 965
870 673
871 379
871 872
872 352
873 293
873 874
874 493
875 36
875 876
876 381
877 101
877 878
878 930
879 543
879 880
880 649
881 6
881 882
882 107
883 452
883 884
884 611
885 367
885 886
886 867
887 401
887 888
888 710
889 127
889 890
890 670
891 256
891 892
892 474
893 217
893 894
894 118
895 593
895 896
896 34
897 203
897 898
898 550
899 421
899 900
900 563
901 621
901 902
902 545
903 831
903 904
904 553
905 467
905 906
906 562
907 321
907 908
908 6
909 413
909 910
910 417
911 813
911 912
912 750
913 821
913 914
914 85
915 579
915 916
916 387
917 918
917 939
918 748
919 137
919 920
920 529
921 185
921 922
922 808
923 383
923 924
924 198
925 320
925 926
926 426
927 343
927 928
928 326
929 930
929 947
930 538
931 201
931 932
932 830
933 79
933 934
934 108
935 423
935 936
936 323
937 729
937 938
938 514
939 390
939 940
940 473
941 188
941 942
942 552
943 31
943 944
944 510
945 152
945 946
946 714
947 625
947 948
948 815
949 451
949 950
950 1008
951 633
951 952
952 248
953 278
953 954
954 489
955 508
955 956
956 880
957 90
957 958
958 934
959 899
959 960
960 886
961 513
961 962
962 906
963 457
963 964
964 287
965 60
965 966
966 914
967 791
967 968
968 235
969 709
969 970
970 651
971 932
971 972
972 141
973 666
973 974
974 704
975 524
975 976
976 861
977 798
977 978
978 357
979 841
979 980
980 7
981 970
981 982
982 789
983 639
983 984
984 228
985 986
985 1001
986 957
987 264
987 988
988 521
989 890
989 990
990 356
991 860
991 992
992 40
993 677
993 994
994 8
995 66
995 996
996 694
997 793
997 998
998 778
999 317
999 1000
1000 376
1001 904
1001 1002
1002 511
1003 654
1003 1004
1004 261
1005 581
1005 1006
1006 896
1007 29
1007 1008
1008 870
1009 483
1009 1010
1010 852
1011 869
1011 1012
1012 372
1013 619
1013 1014
1014 450
