0 43
0 505
1 633
1 687
3 344
3 431
4 290
4 941
5 52
6 358
9 293
9 639
10 451
10 567
11 282
12 651
13 212
13 970
15 109
15 752
17 436
17 558
19 833
19 841
21 527
21 785
23 24
23 58
24 456
25 26
25 357
26 957
27 28
27 114
28 922
29 30
29 277
30 433
31 32
31 589
32 694
33 34
33 279
34 634
35 36
35 329
36 698
37 38
37 373
38 522
39 40
39 669
40 740
41 42
41 355
42 599
43 44
43 171
44 622
45 46
45 663
46 131
47 48
47 781
48 720
49 50
49 839
50 736
51 52
51 547
52 542
53 54
53 631
54 5
55 56
55 898
56 548
57 17
57 58
58 85
59 25
59 60
60 118
61 62
61 943
62 535
63 64
63 778
64 927
65 66
65 105
66 56
67 68
67 181
68 36
69 70
69 997
70 461
71 72
71 594
72 668
73 74
73 360
74 574
75 76
75 317
76 797
77 78
77 579
78 149
79 80
79 873
80 713
81 82
81 447
82 870
83 84
83 657
84 773
85 86
85 502
86 408
87 88
87 334
88 812
89 90
89 894
90 448
91 92
91 479
92 800
93 94
93 765
94 96
95 96
95 976
96 394
97 98
97 472
98 859
99 100
99 539
100 422
101 102
101 483
102 842
103 104
103 295
104 963
105 106
105 933
106 830
107 108
107 399
108 591
109 110
109 226
110 216
111 112
111 455
112 515
113 114
113 319
114 438
115 116
115 489
116 718
117 118
117 901
118 4
119 120
119 127
120 54
121 39
121 122
122 490
123 124
123 288
124 880
125 126
125 161
126 829
127 128
127 564
128 167
129 130
129 497
130 506
131 132
131 677
132 851
133 134
133 397
134 561
135 136
135 983
136 913
137 138
137 932
138 101
139 140
139 244
140 674
141 142
141 318
142 810
143 144
143 439
144 670
145 146
145 745
146 626
147 148
147 225
148 610
149 150
149 1006
150 188
151 152
151 331
152 210
153 154
153 727
154 609
155 112
155 156
156 263
157 158
157 406
158 804
159 35
159 160
160 150
161 162
161 730
162 223
163 164
163 418
164 962
165 155
165 166
166 977
167 168
167 930
168 826
169 132
169 170
170 353
171 172
171 637
172 270
173 174
173 499
174 770
175 1
175 176
176 420
177 41
177 178
178 230
179 180
179 982
180 500
181 182
181 257
182 972
183 184
183 368
184 847
185 186
185 966
186 681
187 188
187 721
188 481
189 190
189 395
190 822
191 192
191 268
192 83
193 194
193 595
194 650
195 196
195 853
196 427
197 198
197 940
198 372
199 200
199 437
200 342
201 202
201 919
202 999
203 204
203 450
204 291
205 206
205 806
206 780
207 208
207 557
208 764
209 210
209 409
210 923
211 212
211 294
212 575
213 91
213 214
214 3
215 216
215 671
216 322
217 218
217 979
218 470
219 220
219 303
220 142
221 222
221 545
222 135
223 87
223 224
224 249
225 226
225 266
226 494
227 228
227 969
228 271
229 37
229 230
230 682
231 232
231 620
232 892
233 234
233 413
234 942
235 236
235 749
236 166
237 18
237 238
238 995
239 240
239 283
240 632
241 242
241 907
242 400
243 244
243 817
244 568
245 246
245 323
246 728
247 248
247 688
248 726
249 250
249 509
250 308
251 252
251 417
252 401
253 254
253 747
254 843
255 256
255 934
256 832
257 258
257 827
258 719
259 260
259 811
260 156
261 262
261 877
262 307
263 264
263 600
264 141
265 266
265 551
266 134
267 268
267 958
268 180
269 270
269 1009
270 608
271 272
271 935
272 121
273 143
273 274
274 525
275 276
275 601
276 662
277 278
277 1013
278 7
279 198
279 280
280 908
281 196
281 282
282 675
283 284
283 410
284 866
285 286
285 1008
286 324
287 288
287 602
288 261
289 290
289 697
290 458
291 292
291 672
292 516
293 45
293 294
294 203
295 201
295 296
296 284
297 259
297 298
298 1007
299 300
299 449
300 407
301 125
301 302
302 544
303 148
303 304
304 381
305 306
305 724
306 964
307 308
307 700
308 876
309 310
309 379
310 616
311 312
311 868
312 416
313 314
313 553
314 753
315 316
315 430
316 205
317 318
317 689
318 200
319 320
319 337
320 146
321 322
321 532
322 857
323 324
323 850
324 94
325 40
325 326
326 635
327 328
327 467
328 948
329 330
329 629
330 5
331 332
331 659
332 362
333 334
333 619
334 790
335 336
335 661
336 760
337 338
337 665
338 498
339 340
339 441
340 375
341 342
341 944
342 102
343 344
343 590
344 86
345 346
345 883
346 896
347 348
347 756
348 256
349 350
349 649
350 882
351 352
351 554
352 298
353 354
353 382
354 468
355 356
355 916
356 460
357 358
357 899
358 74
359 360
359 737
360 801
361 362
361 492
362 396
363 359
363 364
364 232
365 366
365 987
366 444
367 368
367 673
368 825
369 370
369 386
370 537
371 372
371 881
372 380
373 258
373 374
374 70
375 376
375 947
376 341
377 378
377 743
378 571
379 15
379 380
380 116
381 169
381 382
382 888
383 384
383 715
384 524
385 386
385 755
386 965
387 26
387 388
388 260
389 238
389 390
390 392
391 392
391 712
392 604
393 394
393 936
394 782
395 47
395 396
396 170
397 313
397 398
398 1005
399 400
399 533
400 931
401 402
401 793
402 816
403 404
403 463
404 398
405 367
405 406
406 21
407 408
407 840
408 326
409 410
409 910
410 746
411 224
411 412
412 172
413 414
413 528
414 412
415 416
415 961
416 994
417 418
417 985
418 988
419 420
419 538
420 240
421 422
421 946
422 828
423 424
423 428
424 55
425 365
425 426
426 587
427 405
427 428
428 642
429 59
429 430
430 23
431 302
431 432
432 520
433 192
433 434
434 247
435 436
435 981
436 153
437 65
437 438
438 242
439 95
439 440
440 820
441 103
441 442
442 175
443 444
443 507
444 24
445 446
445 865
446 734
447 189
447 448
448 120
449 370
449 450
450 577
451 275
451 452
452 252
453 443
453 454
454 526
455 456
455 955
456 735
457 458
457 869
458 445
459 460
459 824
460 578
461 214
461 462
462 834
463 464
463 543
464 222
465 466
465 845
466 325
467 468
467 1014
468 72
469 470
469 733
470 128
471 472
471 954
472 598
473 67
473 474
474 654
475 229
475 476
476 926
477 338
477 478
478 615
479 480
479 685
480 144
481 459
481 482
482 285
483 376
483 484
484 64
485 126
485 486
486 762
487 423
487 488
488 432
489 490
489 703
490 182
491 492
491 495
492 732
493 111
493 494
494 76
495 231
495 496
496 1004
497 498
497 1001
498 925
499 115
499 500
500 653
501 502
501 621
502 491
503 296
503 504
504 100
505 377
505 506
506 352
507 159
507 508
508 786
509 215
509 510
510 787
511 512
511 998
512 644
513 514
513 818
514 178
515 516
515 885
516 956
517 152
517 518
518 220
519 79
519 520
520 992
521 227
521 522
522 274
523 524
523 555
524 42
525 234
525 526
526 22
527 528
527 874
528 623
529 530
529 605
530 321
531 532
531 722
532 895
533 133
533 534
534 286
535 536
535 693
536 426
537 538
537 950
538 1010
539 540
539 611
540 248
541 49
541 542
542 556
543 213
543 544
544 648
545 546
545 959
546 501
547 299
547 548
548 82
549 251
549 550
550 928
551 10
551 552
552 803
553 75
553 554
554 20
555 556
555 861
556 306
557 558
557 906
558 684
559 560
559 744
560 174
561 477
561 562
562 584
563 228
563 564
564 33
565 195
565 566
566 389
567 568
567 929
568 453
569 570
569 855
570 27
571 572
571 709
572 246
573 442
573 574
574 836
575 576
575 739
576 474
577 573
577 578
578 176
579 179
579 580
580 28
581 207
581 582
582 612
583 173
583 584
584 190
585 586
585 887
586 696
587 508
587 588
588 356
589 590
589 805
590 300
591 592
591 914
592 278
593 594
593 701
594 66
595 531
595 596
596 889
597 598
597 856
598 757
599 77
599 600
600 157
601 602
601 886
602 690
603 604
603 763
604 480
605 193
605 606
606 204
607 388
607 608
608 891
609 235
609 610
610 766
611 513
611 612
612 163
613 614
613 974
614 630
615 616
615 902
616 424
617 541
617 618
618 292
619 613
619 620
620 184
621 31
621 622
622 517
623 486
623 624
624 446
625 73
625 626
626 872
627 628
627 893
628 798
629 415
629 630
630 1002
631 632
631 655
632 32
633 162
633 634
634 706
635 636
635 878
636 434
637 403
637 638
638 273
639 333
639 640
640 867
641 339
641 642
642 849
643 314
643 644
644 208
645 646
645 799
646 725
647 648
647 989
648 6
649 487
649 650
650 860
651 236
651 652
652 742
653 245
653 654
654 310
655 656
655 915
656 660
657 168
657 658
658 305
659 660
659 741
660 707
661 662
661 1012
662 320
663 641
663 664
664 276
665 63
665 666
666 617
667 668
667 945
668 592
669 349
669 670
670 361
671 340
671 672
672 710
673 674
673 993
674 34
675 676
675 939
676 643
677 371
677 678
678 493
679 680
679 953
680 478
681 13
681 682
682 774
683 19
683 684
684 218
685 253
685 686
686 973
687 60
687 688
688 1000
689 549
689 690
690 343
691 692
691 980
692 768
693 254
693 694
694 918
695 696
695 809
696 90
697 435
697 698
698 819
699 465
699 700
700 844
701 702
701 854
702 991
703 704
703 949
704 124
705 429
705 706
706 597
707 708
707 921
708 110
709 646
709 710
710 6
711 202
711 712
712 714
713 140
713 714
714 920
715 151
715 716
716 570
717 147
717 718
718 815
719 645
719 720
720 44
721 107
721 722
722 345
723 68
723 724
724 864
725 614
725 726
726 550
727 2
727 728
728 92
729 243
729 730
730 11
731 485
731 732
732 264
733 699
733 734
734 748
735 50
735 736
736 680
737 552
737 738
738 792
739 640
739 740
740 625
741 12
741 742
742 272
743 57
743 744
744 807
745 746
745 904
746 123
747 559
747 748
748 838
749 581
749 750
750 348
751 301
751 752
752 219
753 717
753 754
754 328
755 756
755 761
756 846
757 758
757 837
758 482
759 186
759 760
760 593
761 762
761 1011
762 466
763 366
763 764
764 106
765 766
765 791
766 779
767 603
767 768
768 80
769 585
769 770
770 464
771 772
771 875
772 160
773 122
773 774
774 496
775 638
775 776
776 71
777 771
777 778
778 29
779 183
779 780
780 540
781 691
781 782
782 784
783 471
783 784
784 968
785 624
785 786
786 580
787 788
787 984
788 776
789 790
789 903
790 476
791 265
791 792
792 48
793 794
793 871
794 454
795 647
795 796
796 862
797 679
797 798
798 241
799 596
799 800
800 971
801 136
801 802
802 990
803 335
803 804
804 695
805 683
805 806
806 347
807 565
807 808
808 510
809 606
809 810
810 8
811 812
811 967
812 89
813 209
813 814
814 769
815 566
815 816
816 351
817 751
817 818
818 113
819 656
819 820
820 262
821 129
821 822
822 504
823 627
823 824
824 194
825 419
825 826
826 536
827 165
827 828
828 704
829 716
829 830
830 960
831 374
831 832
832 924
833 12
833 834
834 512
835 158
835 836
836 852
837 16
837 838
838 30
839 384
839 840
840 900
841 402
841 842
842 588
843 475
843 844
844 582
845 723
845 846
846 738
847 119
847 848
848 796
849 692
849 850
850 78
851 217
851 852
852 534
853 9
853 854
854 652
855 297
855 856
856 708
857 137
857 858
858 848
859 145
859 860
860 38
861 97
861 862
862 164
863 177
863 864
864 316
865 98
865 866
866 138
867 868
867 1003
868 440
869 563
869 870
870 586
871 199
871 872
872 890
873 789
873 874
874 702
875 686
875 876
876 514
877 878
877 917
878 758
879 814
879 880
880 783
881 221
881 882
882 858
883 61
883 884
884 462
885 425
885 886
886 521
887 775
887 888
888 250
889 879
889 890
890 938
891 390
891 892
892 996
893 729
893 894
894 795
895 327
895 896
896 794
897 117
897 898
898 658
899 457
899 900
900 767
901 387
901 902
902 336
903 369
903 904
904 304
905 385
905 906
906 667
907 185
907 908
908 503
909 281
909 910
910 269
911 84
911 912
912 346
913 393
913 914
914 280
915 916
915 951
916 11
917 607
917 918
918 255
919 93
919 920
920 636
921 759
921 922
922 831
923 750
923 924
924 350
925 154
925 926
926 81
927 391
927 928
928 788
929 777
929 930
930 569
931 666
931 932
932 130
933 676
933 934
934 802
935 813
935 936
936 191
937 562
937 938
938 911
939 711
939 940
940 469
941 937
941 942
942 108
943 46
943 944
944 14
945 62
945 946
946 287
947 421
947 948
948 664
949 139
949 950
950 211
951 99
951 952
952 863
953 954
953 986
954 311
955 473
955 956
956 912
957 952
957 958
958 821
959 678
959 960
960 808
961 53
961 962
962 206
963 363
963 964
964 354
965 51
965 966
966 197
967 237
967 968
968 414
969 905
969 970
970 315
971 312
971 972
972 484
973 187
973 974
974 909
975 267
975 976
976 546
977 104
977 978
978 330
979 628
979 980
980 731
981 309
981 982
982 88
983 411
983 984
984 576
985 529
985 986
986 383
987 583
987 988
988 835
989 560
989 990
990 332
991 364
991 992
992 572
993 705
993 994
994 754
995 378
995 996
996 618
997 289
997 998
998 518
999 452
999 1000
1000 884
1001 69
1001 1002
1002 772
1003 233
1003 1004
1004 511
1005 519
1005 1006
1006 978
1007 239
1007 1008
1008 488
1009 823
1009 1010
1010 530
1011 975
1011 1012
1012 404
1013 897
1013 1014
1014 523
