0 141
0 243
2 253
2 812
3 283
3 368
5 92
4 23
4 370
6 650
9 45
9 757
10 11
10 785
12 118
11 961
13 440
13 942
15 74
15 603
17 161
17 403
19 463
19 706
21 316
21 669
23 24
23 70
24 506
25 26
25 197
26 396
27 28
27 571
28 242
29 30
29 121
30 596
31 32
31 878
32 882
33 34
33 641
34 638
35 36
35 305
36 186
37 38
37 658
38 919
39 40
39 543
40 994
41 42
41 369
42 203
43 44
43 277
44 993
45 46
45 1009
46 629
47 48
47 351
48 980
49 50
49 1011
50 90
51 52
51 725
52 667
53 54
53 219
54 340
55 56
55 286
56 5
57 54
57 58
58 356
59 60
59 191
60 206
61 62
61 781
62 820
63 64
63 149
64 779
65 66
65 847
66 1004
67 68
67 983
68 417
69 70
69 319
70 89
71 72
71 975
72 524
73 74
73 309
74 653
75 76
75 536
76 523
77 78
77 719
78 927
79 68
79 80
80 479
81 82
81 446
82 244
83 84
83 459
84 748
85 86
85 241
86 916
87 88
87 768
88 56
89 90
89 578
90 563
91 92
91 600
92 231
93 94
93 797
94 457
95 96
95 428
96 21
97 98
97 990
98 675
99 100
99 493
100 803
101 102
101 271
102 901
103 64
103 104
104 22
105 35
105 106
106 784
107 108
107 155
108 86
109 110
109 497
110 103
111 112
111 789
112 131
113 114
113 854
114 6
115 15
115 116
116 213
117 118
117 515
118 655
119 11
119 120
120 559
121 122
121 245
122 73
123 124
123 320
124 877
125 126
125 407
126 869
127 128
127 520
128 608
129 115
129 130
130 291
131 132
131 860
132 376
133 134
133 313
134 256
135 136
135 137
136 843
137 87
137 138
138 805
139 140
139 881
140 335
141 142
141 225
142 318
143 144
143 333
144 464
145 146
145 759
146 355
147 148
147 766
148 91
149 150
149 581
150 12
151 152
151 899
152 598
153 154
153 701
154 257
155 156
155 827
156 454
157 39
157 158
158 622
159 125
159 160
160 946
161 162
161 487
162 323
163 164
163 516
164 343
165 166
165 425
166 255
167 168
167 217
168 34
169 170
169 455
170 611
171 129
171 172
172 71
173 174
173 717
174 409
175 176
175 366
176 83
177 178
177 485
178 770
179 180
179 491
180 892
181 182
181 726
182 607
183 184
183 591
184 338
185 186
185 661
186 30
187 188
187 228
188 884
189 190
189 383
190 450
191 192
191 393
192 183
193 194
193 509
194 557
195 196
195 777
196 391
197 198
197 887
198 756
199 200
199 787
200 816
201 202
201 813
202 135
203 179
203 204
204 474
205 206
205 671
206 382
207 208
207 911
208 867
209 210
209 773
210 345
211 212
211 317
212 58
213 214
213 876
214 577
215 216
215 810
216 107
217 157
217 218
218 988
219 220
219 964
220 388
221 222
221 492
222 280
223 224
223 306
224 462
225 226
225 623
226 288
227 228
227 498
228 590
229 201
229 230
230 138
231 232
231 712
232 722
233 234
233 687
234 496
235 65
235 236
236 1013
237 49
237 238
238 99
239 240
239 392
240 142
241 53
241 242
242 128
243 244
243 461
244 221
245 246
245 532
246 637
247 248
247 720
248 165
249 17
249 250
250 503
251 252
251 481
252 336
253 5
253 254
254 486
255 2
255 256
256 660
257 258
257 698
258 738
259 85
259 260
260 46
261 262
261 799
262 518
263 264
263 529
264 519
265 266
265 592
266 72
267 268
267 435
268 292
269 270
269 683
270 824
271 27
271 272
272 986
273 274
273 870
274 431
275 140
275 276
276 680
277 278
277 874
278 649
279 280
279 831
280 300
281 282
281 610
282 580
283 6
283 284
284 533
285 286
285 903
286 227
287 288
287 585
288 75
289 290
289 953
290 239
291 292
291 445
292 696
293 294
293 763
294 76
295 16
295 296
296 733
297 260
297 298
298 930
299 300
299 761
300 252
301 302
301 399
302 420
303 31
303 304
304 526
305 306
305 432
306 188
307 308
307 553
308 528
309 310
309 625
310 367
311 312
311 1007
312 635
313 314
313 548
314 334
315 216
315 316
316 398
317 310
317 318
318 836
319 320
319 602
320 941
321 322
321 862
322 606
323 324
323 841
324 910
325 326
325 512
326 24
327 328
327 905
328 145
329 330
329 395
330 480
331 332
331 587
332 673
333 334
333 419
334 630
335 336
335 488
336 348
337 338
337 754
338 808
339 192
339 340
340 429
341 342
341 880
342 842
343 26
343 344
344 804
345 346
345 837
346 452
347 25
347 348
348 212
349 350
349 815
350 42
351 352
351 743
352 595
353 337
353 354
354 184
355 113
355 356
356 272
357 358
357 613
358 695
359 360
359 612
360 102
361 362
361 640
362 1010
363 364
363 879
364 721
365 366
365 537
366 907
367 368
367 709
368 950
369 122
369 370
370 582
371 372
371 925
372 238
373 374
373 852
374 266
375 376
375 999
376 284
377 173
377 378
378 801
379 32
379 380
380 922
381 382
381 963
382 194
383 384
383 1014
384 362
385 101
385 386
386 568
387 388
387 477
388 297
389 390
389 736
390 43
391 392
391 490
392 618
393 327
393 394
394 214
395 79
395 396
396 968
397 398
397 727
398 954
399 400
399 1008
400 394
401 402
401 949
402 233
403 404
403 422
404 247
405 124
405 406
406 796
407 408
407 475
408 857
409 208
409 410
410 969
411 412
411 981
412 704
413 414
413 601
414 13
415 267
415 416
416 162
417 418
417 647
418 664
419 420
419 868
420 936
421 411
421 422
422 160
423 424
423 697
424 296
425 426
425 769
426 254
427 428
427 544
428 447
429 190
429 430
430 534
431 432
431 693
432 846
433 434
433 594
434 958
435 61
435 436
436 301
437 438
437 530
438 290
439 55
439 440
440 358
441 108
441 442
442 691
443 444
443 987
444 948
445 446
445 572
446 952
447 448
447 550
448 80
449 381
449 450
450 442
451 452
451 589
452 460
453 454
453 542
454 390
455 436
455 456
456 955
457 458
457 688
458 676
459 460
459 478
460 482
461 462
461 979
462 764
463 464
463 552
464 684
465 466
465 965
466 132
467 468
467 501
468 944
469 63
469 470
470 105
471 472
471 945
472 489
473 474
473 575
474 298
475 251
475 476
476 38
477 478
477 1012
478 995
479 344
479 480
480 302
481 363
481 482
482 372
483 329
483 484
484 564
485 486
485 634
486 662
487 9
487 488
488 95
489 3
489 490
490 232
491 492
491 551
492 636
493 110
493 494
494 786
495 274
495 496
496 218
497 328
497 498
498 178
499 500
499 541
500 116
501 502
501 989
502 896
503 67
503 504
504 494
505 36
505 506
506 886
507 508
507 535
508 156
509 311
509 510
510 978
511 473
511 512
512 402
513 211
513 514
514 554
515 375
515 516
516 1
517 439
517 518
518 341
519 520
519 914
520 856
521 293
521 522
522 326
523 524
523 929
524 127
525 295
525 526
526 441
527 528
527 729
528 932
529 237
529 530
530 705
531 199
531 532
532 465
533 204
533 534
534 100
535 167
535 536
536 971
537 471
537 538
538 545
539 236
539 540
540 430
541 542
541 574
542 620
543 544
543 823
544 408
545 94
545 546
546 97
547 273
547 548
548 739
549 437
549 550
550 276
551 130
551 552
552 153
553 554
553 913
554 902
555 350
555 556
556 44
557 558
557 960
558 760
559 560
559 900
560 384
561 41
561 562
562 514
563 564
563 926
564 268
565 308
565 566
566 897
567 304
567 568
568 700
569 565
569 570
570 883
571 10
571 572
572 645
573 549
573 574
574 427
575 209
575 576
576 771
577 578
577 751
578 679
579 151
579 580
580 728
581 582
581 741
582 898
583 584
583 809
584 985
585 371
585 586
586 377
587 33
587 588
588 59
589 590
589 821
590 866
591 117
591 592
592 567
593 594
593 947
594 765
595 163
595 596
596 448
597 598
597 659
598 853
599 600
599 615
600 666
601 185
601 602
602 18
603 604
603 1003
604 51
605 606
605 818
606 570
607 608
607 1002
608 314
609 610
609 923
610 229
611 510
611 612
612 782
613 385
613 614
614 558
615 37
615 616
616 444
617 618
617 708
618 672
619 111
619 620
620 774
621 469
621 622
622 790
623 415
623 624
624 421
625 626
625 996
626 740
627 77
627 628
628 597
629 630
629 934
630 737
631 632
631 657
632 120
633 119
633 634
634 378
635 513
635 636
636 324
637 638
637 957
638 414
639 287
639 640
640 924
641 555
641 642
642 48
643 644
643 938
644 731
645 248
645 646
646 456
647 648
647 791
648 147
649 650
649 834
650 360
651 174
651 652
652 410
653 569
653 654
654 148
655 389
655 656
656 342
657 215
657 658
658 332
659 660
659 699
660 187
661 60
661 662
662 984
663 511
663 664
664 863
665 346
665 666
666 943
667 668
667 851
668 562
669 654
669 670
670 865
671 349
671 672
672 686
673 315
673 674
674 992
675 676
675 844
676 750
677 678
677 833
678 674
679 361
679 680
680 746
681 299
681 682
682 246
683 684
683 795
684 502
685 210
685 686
686 540
687 169
687 688
688 991
689 583
689 690
690 307
691 81
691 692
692 732
693 694
693 747
694 1006
695 152
695 696
696 1000
697 698
697 967
698 875
699 470
699 700
700 668
701 651
701 702
702 889
703 180
703 704
704 840
705 685
705 706
706 895
707 303
707 708
708 714
709 710
709 758
710 707
711 712
711 977
712 354
713 19
713 714
714 822
715 230
715 716
716 500
717 718
717 835
718 775
719 133
719 720
720 703
721 258
721 722
722 970
723 93
723 724
724 734
725 172
725 726
726 357
727 728
727 838
728 648
729 730
729 755
730 644
731 732
731 807
732 224
733 734
733 935
734 776
735 339
735 736
736 652
737 694
737 738
738 966
739 443
739 740
740 546
741 175
741 742
742 830
743 744
743 998
744 772
745 387
745 746
746 939
747 235
747 748
748 619
749 453
749 750
750 906
751 150
751 752
752 616
753 353
753 754
754 931
755 126
755 756
756 168
757 279
757 758
758 285
759 177
759 760
760 894
761 762
761 872
762 811
763 69
763 764
764 814
765 713
765 766
766 12
767 205
767 768
768 240
769 770
769 859
770 281
771 614
771 772
772 426
773 624
773 774
774 521
775 259
775 776
776 434
777 778
777 828
778 262
779 780
779 839
780 904
781 263
781 782
782 264
783 702
783 784
784 800
785 633
785 786
786 858
787 621
787 788
788 424
789 790
789 845
790 921
791 767
791 792
792 716
793 689
793 794
794 646
795 628
795 796
796 665
797 176
797 798
798 940
799 413
799 800
800 96
801 802
801 928
802 234
803 7
803 804
804 656
805 136
805 806
806 166
807 164
807 808
808 98
809 810
809 893
810 915
811 749
811 812
812 158
813 282
813 814
814 888
815 449
815 816
816 406
817 576
817 818
818 788
819 472
819 820
820 222
821 735
821 822
822 438
823 527
823 824
824 182
825 826
825 933
826 632
827 261
827 828
828 951
829 663
829 830
830 677
831 181
831 832
832 744
833 834
833 920
834 778
835 531
835 836
836 20
837 547
837 838
838 599
839 840
839 890
840 626
841 842
841 982
842 330
843 66
843 844
844 198
845 742
845 846
846 154
847 848
847 997
848 374
849 123
849 850
850 195
851 495
851 852
852 275
853 364
853 854
854 848
855 639
855 856
856 82
857 483
857 858
858 643
859 710
859 860
860 678
861 762
861 862
862 170
863 278
863 864
864 112
865 458
865 866
866 505
867 47
867 868
868 912
869 139
869 870
870 861
871 507
871 872
872 593
873 202
873 874
874 909
875 289
875 876
876 783
877 404
877 878
878 891
879 871
879 880
880 806
881 829
881 882
882 972
883 265
883 884
884 670
885 321
885 886
886 826
887 850
887 888
888 380
889 825
889 890
890 973
891 605
891 892
892 715
893 52
893 894
894 849
895 792
895 896
896 270
897 352
897 898
898 556
899 312
899 900
900 466
901 134
901 902
902 8
903 84
903 904
904 522
905 207
905 906
906 692
907 29
907 908
908 62
909 910
909 1001
910 50
911 609
911 912
912 908
913 539
913 914
914 88
915 627
915 916
916 359
917 405
917 918
918 517
919 561
919 920
920 718
921 468
921 922
922 962
923 711
923 924
924 322
925 586
925 926
926 223
927 682
927 928
928 690
929 146
929 930
930 560
931 331
931 932
932 525
933 220
933 934
934 873
935 918
935 936
936 484
937 938
937 976
938 864
939 794
939 940
940 566
941 269
941 942
942 57
943 944
943 956
944 819
945 855
945 946
946 401
947 604
947 948
948 642
949 573
949 950
950 4
951 200
951 952
952 294
953 917
953 954
954 226
955 832
955 956
956 504
957 193
957 958
958 467
959 365
959 960
960 400
961 723
961 962
962 196
963 423
963 964
964 325
965 171
965 966
966 14
967 937
967 968
968 379
969 189
969 970
970 143
971 724
971 972
972 584
973 508
973 974
974 144
975 249
975 976
976 109
977 476
977 978
978 106
979 78
979 980
980 373
981 959
981 982
982 418
983 588
983 984
984 798
985 114
985 986
986 974
987 753
987 988
988 752
989 412
989 990
990 416
991 347
991 992
992 104
993 730
993 994
994 386
995 499
995 996
996 433
997 631
997 998
998 579
999 802
999 1000
1000 40
1001 885
1001 1002
1002 780
1003 1004
1003 1005
1004 451
1005 745
1005 1006
1006 617
1007 250
1007 1008
1008 817
1009 793
1009 1010
1010 28
1011 159
1011 1012
1012 681
1013 397
1013 1014
1014 538
