0 427
0 941
1 130
1 281
3 357
3 379
5 7
4 6
4 791
6 64
7 69
7 535
9 220
9 716
11 30
10 330
10 489
12 580
15 45
15 442
17 18
17 120
19 54
19 685
21 134
21 446
23 24
23 765
24 676
25 26
25 937
26 269
27 28
27 48
28 856
29 30
29 332
30 942
31 32
31 756
32 642
33 34
33 811
34 985
35 1
35 36
36 274
37 38
37 265
38 635
39 40
39 678
40 648
41 42
41 137
42 659
43 44
43 781
44 145
45 46
45 699
46 344
47 48
47 409
48 822
49 33
49 50
50 733
51 52
51 705
52 622
53 54
53 562
54 493
55 56
55 595
56 836
57 58
57 253
58 849
59 60
59 277
60 212
61 62
61 909
62 210
63 64
63 481
64 567
65 66
65 925
66 205
67 68
67 365
68 865
69 70
69 345
70 611
71 72
71 668
72 390
73 74
73 924
74 375
75 76
75 494
76 555
77 78
77 544
78 388
79 80
79 240
80 615
81 82
81 882
82 900
83 84
83 762
84 418
85 86
85 890
86 309
87 88
87 984
88 602
89 90
89 666
90 300
91 92
91 696
92 857
93 94
93 551
94 394
95 96
95 817
96 335
97 98
97 256
98 304
99 100
99 543
100 790
101 52
101 102
102 847
103 104
103 715
104 270
105 106
105 871
106 350
107 108
107 250
108 572
109 110
109 652
110 554
111 112
111 524
112 812
113 114
113 268
114 84
115 116
115 860
116 866
117 118
117 297
118 156
119 120
119 831
120 293
121 122
121 902
122 794
123 124
123 125
124 228
125 126
125 529
126 582
127 128
127 777
128 162
129 130
129 587
130 833
131 132
131 370
132 78
133 134
133 426
134 338
135 19
135 136
136 766
137 138
137 770
138 875
139 140
139 401
140 608
141 142
141 495
142 176
143 144
143 623
144 818
145 146
145 978
146 660
147 148
147 903
148 206
149 150
149 604
150 970
151 139
151 152
152 901
153 154
153 322
154 887
155 156
155 208
156 92
157 158
157 747
158 804
159 160
159 227
160 645
161 89
161 162
162 174
163 4
163 164
164 99
165 166
165 721
166 447
167 168
167 787
168 584
169 170
169 911
170 929
171 159
171 172
172 422
173 174
173 312
174 512
175 176
175 947
176 920
177 135
177 178
178 56
179 180
179 475
180 991
181 182
181 247
182 172
183 184
183 576
184 928
185 186
185 873
186 354
187 188
187 462
188 638
189 129
189 190
190 371
191 192
191 292
192 486
193 194
193 507
194 211
195 196
195 201
196 178
197 198
197 986
198 531
199 200
199 742
200 673
201 202
201 416
202 368
203 6
203 204
204 953
205 206
205 343
206 224
207 119
207 208
208 677
209 210
209 465
210 340
211 212
211 533
212 914
213 214
213 609
214 505
215 216
215 315
216 131
217 218
217 498
218 724
219 220
219 511
220 559
221 222
221 843
222 278
223 224
223 717
224 759
225 226
225 864
226 474
227 228
227 601
228 832
229 230
229 855
230 9
231 232
231 813
232 610
233 234
233 803
234 793
235 157
235 236
236 969
237 238
237 877
238 599
239 240
239 878
240 255
241 242
241 647
242 729
243 94
243 244
244 473
245 246
245 1010
246 922
247 248
247 317
248 460
249 250
249 731
250 138
251 252
251 852
252 748
253 254
253 815
254 464
255 31
255 256
256 710
257 258
257 661
258 479
259 260
259 979
260 46
261 262
261 395
262 40
263 264
263 283
264 191
265 175
265 266
266 910
267 268
267 306
268 606
269 270
269 886
270 550
271 39
271 272
272 404
273 274
273 488
274 826
275 276
275 977
276 880
277 278
277 557
278 688
279 280
279 795
280 21
281 282
281 429
282 662
283 284
283 923
284 203
285 85
285 286
286 757
287 152
287 288
288 308
289 53
289 290
290 236
291 292
291 927
292 424
293 294
293 671
294 234
295 296
295 501
296 93
297 296
297 298
298 204
299 300
299 656
300 598
301 302
301 751
302 607
303 304
303 719
304 454
305 306
305 333
306 441
307 103
307 308
308 141
309 310
309 381
310 20
311 312
311 711
312 591
313 164
313 314
314 436
315 316
315 949
316 537
317 318
317 487
318 452
319 320
319 854
320 904
321 322
321 328
322 110
323 324
323 380
324 996
325 47
325 326
326 155
327 328
327 349
328 288
329 267
329 330
330 964
331 23
331 332
332 586
333 334
333 981
334 718
335 336
335 999
336 746
337 338
337 879
338 596
339 70
339 340
340 884
341 342
341 837
342 285
343 344
343 618
344 90
345 346
345 523
346 272
347 348
347 603
348 496
349 342
349 350
350 786
351 316
351 352
352 532
353 354
353 684
354 1000
355 356
355 694
356 80
357 223
357 358
358 797
359 271
359 360
360 772
361 362
361 744
362 68
363 364
363 801
364 640
365 366
365 919
366 907
367 368
367 451
368 841
369 370
369 916
370 266
371 372
371 624
372 444
373 374
373 485
374 740
375 376
375 675
376 820
377 378
377 457
378 725
379 380
379 445
380 698
381 382
381 959
382 600
383 384
383 490
384 443
385 386
385 930
386 881
387 388
387 649
388 754
389 390
389 484
390 97
391 232
391 392
392 518
393 394
393 933
394 449
395 291
395 396
396 124
397 398
397 681
398 67
399 400
399 637
400 708
401 377
401 402
402 351
403 188
403 404
404 686
405 406
405 428
406 982
407 408
407 633
408 128
409 410
409 561
410 239
411 165
411 412
412 425
413 207
413 414
414 389
415 225
415 416
416 628
417 418
417 736
418 549
419 420
419 478
420 336
421 422
421 613
422 566
423 424
423 802
424 8
425 426
425 734
426 680
427 428
427 789
428 384
429 430
429 767
430 629
431 432
431 926
432 320
433 434
433 958
434 588
435 436
435 528
436 630
437 430
437 438
438 144
439 385
439 440
440 431
441 407
441 442
442 713
443 444
443 720
444 353
445 171
445 446
446 701
447 11
447 448
448 574
449 450
449 874
450 634
451 325
451 452
452 993
453 454
453 468
454 412
455 435
455 456
456 26
457 301
457 458
458 136
459 460
459 527
460 403
461 462
461 530
462 575
463 86
463 464
464 968
465 194
465 466
466 689
467 468
467 773
468 500
469 398
469 470
470 726
471 109
471 472
472 218
473 280
473 474
474 146
475 466
475 476
476 750
477 478
477 644
478 112
479 480
479 755
480 406
481 482
481 545
482 764
483 393
483 484
484 570
485 486
485 785
486 848
487 43
487 488
488 593
489 471
489 490
490 248
491 411
491 492
492 448
493 386
493 494
494 778
495 282
495 496
496 714
497 439
497 498
498 753
499 500
499 639
500 356
501 502
501 987
502 87
503 17
503 504
504 79
505 209
505 506
506 590
507 508
507 931
508 819
509 61
509 510
510 28
511 307
511 512
512 383
513 514
513 709
514 651
515 229
515 516
516 217
517 518
517 827
518 453
519 520
519 664
520 432
521 437
521 522
522 760
523 524
523 963
524 525
525 434
525 526
526 392
527 167
527 528
528 1009
529 530
529 973
530 775
531 295
531 532
532 780
533 534
533 1007
534 44
535 185
535 536
536 12
537 81
537 538
538 788
539 517
539 540
540 960
541 508
541 542
542 650
543 544
543 967
544 118
545 361
545 546
546 150
547 115
547 548
548 98
549 29
549 550
550 612
551 552
551 687
552 482
553 554
553 859
554 983
555 246
555 556
556 672
557 558
557 589
558 235
559 101
559 560
560 514
561 221
561 562
562 641
563 450
563 564
564 728
565 566
565 846
566 840
567 391
567 568
568 104
569 367
569 570
570 565
571 346
571 572
572 24
573 339
573 574
574 568
575 576
575 893
576 469
577 126
577 578
578 173
579 59
579 580
580 88
581 151
581 582
582 231
583 584
583 896
584 226
585 318
585 586
586 918
587 588
587 943
588 653
589 305
589 590
590 932
591 592
591 990
592 654
593 594
593 810
594 858
595 51
595 596
596 548
597 160
597 598
598 456
599 331
599 600
600 616
601 319
601 602
602 690
603 423
603 604
604 956
605 373
605 606
606 806
607 608
607 839
608 632
609 578
609 610
610 32
611 612
611 646
612 776
613 369
613 614
614 420
615 36
615 616
616 702
617 219
617 618
618 71
619 553
619 620
620 547
621 577
621 622
622 258
623 624
623 844
624 290
625 233
625 626
626 289
627 509
627 628
628 752
629 279
629 630
630 828
631 632
631 898
632 359
633 634
633 965
634 552
635 149
635 636
636 408
637 621
637 638
638 314
639 640
639 946
640 594
641 642
641 897
642 976
643 399
643 644
644 37
645 646
645 830
646 116
647 362
647 648
648 480
649 65
649 650
650 657
651 12
651 652
652 133
653 142
653 654
654 310
655 656
655 805
656 438
657 242
657 658
658 476
659 660
659 695
660 72
661 169
661 662
662 597
663 643
663 664
664 1002
665 287
665 666
666 503
667 668
667 889
668 199
669 670
669 853
670 834
671 667
671 672
672 948
673 674
673 972
674 260
675 655
675 676
676 706
677 497
677 678
678 538
679 117
679 680
680 108
681 183
681 682
682 2
683 190
683 684
684 542
685 276
685 686
686 730
687 461
687 688
688 774
689 302
689 690
690 372
691 91
691 692
692 60
693 694
693 814
694 712
695 215
695 696
696 166
697 698
697 741
698 995
699 563
699 700
700 262
701 583
701 702
702 980
703 704
703 989
704 400
705 706
705 851
706 992
707 321
707 708
708 894
709 74
709 710
710 366
711 712
711 869
712 966
713 714
713 758
714 842
715 516
715 716
716 107
717 303
717 718
718 691
719 720
719 861
720 519
721 73
721 722
722 1004
723 326
723 724
724 216
725 726
725 783
726 102
727 728
727 957
728 472
729 674
729 730
730 974
731 3
731 732
732 202
733 734
733 915
734 1014
735 147
735 736
736 25
737 341
737 738
738 27
739 510
739 740
740 592
741 742
741 891
742 358
743 693
743 744
744 506
745 627
745 746
746 704
747 378
747 748
748 382
749 750
749 1005
750 374
751 752
751 769
752 10
753 163
753 754
754 658
755 410
755 756
756 113
757 249
757 758
758 348
759 760
759 1013
760 254
761 364
761 762
762 522
763 764
763 1006
764 998
765 697
765 766
766 324
767 665
767 768
768 193
769 770
769 1011
770 768
771 683
771 772
772 988
773 499
773 774
774 96
775 50
775 776
776 808
777 778
777 938
778 997
779 214
779 780
780 876
781 49
781 782
782 106
783 198
783 784
784 82
785 286
785 786
786 5
787 57
787 788
788 14
789 257
789 790
790 196
791 631
791 792
792 872
793 121
793 794
794 433
795 195
795 796
796 100
797 798
797 934
798 954
799 95
799 800
800 605
801 259
801 802
802 238
803 35
803 804
804 745
805 727
805 806
806 921
807 808
807 944
808 458
809 810
809 845
810 526
811 812
811 835
812 546
813 558
813 814
814 585
815 737
815 816
816 38
817 413
817 818
818 504
819 417
819 820
820 560
821 822
821 912
822 261
823 197
823 824
824 405
825 826
825 892
826 264
827 669
827 828
828 994
829 463
829 830
830 863
831 625
831 832
832 397
833 823
833 834
834 251
835 836
835 1001
836 22
837 838
837 961
838 945
839 158
839 840
840 186
841 419
841 842
842 700
843 181
843 844
844 782
845 626
845 846
846 899
847 122
847 848
848 16
849 41
849 850
850 807
851 852
851 939
852 200
853 854
853 955
854 34
855 856
855 935
856 761
857 177
857 858
858 556
859 123
859 860
860 779
861 313
861 862
862 771
863 864
863 936
864 153
865 222
865 866
866 273
867 180
867 868
868 140
869 870
869 975
870 862
871 732
871 872
872 241
873 421
873 874
874 906
875 154
875 876
876 132
877 263
877 878
878 540
879 63
879 880
880 888
881 636
881 882
882 536
883 15
883 884
884 11
885 883
885 886
886 868
887 888
887 913
888 182
889 738
889 890
890 299
891 569
891 892
892 360
893 477
893 894
894 571
895 355
895 896
896 168
897 838
897 898
898 952
899 111
899 900
900 275
901 58
901 902
902 763
903 703
903 904
904 184
905 491
905 906
906 75
907 798
907 908
908 796
909 455
909 910
910 940
911 619
911 912
912 735
913 77
913 914
914 13
915 187
915 916
916 867
917 502
917 918
918 573
919 323
919 920
920 298
921 784
921 922
922 534
923 459
923 924
924 829
925 483
925 926
926 376
927 749
927 928
928 76
929 55
929 930
930 513
931 539
931 932
932 521
933 934
933 951
934 213
935 617
935 936
936 127
937 938
937 962
938 816
939 723
939 940
940 614
941 942
941 971
942 492
943 294
943 944
944 870
945 515
945 946
946 707
947 337
947 948
948 1012
949 620
949 950
950 244
951 237
951 952
952 663
953 792
953 954
954 825
955 821
955 956
956 415
957 800
957 958
958 850
959 579
959 960
960 679
961 363
961 962
962 170
963 743
963 964
964 895
965 396
965 966
966 440
967 311
967 968
968 252
969 670
969 970
970 1003
971 581
971 972
972 414
973 387
973 974
974 682
975 189
975 976
976 950
977 824
977 978
978 564
979 905
979 980
980 352
981 347
981 982
982 1008
983 245
983 984
984 402
985 809
985 986
986 66
987 143
987 988
988 148
989 161
989 990
990 5
991 329
991 992
992 739
993 42
993 994
994 917
995 467
995 996
996 722
997 83
997 998
998 192
999 334
999 1000
1000 243
1001 799
1001 1002
1002 885
1003 284
1003 1004
1004 692
1005 541
1005 1006
1006 105
1007 179
1007 1008
1008 520
1009 230
1009 1010
1010 470
1011 327
1011 1012
1012 62
1013 114
1013 1014
1014 908
