0 751
0 759
1 425
1 776
2 58
2 264
3 501
3 663
5 423
4 318
4 766
6 314
9 599
9 980
11 432
10 795
10 926
12 325
15 758
15 915
17 18
17 433
19 469
19 1009
21 254
21 421
23 17
23 24
24 61
25 26
25 841
26 551
27 28
27 415
28 133
29 30
29 809
30 504
31 32
31 807
32 638
33 34
33 728
34 391
35 36
35 983
36 613
37 38
37 485
38 898
39 40
39 793
40 487
41 42
41 488
42 692
43 23
43 44
44 737
45 4
45 46
46 434
47 48
47 738
48 774
49 50
49 266
50 823
51 52
51 1006
52 711
53 54
53 357
54 716
55 56
55 274
56 161
57 58
57 162
58 262
59 60
59 341
60 7
61 62
61 343
62 34
63 64
63 459
64 876
65 66
65 206
66 477
67 68
67 1001
68 884
69 70
69 656
70 366
71 72
71 611
72 995
73 74
73 502
74 542
75 76
75 801
76 864
77 78
77 271
78 478
79 80
79 480
80 834
81 82
81 819
82 280
83 84
83 815
84 649
85 86
85 175
86 410
87 88
87 315
88 540
89 90
89 417
90 346
91 92
91 847
92 858
93 94
93 756
94 174
95 71
95 96
96 498
97 98
97 319
98 286
99 100
99 743
100 233
101 89
101 102
102 780
103 104
103 959
104 727
105 106
105 371
106 78
107 108
107 852
108 442
109 110
109 857
110 230
111 112
111 797
112 369
113 114
113 395
114 879
115 54
115 116
116 622
117 118
117 509
118 344
119 120
119 181
120 671
121 122
121 179
122 378
123 124
123 243
124 14
125 126
125 138
126 596
127 128
127 285
128 788
129 130
129 770
130 5
131 132
131 456
132 334
133 134
133 729
134 842
135 136
135 653
136 115
137 138
137 811
138 293
139 140
139 1007
140 648
141 142
141 460
142 856
143 144
143 269
144 527
145 146
145 765
146 39
147 148
147 301
148 907
149 139
149 150
150 383
151 152
151 892
152 470
153 136
153 154
154 276
155 156
155 219
156 435
157 158
157 817
158 20
159 160
159 163
160 5
161 162
161 578
162 376
163 150
163 164
164 874
165 73
165 166
166 590
167 168
167 917
168 844
169 170
169 197
170 730
171 172
171 657
172 558
173 174
173 920
174 164
175 176
175 775
176 55
177 178
177 665
178 499
179 169
179 180
180 406
181 182
181 235
182 360
183 184
183 400
184 182
185 125
185 186
186 326
187 188
187 268
188 384
189 190
189 565
190 313
191 192
191 511
192 828
193 194
193 781
194 786
195 196
195 479
196 658
197 198
197 403
198 302
199 200
199 905
200 659
201 202
201 231
202 80
203 204
203 855
204 588
205 206
205 473
206 368
207 208
207 635
208 960
209 210
209 545
210 799
211 212
211 1004
212 204
213 214
213 708
214 494
215 35
215 216
216 56
217 218
217 255
218 518
219 167
219 220
220 955
221 222
221 731
222 153
223 224
223 529
224 922
225 207
225 226
226 560
227 228
227 912
228 524
229 74
229 230
230 878
231 232
231 372
232 846
233 234
233 932
234 634
235 236
235 624
236 621
237 238
237 270
238 660
239 85
239 240
240 173
241 111
241 242
242 128
243 244
243 859
244 201
245 246
245 361
246 65
247 113
247 248
248 336
249 196
249 250
250 818
251 252
251 647
252 102
253 254
253 263
254 965
255 256
255 643
256 359
257 258
257 715
258 641
259 260
259 826
260 328
261 225
261 262
262 351
263 264
263 791
264 86
265 266
265 981
266 308
267 268
267 637
268 177
269 270
269 291
270 349
271 84
271 272
272 640
273 135
273 274
274 246
275 9
275 276
276 873
277 278
277 679
278 185
279 280
279 589
280 440
281 282
281 934
282 188
283 284
283 453
284 875
285 11
285 286
286 822
287 137
287 288
288 90
289 290
289 891
290 705
291 149
291 292
292 537
293 234
293 294
294 388
295 296
295 463
296 627
297 298
297 651
298 769
299 194
299 300
300 772
301 302
301 475
302 112
303 95
303 304
304 472
305 306
305 492
306 482
307 308
307 581
308 897
309 310
309 559
310 374
311 217
311 312
312 481
313 314
313 491
314 988
315 97
315 316
316 242
317 311
317 318
318 687
319 320
319 963
320 628
321 322
321 591
322 615
323 324
323 839
324 6
325 326
325 521
326 904
327 328
327 923
328 644
329 330
329 929
330 464
331 117
331 332
332 307
333 334
333 947
334 38
335 336
335 723
336 252
337 338
337 1013
338 292
339 340
339 750
340 474
341 265
341 342
342 749
343 344
343 547
344 889
345 346
345 451
346 468
347 324
347 348
348 60
349 350
349 393
350 232
351 134
351 352
352 966
353 331
353 354
354 82
355 356
355 397
356 942
357 358
357 429
358 151
359 360
359 580
360 610
361 267
361 362
362 870
363 364
363 925
364 380
365 53
365 366
366 1000
367 304
367 368
368 674
369 282
369 370
370 572
371 372
371 736
372 120
373 260
373 374
374 880
375 1
375 376
376 768
377 378
377 991
378 812
379 143
379 380
380 297
381 44
381 382
382 669
383 210
383 384
384 808
385 386
385 617
386 748
387 388
387 625
388 438
389 390
389 914
390 98
391 392
391 569
392 226
393 394
393 629
394 940
395 47
395 396
396 15
397 398
397 543
398 390
399 239
399 400
400 987
401 402
401 673
402 636
403 258
403 404
404 322
405 406
405 993
406 42
407 408
407 672
408 444
409 410
409 465
410 695
411 412
411 854
412 606
413 414
413 787
414 114
415 50
415 416
416 862
417 418
417 783
418 688
419 329
419 420
420 971
421 422
421 601
422 287
423 424
423 954
424 924
425 426
425 951
426 568
427 428
427 623
428 553
429 430
429 697
430 952
431 10
431 432
432 213
433 434
433 573
434 249
435 436
435 760
436 533
437 147
437 438
438 835
439 440
439 740
440 563
441 442
441 539
442 520
443 157
443 444
444 720
445 446
445 666
446 228
447 448
447 913
448 272
449 257
449 450
450 178
451 452
451 931
452 427
453 454
453 745
454 718
455 100
455 456
456 608
457 458
457 869
458 535
459 99
459 460
460 278
461 462
461 517
462 771
463 464
463 887
464 890
465 466
465 792
466 244
467 426
467 468
468 605
469 470
469 742
470 958
471 472
471 927
472 420
473 474
473 796
474 948
475 476
475 703
476 183
477 203
477 478
478 51
479 208
479 480
480 739
481 416
481 482
482 229
483 121
483 484
484 800
485 486
485 985
486 820
487 488
487 526
488 946
489 490
489 764
490 424
491 492
491 986
492 706
493 494
493 1003
494 340
495 27
495 496
496 1014
497 493
497 498
498 525
499 462
499 500
500 594
501 495
501 502
502 953
503 504
503 655
504 81
505 506
505 843
506 94
507 508
507 554
508 872
509 253
509 510
510 159
511 512
511 945
512 332
513 503
513 514
514 299
515 516
515 609
516 575
517 497
517 518
518 691
519 520
519 895
520 330
521 522
521 753
522 652
523 524
523 979
524 894
525 312
525 526
526 316
527 528
527 789
528 619
529 283
529 530
530 70
531 532
531 994
532 676
533 364
533 534
534 528
535 536
535 840
536 616
537 538
537 997
538 536
539 245
539 540
540 896
541 542
541 725
542 109
543 544
543 882
544 446
545 546
545 949
546 667
547 548
547 970
548 57
549 110
549 550
550 863
551 516
551 552
552 746
553 554
553 999
554 957
555 25
555 556
556 712
557 327
557 558
558 486
559 436
559 560
560 398
561 342
561 562
562 381
563 152
563 564
564 118
565 546
565 566
566 68
567 466
567 568
568 678
569 570
569 798
570 408
571 572
571 916
572 154
573 461
573 574
574 191
575 576
575 967
576 806
577 578
577 670
578 996
579 580
579 893
580 165
581 321
581 582
582 794
583 377
583 584
584 430
585 122
585 586
586 40
587 588
587 821
588 602
589 590
589 933
590 209
591 422
591 592
592 680
593 594
593 722
594 392
595 596
595 861
596 64
597 598
597 754
598 544
599 428
599 600
600 19
601 602
601 973
602 778
603 604
603 804
604 142
605 259
605 606
606 448
607 574
607 608
608 419
609 610
609 693
610 639
611 612
611 773
612 603
613 227
613 614
614 538
615 140
615 616
616 370
617 363
617 618
618 11
619 620
619 714
620 298
621 144
621 622
622 710
623 337
623 624
624 709
625 626
625 650
626 88
627 8
627 628
628 522
629 187
629 630
630 200
631 399
631 632
632 158
633 155
633 634
634 12
635 636
635 989
636 467
637 638
637 1011
638 810
639 640
639 956
640 964
641 87
641 642
642 387
643 375
643 644
644 866
645 130
645 646
646 838
647 648
647 668
648 6
649 37
649 650
650 457
651 652
651 937
652 352
653 123
653 654
654 295
655 365
655 656
656 385
657 658
657 698
658 489
659 505
659 660
660 950
661 662
661 827
662 105
663 281
663 664
664 813
665 103
665 666
666 166
667 431
667 668
668 31
669 389
669 670
670 763
671 77
671 672
672 66
673 335
673 674
674 702
675 676
675 978
676 972
677 91
677 678
678 930
679 449
679 680
680 724
681 654
681 682
682 362
683 29
683 684
684 534
685 686
685 836
686 700
687 645
687 688
688 13
689 690
689 741
690 172
691 127
691 692
692 310
693 211
693 694
694 414
695 681
695 696
696 694
697 409
697 698
698 221
699 700
699 779
700 62
701 3
701 702
702 744
703 289
703 704
704 215
705 199
705 706
706 626
707 618
707 708
708 837
709 193
709 710
710 555
711 339
711 712
712 550
713 445
713 714
714 251
715 567
715 716
716 404
717 718
717 845
718 557
719 247
719 720
720 696
721 600
721 722
722 52
723 223
723 724
724 868
725 471
725 726
726 556
727 728
727 990
728 124
729 21
729 730
730 903
731 732
731 883
732 294
733 701
733 734
734 107
735 63
735 736
736 595
737 738
737 757
738 275
739 732
739 740
740 885
741 12
741 742
742 79
743 744
743 911
744 910
745 631
745 746
746 612
747 586
747 748
748 250
749 69
749 750
750 454
751 752
751 853
752 943
753 721
753 754
754 212
755 704
755 756
756 571
757 758
757 982
758 541
759 43
759 760
760 171
761 579
761 762
762 733
763 483
763 764
764 450
765 441
765 766
766 562
767 418
767 768
768 514
769 190
769 770
770 824
771 531
771 772
772 900
773 561
773 774
774 32
775 713
775 776
776 593
777 778
777 848
778 1002
779 519
779 780
780 224
781 75
781 782
782 356
783 2
783 784
784 1012
785 761
785 786
786 919
787 788
787 906
788 354
789 790
789 825
790 632
791 345
791 792
792 279
793 719
793 794
794 396
795 796
795 850
796 26
797 798
797 865
798 333
799 195
799 800
800 126
801 607
801 802
802 816
803 804
803 805
804 530
805 806
805 899
806 921
807 510
807 808
808 222
809 447
809 810
810 686
811 662
811 812
812 717
813 67
813 814
814 888
815 633
815 816
816 675
817 818
817 918
818 248
819 309
819 820
820 830
821 512
821 822
822 386
823 439
823 824
824 777
825 148
825 826
826 205
827 261
827 828
828 962
829 218
829 830
830 832
831 767
831 832
832 240
833 405
833 834
834 484
835 176
835 836
836 129
837 831
837 838
838 1010
839 840
839 935
840 620
841 402
841 842
842 411
843 844
843 998
844 860
845 552
845 846
846 646
847 156
847 848
848 184
849 353
849 850
850 851
851 661
851 852
852 476
853 735
853 854
854 284
855 192
855 856
856 570
857 160
857 858
858 490
859 860
859 1008
860 585
861 862
861 867
862 412
863 598
863 864
864 614
865 866
865 939
866 180
867 582
867 868
868 790
869 236
869 870
870 455
871 168
871 872
872 784
873 506
873 874
874 320
875 36
875 876
876 296
877 878
877 992
878 355
879 880
879 976
880 300
881 288
881 882
882 108
883 682
883 884
884 548
885 407
885 886
886 564
887 888
887 961
888 977
889 549
889 890
890 604
891 401
891 892
892 684
893 683
893 894
894 782
895 338
895 896
896 496
897 347
897 898
898 214
899 734
899 900
900 938
901 902
901 936
902 508
903 46
903 904
904 902
905 28
905 906
906 881
907 901
907 908
908 306
909 500
909 910
910 592
911 101
911 912
912 576
913 452
913 914
914 290
915 916
915 944
916 747
917 45
917 918
918 41
919 106
919 920
920 238
921 48
921 922
922 76
923 507
923 924
924 886
925 256
925 926
926 642
927 829
927 928
928 16
929 367
929 930
930 984
931 515
931 932
932 630
933 145
933 934
934 833
935 699
935 936
936 803
937 358
937 938
938 348
939 83
939 940
940 968
941 785
941 942
942 532
943 22
943 944
944 974
945 513
945 946
946 908
947 597
947 948
948 690
949 277
949 950
950 443
951 941
951 952
952 350
953 72
953 954
954 92
955 458
955 956
956 1005
957 394
957 958
958 584
959 577
959 960
960 689
961 146
961 962
962 685
963 583
963 964
964 707
965 752
965 966
966 373
967 802
967 968
968 93
969 241
969 970
970 437
971 664
971 972
972 186
973 237
973 974
974 814
975 677
975 976
976 726
977 116
977 978
978 871
979 189
979 980
980 220
981 119
981 982
982 24
983 202
983 984
984 305
985 49
985 986
986 141
987 975
987 988
988 170
989 323
989 990
990 909
991 523
991 992
992 413
993 379
993 994
994 131
995 273
995 996
996 96
997 587
997 998
998 30
999 382
999 1000
1000 755
1001 877
1001 1002
1002 216
1003 849
1003 1004
1004 317
1005 198
1005 1006
1006 928
1007 303
1007 1008
1008 969
1009 33
1009 1010
1010 132
1011 762
1011 1012
1012 104
1013 59
1013 1014
1014 566
