0 359
0 687
2 555
2 727
3 572
3 839
5 536
4 53
4 769
6 319
8 183
8 184
9 98
9 970
10 58
10 182
11 890
12 122
15 507
15 809
17 228
17 557
19 352
19 698
21 284
21 876
23 24
23 26
24 699
25 26
25 491
26 415
27 28
27 48
28 224
29 30
29 343
30 311
31 32
31 987
32 121
33 34
33 816
34 494
35 36
35 179
36 126
37 38
37 393
38 898
39 40
39 341
40 927
41 42
41 860
42 148
43 44
43 865
44 968
45 46
45 385
46 489
47 48
47 427
48 801
49 50
49 267
50 195
51 47
51 52
52 531
53 54
53 349
54 469
55 56
55 647
56 112
57 58
57 72
58 658
59 60
59 949
60 220
61 62
61 872
62 679
63 38
63 64
64 286
65 66
65 703
66 818
67 68
67 421
68 623
69 70
69 411
70 626
71 72
71 693
72 752
73 74
73 984
74 622
75 76
75 547
76 304
77 78
77 990
78 212
79 80
79 529
80 539
81 82
81 455
82 432
83 84
83 853
84 34
85 86
85 1005
86 866
87 88
87 467
88 139
89 90
89 168
90 558
91 92
91 812
92 180
93 94
93 523
94 678
95 96
95 405
96 711
97 98
97 637
98 542
99 100
99 223
100 247
101 102
101 498
102 1
103 104
103 828
104 16
105 106
105 244
106 342
107 108
107 681
108 181
109 110
109 862
110 330
111 112
111 465
112 953
113 74
113 114
114 592
115 116
115 231
116 516
117 118
117 668
118 252
119 120
119 482
120 282
121 122
121 192
122 14
123 124
123 295
124 666
125 126
125 257
126 172
127 128
127 207
128 889
129 130
129 155
130 441
131 132
131 142
132 167
133 134
133 697
134 221
135 136
135 961
136 733
137 138
137 655
138 478
139 140
139 515
140 726
141 4
141 142
142 428
143 144
143 730
144 276
145 146
145 940
146 315
147 148
147 325
148 629
149 150
149 843
150 893
151 152
151 808
152 616
153 154
153 585
154 444
155 156
155 983
156 943
157 158
157 174
158 487
159 160
159 163
160 617
161 162
161 509
162 56
163 164
163 663
164 65
165 166
165 757
166 562
167 151
167 168
168 596
169 170
169 939
170 852
171 172
171 879
172 134
173 174
173 178
174 760
175 176
175 864
176 700
177 178
177 735
178 566
179 180
179 814
180 124
181 182
181 928
182 326
183 184
183 320
184 85
185 186
185 649
186 504
187 188
187 959
188 965
189 190
189 640
190 632
191 192
191 741
192 857
193 194
193 826
194 64
195 196
195 895
196 128
197 198
197 849
198 371
199 153
199 200
200 880
201 49
201 202
202 230
203 204
203 901
204 918
205 206
205 468
206 410
207 208
207 913
208 508
209 210
209 807
210 522
211 212
211 978
212 298
213 80
213 214
214 842
215 216
215 613
216 527
217 208
217 218
218 912
219 40
219 220
220 347
221 222
221 958
222 204
223 224
223 669
224 446
225 226
225 761
226 138
227 228
227 656
228 836
229 230
229 514
230 340
231 232
231 363
232 734
233 234
233 881
234 646
235 236
235 813
236 810
237 238
237 1000
238 910
239 240
239 443
240 423
241 242
241 271
242 783
243 244
243 614
244 200
245 246
245 773
246 450
247 248
247 449
248 563
249 250
249 464
250 422
251 252
251 840
252 106
253 254
253 294
254 312
255 256
255 803
256 603
257 19
257 258
258 22
259 260
259 683
260 724
261 262
261 926
262 119
263 264
263 871
264 162
265 266
265 869
266 240
267 209
267 268
268 197
269 270
269 855
270 99
271 127
271 272
272 688
273 274
273 373
274 145
275 276
275 694
276 302
277 278
277 353
278 564
279 280
279 380
280 278
281 154
281 282
282 90
283 284
283 725
284 372
285 286
285 473
286 696
287 288
287 499
288 587
289 290
289 303
290 793
291 292
291 907
292 932
293 37
293 294
294 433
295 296
295 378
296 689
297 298
297 358
298 258
299 300
299 556
300 30
301 302
301 806
302 426
303 216
303 304
304 966
305 171
305 306
306 878
307 308
307 386
308 716
309 71
309 310
310 579
311 312
311 554
312 692
313 314
313 790
314 76
315 316
315 416
316 260
317 67
317 318
318 414
319 320
319 1013
320 942
321 274
321 322
322 374
323 324
323 361
324 392
325 326
325 665
326 954
327 328
327 817
328 935
329 330
329 859
330 789
331 332
331 387
332 388
333 150
333 334
334 418
335 336
335 825
336 440
337 338
337 1006
338 110
339 340
339 445
340 710
341 342
341 768
342 89
343 344
343 944
344 424
345 6
345 346
346 820
347 348
347 925
348 398
349 350
349 578
350 894
351 352
351 960
352 963
353 241
353 354
354 833
355 210
355 356
356 403
357 287
357 358
358 329
359 360
359 997
360 981
361 29
361 362
362 324
363 364
363 659
364 660
365 366
365 672
366 104
367 368
367 495
368 936
369 370
369 897
370 382
371 372
371 457
372 136
373 374
373 577
374 486
375 152
375 376
376 607
377 378
377 713
378 756
379 380
379 397
380 654
381 382
381 745
382 947
383 384
383 715
384 481
385 386
385 661
386 979
387 187
387 388
388 821
389 390
389 931
390 368
391 233
391 392
392 759
393 394
393 992
394 586
395 396
395 458
396 590
397 398
397 483
398 290
399 25
399 400
400 337
401 402
401 719
402 130
403 404
403 610
404 664
405 79
405 406
406 777
407 165
407 408
408 955
409 93
409 410
410 747
411 412
411 511
412 344
413 414
413 714
414 722
415 416
415 567
416 164
417 418
417 639
418 211
419 420
419 781
420 102
421 141
421 422
422 170
423 424
423 902
424 844
425 62
425 426
426 540
427 2
427 428
428 520
429 430
429 568
430 366
431 432
431 673
432 643
433 131
433 434
434 313
435 44
435 436
436 116
437 55
437 438
438 132
439 308
439 440
440 1010
441 442
441 574
442 328
443 444
443 1003
444 261
445 336
445 446
446 1009
447 345
447 448
448 543
449 394
449 450
450 338
451 355
451 452
452 292
453 201
453 454
454 605
455 456
455 920
456 580
457 81
457 458
458 795
459 402
459 460
460 538
461 462
461 915
462 173
463 306
463 464
464 232
465 199
465 466
466 786
467 409
467 468
468 824
469 158
469 470
470 740
471 28
471 472
472 254
473 474
473 657
474 971
475 476
475 945
476 948
477 346
477 478
478 262
479 480
479 924
480 792
481 482
481 930
482 861
483 479
483 484
484 10
485 321
485 486
486 830
487 288
487 488
488 802
489 490
489 599
490 484
491 96
491 492
492 921
493 494
493 985
494 779
495 496
495 751
496 354
497 367
497 498
498 97
499 500
499 559
500 628
501 61
501 502
502 84
503 350
503 504
504 140
505 431
505 506
506 466
507 508
507 685
508 503
509 360
509 510
510 625
511 512
511 549
512 784
513 514
513 638
514 264
515 259
515 516
516 938
517 518
517 916
518 143
519 437
519 520
520 15
521 205
521 522
522 776
523 524
523 841
524 255
525 526
525 609
526 226
527 528
527 854
528 32
529 107
529 530
530 188
531 532
531 886
532 439
533 534
533 583
534 470
535 235
535 536
536 770
537 538
537 584
538 77
539 500
539 540
540 788
541 542
541 994
542 12
543 135
543 544
544 838
545 480
545 546
546 12
547 362
547 548
548 370
549 550
549 811
550 680
551 425
551 552
552 114
553 310
553 554
554 365
555 556
555 749
556 744
557 218
557 558
558 472
559 475
559 560
560 800
561 562
561 612
562 9
563 533
563 564
564 189
565 566
565 621
566 146
567 568
567 765
568 870
569 570
569 641
570 59
571 569
571 572
572 111
573 574
573 706
574 18
575 576
575 600
576 222
577 206
577 578
578 743
579 236
579 580
580 43
581 582
581 819
582 728
583 584
583 952
584 642
585 586
585 738
586 998
587 588
587 707
588 630
589 565
589 590
590 636
591 229
591 592
592 52
593 272
593 594
594 787
595 596
595 989
596 708
597 598
597 905
598 125
599 600
599 973
600 976
601 309
601 602
602 408
603 137
603 604
604 545
605 525
605 606
606 316
607 608
607 746
608 20
609 610
609 1011
610 323
611 604
611 612
612 753
613 614
613 1001
614 31
615 616
615 951
616 86
617 463
617 618
618 676
619 620
619 701
620 778
621 95
621 622
622 513
623 237
623 624
624 832
625 219
625 626
626 390
627 628
627 995
628 929
629 8
629 630
630 190
631 632
631 975
632 782
633 193
633 634
634 299
635 377
635 636
636 24
637 638
637 891
638 721
639 640
639 887
640 972
641 277
641 642
642 620
643 644
643 906
644 645
645 646
645 1012
646 70
647 597
647 648
648 868
649 650
649 705
650 595
651 69
651 652
652 225
653 654
653 848
654 5
655 581
655 656
656 248
657 658
657 885
658 709
659 651
659 660
660 413
661 662
661 919
662 87
663 664
663 851
664 474
665 666
665 933
666 986
667 335
667 668
668 829
669 670
669 785
670 434
671 6
671 672
672 904
673 671
673 674
674 227
675 253
675 676
676 704
677 678
677 731
678 534
679 519
679 680
680 791
681 682
681 909
682 606
683 675
683 684
684 512
685 289
685 686
686 899
687 203
687 688
688 123
689 348
689 690
690 798
691 615
691 692
692 430
693 149
693 694
694 293
695 159
695 696
696 105
697 21
697 698
698 1004
699 700
699 888
700 772
701 39
701 702
702 186
703 452
703 704
704 301
705 706
705 969
706 404
707 708
707 967
708 420
709 548
709 710
710 690
711 389
711 712
712 797
713 667
713 714
714 815
715 716
715 748
716 369
717 718
717 941
718 198
719 103
719 720
720 334
721 541
721 722
722 202
723 724
723 794
724 322
725 60
725 726
726 618
727 157
727 728
728 496
729 730
729 732
730 702
731 712
731 732
732 670
733 502
733 734
734 118
735 736
735 877
736 117
737 738
737 831
738 903
739 501
739 740
740 974
741 133
741 742
742 296
743 75
743 744
744 488
745 27
745 746
746 279
747 748
747 805
748 593
749 453
749 750
750 535
751 752
751 845
752 447
753 250
753 754
754 314
755 756
755 763
756 23
757 270
757 758
758 169
759 524
759 760
760 723
761 750
761 762
762 653
763 245
763 764
764 108
765 650
765 766
766 33
767 239
767 768
768 737
769 530
769 770
770 94
771 718
771 772
772 686
773 417
773 774
774 376
775 776
775 863
776 243
777 281
777 778
778 884
779 82
779 780
780 742
781 682
781 782
782 7
783 396
783 784
784 720
785 506
785 786
786 92
787 788
787 964
788 684
789 790
789 873
790 429
791 88
791 792
792 835
793 794
793 874
794 774
795 300
795 796
796 144
797 407
797 798
798 837
799 780
799 800
800 375
801 42
801 802
802 521
803 5
803 804
804 11
805 113
805 806
806 934
807 215
807 808
808 406
809 273
809 810
810 256
811 812
811 993
812 283
813 297
813 814
814 505
815 213
815 816
816 160
817 619
817 818
818 78
819 351
819 820
820 575
821 822
821 896
822 608
823 129
823 824
824 438
825 317
825 826
826 265
827 551
827 828
828 850
829 307
829 830
830 754
831 331
831 832
832 459
833 456
833 834
834 419
835 836
835 856
836 490
837 546
837 838
838 176
839 57
839 840
840 401
841 634
841 842
842 537
843 185
843 844
844 914
845 846
845 991
846 602
847 827
847 848
848 517
849 627
849 850
850 1008
851 305
851 852
852 339
853 263
853 854
854 771
855 856
855 908
856 266
857 46
857 858
858 977
859 860
859 1007
860 91
861 246
861 862
862 332
863 823
863 864
864 435
865 866
865 980
866 249
867 822
867 868
868 412
869 35
869 870
870 799
871 497
871 872
872 275
873 729
873 874
874 251
875 755
875 876
876 451
877 878
877 911
878 946
879 492
879 880
880 796
881 882
881 892
882 762
883 631
883 884
884 561
885 391
885 886
886 624
887 691
887 888
888 217
889 379
889 890
890 1014
891 601
891 892
892 161
893 767
893 894
894 100
895 364
895 896
896 532
897 898
897 922
898 471
899 518
899 900
900 804
901 775
901 902
902 526
903 847
903 904
904 736
905 635
905 906
906 988
907 571
907 908
908 598
909 910
909 957
910 280
911 45
911 912
912 766
913 914
913 999
914 962
915 356
915 916
916 17
917 50
917 918
918 234
919 73
919 920
920 875
921 846
921 922
922 436
923 291
923 924
924 550
925 764
925 926
926 591
927 54
927 928
928 156
929 493
929 930
930 611
931 662
931 932
932 674
933 41
933 934
934 900
935 63
935 936
936 476
937 461
937 938
938 560
939 882
939 940
940 166
941 917
941 942
942 462
943 381
943 944
944 109
945 923
945 946
946 573
947 214
947 948
948 13
949 448
949 950
950 552
951 510
951 952
952 758
953 191
953 954
954 477
955 269
955 956
956 238
957 115
957 958
958 175
959 3
959 960
960 528
961 196
961 962
962 11
963 242
963 964
964 1002
965 633
965 966
966 644
967 147
967 968
968 66
969 589
969 970
970 594
971 950
971 972
972 576
973 695
973 974
974 588
975 268
975 976
976 982
977 460
977 978
978 834
979 383
979 980
980 485
981 51
981 982
982 442
983 333
983 984
984 399
985 986
985 996
986 120
987 937
987 988
988 384
989 400
989 990
990 194
991 101
991 992
992 327
993 285
993 994
994 395
995 739
995 996
996 570
997 357
997 998
998 582
999 83
999 1000
1000 36
1001 454
1001 1002
1002 544
1003 177
1003 1004
1004 867
1005 553
1005 1006
1006 677
1007 883
1007 1008
1008 68
1009 648
1009 1010
1010 318
1011 652
1011 1012
1012 956
1013 717
1013 1014
1014 858
