0 42
0 647
2 244
2 678
3 503
3 885
4 340
4 891
5 252
6 844
7 407
7 478
9 88
8 84
8 996
10 246
13 764
13 1012
15 232
15 773
17 756
17 907
19 804
19 899
21 282
21 646
23 24
23 859
24 927
25 26
25 376
26 866
27 28
27 132
28 414
29 30
29 945
30 9
31 32
31 850
32 627
33 34
33 47
34 605
35 36
35 441
36 665
37 18
37 38
38 65
39 25
39 40
40 126
41 42
41 450
42 223
43 44
43 68
44 13
45 46
45 963
46 649
47 48
47 471
48 820
49 50
49 481
50 690
51 52
51 194
52 822
53 54
53 349
54 906
55 56
55 752
56 524
57 58
57 421
58 301
59 60
59 765
60 280
61 62
61 854
62 464
63 64
63 940
64 459
65 66
65 882
66 51
67 68
67 415
68 952
69 70
69 790
70 208
71 72
71 383
72 318
73 74
73 879
74 296
75 76
75 1006
76 860
77 78
77 331
78 316
79 80
79 229
80 600
81 41
81 82
82 990
83 84
83 204
84 370
85 86
85 166
86 1008
87 88
87 115
88 802
89 90
89 149
90 1002
91 92
91 747
92 333
93 92
93 94
94 353
95 96
95 477
96 172
97 98
97 279
98 260
99 38
99 100
100 1001
101 102
101 488
102 986
103 104
103 554
104 153
105 106
105 430
106 574
107 108
107 491
108 1013
109 110
109 585
110 236
111 112
111 973
112 305
113 114
113 283
114 698
115 36
115 116
116 770
117 118
117 147
118 915
119 120
119 536
120 494
121 122
121 528
122 63
123 124
123 303
124 998
125 126
125 542
126 456
127 128
127 657
128 11
129 130
129 164
130 679
131 132
131 754
132 171
133 134
133 913
134 295
135 136
135 902
136 206
137 138
137 689
138 769
139 140
139 277
140 161
141 142
141 768
142 771
143 144
143 565
144 748
145 35
145 146
146 691
147 148
147 755
148 62
149 150
149 307
150 264
151 152
151 225
152 697
153 154
153 562
154 974
155 156
155 559
156 120
157 158
157 921
158 425
159 160
159 498
160 650
161 162
161 248
162 394
163 164
163 193
164 905
165 166
165 546
166 40
167 168
167 569
168 270
169 170
169 919
170 815
171 172
171 807
172 640
173 113
173 174
174 332
175 176
175 385
176 861
177 129
177 178
178 73
179 57
179 180
180 796
181 182
181 813
182 484
183 184
183 613
184 55
185 186
185 298
186 210
187 188
187 898
188 336
189 190
189 509
190 590
191 145
191 192
192 81
193 194
193 685
194 105
195 196
195 872
196 290
197 198
197 893
198 781
199 200
199 957
200 192
201 202
201 330
202 434
203 204
203 543
204 261
205 206
205 319
206 276
207 208
207 433
208 224
209 210
209 372
210 714
211 98
211 212
212 442
213 15
213 214
214 617
215 216
215 753
216 170
217 218
217 529
218 356
219 220
219 727
220 704
221 222
221 629
222 862
223 157
223 224
224 230
225 226
225 395
226 864
227 228
227 758
228 604
229 230
229 233
230 823
231 232
231 551
232 67
233 234
233 499
234 72
235 155
235 236
236 622
237 238
237 480
238 320
239 240
239 387
240 50
241 242
241 479
242 469
243 215
243 244
244 989
245 60
245 246
246 651
247 130
247 248
248 77
249 250
249 904
250 628
251 169
251 252
252 572
253 178
253 254
254 686
255 256
255 985
256 396
257 258
257 716
258 26
259 260
259 272
260 607
261 262
261 271
262 1009
263 64
263 264
264 984
265 266
265 735
266 535
267 268
267 912
268 364
269 270
269 757
270 819
271 95
271 272
272 292
273 274
273 534
274 52
275 276
275 338
276 176
277 278
277 427
278 869
279 87
279 280
280 159
281 282
281 436
282 701
283 284
283 587
284 818
285 34
285 286
286 404
287 245
287 288
288 187
289 290
289 521
290 618
291 292
291 522
292 558
293 294
293 782
294 766
295 296
295 791
296 118
297 196
297 298
298 532
299 300
299 472
300 625
301 175
301 302
302 91
303 304
303 987
304 612
305 2
305 306
306 29
307 231
307 308
308 732
309 122
309 310
310 317
311 312
311 660
312 304
313 314
313 801
314 894
315 316
315 703
316 693
317 318
317 519
318 368
319 320
319 836
320 676
321 322
321 486
322 401
323 173
323 324
324 74
325 326
325 979
326 505
327 203
327 328
328 189
329 37
329 330
330 760
331 332
331 710
332 792
333 247
333 334
334 32
335 336
335 811
336 432
337 338
337 740
338 188
339 109
339 340
340 699
341 342
341 901
342 473
343 269
343 344
344 584
345 266
345 346
346 380
347 54
347 348
348 980
349 350
349 377
350 222
351 352
351 591
352 825
353 30
353 354
354 367
355 356
355 731
356 608
357 358
357 944
358 702
359 360
359 827
360 214
361 362
361 671
362 800
363 315
363 364
364 108
365 114
365 366
366 670
367 368
367 734
368 812
369 370
369 398
370 868
371 372
371 855
372 429
373 151
373 374
374 465
375 376
375 843
376 567
377 378
377 969
378 888
379 380
379 513
380 217
381 207
381 382
382 274
383 384
383 700
384 294
385 386
385 763
386 582
387 388
387 939
388 889
389 300
389 390
390 684
391 392
391 410
392 930
393 394
393 677
394 154
395 396
395 759
396 808
397 398
397 719
398 255
399 400
399 929
400 995
401 1
401 402
402 348
403 89
403 404
404 22
405 406
405 655
406 897
407 85
407 408
408 667
409 410
409 621
410 43
411 412
411 578
412 218
413 414
413 533
414 745
415 416
415 845
416 994
417 418
417 924
418 66
419 420
419 609
420 742
421 422
421 638
422 386
423 241
423 424
424 847
425 237
425 426
426 814
427 428
427 669
428 185
429 430
429 846
430 959
431 3
431 432
432 180
433 238
433 434
434 828
435 19
435 436
436 420
437 438
437 925
438 873
439 440
439 988
440 953
441 442
441 463
442 586
443 444
443 1005
444 1003
445 103
445 446
446 93
447 134
447 448
448 772
449 450
449 593
450 181
451 112
451 452
452 48
453 454
453 504
454 550
455 141
455 456
456 10
457 228
457 458
458 82
459 201
459 460
460 954
461 462
461 926
462 1010
463 464
463 485
464 286
465 328
465 466
466 619
467 468
467 575
468 144
469 470
469 999
470 497
471 27
471 472
472 835
473 474
473 666
474 730
475 431
475 476
476 351
477 273
477 478
478 858
479 251
479 480
480 388
481 482
481 832
482 20
483 140
483 484
484 908
485 486
485 583
486 249
487 488
487 614
488 275
489 490
489 949
490 507
491 492
491 966
492 1004
493 494
493 775
494 412
495 496
495 537
496 174
497 399
497 498
498 941
499 500
499 857
500 49
501 502
501 928
502 971
503 339
503 504
504 267
505 28
505 506
506 184
507 111
507 508
508 547
509 79
509 510
510 883
511 512
511 816
512 220
513 514
513 673
514 117
515 361
515 516
516 493
517 518
517 934
518 291
519 467
519 520
520 78
521 522
521 661
522 506
523 524
523 784
524 168
525 526
525 942
526 840
527 235
527 528
528 123
529 530
529 588
530 842
531 532
531 548
532 911
533 534
533 977
534 44
535 293
535 536
536 662
537 538
537 875
538 324
539 540
539 1000
540 343
541 542
541 789
542 515
543 23
543 544
544 664
545 546
545 978
546 826
547 548
547 935
548 61
549 53
549 550
550 602
551 552
551 831
552 121
553 554
553 848
554 197
555 556
555 723
556 268
557 558
557 705
558 101
559 560
559 923
560 128
561 562
561 681
562 886
563 202
563 564
564 94
565 198
565 566
566 182
567 568
567 810
568 516
569 570
569 982
570 179
571 135
571 572
572 495
573 310
573 574
574 411
575 576
575 728
576 626
577 435
577 578
578 644
579 183
579 580
580 733
581 162
581 582
582 474
583 475
583 584
584 289
585 131
585 586
586 962
587 345
587 588
588 592
589 424
589 590
590 630
591 449
591 592
592 785
593 391
593 594
594 350
595 211
595 596
596 512
597 598
597 601
598 150
599 299
599 600
600 321
601 177
601 602
602 80
603 604
603 720
604 652
605 545
605 606
606 308
607 452
607 608
608 946
609 221
609 610
610 90
611 557
611 612
612 538
613 374
613 614
614 416
615 616
615 867
616 9
617 594
617 618
618 683
619 620
619 674
620 668
621 622
621 725
622 133
623 624
623 997
624 736
625 357
625 626
626 824
627 160
627 628
628 598
629 58
629 630
630 806
631 632
631 856
632 158
633 253
633 634
634 460
635 378
635 636
636 96
637 137
637 638
638 711
639 527
639 640
640 21
641 642
641 838
642 362
643 417
643 644
644 718
645 500
645 646
646 359
647 648
647 709
648 489
649 346
649 650
650 563
651 86
651 652
652 12
653 654
653 795
654 910
655 579
655 656
656 643
657 423
657 658
658 523
659 341
659 660
660 440
661 256
661 662
662 240
663 375
663 664
664 75
665 243
665 666
666 409
667 263
667 668
668 642
669 371
669 670
670 46
671 672
671 853
672 890
673 674
673 797
674 381
675 549
675 676
676 102
677 352
677 678
678 658
679 455
679 680
680 525
681 682
681 931
682 903
683 402
683 684
684 76
685 437
685 686
686 624
687 393
687 688
688 451
689 690
689 917
690 297
691 659
691 692
692 444
693 636
693 694
694 258
695 7
695 696
696 724
697 698
697 743
698 448
699 700
699 851
700 991
701 148
701 702
702 482
703 541
703 704
704 119
705 466
705 706
706 70
707 708
707 746
708 936
709 710
709 837
710 31
711 712
711 780
712 262
713 453
713 714
714 706
715 309
715 716
716 1014
717 508
717 718
718 382
719 717
719 720
720 737
721 143
721 722
722 878
723 39
723 724
724 610
725 379
725 726
726 468
727 728
727 783
728 8
729 342
729 730
730 322
731 195
731 732
732 749
733 734
733 943
734 358
735 736
735 965
736 595
737 510
737 738
738 841
739 216
739 740
740 10
741 97
741 742
742 5
743 400
743 744
744 288
745 205
745 746
746 633
747 5
747 748
748 390
749 713
749 750
750 418
751 752
751 817
752 656
753 751
753 754
754 553
755 632
755 756
756 863
757 347
757 758
758 369
759 760
759 779
760 794
761 721
761 762
762 932
763 24
763 764
764 645
765 278
765 766
766 948
767 405
767 768
768 99
769 770
769 884
770 408
771 518
771 772
772 695
773 774
773 914
774 125
775 776
775 1007
776 958
777 116
777 778
778 250
779 127
779 780
780 937
781 323
781 782
782 639
783 213
783 784
784 428
785 707
785 786
786 502
787 788
787 961
788 186
789 191
789 790
790 597
791 165
791 792
792 896
793 461
793 794
794 314
795 59
795 796
796 916
797 200
797 798
798 257
799 327
799 800
800 776
801 265
801 802
802 839
803 363
803 804
804 786
805 6
805 806
806 788
807 808
807 967
808 1011
809 739
809 810
810 692
811 511
811 812
812 696
813 682
813 814
814 603
815 816
815 909
816 470
817 648
817 818
818 209
819 611
819 820
820 526
821 107
821 822
822 566
823 824
823 976
824 531
825 227
825 826
826 852
827 190
827 828
828 576
829 830
829 951
830 955
831 313
831 832
832 397
833 520
833 834
834 337
835 653
835 836
836 687
837 803
837 838
838 577
839 360
839 840
840 234
841 496
841 842
842 596
843 561
843 844
844 635
845 761
845 846
846 830
847 848
847 881
848 774
849 69
849 850
850 573
851 852
851 887
852 311
853 413
853 854
854 654
855 741
855 856
856 104
857 858
857 871
858 680
859 809
859 860
860 960
861 212
861 862
862 694
863 152
863 864
864 616
865 329
865 866
866 462
867 722
867 868
868 306
869 490
869 870
870 849
871 571
871 872
872 540
873 767
873 874
874 777
875 762
875 876
876 392
877 878
877 895
878 365
879 56
879 880
880 136
881 552
881 882
882 798
883 138
883 884
884 938
885 239
885 886
886 517
887 219
887 888
888 389
889 446
889 890
890 892
891 663
891 892
892 384
893 373
893 894
894 422
895 335
895 896
896 156
897 355
897 898
898 778
899 900
899 920
900 726
901 877
901 902
902 631
903 302
903 904
904 492
905 821
905 906
906 556
907 908
907 933
908 744
909 146
909 910
910 750
911 458
911 912
912 16
913 914
913 993
914 606
915 530
915 916
916 738
917 829
917 918
918 106
919 920
919 981
920 637
921 284
921 922
922 620
923 641
923 924
924 688
925 33
925 926
926 922
927 110
927 928
928 874
929 675
929 930
930 259
931 570
931 932
932 326
933 438
933 934
934 555
935 539
935 936
936 956
937 285
937 938
938 615
939 443
939 940
940 805
941 439
941 942
942 483
943 83
943 944
944 514
945 45
945 946
946 970
947 787
947 948
948 708
949 947
949 950
950 672
951 167
951 952
952 366
953 426
953 954
954 964
955 419
955 956
956 334
957 799
957 958
958 100
959 312
959 960
960 14
961 445
961 962
962 564
963 124
963 964
964 568
965 325
965 966
966 580
967 139
967 968
968 287
969 589
969 970
970 972
971 634
971 972
972 544
973 17
973 974
974 254
975 712
975 976
976 581
977 71
977 978
978 623
979 242
979 980
980 354
981 403
981 982
982 199
983 984
983 992
984 834
985 454
985 986
986 501
987 599
987 988
988 281
989 487
989 990
990 226
991 729
991 992
992 918
993 476
993 994
994 447
995 865
995 996
996 876
997 6
997 998
998 983
999 4
999 1000
1000 975
1001 950
1001 1002
1002 900
1003 870
1003 1004
1004 715
1005 163
1005 1006
1006 880
1007 793
1007 1008
1008 457
1009 406
1009 1010
1010 560
1011 142
1011 1012
1012 833
1013 968
1013 1014
1014 344
