0 327
0 343
1 173
1 802
3 853
3 979
5 247
4 67
4 409
6 55
7 240
7 819
9 178
9 994
10 91
10 797
11 291
12 822
15 94
15 940
17 33
17 998
19 217
19 835
21 731
21 1014
23 24
23 600
24 10
25 26
25 169
26 452
27 28
27 273
28 532
29 30
29 453
30 50
31 32
31 166
32 286
33 34
33 828
34 908
35 36
35 78
36 142
37 38
37 364
38 628
39 40
39 886
40 332
41 42
41 380
42 757
43 44
43 849
44 376
45 46
45 679
46 750
47 48
47 753
48 391
49 50
49 344
50 610
51 52
51 89
52 235
53 54
53 466
54 30
55 56
55 625
56 900
57 58
57 693
58 492
59 60
59 371
60 541
61 62
61 98
62 923
63 64
63 218
64 950
65 66
65 675
66 856
67 68
67 855
68 775
69 70
69 437
70 337
71 72
71 86
72 102
73 74
73 868
74 745
75 76
75 198
76 170
77 78
77 863
78 221
79 80
79 401
80 707
81 82
81 669
82 844
83 84
83 832
84 890
85 86
85 475
86 41
87 31
87 88
88 904
89 90
89 683
90 209
91 92
91 258
92 468
93 94
93 913
94 120
95 96
95 508
96 880
97 98
97 229
98 807
99 100
99 977
100 66
101 102
101 340
102 63
103 104
103 661
104 645
105 106
105 1003
106 970
107 108
107 446
108 196
109 110
109 674
110 262
111 112
111 441
112 667
113 114
113 665
114 966
115 23
115 116
116 54
117 118
117 319
118 982
119 120
119 180
120 341
121 122
121 153
122 955
123 124
123 725
124 769
125 126
125 993
126 734
127 128
127 663
128 192
129 130
129 265
130 251
131 132
131 307
132 56
133 134
133 618
134 563
135 136
135 355
136 148
137 138
137 183
138 906
139 140
139 527
140 131
141 142
141 592
142 972
143 144
143 875
144 284
145 146
145 176
146 710
147 148
147 995
148 514
149 150
149 435
150 662
151 152
151 427
152 590
153 154
153 621
154 80
155 156
155 407
156 51
157 158
157 165
158 537
159 160
159 985
160 692
161 162
161 765
162 369
163 127
163 164
164 685
165 166
165 925
166 122
167 168
167 260
168 974
169 65
169 170
170 920
171 172
171 633
172 306
173 174
173 815
174 494
175 176
175 964
176 613
177 178
177 331
178 833
179 180
179 678
180 25
181 182
181 983
182 268
183 139
183 184
184 434
185 186
185 702
186 184
187 188
187 459
188 954
189 190
189 381
190 1011
191 192
191 794
192 632
193 194
193 885
194 53
195 196
195 424
196 352
197 198
197 935
198 73
199 200
199 847
200 948
201 202
201 892
202 509
203 76
203 204
204 852
205 206
205 690
206 698
207 208
207 894
208 854
209 44
209 210
210 17
211 212
211 784
212 368
213 214
213 455
214 524
215 216
215 313
216 513
217 218
217 308
218 469
219 147
219 220
220 36
221 222
221 227
222 462
223 224
223 365
224 946
225 226
225 472
226 564
227 228
227 1008
228 6
229 230
229 543
230 558
231 232
231 250
232 188
233 69
233 234
234 445
235 236
235 686
236 865
237 238
237 431
238 916
239 237
239 240
240 45
241 101
241 242
242 624
243 244
243 257
244 14
245 246
245 960
246 871
247 248
247 287
248 252
249 250
249 551
250 989
251 252
251 768
252 377
253 111
253 254
254 831
255 256
255 502
256 682
257 258
257 275
258 70
259 260
259 585
260 608
261 255
261 262
262 586
263 264
263 705
264 444
265 266
265 597
266 670
267 268
267 359
268 481
269 270
269 736
270 749
271 272
271 460
272 798
273 274
273 322
274 388
275 68
275 276
276 666
277 278
277 450
278 440
279 280
279 569
280 421
281 282
281 607
282 566
283 103
283 284
284 897
285 286
285 533
286 799
287 288
287 877
288 570
289 290
289 759
290 953
291 292
291 489
292 503
293 294
293 839
294 719
295 296
295 888
296 232
297 32
297 298
298 34
299 300
299 945
300 937
301 302
301 425
302 952
303 62
303 304
304 134
305 306
305 806
306 266
307 308
307 1001
308 348
309 310
309 599
310 280
311 312
311 529
312 28
313 314
313 345
314 426
315 316
315 436
316 836
317 318
317 649
318 82
319 320
319 334
320 899
321 322
321 415
322 7
323 324
323 805
324 644
325 326
325 673
326 919
327 328
327 914
328 490
329 330
329 867
330 439
331 317
331 332
332 656
333 334
333 581
334 752
335 336
335 418
336 837
337 338
337 454
338 42
339 340
339 911
340 560
341 205
341 342
342 410
343 321
343 344
344 951
345 283
345 346
346 651
347 348
347 653
348 664
349 350
349 726
350 642
351 137
351 352
352 298
353 354
353 361
354 212
355 356
355 1005
356 882
357 358
357 471
358 4
359 360
359 729
360 647
361 362
361 687
362 872
363 353
363 364
364 820
365 281
365 366
366 38
367 24
367 368
368 520
369 289
369 370
370 711
371 186
371 372
372 211
373 374
373 747
374 846
375 90
375 376
376 821
377 378
377 973
378 671
379 380
379 428
380 554
381 382
381 561
382 826
383 151
383 384
384 816
385 386
385 716
386 840
387 388
387 850
388 13
389 390
389 887
390 777
391 392
391 544
392 378
393 394
393 763
394 224
395 347
395 396
396 823
397 398
397 703
398 879
399 144
399 400
400 230
401 390
401 402
402 539
403 404
403 493
404 58
405 187
405 406
406 329
407 249
407 408
408 636
409 253
409 410
410 842
411 412
411 511
412 126
413 216
413 414
414 458
415 416
415 947
416 694
417 418
417 884
418 949
419 420
419 912
420 285
421 228
421 422
422 448
423 162
423 424
424 208
425 426
425 540
426 128
427 154
427 428
428 720
429 430
429 615
430 35
431 432
431 810
432 568
433 434
433 681
434 776
435 411
435 436
436 40
437 438
437 697
438 531
439 440
439 486
440 733
441 442
441 660
442 616
443 77
443 444
444 185
445 446
445 990
446 16
447 448
447 741
448 22
449 450
449 1009
450 457
451 293
451 452
452 824
453 454
453 595
454 12
455 456
455 713
456 786
457 458
457 614
458 857
459 85
459 460
460 373
461 462
461 596
462 770
463 464
463 737
464 470
465 466
465 808
466 746
467 468
467 627
468 488
469 470
469 580
470 910
471 472
471 699
472 834
473 155
473 474
474 9
475 476
475 991
476 358
477 323
477 478
478 809
479 480
479 672
480 354
481 482
481 518
482 316
483 484
483 515
484 814
485 1
485 486
486 11
487 320
487 488
488 761
489 490
489 572
490 780
491 396
491 492
492 986
493 494
493 767
494 282
495 496
495 928
496 349
497 37
497 498
498 360
499 500
499 739
500 783
501 502
501 623
502 893
503 336
503 504
504 804
505 506
505 926
506 84
507 508
507 921
508 119
509 498
509 510
510 18
511 193
511 512
512 601
513 254
513 514
514 838
515 516
515 963
516 292
517 491
517 518
518 516
519 61
519 520
520 689
521 522
521 941
522 718
523 64
523 524
524 242
525 526
525 903
526 74
527 243
527 528
528 338
529 530
529 800
530 889
531 526
531 532
532 772
533 534
533 803
534 748
535 339
535 536
536 700
537 47
537 538
538 785
539 189
539 540
540 788
541 530
541 542
542 222
543 389
543 544
544 909
545 546
545 943
546 195
547 213
547 548
548 362
549 118
549 550
550 106
551 552
551 555
552 1000
553 49
553 554
554 179
555 556
555 811
556 1004
557 305
557 558
558 2
559 393
559 560
560 88
561 300
561 562
562 781
563 564
563 1006
564 202
565 52
565 566
566 864
567 367
567 568
568 744
569 501
569 570
570 639
571 572
571 883
572 708
573 571
573 574
574 123
575 370
575 576
576 732
577 578
577 812
578 203
579 72
579 580
580 652
581 582
581 778
582 654
583 584
583 721
584 961
585 478
585 586
586 688
587 535
587 588
588 383
589 590
589 971
590 866
591 158
591 592
592 476
593 357
593 594
594 318
595 93
595 596
596 225
597 140
597 598
598 350
599 600
599 1012
600 20
601 115
601 602
602 706
603 578
603 604
604 1010
605 382
605 606
606 771
607 608
607 655
608 398
609 610
609 626
610 557
611 375
611 612
612 896
613 614
613 635
614 394
615 48
615 616
616 484
617 618
617 902
618 901
619 181
619 620
620 117
621 622
621 695
622 190
623 583
623 624
624 862
625 495
625 626
626 817
627 628
627 958
628 109
629 630
629 967
630 276
631 632
631 641
632 479
633 575
633 634
634 248
635 556
635 636
636 220
637 638
637 715
638 1013
639 107
639 640
640 878
641 642
641 965
642 46
643 294
643 644
644 467
645 646
645 927
646 92
647 612
647 648
648 172
649 413
649 650
650 400
651 652
651 859
652 112
653 517
653 654
654 6
655 239
655 656
656 234
657 658
657 791
658 461
659 463
659 660
660 860
661 121
661 662
662 5
663 125
663 664
664 870
665 666
665 930
666 422
667 397
667 668
668 766
669 392
669 670
670 244
671 231
671 672
672 194
673 619
673 674
674 414
675 617
675 676
676 288
677 678
677 701
678 483
679 199
679 680
680 15
681 682
681 891
682 374
683 620
683 684
684 182
685 19
685 686
686 26
687 87
687 688
688 59
689 690
689 758
690 676
691 241
691 692
692 442
693 246
693 694
694 825
695 423
695 696
696 588
697 105
697 698
698 342
699 261
699 700
700 546
701 447
701 702
702 304
703 512
703 704
704 296
705 706
705 717
706 168
707 263
707 708
708 399
709 638
709 710
710 848
711 712
711 938
712 438
713 714
713 1007
714 81
715 716
715 881
716 525
717 718
717 789
718 922
719 538
719 720
720 191
721 722
721 959
722 164
723 270
723 724
724 658
725 156
725 726
726 504
727 728
727 934
728 204
729 385
729 730
730 818
731 536
731 732
732 522
733 110
733 734
734 740
735 279
735 736
736 917
737 738
737 932
738 200
739 403
739 740
740 727
741 269
741 742
742 962
743 75
743 744
744 335
745 746
745 764
746 782
747 500
747 748
748 559
749 160
749 750
750 132
751 553
751 752
752 722
753 754
753 936
754 969
755 562
755 756
756 39
757 138
757 758
758 206
759 637
759 760
760 236
761 762
761 895
762 372
763 171
763 764
764 738
765 57
765 766
766 760
767 768
767 873
768 419
769 311
769 770
770 302
771 714
771 772
772 944
773 574
773 774
774 152
775 207
775 776
776 136
777 778
777 957
778 346
779 773
779 780
780 314
781 71
781 782
782 542
783 159
783 784
784 510
785 779
785 786
786 330
787 534
787 788
788 328
789 223
789 790
790 386
791 124
791 792
792 312
793 794
793 869
794 755
795 405
795 796
796 464
797 657
797 798
798 602
799 113
799 800
800 95
801 3
801 802
802 795
803 643
803 804
804 290
805 751
805 806
806 898
807 402
807 808
808 876
809 810
809 813
810 918
811 433
811 812
812 8
813 145
813 814
814 582
815 449
815 816
816 545
817 818
817 845
818 214
819 549
819 820
820 465
821 278
821 822
822 858
823 379
823 824
824 404
825 826
825 984
826 827
827 430
827 828
828 774
829 723
829 830
830 100
831 130
831 832
832 429
833 133
833 834
834 861
835 29
835 836
836 114
837 272
837 838
838 668
839 677
839 840
840 96
841 787
841 842
842 506
843 684
843 844
844 646
845 843
845 846
846 997
847 848
847 1002
848 277
849 709
849 850
850 606
851 852
851 976
852 680
853 143
853 854
854 521
855 363
855 856
856 576
857 604
857 858
858 480
859 135
859 860
860 829
861 21
861 862
862 956
863 406
863 864
864 550
865 412
865 866
866 60
867 150
867 868
868 659
869 197
869 870
870 297
871 443
871 872
872 762
873 485
873 874
874 129
875 149
875 876
876 704
877 420
877 878
878 630
879 432
879 880
880 648
881 882
881 992
882 980
883 310
883 884
884 577
885 97
885 886
886 27
887 477
887 888
888 456
889 12
889 890
890 742
891 351
891 892
892 988
893 215
893 894
894 333
895 548
895 896
896 301
897 387
897 898
898 728
899 724
899 900
900 108
901 629
901 902
902 167
903 505
903 904
904 395
905 326
905 906
906 712
907 735
907 908
908 315
909 5
909 910
910 552
911 245
911 912
912 999
913 584
913 914
914 547
915 177
915 916
916 417
917 874
917 918
918 99
919 43
919 920
920 611
921 922
921 987
922 942
923 696
923 924
924 104
925 801
925 926
926 519
927 579
927 928
928 238
929 141
929 930
930 924
931 366
931 932
932 634
933 589
933 934
934 174
935 79
935 936
936 587
937 929
937 938
938 933
939 796
939 940
940 274
941 939
941 942
942 565
943 295
943 944
944 116
945 163
945 946
946 496
947 907
947 948
948 356
949 11
949 950
950 497
951 593
951 952
952 792
953 954
953 968
954 528
955 473
955 956
956 594
957 161
957 958
958 256
959 499
959 960
960 267
961 841
961 962
962 790
963 964
963 978
964 482
965 605
965 966
966 650
967 384
967 968
968 487
969 567
969 970
970 408
971 259
971 972
972 201
973 631
973 974
974 324
975 591
975 976
976 451
977 691
977 978
978 756
979 622
979 980
980 226
981 175
981 982
982 474
983 905
983 984
984 915
985 793
985 986
986 603
987 299
987 988
988 598
989 609
989 990
990 996
991 271
991 992
992 507
993 325
993 994
994 264
995 830
995 996
996 640
997 146
997 998
998 730
999 83
999 1000
1000 219
1001 233
1001 1002
1002 309
1003 416
1003 1004
1004 303
1005 851
1005 1006
1006 931
1007 981
1007 1008
1008 754
1009 157
1009 1010
1010 210
1011 573
1011 1012
1012 743
1013 975
1013 1014
1014 523
