0 267
0 675
2 9
2 394
3 772
3 929
4 367
4 469
5 475
6 357
7 413
7 893
9 780
8 254
8 628
10 656
13 249
13 269
15 313
15 777
17 124
17 585
19 171
19 395
21 473
21 579
23 24
23 322
24 748
25 26
25 834
26 56
27 28
27 274
28 285
29 30
29 663
30 676
31 32
31 132
32 874
33 34
33 334
34 827
35 36
35 288
36 758
37 38
37 49
38 496
39 40
39 823
40 98
41 42
41 506
42 226
43 44
43 186
44 219
45 46
45 626
46 231
47 48
47 421
48 497
49 50
49 1001
50 486
51 6
51 52
52 476
53 54
53 694
54 582
55 56
55 996
56 266
57 58
57 324
58 931
59 60
59 480
60 217
61 62
61 687
62 733
63 64
63 533
64 118
65 66
65 1002
66 218
67 68
67 161
68 177
69 70
69 519
70 806
71 72
71 793
72 664
73 74
73 439
74 450
75 76
75 212
76 927
77 78
77 505
78 657
79 80
79 859
80 795
81 82
81 861
82 67
83 84
83 681
84 695
85 86
85 130
86 630
87 77
87 88
88 445
89 90
89 803
90 871
91 5
91 92
92 831
93 94
93 885
94 440
95 96
95 752
96 880
97 98
97 216
98 146
99 100
99 117
100 904
101 102
101 238
102 710
103 83
103 104
104 578
105 106
105 946
106 246
107 108
107 111
108 521
109 110
109 304
110 206
111 112
111 916
112 188
113 114
113 352
114 460
115 116
115 726
116 759
117 94
117 118
118 936
119 120
119 471
120 408
121 122
121 964
122 320
123 124
123 527
124 235
125 29
125 126
126 95
127 128
127 526
128 682
129 130
129 401
130 37
131 132
131 435
132 428
133 134
133 1009
134 864
135 39
135 136
136 1003
137 138
137 651
138 762
139 140
139 414
140 903
141 142
141 583
142 210
143 144
143 706
144 479
145 146
145 452
146 134
147 148
147 602
148 432
149 150
149 829
150 573
151 152
151 558
152 96
153 141
153 154
154 819
155 156
155 763
156 259
157 158
157 693
158 842
159 160
159 431
160 596
161 162
161 1004
162 176
163 164
163 419
164 449
165 166
165 271
166 821
167 168
167 773
168 62
169 170
169 178
170 683
171 172
171 969
172 383
173 174
173 895
174 672
175 176
175 953
176 321
177 97
177 178
178 492
179 180
179 753
180 744
181 182
181 856
182 338
183 184
183 782
184 882
185 186
185 493
186 14
187 188
187 549
188 55
189 190
189 397
190 840
191 85
191 192
192 622
193 194
193 199
194 88
195 196
195 603
196 378
197 198
197 915
198 465
199 200
199 991
200 586
201 202
201 308
202 27
203 204
203 509
204 844
205 206
205 263
206 709
207 208
207 849
208 42
209 210
209 659
210 457
211 189
211 212
212 995
213 194
213 214
214 550
215 159
215 216
216 416
217 218
217 576
218 70
219 220
219 667
220 236
221 222
221 718
222 310
223 224
223 614
224 654
225 226
225 349
226 832
227 228
227 839
228 234
229 230
229 650
230 911
231 232
231 258
232 390
233 234
233 775
234 181
235 236
235 250
236 371
237 238
237 808
238 896
239 240
239 985
240 662
241 242
241 998
242 314
243 244
243 787
244 31
245 246
245 507
246 932
247 248
247 405
248 543
249 250
249 977
250 470
251 245
251 252
252 606
253 254
253 942
254 836
255 256
255 743
256 89
257 258
257 325
258 700
259 260
259 939
260 769
261 262
261 423
262 424
263 264
263 523
264 280
265 266
265 905
266 584
267 268
267 677
268 781
269 43
269 270
270 35
271 272
271 412
272 810
273 13
273 274
274 860
275 276
275 647
276 107
277 278
277 351
278 40
279 280
279 947
280 517
281 282
281 551
282 58
283 5
283 284
284 1000
285 286
285 645
286 106
287 288
287 612
288 368
289 290
289 553
290 641
291 292
291 590
292 544
293 294
293 917
294 90
295 296
295 730
296 170
297 298
297 909
298 855
299 150
299 300
300 104
301 302
301 967
302 892
303 304
303 511
304 272
305 306
305 556
306 742
307 8
307 308
308 571
309 310
309 828
310 138
311 312
311 539
312 113
313 52
313 314
314 510
315 316
315 705
316 143
317 318
317 638
318 518
319 320
319 658
320 570
321 322
321 547
322 724
323 112
323 324
324 337
325 326
325 887
326 23
327 328
327 897
328 478
329 275
329 330
330 866
331 332
331 611
332 740
333 145
333 334
334 348
335 336
335 751
336 812
337 202
337 338
338 792
339 340
339 607
340 525
341 342
341 983
342 906
343 344
343 477
344 843
345 346
345 889
346 587
347 348
347 852
348 661
349 350
349 779
350 293
351 270
351 352
352 380
353 354
353 673
354 333
355 356
355 930
356 863
357 358
357 403
358 237
359 360
359 850
360 120
361 362
361 484
362 830
363 75
363 364
364 514
365 366
365 593
366 907
367 368
367 937
368 623
369 370
369 591
370 1
371 372
371 734
372 16
373 374
373 948
374 128
375 376
375 618
376 166
377 131
377 378
378 36
379 380
379 972
380 720
381 382
381 741
382 1014
383 233
383 384
384 490
385 92
385 386
386 738
387 80
387 388
388 346
389 126
389 390
390 873
391 53
391 392
392 640
393 394
393 437
394 813
395 279
395 396
396 617
397 195
397 398
398 366
399 400
399 529
400 462
401 287
401 402
402 489
403 289
403 404
404 768
405 185
405 406
406 101
407 408
407 540
408 369
409 410
409 919
410 949
411 412
411 494
412 436
413 306
413 414
414 976
415 268
415 416
416 973
417 330
417 418
418 495
419 137
419 420
420 894
421 377
421 422
422 668
423 424
423 978
424 290
425 426
425 727
426 975
427 99
427 428
428 884
429 430
429 848
430 327
431 3
431 432
432 295
433 434
433 959
434 890
435 347
435 436
436 561
437 425
437 438
438 297
439 230
439 440
440 522
441 7
441 442
442 984
443 444
443 461
444 635
445 446
445 697
446 660
447 359
447 448
448 986
449 232
449 450
450 670
451 452
451 797
452 459
453 454
453 456
454 84
455 411
455 456
456 901
457 458
457 802
458 50
459 460
459 542
460 208
461 175
461 462
462 342
463 315
463 464
464 72
465 466
465 993
466 207
467 123
467 468
468 312
469 6
469 470
470 438
471 472
471 899
472 47
473 229
473 474
474 913
475 281
475 476
476 256
477 163
477 478
478 728
479 71
479 480
480 790
481 482
481 943
482 323
483 433
483 484
484 404
485 486
485 765
486 516
487 488
487 771
488 225
489 490
489 935
490 538
491 492
491 796
492 292
493 494
493 707
494 800
495 496
495 599
496 562
497 498
497 620
498 926
499 500
499 1011
500 151
501 305
501 502
502 372
503 74
503 504
504 992
505 147
505 506
506 239
507 345
507 508
508 201
509 510
509 938
510 422
511 407
511 512
512 756
513 514
513 1010
514 392
515 205
515 516
516 328
517 73
517 518
518 598
519 520
519 605
520 183
521 522
521 750
522 566
523 350
523 524
524 165
525 344
525 526
526 140
527 528
527 655
528 970
529 530
529 1005
530 619
531 532
531 875
532 814
533 534
533 702
534 920
535 51
535 536
536 554
537 429
537 538
538 54
539 513
539 540
540 1008
541 335
541 542
542 552
543 532
543 544
544 32
545 129
545 546
546 968
547 548
547 671
548 974
549 79
549 550
550 115
551 535
551 552
552 57
553 125
553 554
554 990
555 556
555 965
556 891
557 558
557 565
558 692
559 560
559 729
560 988
561 559
561 562
562 766
563 466
563 564
564 684
565 566
565 798
566 251
567 568
567 577
568 524
569 109
569 570
570 114
571 154
571 572
572 826
573 481
573 574
574 139
575 363
575 576
576 717
577 578
577 648
578 719
579 26
579 580
580 182
581 582
581 971
582 409
583 584
583 745
584 24
585 564
585 586
586 962
587 365
587 588
588 294
589 60
589 590
590 580
591 116
591 592
592 776
593 339
593 594
594 838
595 63
595 596
596 528
597 598
597 689
598 822
599 393
599 600
600 825
601 19
601 602
602 61
603 604
603 665
604 164
605 273
605 606
606 78
607 608
607 963
608 610
609 221
609 610
610 309
611 317
611 612
612 581
613 614
613 625
614 816
615 616
615 715
616 595
617 443
617 618
618 453
619 620
619 921
620 868
621 21
621 622
622 760
623 624
623 997
624 698
625 626
625 722
626 845
627 628
627 933
628 545
629 364
629 630
630 12
631 632
631 817
632 458
633 487
633 634
634 17
635 472
635 636
636 589
637 638
637 757
638 725
639 261
639 640
640 786
641 642
641 934
642 356
643 179
643 644
644 629
645 66
645 646
646 546
647 316
647 648
648 44
649 650
649 691
650 213
651 215
651 652
652 28
653 336
653 654
654 572
655 257
655 656
656 379
657 658
657 910
658 20
659 157
659 660
660 415
661 662
661 774
662 9
663 664
663 888
664 804
665 156
665 666
666 302
667 639
667 668
668 227
669 340
669 670
670 504
671 560
671 672
672 318
673 649
673 674
674 191
675 676
675 755
676 876
677 155
677 678
678 326
679 187
679 680
680 33
681 463
681 682
682 652
683 468
683 684
684 410
685 243
685 686
686 427
687 688
687 847
688 362
689 690
689 908
690 704
691 575
691 692
692 788
693 375
693 694
694 122
695 382
695 696
696 818
697 167
697 698
698 820
699 700
699 731
700 980
701 311
701 702
702 45
703 153
703 704
704 512
705 501
705 706
706 91
707 211
707 708
708 541
709 597
709 710
710 38
711 491
711 712
712 646
713 59
713 714
714 950
715 396
715 716
716 172
717 718
717 954
718 82
719 474
719 720
720 502
721 613
721 722
722 940
723 627
723 724
724 536
725 262
725 726
726 301
727 728
727 767
728 204
729 642
729 730
730 922
731 399
731 732
732 64
733 734
733 956
734 174
735 633
735 736
736 872
737 485
737 738
738 430
739 740
739 941
740 11
741 119
741 742
742 241
743 744
743 898
744 190
745 716
745 746
746 373
747 531
747 748
748 148
749 173
749 750
750 600
751 703
751 752
752 265
753 754
753 854
754 801
755 488
755 756
756 631
757 381
757 758
758 391
759 242
759 760
760 500
761 762
761 989
762 448
763 764
763 865
764 15
765 93
765 766
766 158
767 283
767 768
768 298
769 389
769 770
770 255
771 451
771 772
772 555
773 774
773 841
774 643
775 776
775 999
776 678
777 778
777 886
778 632
779 780
779 982
780 30
781 25
781 782
782 374
783 784
783 925
784 737
785 786
785 924
786 711
787 203
787 788
788 712
789 790
789 794
790 2
791 144
791 792
792 690
793 749
793 794
794 69
795 764
795 796
796 291
797 343
797 798
798 987
799 747
799 800
800 198
801 624
801 802
802 736
803 284
803 804
804 837
805 685
805 806
806 1012
807 791
807 808
808 162
809 810
809 815
810 835
811 701
811 812
812 862
813 814
813 951
814 136
815 353
815 816
816 636
817 754
817 818
818 10
819 680
819 820
820 604
821 447
821 822
822 286
823 567
823 824
824 244
825 127
825 826
826 778
827 341
827 828
828 666
829 197
829 830
830 222
831 616
831 832
832 240
833 307
833 834
834 68
835 644
835 836
836 10
837 732
837 838
838 994
839 110
839 840
840 319
841 842
841 869
842 184
843 168
843 844
844 220
845 708
845 846
846 588
847 848
847 945
848 679
849 444
849 850
850 48
851 723
851 852
852 81
853 417
853 854
854 196
855 142
855 856
856 608
857 686
857 858
858 696
859 860
859 944
860 384
861 76
861 862
862 877
863 388
863 864
864 442
865 799
865 866
866 851
867 811
867 868
868 360
869 454
869 870
870 86
871 669
871 872
872 858
873 252
873 874
874 592
875 876
875 883
876 100
877 548
877 878
878 688
879 299
879 880
880 574
881 857
881 882
882 960
883 601
883 884
884 300
885 160
885 886
886 278
887 735
887 888
888 499
889 209
889 890
890 870
891 108
891 892
892 102
893 746
893 894
894 228
895 789
895 896
896 446
897 441
897 898
898 387
899 879
899 900
900 361
901 105
901 902
902 400
903 180
903 904
904 958
905 833
905 906
906 761
907 406
907 908
908 121
909 520
909 910
910 594
911 214
911 912
912 498
913 914
913 952
914 918
915 103
915 916
916 247
917 699
917 918
918 634
919 846
919 920
920 282
921 426
921 922
922 192
923 713
923 924
924 277
925 853
925 926
926 200
927 193
927 928
928 386
929 930
929 979
930 637
931 224
931 932
932 434
933 276
933 934
934 482
935 398
935 936
936 483
937 807
937 938
938 87
939 418
939 940
940 135
941 942
941 966
942 34
943 944
943 1013
944 331
945 133
945 946
946 961
947 149
947 948
948 223
949 18
949 950
950 912
951 41
951 952
952 354
953 809
953 954
954 260
955 956
955 981
956 464
957 303
957 958
958 714
959 902
959 960
960 296
961 770
961 962
962 1006
963 358
963 964
964 420
965 4
965 966
966 867
967 923
967 968
968 503
969 467
969 970
970 928
971 785
971 972
972 534
973 65
973 974
974 376
975 402
975 976
976 878
977 805
977 978
978 739
979 329
979 980
980 914
981 515
981 982
982 1007
983 530
983 984
984 46
985 557
985 986
986 370
987 784
987 988
988 248
989 569
989 990
990 900
991 621
991 992
992 152
993 721
993 994
994 169
995 455
995 996
996 385
997 881
997 998
998 568
999 264
999 1000
1000 674
1001 508
1001 1002
1002 957
1003 253
1003 1004
1004 22
1005 615
1005 1006
1006 332
1007 563
1007 1008
1008 824
1009 355
1009 1010
1010 537
1011 955
1011 1012
1012 653
1013 783
1013 1014
1014 609
