0 413
0 1013
3 89
3 688
4 279
4 540
6 671
5 354
7 661
7 813
8 9
8 571
10 276
9 236
11 223
11 518
13 245
13 536
15 503
15 692
17 63
17 613
19 165
19 192
21 772
21 1011
23 17
23 24
24 521
25 26
25 151
26 284
27 28
27 794
28 252
29 30
29 606
30 780
31 32
31 923
32 533
33 34
33 283
34 838
35 36
35 330
36 718
37 38
37 175
38 691
39 40
39 460
40 721
41 42
41 504
42 846
43 44
43 505
44 25
45 46
45 600
46 10
47 48
47 326
48 954
49 50
49 265
50 970
51 52
51 386
52 722
53 54
53 425
54 564
55 56
55 980
56 399
57 45
57 58
58 731
59 60
59 443
60 582
61 62
61 167
62 378
63 64
63 179
64 306
65 58
65 66
66 636
67 68
67 469
68 168
69 70
69 448
70 398
71 72
71 240
72 863
73 74
73 304
74 217
75 76
75 631
76 373
77 78
77 357
78 995
79 80
79 758
80 506
81 82
81 419
82 144
83 84
83 541
84 635
85 67
85 86
86 300
87 88
87 879
88 593
89 90
89 615
90 740
91 65
91 92
92 112
93 94
93 257
94 55
95 96
95 321
96 270
97 98
97 565
98 799
99 100
99 894
100 226
101 102
101 652
102 648
103 104
103 757
104 341
105 106
105 139
106 929
107 108
107 775
108 278
109 110
109 946
110 107
111 112
111 126
112 581
113 114
113 138
114 329
115 3
115 116
116 489
117 118
117 598
118 220
119 120
119 862
120 752
121 122
121 971
122 852
123 124
123 358
124 899
125 126
125 491
126 843
127 128
127 860
128 456
129 88
129 130
130 552
131 132
131 697
132 42
133 134
133 347
134 12
135 136
135 253
136 250
137 138
137 485
138 205
139 140
139 391
140 910
141 142
141 544
142 556
143 48
143 144
144 960
145 146
145 770
146 1000
147 148
147 643
148 670
149 150
149 952
150 716
151 152
151 634
152 763
153 154
153 629
154 302
155 156
155 589
156 9
157 2
157 158
158 777
159 160
159 427
160 818
161 162
161 660
162 809
163 164
163 254
164 149
165 166
165 395
166 286
167 168
167 961
168 60
169 101
169 170
170 996
171 172
171 591
172 490
173 174
173 390
174 918
175 140
175 176
176 857
177 178
177 803
178 617
179 180
179 515
180 792
181 182
181 789
182 352
183 184
183 1004
184 723
185 159
185 186
186 687
187 188
187 938
188 730
189 156
189 190
190 324
191 192
191 510
192 662
193 194
193 742
194 208
195 196
195 342
196 574
197 198
197 966
198 336
199 200
199 806
200 578
201 202
201 978
202 344
203 204
203 316
204 1010
205 206
205 628
206 442
207 208
207 349
208 626
209 210
209 483
210 82
211 212
211 870
212 796
213 5
213 214
214 426
215 216
215 275
216 338
217 218
217 337
218 146
219 220
219 568
220 868
221 222
221 288
222 773
223 224
223 840
224 216
225 152
225 226
226 779
227 228
227 243
228 756
229 230
229 465
230 566
231 232
231 563
232 956
233 234
233 787
234 335
235 236
235 916
236 10
237 238
237 972
238 214
239 240
239 603
240 18
241 242
241 449
242 864
243 215
243 244
244 498
245 221
245 246
246 934
247 248
247 829
248 623
249 129
249 250
250 380
251 39
251 252
252 450
253 254
253 754
254 281
255 256
255 821
256 987
257 258
257 639
258 206
259 260
259 785
260 814
261 262
261 523
262 922
263 264
263 477
264 92
265 266
265 343
266 333
267 268
267 646
268 414
269 207
269 270
270 364
271 251
271 272
272 676
273 274
273 475
274 492
275 276
275 887
276 69
277 161
277 278
278 881
279 264
279 280
280 20
281 282
281 955
282 596
283 284
283 761
284 620
285 286
285 407
286 178
287 13
287 288
288 871
289 290
289 576
290 90
291 292
291 493
292 878
293 142
293 294
294 14
295 296
295 935
296 116
297 111
297 298
298 748
299 300
299 888
300 725
301 302
301 759
302 706
303 304
303 713
304 673
305 306
305 892
306 858
307 242
307 308
308 64
309 310
309 717
310 737
311 312
311 551
312 366
313 103
313 314
314 468
315 121
315 316
316 416
317 318
317 535
318 936
319 320
319 677
320 372
321 322
321 734
322 538
323 62
323 324
324 948
325 326
325 962
326 30
327 328
327 849
328 837
329 204
329 330
330 512
331 72
331 332
332 174
333 334
333 901
334 909
335 336
335 991
336 248
337 338
337 817
338 22
339 340
339 984
340 608
341 342
341 810
342 947
343 344
343 463
344 982
345 346
345 403
346 298
347 348
347 650
348 375
349 7
349 350
350 400
351 153
351 352
352 246
353 354
353 848
354 728
355 356
355 778
356 320
357 358
357 815
358 81
359 360
359 599
360 977
361 362
361 619
362 211
363 364
363 487
364 724
365 366
365 653
366 6
367 353
367 368
368 166
369 370
369 893
370 350
371 372
371 751
372 712
373 374
373 832
374 528
375 117
375 376
376 942
377 311
377 378
378 26
379 380
379 885
380 800
381 382
381 889
382 689
383 384
383 577
384 674
385 325
385 386
386 99
387 388
387 905
388 844
389 185
389 390
390 382
391 392
391 749
392 346
393 394
393 537
394 451
395 396
395 621
396 68
397 398
397 667
398 698
399 400
399 642
400 930
401 305
401 402
402 856
403 93
403 404
404 421
405 406
405 900
406 307
407 340
407 408
408 897
409 410
409 699
410 998
411 412
411 587
412 981
413 414
413 853
414 622
415 416
415 727
416 883
417 418
417 873
418 164
419 108
419 420
420 35
421 190
421 422
422 842
423 424
423 825
424 941
425 426
425 985
426 202
427 31
427 428
428 446
429 133
429 430
430 968
431 432
431 999
432 702
433 434
433 915
434 158
435 239
435 436
436 715
437 377
437 438
438 57
439 32
439 440
440 237
441 442
441 703
442 708
443 444
443 495
444 447
445 199
445 446
446 479
447 408
447 448
448 828
449 411
449 450
450 143
451 452
451 854
452 486
453 454
453 845
454 200
455 235
455 456
456 774
457 458
457 973
458 272
459 125
459 460
460 439
461 462
461 612
462 907
463 263
463 464
464 154
465 466
465 801
466 361
467 468
467 607
468 781
469 470
469 679
470 232
471 472
471 831
472 274
473 474
473 520
474 24
475 476
475 719
476 979
477 478
477 645
478 285
479 106
479 480
480 228
481 73
481 482
482 309
483 484
483 786
484 958
485 486
485 1009
486 784
487 488
487 553
488 471
489 51
489 490
490 760
491 269
491 492
492 198
493 494
493 816
494 880
495 137
495 496
496 695
497 498
497 525
498 401
499 500
499 994
500 546
501 393
501 502
502 114
503 504
503 927
504 700
505 453
505 506
506 29
507 508
507 931
508 262
509 339
509 510
510 238
511 120
511 512
512 532
513 127
513 514
514 912
515 435
515 516
516 647
517 518
517 669
518 508
519 520
519 665
520 415
521 522
521 675
522 835
523 19
523 524
524 308
525 389
525 526
526 8
527 528
527 557
528 295
529 530
529 841
530 898
531 95
531 532
532 680
533 105
533 534
534 654
535 273
535 536
536 638
537 538
537 937
538 195
539 540
539 925
540 542
541 155
541 542
542 213
543 301
543 544
544 895
545 546
545 861
546 110
547 431
547 548
548 627
549 550
549 820
550 585
551 171
551 552
552 783
553 554
553 913
554 169
555 556
555 701
556 52
557 61
557 558
558 180
559 560
559 914
560 258
561 562
561 594
562 500
563 564
563 884
564 218
565 566
565 738
566 136
567 568
567 989
568 516
569 4
569 570
570 959
571 183
571 572
572 694
573 296
573 574
574 210
575 145
575 576
576 975
577 578
577 762
578 908
579 86
579 580
580 472
581 5
581 582
582 798
583 87
583 584
584 672
585 586
585 932
586 118
587 227
587 588
588 482
589 40
589 590
590 96
591 461
591 592
592 949
593 229
593 594
594 549
595 496
595 596
596 21
597 387
597 598
598 418
599 545
599 600
600 683
601 602
601 666
602 66
603 604
603 685
604 656
605 162
605 606
606 194
607 555
607 608
608 732
609 33
609 610
610 891
611 74
611 612
612 219
613 71
613 614
614 383
615 616
615 766
616 119
617 224
617 618
618 1
619 148
619 620
620 807
621 583
621 622
622 834
623 584
623 624
624 1006
625 626
625 649
626 569
627 517
627 628
628 455
629 497
629 630
630 575
631 222
631 632
632 746
633 634
633 733
634 15
635 362
635 636
636 312
637 473
637 638
638 919
639 287
639 640
640 203
641 642
641 869
642 965
643 644
643 720
644 348
645 646
645 791
646 189
647 597
647 648
648 128
649 271
649 650
650 323
651 433
651 652
652 131
653 554
653 654
654 664
655 558
655 656
656 764
657 77
657 658
658 184
659 660
659 865
660 707
661 662
661 921
662 280
663 75
663 664
664 293
665 381
665 666
666 950
667 668
667 790
668 920
669 345
669 670
670 371
671 672
671 704
672 824
673 674
673 765
674 904
675 37
675 676
676 997
677 132
677 678
678 964
679 680
679 729
680 902
681 44
681 682
682 385
683 625
683 684
684 875
685 310
685 686
686 624
687 688
687 911
688 289
689 331
689 690
690 572
691 531
691 692
692 188
693 130
693 694
694 850
695 182
695 696
696 440
697 579
697 698
698 244
699 177
699 700
700 163
701 702
701 867
702 34
703 704
703 1003
704 404
705 706
705 1005
706 882
707 708
707 1001
708 1002
709 710
709 735
710 452
711 303
711 712
712 876
713 714
713 924
714 524
715 682
715 716
716 370
717 543
717 718
718 726
719 43
719 720
720 633
721 592
721 722
722 230
723 423
723 724
724 365
725 530
725 726
726 367
727 181
727 728
728 602
729 573
729 730
730 560
731 732
731 788
732 826
733 53
733 734
734 655
735 736
735 741
736 260
737 738
737 769
738 247
739 548
739 740
740 714
741 742
741 890
742 355
743 744
743 917
744 193
745 659
745 746
746 644
747 360
747 748
748 176
749 249
749 750
750 290
751 412
751 752
752 41
753 351
753 754
754 519
755 747
755 756
756 368
757 758
757 1007
758 186
759 760
759 945
760 690
761 711
761 762
762 429
763 267
763 764
764 172
765 766
765 771
766 795
767 476
767 768
768 693
769 658
769 770
770 91
771 745
771 772
772 808
773 97
773 774
774 522
775 550
775 776
776 836
777 778
777 974
778 988
779 150
779 780
780 376
781 494
781 782
782 268
783 590
783 784
784 686
785 94
785 786
786 847
787 788
787 877
788 261
789 562
789 790
790 319
791 437
791 792
792 640
793 363
793 794
794 632
795 317
795 796
796 1014
797 313
797 798
798 886
799 800
799 1012
800 80
801 256
801 802
802 291
803 115
803 804
804 580
805 526
805 806
806 417
807 444
807 808
808 976
809 705
809 810
810 78
811 484
811 812
812 744
813 481
813 814
814 610
815 816
815 951
816 234
817 327
817 818
818 992
819 641
819 820
820 292
821 49
821 822
822 614
823 209
823 824
824 458
825 826
825 866
826 776
827 104
827 828
828 755
829 277
829 830
830 604
831 466
831 832
832 681
833 187
833 834
834 406
835 384
835 836
836 570
837 410
837 838
838 196
839 840
839 963
840 616
841 793
841 842
842 157
843 663
843 844
844 586
845 59
845 846
846 102
847 848
847 874
848 534
849 315
849 850
850 480
851 852
851 933
852 872
853 567
853 854
854 804
855 605
855 856
856 782
857 100
857 858
858 332
859 855
859 860
860 823
861 438
861 862
862 859
863 328
863 864
864 122
865 797
865 866
866 445
867 50
867 868
868 197
869 334
869 870
870 374
871 872
871 969
872 928
873 874
873 983
874 430
875 876
875 943
876 402
877 459
877 878
878 595
879 397
879 880
880 464
881 684
881 882
882 98
883 827
883 884
884 768
885 886
885 906
886 173
887 611
887 888
888 802
889 805
889 890
890 637
891 678
891 892
892 940
893 457
893 894
894 903
895 441
895 896
896 529
897 83
897 898
898 84
899 513
899 900
900 322
901 23
901 902
902 434
903 601
903 904
904 405
905 906
905 1008
906 314
907 908
907 953
908 47
909 11
909 910
910 990
911 822
911 912
912 833
913 651
913 914
914 147
915 739
915 916
916 993
917 233
917 918
918 470
919 294
919 920
920 750
921 462
921 922
922 76
923 657
923 924
924 255
925 428
925 926
926 432
927 509
927 928
928 28
929 56
929 930
930 36
931 297
931 932
932 27
933 436
933 934
934 478
935 499
935 936
936 134
937 46
937 938
938 54
939 539
939 940
940 986
941 282
941 942
942 394
943 124
943 944
944 420
945 547
945 946
946 141
947 388
947 948
948 454
949 38
949 950
950 696
951 588
951 952
952 70
953 359
953 954
954 926
955 474
955 956
956 830
957 318
957 958
958 668
959 191
959 960
960 710
961 839
961 962
962 79
963 135
963 964
964 160
965 379
965 966
966 392
967 753
967 968
968 514
969 559
969 970
970 501
971 967
971 972
972 424
973 231
973 974
974 356
975 561
975 976
976 467
977 123
977 978
978 939
979 819
979 980
980 225
981 507
981 982
982 6
983 299
983 984
984 709
985 488
985 986
986 812
987 527
987 988
988 170
989 743
989 990
990 851
991 896
991 992
992 944
993 511
993 994
994 259
995 85
995 996
996 16
997 502
997 998
998 422
999 609
999 1000
1000 201
1001 767
1001 1002
1002 957
1003 266
1003 1004
1004 369
1005 113
1005 1006
1006 212
1007 109
1007 1008
1008 409
1009 630
1009 1010
1010 396
1011 811
1011 1012
1012 736
1013 241
1013 1014
1014 618
