0 163
0 275
2 893
2 957
3 129
3 835
4 114
4 518
6 176
5 308
7 217
7 501
8 552
8 889
9 744
10 1014
13 642
13 770
15 28
15 417
17 18
17 386
19 441
19 595
21 79
21 567
23 24
23 705
24 782
25 26
25 533
26 419
27 28
27 216
28 279
29 30
29 465
30 342
31 32
31 315
32 804
33 34
33 391
34 720
35 36
35 981
36 134
37 38
37 683
38 926
39 40
39 945
40 990
41 42
41 1009
42 20
43 44
43 236
44 240
45 46
45 786
46 92
47 48
47 73
48 222
49 50
49 867
50 564
51 52
51 684
52 301
53 54
53 545
54 559
55 56
55 459
56 502
57 58
57 727
58 293
59 60
59 830
60 460
61 62
61 667
62 370
63 64
63 535
64 767
65 66
65 455
66 900
67 68
67 348
68 381
69 70
69 679
70 498
71 72
71 671
72 205
73 74
73 304
74 271
75 76
75 339
76 341
77 78
77 657
78 839
79 80
79 919
80 456
81 82
81 106
82 15
83 27
83 84
84 202
85 86
85 633
86 980
87 88
87 147
88 490
89 24
89 90
90 994
91 92
91 403
92 760
93 94
93 590
94 334
95 96
95 621
96 700
97 98
97 165
98 789
99 100
99 847
100 714
101 102
101 537
102 878
103 104
103 877
104 244
105 106
105 941
106 586
107 108
107 740
108 170
109 110
109 673
110 66
111 112
111 123
112 481
113 114
113 921
114 404
115 47
115 116
116 319
117 118
117 665
118 809
119 120
119 139
120 585
121 87
121 122
122 11
123 124
123 985
124 876
125 126
125 145
126 340
127 128
127 755
128 234
129 104
129 130
130 264
131 132
131 864
132 629
133 134
133 467
134 698
135 136
135 397
136 390
137 138
137 407
138 706
139 97
139 140
140 246
141 142
141 871
142 962
143 144
143 747
144 6
145 146
145 784
146 531
147 148
147 393
148 324
149 150
149 322
150 318
151 152
151 989
152 519
153 154
153 689
154 848
155 14
155 156
156 90
157 158
157 696
158 1001
159 160
159 663
160 922
161 162
161 566
162 604
163 164
163 737
164 780
165 49
165 166
166 873
167 168
167 263
168 868
169 170
169 372
170 336
171 172
171 232
172 976
173 174
173 200
174 687
175 176
175 461
176 858
177 152
177 178
178 362
179 61
179 180
180 798
181 182
181 351
182 486
183 184
183 730
184 169
185 186
185 636
186 787
187 118
187 188
188 645
189 34
189 190
190 940
191 192
191 602
192 295
193 194
193 312
194 269
195 196
195 493
196 161
197 198
197 721
198 268
199 200
199 313
200 998
201 202
201 242
202 554
203 204
203 749
204 368
205 206
205 500
206 280
207 208
207 712
208 259
209 210
209 494
210 872
211 212
211 627
212 278
213 214
213 1005
214 952
215 216
215 360
216 7
217 46
217 218
218 896
219 220
219 695
220 776
221 222
221 707
222 367
223 224
223 543
224 931
225 59
225 226
226 530
227 228
227 492
228 470
229 230
229 517
230 335
231 232
231 371
232 697
233 101
233 234
234 561
235 236
235 991
236 943
237 238
237 580
238 674
239 240
239 691
240 435
241 242
241 287
242 183
243 235
243 244
244 527
245 246
245 286
246 553
247 248
247 725
248 208
249 250
249 638
250 746
251 252
251 603
252 894
253 65
253 254
254 12
255 107
255 256
256 710
257 258
257 669
258 702
259 124
259 260
260 898
261 219
261 262
262 68
263 60
263 264
264 466
265 266
265 875
266 704
267 185
267 268
268 814
269 270
269 794
270 709
271 272
271 562
272 620
273 142
273 274
274 10
275 276
275 728
276 328
277 278
277 686
278 260
279 280
279 880
280 6
281 282
281 314
282 172
283 284
283 863
284 507
285 241
285 286
286 514
287 288
287 821
288 26
289 290
289 400
290 950
291 292
291 670
292 838
293 294
293 933
294 211
295 296
295 843
296 958
297 298
297 599
298 450
299 300
299 443
300 364
301 253
301 302
302 204
303 304
303 353
304 99
305 306
305 781
306 891
307 308
307 947
308 174
309 178
309 310
310 245
311 312
311 618
312 88
313 314
313 717
314 741
315 316
315 805
316 468
317 318
317 523
318 785
319 109
319 320
320 248
321 322
321 993
322 826
323 324
323 999
324 802
325 326
325 425
326 619
327 328
327 509
328 138
329 125
329 330
330 175
331 332
331 529
332 254
333 229
333 334
334 503
335 261
335 336
336 442
337 338
337 723
338 856
339 160
339 340
340 742
341 195
341 342
342 238
343 258
343 344
344 302
345 346
345 429
346 499
347 257
347 348
348 426
349 350
349 463
350 323
351 135
351 352
352 434
353 354
353 655
354 43
355 356
355 699
356 343
357 358
357 870
358 156
359 360
359 756
360 487
361 362
361 840
362 431
363 358
363 364
364 676
365 110
365 366
366 542
367 198
367 368
368 374
369 370
369 617
370 382
371 372
371 495
372 820
373 374
373 410
374 992
375 376
375 906
376 763
377 378
377 421
378 250
379 350
379 380
380 412
381 382
381 827
382 647
383 237
383 384
384 916
385 267
385 386
386 520
387 388
387 528
388 489
389 390
389 807
390 734
391 137
391 392
392 396
393 317
393 394
394 150
395 396
395 739
396 668
397 132
397 398
398 901
399 274
399 400
400 1004
401 402
401 995
402 808
403 404
403 583
404 672
405 51
405 406
406 157
407 408
407 433
408 997
409 410
409 701
410 948
411 230
411 412
412 750
413 414
413 910
414 833
415 416
415 903
416 688
417 418
417 538
418 452
419 177
419 420
420 128
421 422
421 938
422 480
423 283
423 424
424 32
425 426
425 911
426 988
427 428
427 639
428 775
429 303
429 430
430 597
431 354
431 432
432 10
433 284
433 434
434 5
435 436
435 479
436 675
437 272
437 438
438 796
439 180
439 440
440 108
441 442
441 970
442 206
443 444
443 979
444 357
445 446
445 964
446 759
447 448
447 478
448 524
449 307
449 450
450 977
451 452
451 930
452 149
453 454
453 584
454 464
455 329
455 456
456 963
457 458
457 708
458 951
459 460
459 862
460 363
461 462
461 615
462 361
463 464
463 783
464 971
465 420
465 466
466 440
467 468
467 593
468 126
469 470
469 654
470 664
471 111
471 472
472 84
473 233
473 474
474 483
475 476
475 765
476 972
477 231
477 478
478 608
479 480
479 1012
480 320
481 482
481 666
482 292
483 17
483 484
484 214
485 486
485 609
486 942
487 488
487 915
488 453
489 490
489 890
490 560
491 186
491 492
492 748
493 81
493 494
494 189
495 57
495 496
496 256
497 498
497 768
498 1003
499 500
499 968
500 836
501 93
501 502
502 72
503 325
503 504
504 430
505 485
505 506
506 74
507 158
507 508
508 78
509 510
509 641
510 908
511 512
511 650
512 754
513 514
513 653
514 944
515 55
515 516
516 556
517 518
517 539
518 321
519 520
519 973
520 4
521 143
521 522
522 221
523 297
523 524
524 738
525 526
525 573
526 197
527 67
527 528
528 23
529 38
529 530
530 162
531 532
531 690
532 422
533 534
533 579
534 652
535 171
535 536
536 457
537 538
537 984
538 100
539 265
539 540
540 36
541 542
541 934
542 511
543 544
543 677
544 640
545 546
545 575
546 439
547 526
547 548
548 946
549 385
549 550
550 44
551 166
551 552
552 243
553 554
553 982
554 42
555 405
555 556
556 578
557 558
557 983
558 395
559 95
559 560
560 800
561 218
561 562
562 338
563 447
563 564
564 630
565 566
565 917
566 812
567 131
567 568
568 52
569 153
569 570
570 50
571 572
571 861
572 515
573 213
573 574
574 377
575 576
575 969
576 885
577 355
577 578
578 289
579 580
579 761
580 544
581 582
581 693
582 496
583 584
583 961
584 887
585 477
585 586
586 491
587 572
587 588
588 154
589 590
589 895
590 225
591 592
591 790
592 1006
593 394
593 594
594 249
595 306
595 596
596 522
597 598
597 692
598 736
599 600
599 853
600 192
601 252
601 602
602 622
603 604
603 731
604 296
605 540
605 606
606 703
607 608
607 656
608 596
609 401
609 610
610 75
611 369
611 612
612 614
613 614
613 818
614 471
615 616
615 791
616 866
617 21
617 618
618 418
619 620
619 936
620 212
621 113
621 622
622 347
623 330
623 624
624 445
625 513
625 626
626 416
627 389
627 628
628 508
629 8
629 630
630 227
631 632
631 937
632 822
633 634
633 865
634 497
635 636
635 801
636 601
637 13
637 638
638 332
639 33
639 640
640 779
641 642
641 851
642 841
643 333
643 644
644 902
645 112
645 646
646 475
647 130
647 648
648 384
649 365
649 650
650 383
651 652
651 758
652 448
653 616
653 654
654 48
655 199
655 656
656 547
657 151
657 658
658 159
659 37
659 660
660 644
661 359
661 662
662 444
663 299
663 664
664 300
665 666
665 905
666 954
667 541
667 668
668 414
669 316
669 670
670 352
671 672
671 811
672 854
673 86
673 674
674 276
675 676
675 788
676 844
677 98
677 678
678 899
679 379
679 680
680 438
681 682
681 817
682 247
683 684
683 837
684 402
685 686
685 729
686 103
687 534
687 688
688 510
689 141
689 690
690 476
691 83
691 692
692 116
693 694
693 764
694 56
695 696
695 777
696 345
697 294
697 698
698 967
699 35
699 700
700 592
701 555
701 702
702 928
703 226
703 704
704 469
705 605
705 706
706 9
707 102
707 708
708 874
709 710
709 792
710 164
711 712
711 815
712 682
713 714
713 939
714 587
715 482
715 716
716 210
717 718
717 806
718 337
719 203
719 720
720 288
721 576
721 722
722 291
723 724
723 925
724 458
725 40
725 726
726 136
727 728
727 883
728 54
729 39
729 730
730 309
731 732
731 831
732 1002
733 105
733 734
734 536
735 436
735 736
736 96
737 738
737 987
738 193
739 207
739 740
740 373
741 298
741 742
742 569
743 148
743 744
744 196
745 388
745 746
746 732
747 748
747 771
748 262
749 643
749 750
750 398
751 408
751 752
752 563
753 5
753 754
754 648
755 25
755 756
756 239
757 574
757 758
758 649
759 546
759 760
760 273
761 77
761 762
762 558
763 764
763 852
764 346
765 310
765 766
766 918
767 768
767 1000
768 472
769 631
769 770
770 380
771 94
771 772
772 311
773 179
773 774
774 454
775 776
775 920
776 828
777 406
777 778
778 1013
779 637
779 780
780 598
781 127
781 782
782 399
783 751
783 784
784 829
785 184
785 786
786 1007
787 788
787 846
788 810
789 790
789 1011
790 850
791 473
791 792
792 859
793 794
793 986
794 634
795 796
795 832
796 182
797 71
797 798
798 188
799 711
799 800
800 960
801 802
801 819
802 22
803 565
803 804
804 326
805 505
805 806
806 568
807 733
807 808
808 860
809 810
809 904
810 155
811 349
811 812
812 437
813 814
813 849
814 651
815 571
815 816
816 53
817 818
817 881
818 521
819 820
819 884
820 892
821 681
821 822
822 834
823 816
823 824
824 305
825 662
825 826
826 632
827 828
827 924
828 949
829 181
829 830
830 356
831 409
831 832
832 63
833 30
833 834
834 16
835 548
835 836
836 886
837 773
837 838
838 923
839 327
839 840
840 715
841 506
841 842
842 290
843 606
843 844
844 594
845 813
845 846
846 488
847 550
847 848
848 660
849 623
849 850
850 912
851 82
851 852
852 484
853 285
853 854
854 975
855 823
855 856
856 591
857 713
857 858
858 64
859 532
859 860
860 743
861 862
861 965
862 678
863 864
863 966
864 31
865 449
865 866
866 897
867 799
867 868
868 772
869 2
869 870
870 69
871 769
871 872
872 1
873 41
873 874
874 624
875 415
875 876
876 626
877 331
877 878
878 1010
879 880
879 929
880 387
881 882
881 907
882 344
883 251
883 884
884 58
885 628
885 886
886 582
887 879
887 888
888 474
889 890
889 913
890 735
891 133
891 892
892 882
893 797
893 894
894 91
895 857
895 896
896 774
897 778
897 898
898 516
899 191
899 900
900 366
901 745
901 902
902 766
903 659
903 904
904 625
905 551
905 906
906 424
907 908
907 955
908 914
909 277
909 910
910 646
911 504
911 912
912 167
913 685
913 914
914 70
915 80
915 916
916 378
917 223
917 918
918 376
919 120
919 920
920 888
921 525
921 922
922 194
923 600
923 924
924 173
925 926
925 932
926 752
927 187
927 928
928 201
929 115
929 930
930 140
931 635
931 932
932 613
933 121
933 934
934 411
935 803
935 936
936 974
937 909
937 938
938 282
939 19
939 940
940 978
941 427
941 942
942 228
943 89
943 944
944 270
945 855
945 946
946 255
947 117
947 948
948 927
949 842
949 950
950 680
951 266
951 952
952 45
953 612
953 954
954 413
955 719
955 956
956 845
957 224
957 958
958 168
959 462
959 960
960 62
961 76
961 962
962 392
963 557
963 964
964 190
965 423
965 966
966 935
967 959
967 968
968 220
969 824
969 970
970 215
971 753
971 972
972 570
973 825
973 974
974 724
975 451
975 976
976 722
977 795
977 978
978 793
979 589
979 980
980 953
981 428
981 982
982 29
983 956
983 984
984 610
985 607
985 986
986 446
987 119
987 988
988 577
989 658
989 990
990 3
991 281
991 992
992 432
993 757
993 994
994 146
995 85
995 996
996 549
997 661
997 998
998 9
999 762
999 1000
1000 1008
1001 996
1001 1002
1002 716
1003 588
1003 1004
1004 122
1005 718
1005 1006
1006 144
1007 694
1007 1008
1008 512
1009 869
1009 1010
1010 209
1011 611
1011 1012
1012 375
1013 726
1013 1014
1014 581
