0 26
0 835
2 319
2 999
3 597
3 985
4 182
4 507
5 340
6 401
9 663
9 813
10 402
10 581
11 799
12 756
13 14
13 186
15 637
15 819
17 408
17 788
19 442
19 620
21 539
21 771
23 24
23 665
24 294
25 26
25 255
26 977
27 28
27 342
28 8
29 30
29 885
30 582
31 32
31 464
32 541
33 34
33 477
34 73
35 36
35 825
36 51
37 38
37 751
38 439
39 40
39 549
40 770
41 42
41 958
42 97
43 44
43 839
44 510
45 46
45 763
46 364
47 48
47 630
48 1010
49 50
49 487
50 940
51 52
51 159
52 540
53 54
53 109
54 687
55 56
55 305
56 607
57 23
57 58
58 236
59 60
59 905
60 591
61 62
61 685
62 372
63 64
63 739
64 934
65 66
65 374
66 231
67 68
67 465
68 886
69 70
69 736
70 270
71 72
71 347
72 138
73 74
73 561
74 946
75 76
75 997
76 438
77 78
77 292
78 817
79 80
79 479
80 721
81 82
81 515
82 267
83 84
83 727
84 5
85 86
85 737
86 250
87 88
87 537
88 530
89 90
89 558
90 194
91 92
91 227
92 966
93 94
93 341
94 411
95 96
95 702
96 258
97 98
97 566
98 992
99 100
99 147
100 568
101 102
101 356
102 1006
103 104
103 445
104 894
105 106
105 144
106 354
107 108
107 538
108 114
109 110
109 683
110 345
111 100
111 112
112 266
113 101
113 114
114 1005
115 116
115 881
116 302
117 118
117 845
118 672
119 120
119 671
120 617
121 122
121 289
122 381
123 124
123 583
124 848
125 126
125 151
126 284
127 128
127 995
128 453
129 130
129 915
130 640
131 132
131 853
132 115
133 134
133 585
134 369
135 136
135 456
136 500
137 138
137 864
138 45
139 140
139 384
140 256
141 142
141 951
142 811
143 144
143 282
144 798
145 3
145 146
146 40
147 31
147 148
148 213
149 150
149 858
150 328
151 152
151 281
152 60
153 154
153 937
154 686
155 156
155 1011
156 436
157 158
157 913
158 315
159 160
159 221
160 693
161 162
161 508
162 808
163 164
163 844
164 1008
165 166
165 955
166 518
167 38
167 168
168 64
169 170
169 493
170 704
171 172
171 747
172 244
173 174
173 405
174 669
175 176
175 272
176 939
177 178
177 366
178 904
179 180
179 909
180 976
181 182
181 831
182 104
183 184
183 963
184 362
185 186
185 403
186 639
187 188
187 757
188 732
189 93
189 190
190 192
191 192
191 629
192 830
193 194
193 475
194 889
195 196
195 660
196 440
197 198
197 655
198 189
199 200
199 321
200 998
201 202
201 679
202 339
203 103
203 204
204 734
205 206
205 427
206 983
207 208
207 882
208 765
209 210
209 497
210 850
211 212
211 741
212 584
213 214
213 657
214 646
215 216
215 443
216 956
217 218
217 545
218 678
219 220
219 707
220 782
221 222
221 238
222 410
223 224
223 489
224 146
225 226
225 297
226 180
227 228
227 333
228 822
229 230
229 656
230 395
231 232
231 659
232 433
233 91
233 234
234 738
235 236
235 569
236 334
237 238
237 290
238 135
239 47
239 240
240 841
241 12
241 242
242 632
243 197
243 244
244 952
245 246
245 329
246 866
247 248
247 367
248 482
249 250
249 393
250 768
251 252
251 824
252 708
253 254
253 379
254 990
255 256
255 417
256 382
257 258
257 755
258 550
259 74
259 260
260 246
261 237
261 262
262 483
263 163
263 264
264 834
265 148
265 266
266 452
267 96
267 268
268 418
269 270
269 638
270 394
271 272
271 575
272 107
273 274
273 420
274 426
275 276
275 317
276 332
277 278
277 383
278 166
279 183
279 280
280 931
281 282
281 823
282 944
283 284
283 769
284 451
285 286
285 577
286 251
287 9
287 288
288 827
289 83
289 290
290 499
291 292
291 875
292 485
293 294
293 961
294 600
295 296
295 612
296 472
297 285
297 298
298 16
299 300
299 404
300 198
301 302
301 715
302 474
303 304
303 743
304 609
305 122
305 306
306 644
307 308
307 534
308 780
309 310
309 481
310 435
311 312
311 1013
312 914
313 314
313 498
314 409
315 132
315 316
316 842
317 318
317 919
318 945
319 320
319 740
320 30
321 322
321 694
322 414
323 324
323 773
324 610
325 326
325 662
326 108
327 232
327 328
328 696
329 330
329 838
330 286
331 332
331 1000
332 388
333 334
333 503
334 41
335 336
335 766
336 424
337 338
337 643
338 24
339 340
339 407
340 478
341 36
341 342
342 496
343 10
343 344
344 164
345 346
345 929
346 69
347 348
347 546
348 139
349 350
349 893
350 218
351 352
351 623
352 846
353 354
353 406
354 716
355 356
355 522
356 492
357 358
357 636
358 750
359 360
359 863
360 758
361 362
361 396
362 62
363 22
363 364
364 154
365 271
365 366
366 1004
367 262
367 368
368 240
369 370
369 712
370 1014
371 229
371 372
372 520
373 374
373 971
374 553
375 2
375 376
376 216
377 149
377 378
378 92
379 380
379 942
380 989
381 382
381 785
382 458
383 384
383 473
384 441
385 133
385 386
386 35
387 388
387 389
388 774
389 390
389 628
390 735
391 167
391 392
392 906
393 176
393 394
394 731
395 396
395 855
396 984
397 211
397 398
398 924
399 400
399 674
400 544
401 386
401 402
402 325
403 404
403 797
404 275
405 406
405 459
406 432
407 53
407 408
408 649
409 410
409 603
410 98
411 412
411 884
412 836
413 414
413 463
414 896
415 416
415 993
416 243
417 418
417 783
418 423
419 420
419 787
420 796
421 422
421 865
422 34
423 424
423 806
424 608
425 6
425 426
426 746
427 428
427 513
428 986
429 327
429 430
430 828
431 432
431 598
432 486
433 434
433 843
434 814
435 436
435 1009
436 576
437 99
437 438
438 682
439 25
439 440
440 113
441 442
441 673
442 987
443 444
443 742
444 804
445 446
445 851
446 745
447 448
447 491
448 484
449 450
449 651
450 480
451 452
451 559
452 448
453 454
453 471
454 878
455 456
455 601
456 88
457 458
457 898
458 726
459 460
459 729
460 363
461 462
461 960
462 536
463 124
463 464
464 90
465 466
465 728
466 6
467 468
467 647
468 957
469 470
469 621
470 111
471 158
471 472
472 675
473 474
473 653
474 361
475 476
475 873
476 152
477 478
477 959
478 594
479 480
479 517
480 224
481 482
481 1003
482 355
483 484
483 888
484 248
485 486
485 631
486 324
487 422
487 488
488 430
489 490
489 650
490 338
491 492
491 802
492 376
493 129
493 494
494 87
495 304
495 496
496 587
497 498
497 809
498 872
499 165
499 500
500 134
501 476
501 502
502 52
503 504
503 634
504 488
505 365
505 506
506 912
507 143
507 508
508 688
509 301
509 510
510 784
511 277
511 512
512 70
513 514
513 781
514 86
515 398
515 516
516 50
517 518
517 552
518 547
519 520
519 605
520 588
521 89
521 522
522 516
523 524
523 883
524 832
525 145
525 526
526 920
527 155
527 528
528 75
529 530
529 948
530 392
531 331
531 532
532 206
533 32
533 534
534 994
535 128
535 536
536 859
537 153
537 538
538 120
539 540
539 627
540 350
541 201
541 542
542 776
543 544
543 789
544 580
545 546
545 619
546 19
547 27
547 548
548 744
549 550
549 658
550 170
551 552
551 968
552 283
553 554
553 565
554 810
555 556
555 973
556 130
557 303
557 558
558 711
559 560
559 911
560 288
561 457
561 562
562 648
563 564
563 943
564 193
565 437
565 566
566 322
567 568
567 719
568 837
569 570
569 970
570 54
571 572
571 821
572 390
573 574
573 949
574 554
575 576
575 954
576 816
577 68
577 578
578 208
579 313
579 580
580 972
581 582
581 857
582 654
583 279
583 584
584 17
585 586
585 720
586 46
587 175
587 588
588 703
589 590
589 633
590 762
591 592
591 930
592 308
593 416
593 594
594 102
595 421
595 596
596 444
597 598
597 867
598 203
599 375
599 600
600 652
601 173
601 602
602 908
603 604
603 900
604 5
605 261
605 606
606 351
607 161
607 608
608 524
609 610
609 699
610 222
611 560
611 612
612 820
613 461
613 614
614 1002
615 257
615 616
616 188
617 307
617 618
618 860
619 343
619 620
620 260
621 455
621 622
622 253
623 157
623 624
624 512
625 626
625 925
626 869
627 628
627 723
628 991
629 529
629 630
630 431
631 234
631 632
632 259
633 185
633 634
634 979
635 636
635 916
636 140
637 638
637 849
638 298
639 160
639 640
640 752
641 642
641 730
642 618
643 548
643 644
644 18
645 615
645 646
646 447
647 648
647 801
648 296
649 650
649 840
650 335
651 652
651 701
652 460
653 495
653 654
654 168
655 656
655 854
656 874
657 658
657 950
658 988
659 557
659 660
660 953
661 571
661 662
662 119
663 141
663 664
664 614
665 590
665 666
666 556
667 635
667 668
668 428
669 280
669 670
670 805
671 672
671 962
672 207
673 595
673 674
674 300
675 314
675 676
676 106
677 233
677 678
678 604
679 323
679 680
680 624
681 682
681 975
682 172
683 318
683 684
684 724
685 611
685 686
686 664
687 48
687 688
688 812
689 468
689 690
690 680
691 692
691 926
692 562
693 694
693 891
694 775
695 589
695 696
696 12
697 670
697 698
698 357
699 573
699 700
700 501
701 85
701 702
702 413
703 273
703 704
704 320
705 287
705 706
706 470
707 116
707 708
708 936
709 212
709 710
710 39
711 80
711 712
712 706
713 118
713 714
714 311
715 310
715 716
716 760
717 202
717 718
718 269
719 67
719 720
720 777
721 722
721 981
722 870
723 625
723 724
724 385
725 235
725 726
726 932
727 543
727 728
728 415
729 217
729 730
730 965
731 412
731 732
732 514
733 77
733 734
734 616
735 15
735 736
736 586
737 527
737 738
738 377
739 291
739 740
740 917
741 81
741 742
742 276
743 467
743 744
744 793
745 242
745 746
746 200
747 72
747 748
748 450
749 681
749 750
750 316
751 752
751 887
752 542
753 469
753 754
754 578
755 756
755 879
756 803
757 11
757 758
758 933
759 204
759 760
760 76
761 762
761 927
762 593
763 764
763 818
764 964
765 709
765 766
766 570
767 220
767 768
768 268
769 187
769 770
770 749
771 309
771 772
772 876
773 66
773 774
774 710
775 776
775 800
776 110
777 33
777 778
778 112
779 754
779 780
780 184
781 419
781 782
782 178
783 348
783 784
784 434
785 57
785 786
786 579
787 349
787 788
788 105
789 790
789 967
790 358
791 360
791 792
792 274
793 779
793 794
794 852
795 668
795 796
796 162
797 677
797 798
798 980
799 150
799 800
800 535
801 761
801 802
802 55
803 174
803 804
804 676
805 142
805 806
806 252
807 666
807 808
808 446
809 121
809 810
810 829
811 397
811 812
812 592
813 684
813 814
814 20
815 400
815 816
816 226
817 818
817 895
818 880
819 820
819 922
820 528
821 822
821 897
822 56
823 753
823 824
824 692
825 826
825 982
826 156
827 613
827 828
828 245
829 697
829 830
830 521
831 191
831 832
832 58
833 714
833 834
834 974
835 705
835 836
836 228
837 667
837 838
838 786
839 840
839 871
840 219
841 842
841 918
842 791
843 531
843 844
844 254
845 645
845 846
846 4
847 848
847 1012
848 996
849 505
849 850
850 700
851 293
851 852
852 346
853 359
853 854
854 861
855 718
855 856
856 790
857 511
857 858
858 225
859 196
859 860
860 378
861 466
861 862
862 370
863 864
863 923
864 622
865 602
865 866
866 759
867 641
867 868
868 82
869 425
869 870
870 778
871 131
871 872
872 264
873 874
873 903
874 263
875 265
875 876
876 815
877 462
877 878
878 1007
879 352
879 880
880 807
881 882
881 899
882 177
883 884
883 902
884 698
885 59
885 886
886 205
887 888
887 947
888 95
889 278
889 890
890 748
891 241
891 892
892 84
893 599
893 894
894 572
895 626
895 896
896 306
897 43
897 898
898 890
899 574
899 900
900 978
901 902
901 941
902 689
903 717
903 904
904 330
905 533
905 906
906 11
907 78
907 908
908 169
909 344
909 910
910 642
911 399
911 912
912 13
913 429
913 914
914 794
915 247
915 916
916 1
917 918
917 921
918 764
919 606
919 920
920 690
921 137
921 922
922 555
923 21
923 924
924 713
925 567
925 926
926 733
927 563
927 928
928 125
929 210
929 930
930 532
931 199
931 932
932 215
933 795
933 934
934 504
935 928
935 936
936 44
937 523
937 938
938 490
939 337
939 940
940 868
941 71
941 942
942 494
943 935
943 944
944 49
945 117
945 946
946 722
947 127
947 948
948 65
949 387
949 950
950 391
951 952
951 1001
952 7
953 725
953 954
954 230
955 299
955 956
956 353
957 519
957 958
958 179
959 126
959 960
960 94
961 907
961 962
962 79
963 449
963 964
964 136
965 239
965 966
966 502
967 695
967 968
968 969
969 661
969 970
970 171
971 209
971 972
972 792
973 214
973 974
974 772
975 856
975 976
976 596
977 691
977 978
978 336
979 551
979 980
980 42
981 195
981 982
982 371
983 223
983 984
984 380
985 249
985 986
986 877
987 525
987 988
988 833
989 312
989 990
990 862
991 509
991 992
992 892
993 37
993 994
994 61
995 181
995 996
996 506
997 526
997 998
998 767
999 901
999 1000
1000 564
1001 123
1001 1002
1002 295
1003 29
1003 1004
1004 190
1005 910
1005 1006
1006 826
1007 28
1007 1008
1008 326
1009 847
1009 1010
1010 368
1011 373
1011 1012
1012 63
1013 938
1013 1014
1014 454
