0 47
0 917
3 160
3 653
4 475
4 493
6 874
5 142
7 37
7 431
8 199
8 456
10 973
9 602
11 88
11 750
13 442
13 659
15 491
15 523
17 89
17 836
19 446
19 560
21 711
21 781
23 24
23 869
24 15
25 26
25 479
26 110
27 28
27 441
28 69
29 30
29 437
30 975
31 32
31 476
32 404
33 34
33 58
34 84
35 36
35 595
36 455
37 38
37 903
38 223
39 40
39 220
40 934
41 42
41 915
42 424
43 44
43 683
44 96
45 46
45 774
46 281
47 48
47 713
48 783
49 50
49 886
50 935
51 52
51 464
52 276
53 54
53 943
54 589
55 56
55 321
56 835
57 58
57 870
58 532
59 60
59 176
60 386
61 62
61 145
62 939
63 49
63 64
64 624
65 66
65 905
66 923
67 68
67 508
68 820
69 70
69 407
70 163
71 72
71 856
72 680
73 74
73 684
74 922
75 28
75 76
76 114
77 78
77 353
78 911
79 80
79 851
80 802
81 82
81 519
82 174
83 84
83 261
84 928
85 86
85 327
86 549
87 88
87 513
88 492
89 90
89 205
90 721
91 92
91 132
92 488
93 94
93 113
94 161
95 96
95 932
96 789
97 65
97 98
98 780
99 100
99 283
100 872
101 102
101 184
102 958
103 104
103 899
104 986
105 106
105 226
106 109
107 108
107 370
108 720
109 110
109 778
110 823
111 112
111 499
112 806
113 114
113 809
114 390
115 116
115 277
116 61
117 118
117 747
118 868
119 93
119 120
120 700
121 122
121 855
122 64
123 124
123 324
124 308
125 126
125 839
126 723
127 128
127 300
128 134
129 130
129 897
130 402
131 132
131 169
132 83
133 134
133 185
134 989
135 136
135 317
136 172
137 138
137 593
138 701
139 140
139 787
140 293
141 142
141 254
142 400
143 144
143 348
144 838
145 146
145 706
146 630
147 148
147 671
148 79
149 150
149 799
150 6
151 152
151 853
152 850
153 128
153 154
154 212
155 156
155 356
156 366
157 158
157 363
158 222
159 160
159 563
160 577
161 162
161 819
162 392
163 164
163 709
164 843
165 166
165 545
166 949
167 168
167 582
168 815
169 7
169 170
170 401
171 172
171 243
172 533
173 68
173 174
174 572
175 176
175 692
176 190
177 178
177 880
178 646
179 180
179 467
180 323
181 182
181 957
182 18
183 184
183 527
184 148
185 91
185 186
186 556
187 188
187 737
188 233
189 190
189 275
190 759
191 97
191 192
192 522
193 194
193 285
194 534
195 196
195 203
196 638
197 198
197 639
198 465
199 200
199 316
200 979
201 202
201 227
202 294
203 204
203 645
204 944
205 206
205 242
206 164
207 208
207 345
208 20
209 210
209 284
210 618
211 212
211 951
212 660
213 214
213 265
214 449
215 67
215 216
216 918
217 218
217 756
218 744
219 220
219 451
220 379
221 222
221 842
222 269
223 224
223 715
224 410
225 226
225 597
226 669
227 211
227 228
228 800
229 230
229 718
230 668
231 232
231 471
232 229
233 234
233 813
234 795
235 236
235 640
236 204
237 238
237 981
238 548
239 240
239 998
240 82
241 121
241 242
242 236
243 127
243 244
244 52
245 165
245 246
246 962
247 248
247 358
248 196
249 41
249 250
250 296
251 252
251 969
252 696
253 254
253 578
254 643
255 256
255 417
256 360
257 247
257 258
258 730
259 260
259 298
260 183
261 262
261 497
262 816
263 264
263 852
264 714
265 266
265 311
266 458
267 57
267 268
268 608
269 270
269 364
270 418
271 272
271 385
272 341
273 274
273 1009
274 267
275 21
275 276
276 60
277 278
277 406
278 414
279 280
279 772
280 428
281 12
281 282
282 186
283 119
283 284
284 50
285 286
285 792
286 208
287 288
287 393
288 216
289 130
289 290
290 146
291 44
291 292
292 588
293 92
293 294
294 614
295 120
295 296
296 268
297 225
297 298
298 4
299 122
299 300
300 39
301 241
301 302
302 71
303 304
303 622
304 770
305 104
305 306
306 862
307 308
307 736
308 832
309 10
309 310
310 381
311 312
311 777
312 246
313 314
313 902
314 942
315 316
315 559
316 863
317 318
317 733
318 124
319 320
319 351
320 764
321 322
321 677
322 213
323 324
323 374
324 804
325 326
325 826
326 273
327 328
327 517
328 167
329 330
329 885
330 592
331 63
331 332
332 470
333 187
333 334
334 687
335 336
335 551
336 26
337 325
337 338
338 892
339 295
339 340
340 554
341 106
341 342
342 156
343 344
343 485
344 912
345 102
345 346
346 878
347 257
347 348
348 152
349 129
349 350
350 278
351 352
351 825
352 389
353 354
353 415
354 271
355 356
355 895
356 890
357 3
357 358
358 461
359 360
359 555
360 926
361 217
361 362
362 318
363 364
363 773
364 531
365 366
365 433
366 1010
367 189
367 368
368 135
369 370
369 375
370 539
371 141
371 372
372 248
373 374
373 611
374 740
375 117
375 376
376 644
377 378
377 521
378 573
379 140
379 380
380 670
381 382
381 514
382 484
383 384
383 500
384 206
385 386
385 893
386 924
387 388
387 950
388 691
389 390
389 782
390 335
391 392
391 682
392 992
393 347
393 394
394 472
395 396
395 716
396 605
397 349
397 398
398 763
399 357
399 400
400 985
401 85
401 402
402 591
403 404
403 1001
404 656
405 406
405 755
406 178
407 287
407 408
408 914
409 410
409 478
410 575
411 302
411 412
412 48
413 105
413 414
414 34
415 409
415 416
416 896
417 418
417 686
418 620
419 420
419 907
420 1012
421 422
421 980
422 279
423 99
423 424
424 56
425 125
425 426
426 735
427 215
427 428
428 576
429 8
429 430
430 941
431 432
431 581
432 946
433 434
433 810
434 438
435 436
435 529
436 652
437 435
437 438
438 153
439 427
439 440
440 154
441 255
441 442
442 919
443 444
443 697
444 272
445 446
445 847
446 108
447 448
447 875
448 6
449 343
449 450
450 440
451 452
451 610
452 326
453 454
453 834
454 564
455 195
455 456
456 628
457 452
457 458
458 662
459 460
459 971
460 947
461 462
461 579
462 175
463 464
463 542
464 814
465 466
465 634
466 898
467 468
467 617
468 991
469 77
469 470
470 606
471 472
471 955
472 372
473 474
473 651
474 732
475 476
475 881
476 90
477 478
477 731
478 111
479 430
479 480
480 72
481 468
481 482
482 613
483 484
483 1013
484 994
485 486
485 812
486 748
487 488
487 641
488 550
489 490
489 900
490 848
491 492
491 632
492 540
493 494
493 859
494 14
495 313
495 496
496 698
497 498
497 673
498 648
499 500
499 925
500 155
501 482
501 502
502 822
503 209
503 504
504 162
505 405
505 506
506 717
507 508
507 887
508 337
509 510
509 754
510 256
511 512
511 798
512 840
513 307
513 514
514 584
515 373
515 516
516 601
517 315
517 518
518 292
519 32
519 520
520 262
521 328
521 522
522 188
523 524
523 796
524 112
525 526
525 570
526 352
527 528
527 913
528 31
529 530
529 681
530 312
531 486
531 532
532 990
533 344
533 534
534 46
535 95
535 536
536 340
537 320
537 538
538 314
539 201
539 540
540 728
541 9
541 542
542 599
543 544
543 995
544 253
545 546
545 547
546 336
547 303
547 548
548 858
549 477
549 550
550 676
551 552
551 829
552 305
553 554
553 729
554 51
555 501
555 556
556 498
557 558
557 594
558 788
559 367
559 560
560 661
561 429
561 562
562 30
563 515
563 564
564 876
565 566
565 867
566 123
567 568
567 585
568 807
569 570
569 953
570 509
571 181
571 572
572 703
573 574
573 743
574 537
575 576
575 894
576 240
577 571
577 578
578 637
579 116
579 580
580 997
581 582
581 699
582 741
583 436
583 584
584 466
585 319
585 586
586 603
587 439
587 588
588 250
589 469
589 590
590 844
591 29
591 592
592 282
593 594
593 753
594 871
595 596
595 752
596 98
597 423
597 598
598 489
599 354
599 600
600 422
601 602
601 738
602 378
603 377
603 604
604 688
605 365
605 606
606 824
607 608
607 860
608 966
609 487
609 610
610 369
611 139
611 612
612 481
613 614
613 757
614 76
615 496
615 616
616 982
617 383
617 618
618 420
619 620
619 791
620 604
621 622
621 837
622 1003
623 624
623 929
624 988
625 626
625 751
626 600
627 170
627 628
628 86
629 40
629 630
630 210
631 460
631 632
632 707
633 525
633 634
634 450
635 193
635 636
636 1002
637 638
637 727
638 408
639 640
639 675
640 214
641 459
641 642
642 607
643 224
643 644
644 511
645 333
645 646
646 411
647 648
647 864
648 906
649 650
649 909
650 506
651 652
651 901
652 126
653 355
653 654
654 259
655 656
655 931
656 144
657 658
657 693
658 13
659 329
659 660
660 742
661 662
661 984
662 784
663 567
663 664
664 689
665 202
665 666
666 768
667 668
667 884
668 546
669 670
669 785
670 948
671 672
671 987
672 463
673 191
673 674
674 42
675 676
675 801
676 936
677 625
677 678
678 382
679 680
679 938
680 1004
681 682
681 775
682 702
683 388
683 684
684 725
685 557
685 686
686 234
687 664
687 688
688 904
689 587
689 690
690 636
691 674
691 692
692 45
693 694
693 719
694 228
695 322
695 696
696 877
697 698
697 793
698 972
699 700
699 960
700 808
701 702
701 945
702 263
703 704
703 1007
704 510
705 706
705 817
706 803
707 708
707 831
708 790
709 710
709 821
710 173
711 36
711 712
712 66
713 619
713 714
714 432
715 19
715 716
716 62
717 718
717 833
718 221
719 101
719 720
720 1014
721 9
721 722
722 828
723 530
723 724
724 940
725 726
725 849
726 239
727 398
727 728
728 978
729 649
729 730
730 396
731 543
731 732
732 368
733 24
733 734
734 708
735 443
735 736
736 238
737 738
737 797
738 17
739 596
739 740
740 444
741 742
741 977
742 100
743 744
743 970
744 861
745 137
745 746
746 865
747 107
747 748
748 342
749 750
749 779
750 956
751 483
751 752
752 565
753 219
753 754
754 712
755 756
755 854
756 1008
757 258
757 758
758 710
759 760
759 983
760 996
761 672
761 762
762 1000
763 143
763 764
764 25
765 609
765 766
766 350
767 232
767 768
768 502
769 726
769 770
770 910
771 772
771 888
772 769
773 633
773 774
774 346
775 528
775 776
776 758
777 103
777 778
778 526
779 55
779 780
780 252
781 33
781 782
782 616
783 280
783 784
784 694
785 133
785 786
786 746
787 403
787 788
788 87
789 332
789 790
790 310
791 151
791 792
792 857
793 553
793 794
794 395
795 794
795 796
796 218
797 798
797 841
798 667
799 474
799 800
800 512
801 802
801 959
802 635
803 157
803 804
804 80
805 765
805 806
806 362
807 631
807 808
808 999
809 445
809 810
810 544
811 54
811 812
812 426
813 289
813 814
814 448
815 27
815 816
816 626
817 331
817 818
818 679
819 786
819 820
820 558
821 520
821 822
822 974
823 330
823 824
824 827
825 419
825 826
826 230
827 524
827 828
828 304
829 650
829 830
830 967
831 138
831 832
832 846
833 767
833 834
834 873
835 811
835 836
836 771
837 569
837 838
838 968
839 159
839 840
840 590
841 705
841 842
842 288
843 264
843 844
844 454
845 761
845 846
846 412
847 35
847 848
848 480
849 805
849 850
850 338
851 171
851 852
852 647
853 425
853 854
854 695
855 856
855 933
856 237
857 858
857 930
858 954
859 568
859 860
860 158
861 416
861 862
862 384
863 864
863 891
864 10
865 339
865 866
866 150
867 53
867 868
868 818
869 413
869 870
870 776
871 872
871 883
872 666
873 266
873 874
874 1
875 473
875 876
876 866
877 562
877 878
878 94
879 503
879 880
880 654
881 882
881 963
882 235
883 884
883 1006
884 566
885 886
885 920
886 306
887 73
887 888
888 739
889 192
889 890
890 657
891 663
891 892
892 665
893 583
893 894
894 642
895 297
895 896
896 207
897 23
897 898
898 552
899 900
899 993
900 197
901 149
901 902
902 361
903 879
903 904
904 309
905 166
905 906
906 704
907 541
907 908
908 629
909 516
909 910
910 290
911 179
911 912
912 722
913 115
913 914
914 766
915 505
915 916
916 447
917 131
917 918
918 574
919 690
919 920
920 518
921 598
921 922
922 658
923 231
923 924
924 286
925 926
925 961
926 380
927 334
927 928
928 490
929 260
929 930
930 434
931 177
931 932
932 724
933 934
933 965
934 685
935 936
935 937
936 580
937 561
937 938
938 180
939 182
939 940
940 391
941 81
941 942
942 453
943 249
943 944
944 916
945 75
945 946
946 22
947 504
947 948
948 734
949 921
949 950
950 655
951 889
951 952
952 118
953 745
953 954
954 291
955 78
955 956
956 457
957 245
957 958
958 371
959 387
959 960
960 586
961 623
961 962
962 1005
963 627
963 964
964 908
965 147
965 966
966 194
967 270
967 968
968 535
969 621
969 970
970 299
971 251
971 972
972 952
973 394
973 974
974 274
975 168
975 976
976 830
977 845
977 978
978 2
979 38
979 980
980 462
981 507
981 982
982 421
983 976
983 984
984 964
985 136
985 986
986 244
987 749
987 988
988 1011
989 70
989 990
990 5
991 495
991 992
992 5
993 397
993 994
994 538
995 43
995 996
996 494
997 200
997 998
998 74
999 762
999 1000
1000 359
1001 301
1001 1002
1002 198
1003 882
1003 1004
1004 11
1005 59
1005 1006
1006 927
1007 760
1007 1008
1008 678
1009 376
1009 1010
1010 16
1011 615
1011 1012
1012 536
1013 399
1013 1014
1014 612
