0 161
0 317
2 225
2 717
3 587
3 769
4 6
4 471
5 740
6 804
7 169
7 356
9 422
9 712
10 352
10 388
11 516
12 402
15 92
15 370
17 395
17 599
19 473
19 646
21 841
21 882
23 24
23 615
24 946
25 26
25 230
26 741
27 28
27 1001
28 932
29 30
29 461
30 193
31 32
31 557
32 314
33 34
33 563
34 983
35 36
35 611
36 159
37 38
37 189
38 967
39 40
39 894
40 344
41 42
41 141
42 321
43 44
43 119
44 64
45 46
45 719
46 91
47 48
47 819
48 898
49 50
49 670
50 920
51 52
51 910
52 947
53 54
53 787
54 888
55 56
55 940
56 285
57 58
57 401
58 332
59 60
59 83
60 503
61 62
61 637
62 354
63 64
63 511
64 527
65 66
65 104
66 949
67 68
67 136
68 772
69 70
69 385
70 168
71 72
71 445
72 343
73 74
73 374
74 390
75 66
75 76
76 720
77 78
77 579
78 494
79 80
79 823
80 101
81 82
81 687
82 879
83 84
83 454
84 114
85 86
85 571
86 149
87 52
87 88
88 366
89 90
89 564
90 51
91 92
91 619
92 707
93 94
93 636
94 350
95 96
95 731
96 309
97 98
97 746
98 703
99 100
99 490
100 883
101 102
101 547
102 6
103 104
103 1005
104 318
105 3
105 106
106 404
107 108
107 167
108 316
109 110
109 552
110 684
111 112
111 126
112 302
113 114
113 901
114 188
115 116
115 411
116 247
117 118
117 478
118 978
119 120
119 713
120 5
121 122
121 959
122 282
123 124
123 289
124 642
125 126
125 860
126 972
127 128
127 657
128 171
129 130
129 807
130 268
131 132
131 858
132 799
133 134
133 255
134 796
135 136
135 337
136 802
137 138
137 412
138 942
139 96
139 140
140 584
141 142
141 825
142 340
143 94
143 144
144 109
145 146
145 897
146 204
147 148
147 737
148 875
149 71
149 150
150 5
151 152
151 982
152 283
153 154
153 364
154 183
155 156
155 369
156 809
157 158
157 672
158 795
159 132
159 160
160 688
161 162
161 911
162 373
163 164
163 955
164 656
165 166
165 182
166 362
167 168
167 685
168 9
169 170
169 926
170 986
171 172
171 546
172 596
173 142
173 174
174 538
175 176
175 550
176 606
177 178
177 505
178 581
179 180
179 580
180 930
181 182
181 711
182 917
183 184
183 989
184 890
185 186
185 783
186 488
187 154
187 188
188 342
189 190
189 699
190 12
191 192
191 540
192 120
193 194
193 378
194 176
195 196
195 827
196 884
197 39
197 198
198 310
199 200
199 722
200 348
201 202
201 695
202 922
203 204
203 328
204 908
205 184
205 206
206 286
207 208
207 668
208 429
209 210
209 405
210 95
211 212
211 755
212 843
213 214
213 355
214 623
215 216
215 574
216 224
217 218
217 824
218 954
219 220
219 483
220 311
221 222
221 229
222 240
223 123
223 224
224 22
225 226
225 773
226 327
227 228
227 817
228 152
229 230
229 371
230 359
231 232
231 456
232 357
233 234
233 856
234 293
235 236
235 835
236 367
237 42
237 238
238 487
239 240
239 261
240 556
241 242
241 704
242 485
243 244
243 621
244 72
245 246
245 521
246 472
247 248
247 502
248 927
249 226
249 250
250 239
251 252
251 495
252 500
253 254
253 943
254 664
255 256
255 381
256 81
257 125
257 258
258 398
259 260
259 496
260 160
261 262
261 811
262 8
263 264
263 747
264 706
265 61
265 266
266 956
267 174
267 268
268 512
269 270
269 776
270 996
271 272
271 459
272 909
273 274
273 299
274 924
275 221
275 276
276 934
277 80
277 278
278 788
279 273
279 280
280 702
281 100
281 282
282 175
283 11
283 284
284 201
285 286
285 288
286 322
287 288
287 840
288 220
289 290
289 679
290 504
291 292
291 339
292 1014
293 294
293 452
294 84
295 296
295 444
296 396
297 46
297 298
298 36
299 300
299 345
300 520
301 302
301 458
302 912
303 304
303 931
304 886
305 306
305 715
306 509
307 308
307 482
308 744
309 310
309 779
310 970
311 312
311 763
312 892
313 314
313 602
314 816
315 69
315 316
316 626
317 318
317 413
318 90
319 320
319 691
320 677
321 322
321 409
322 850
323 324
323 431
324 275
325 326
325 785
326 11
327 328
327 963
328 113
329 148
329 330
330 554
331 332
331 838
332 110
333 334
333 583
334 808
335 336
335 919
336 278
337 338
337 600
338 831
339 340
339 365
340 937
341 279
341 342
342 686
343 338
343 344
344 752
345 346
345 759
346 709
347 198
347 348
348 172
349 350
349 397
350 427
351 352
351 415
352 630
353 65
353 354
354 864
355 356
355 469
356 682
357 358
357 562
358 507
359 290
359 360
360 798
361 362
361 641
362 792
363 364
363 729
364 647
365 366
365 435
366 206
367 368
367 1008
368 749
369 370
369 573
370 1013
371 63
371 372
372 533
373 374
373 539
374 501
375 376
375 689
376 812
377 86
377 378
378 764
379 380
379 443
380 620
381 382
381 489
382 187
383 384
383 559
384 555
385 386
385 777
386 68
387 388
387 828
388 973
389 390
389 497
390 1009
391 382
391 392
392 950
393 394
393 544
394 680
395 396
395 537
396 300
397 398
397 914
398 492
399 89
399 400
400 814
401 402
401 724
402 50
403 236
403 404
404 54
405 406
405 839
406 262
407 98
407 408
408 801
409 410
409 648
410 403
411 412
411 885
412 999
413 79
413 414
414 887
415 416
415 775
416 742
417 418
417 903
418 227
419 420
419 522
420 267
421 422
421 439
422 629
423 4
423 424
424 410
425 426
425 958
426 450
427 428
427 654
428 610
429 13
429 430
430 846
431 117
431 432
432 899
433 287
433 434
434 248
435 436
435 721
436 78
437 438
437 467
438 14
439 274
439 440
440 334
441 442
441 624
442 944
443 243
443 444
444 678
445 363
445 446
446 150
447 291
447 448
448 335
449 450
449 530
450 258
451 418
451 452
452 153
453 253
453 454
454 541
455 162
455 456
456 665
457 458
457 847
458 951
459 460
459 813
460 517
461 462
461 631
462 185
463 451
463 464
464 426
465 466
465 589
466 669
467 432
467 468
468 906
469 301
469 470
470 208
471 177
471 472
472 961
473 474
473 918
474 437
475 430
475 476
476 726
477 478
477 1011
478 223
479 480
479 683
480 736
481 482
481 569
482 137
483 484
483 515
484 131
485 440
485 486
486 743
487 488
487 1006
488 980
489 23
489 490
490 644
491 384
491 492
492 936
493 163
493 494
494 400
495 17
495 496
496 965
497 498
497 957
498 399
499 60
499 500
500 393
501 502
501 833
502 292
503 383
503 504
504 854
505 506
505 993
506 457
507 508
507 981
508 790
509 252
509 510
510 260
511 26
511 512
512 528
513 514
513 939
514 878
515 233
515 516
516 93
517 407
517 518
518 612
519 377
519 520
520 676
521 513
521 522
522 739
523 215
523 524
524 298
525 526
525 705
526 308
527 514
527 528
528 861
529 462
529 530
530 387
531 372
531 532
532 389
533 129
533 534
534 295
535 536
535 649
536 614
537 538
537 866
538 734
539 540
539 700
540 549
541 542
541 561
542 845
543 544
543 948
544 196
545 546
545 793
546 718
547 241
547 548
548 781
549 550
549 867
550 1004
551 552
551 675
552 1000
553 447
553 554
554 806
555 228
555 556
556 244
557 341
557 558
558 242
559 463
559 560
560 941
561 417
561 562
562 474
563 379
563 564
564 891
565 270
565 566
566 212
567 568
567 639
568 358
569 346
569 570
570 997
571 572
571 774
572 179
573 574
573 593
574 10
575 375
575 576
576 582
577 578
577 643
578 966
579 165
579 580
580 762
581 582
581 896
582 877
583 551
583 584
584 730
585 586
585 848
586 635
587 588
587 633
588 151
589 210
589 590
590 990
591 592
591 869
592 441
593 594
593 693
594 784
595 271
595 596
596 794
597 416
597 598
598 138
599 323
599 600
600 905
601 602
601 608
602 994
603 7
603 604
604 122
605 361
605 606
606 480
607 608
607 1003
608 34
609 498
609 610
610 180
611 612
611 751
612 192
613 614
613 745
614 368
615 195
615 616
616 353
617 455
617 618
618 25
619 620
619 837
620 976
621 622
621 913
622 979
623 191
623 624
624 863
625 607
625 626
626 640
627 18
627 628
628 789
629 190
629 630
630 442
631 232
631 632
632 49
633 634
633 855
634 768
635 1
635 636
636 771
637 638
637 655
638 778
639 609
639 640
640 428
641 642
641 697
642 770
643 644
643 822
644 44
645 565
645 646
646 591
647 648
647 650
648 419
649 650
649 849
650 576
651 103
651 652
652 757
653 57
653 654
654 186
655 656
655 962
656 508
657 658
657 853
658 107
659 618
659 660
660 449
661 613
661 662
662 464
663 197
663 664
664 438
665 178
665 666
666 510
667 326
667 668
668 728
669 87
669 670
670 594
671 38
671 672
672 622
673 170
673 674
674 780
675 676
675 925
676 130
677 678
677 904
678 111
679 209
679 680
680 560
681 682
681 881
682 971
683 272
683 684
684 12
685 686
685 964
686 157
687 465
687 688
688 570
689 297
689 690
690 436
691 45
691 692
692 53
693 694
693 710
694 349
695 696
695 836
696 992
697 139
697 698
698 20
699 97
699 700
700 977
701 213
701 702
702 987
703 704
703 834
704 870
705 2
705 706
706 434
707 690
707 708
708 667
709 627
709 710
710 27
711 597
711 712
712 491
713 519
713 714
714 156
715 219
715 716
716 988
717 105
717 718
718 55
719 720
719 760
720 800
721 351
721 722
722 222
723 651
723 724
724 446
725 116
725 726
726 106
727 698
727 728
728 166
729 730
729 865
730 960
731 249
731 732
732 820
733 732
733 734
734 832
735 194
735 736
736 386
737 738
737 859
738 181
739 479
739 740
740 264
741 333
741 742
742 330
743 663
743 744
744 632
745 423
745 746
746 477
747 585
747 748
748 47
749 590
749 750
750 380
751 752
751 761
752 134
753 251
753 754
754 880
755 315
755 756
756 433
757 758
757 826
758 844
759 671
759 760
760 246
761 762
761 821
762 121
763 638
763 764
764 448
765 31
765 766
766 953
767 768
767 868
768 929
769 681
769 770
770 82
771 392
771 772
772 88
773 41
773 774
774 907
775 738
775 776
776 294
777 59
777 778
778 360
779 127
779 780
780 786
781 67
781 782
782 876
783 767
783 784
784 572
785 269
785 786
786 394
787 336
787 788
788 205
789 523
789 790
790 425
791 792
791 985
792 406
793 259
793 794
794 476
795 313
795 796
796 304
797 305
797 798
798 421
799 604
799 800
800 312
801 802
801 851
802 566
803 804
803 968
804 306
805 595
805 806
806 250
807 808
807 991
808 714
809 625
809 810
810 673
811 812
811 871
812 815
813 73
813 814
814 466
815 816
815 975
816 202
817 21
817 818
818 928
819 820
819 1002
820 592
821 265
821 822
822 74
823 453
823 824
824 257
825 245
825 826
826 518
827 147
827 828
828 945
829 37
829 830
830 143
831 146
831 832
832 118
833 723
833 834
834 493
835 836
835 915
836 1010
837 280
837 838
838 135
839 214
839 840
840 1007
841 155
841 842
842 277
843 70
843 844
844 874
845 77
845 846
846 662
847 765
847 848
848 235
849 850
849 933
850 900
851 30
851 852
852 810
853 33
853 854
854 391
855 414
855 856
856 217
857 19
857 858
858 548
859 460
859 860
860 756
861 524
861 862
862 32
863 303
863 864
864 923
865 506
865 866
866 481
867 575
867 868
868 56
869 542
869 870
870 238
871 653
871 872
872 173
873 325
873 874
874 158
875 658
875 876
876 534
877 878
877 952
878 754
879 99
879 880
880 758
881 115
881 882
882 324
883 526
883 884
884 692
885 829
885 886
886 830
887 76
887 888
888 266
889 108
889 890
890 674
891 424
891 892
892 164
893 35
893 894
894 28
895 85
895 896
896 725
897 652
897 898
898 296
899 199
899 900
900 818
901 231
901 902
902 484
903 805
903 904
904 782
905 906
905 935
906 938
907 797
907 908
908 376
909 553
909 910
910 29
911 586
911 912
912 568
913 499
913 914
914 857
915 605
915 916
916 545
917 748
917 918
918 921
919 603
919 920
920 998
921 588
921 922
922 102
923 842
923 924
924 145
925 916
925 926
926 902
927 307
927 928
928 144
929 628
929 930
930 75
931 62
931 932
932 601
933 701
933 934
934 694
935 567
935 936
936 666
937 24
937 938
938 862
939 661
939 940
940 234
941 598
941 942
942 984
943 525
943 944
944 803
945 408
945 946
946 735
947 529
947 948
948 766
949 200
949 950
950 974
951 753
951 952
952 237
953 112
953 954
954 716
955 956
955 995
956 1012
957 128
957 958
958 852
959 696
959 960
960 470
961 617
961 962
962 15
963 531
963 964
964 659
965 645
965 966
966 420
967 319
967 968
968 558
969 577
969 970
970 320
971 634
971 972
972 48
973 708
973 974
974 872
975 124
975 976
976 347
977 535
977 978
978 216
979 616
979 980
980 284
981 218
981 982
982 475
983 536
983 984
984 207
985 660
985 986
986 468
987 211
987 988
988 578
989 893
989 990
990 281
991 329
991 992
992 543
993 895
993 994
994 40
995 256
995 996
996 733
997 727
997 998
998 254
999 791
999 1000
1000 140
1001 532
1001 1002
1002 873
1003 58
1003 1004
1004 889
1005 133
1005 1006
1006 969
1007 263
1007 1008
1008 486
1009 331
1009 1010
1010 750
1011 43
1011 1012
1012 16
1013 203
1013 1014
1014 276
