0 537
0 945
1 675
1 753
3 153
3 683
5 222
4 102
4 797
6 1012
9 511
9 907
10 618
10 862
11 806
12 732
13 637
13 655
15 413
15 794
17 196
17 893
19 242
19 777
21 515
21 826
23 24
23 778
24 81
25 26
25 402
26 707
27 28
27 720
28 147
29 30
29 693
30 660
31 32
31 372
32 592
33 34
33 476
34 173
35 36
35 37
36 710
37 38
37 297
38 627
39 40
39 605
40 557
41 42
41 365
42 329
43 44
43 601
44 396
45 46
45 485
46 558
47 48
47 943
48 996
49 50
49 835
50 874
51 52
51 704
52 665
53 54
53 703
54 394
55 56
55 879
56 827
57 58
57 197
58 505
59 60
59 513
60 149
61 62
61 930
62 838
63 64
63 528
64 308
65 66
65 238
66 325
67 68
67 793
68 188
69 70
69 506
70 969
71 46
71 72
72 992
73 74
73 1003
74 872
75 76
75 169
76 568
77 78
77 184
78 62
79 80
79 220
80 768
81 82
81 460
82 782
83 6
83 84
84 938
85 86
85 643
86 610
87 9
87 88
88 963
89 90
89 359
90 240
91 92
91 271
92 289
93 94
93 854
94 574
95 96
95 453
96 50
97 98
97 344
98 586
99 100
99 691
100 29
101 102
101 253
102 431
103 104
103 613
104 346
105 106
105 747
106 480
107 108
107 661
108 632
109 110
109 461
110 258
111 112
111 631
112 946
113 114
113 151
114 207
115 116
115 699
116 706
117 118
117 381
118 986
119 120
119 375
120 312
121 122
121 751
122 628
123 124
123 716
124 74
125 126
125 366
126 348
127 128
127 313
128 588
129 130
129 923
130 788
131 132
131 430
132 204
133 134
133 905
134 561
135 31
135 136
136 28
137 138
137 639
138 109
139 140
139 898
140 424
141 142
141 156
142 888
143 144
143 723
144 914
145 146
145 977
146 733
147 148
147 896
148 409
149 136
149 150
150 731
151 152
151 223
152 434
153 4
153 154
154 251
155 156
155 729
156 658
157 158
157 447
158 535
159 160
159 367
160 519
161 162
161 997
162 2
163 164
163 961
164 294
165 166
165 358
166 524
167 168
167 917
168 685
169 65
169 170
170 776
171 23
171 172
172 529
173 174
173 393
174 510
175 176
175 198
176 830
177 178
177 291
178 18
179 180
179 521
180 124
181 182
181 526
182 379
183 5
183 184
184 599
185 186
185 229
186 25
187 188
187 452
188 142
189 190
189 801
190 668
191 192
191 335
192 927
193 194
193 705
194 278
195 196
195 370
196 378
197 177
197 198
198 791
199 200
199 740
200 746
201 202
201 991
202 922
203 204
203 327
204 942
205 206
205 748
206 10
207 208
207 296
208 712
209 210
209 244
210 446
211 199
211 212
212 140
213 214
213 839
214 48
215 216
215 556
216 980
217 218
217 607
218 520
219 220
219 895
220 477
221 222
221 331
222 851
223 224
223 227
224 280
225 226
225 580
226 75
227 228
227 875
228 787
229 230
229 741
230 796
231 43
231 232
232 475
233 178
233 234
234 422
235 44
235 236
236 911
237 238
237 622
238 486
239 167
239 240
240 174
241 242
241 560
242 86
243 244
243 735
244 527
245 246
245 270
246 522
247 248
247 268
248 868
249 250
249 597
250 324
251 252
251 377
252 859
253 254
253 673
254 904
255 256
255 684
256 780
257 258
257 630
258 120
259 260
259 853
260 54
261 16
261 262
262 670
263 264
263 924
264 648
265 106
265 266
266 804
267 268
267 389
268 234
269 270
269 784
270 825
271 272
271 841
272 356
273 274
273 836
274 314
275 276
275 547
276 94
277 278
277 829
278 466
279 79
279 280
280 162
281 282
281 669
282 412
283 284
283 860
284 134
285 107
285 286
286 425
287 181
287 288
288 315
289 290
289 659
290 962
291 292
291 489
292 756
293 52
293 294
294 871
295 296
295 889
296 623
297 298
297 918
298 454
299 300
299 428
300 122
301 302
301 848
302 334
303 304
303 899
304 823
305 306
305 1002
306 641
307 308
307 538
308 85
309 310
309 857
310 77
311 312
311 330
312 504
313 314
313 821
314 264
315 316
315 863
316 68
317 318
317 881
318 728
319 11
319 320
320 654
321 322
321 687
322 925
323 324
323 808
324 194
325 326
325 674
326 320
327 328
327 667
328 158
329 330
329 696
330 337
331 332
331 688
332 83
333 19
333 334
334 246
335 57
335 336
336 272
337 108
337 338
338 472
339 340
339 955
340 890
341 145
341 342
342 656
343 344
343 715
344 195
345 346
345 1006
346 438
347 348
347 553
348 416
349 164
349 350
350 254
351 352
351 363
352 256
353 354
353 878
354 293
355 356
355 682
356 211
357 358
357 575
358 577
359 360
359 971
360 319
361 362
361 1009
362 27
363 364
363 721
364 310
365 366
365 861
366 634
367 368
367 999
368 98
369 105
369 370
370 32
371 372
371 726
372 994
373 374
373 967
374 744
375 341
375 376
376 869
377 342
377 378
378 722
379 380
379 391
380 126
381 225
381 382
382 323
383 39
383 384
384 750
385 386
385 949
386 614
387 87
387 388
388 405
389 390
389 697
390 534
391 392
391 866
392 282
393 141
393 394
394 432
395 235
395 396
396 596
397 398
397 514
398 206
399 400
399 803
400 600
401 402
401 817
402 495
403 148
403 404
404 790
405 406
405 760
406 642
407 408
407 818
408 12
409 410
409 948
410 442
411 412
411 970
412 200
413 414
413 850
414 470
415 416
415 785
416 941
417 418
417 700
418 995
419 420
419 427
420 679
421 422
421 897
422 265
423 424
423 865
424 742
425 231
425 426
426 809
427 154
427 428
428 494
429 430
429 583
430 354
431 432
431 585
432 950
433 139
433 434
434 306
435 436
435 698
436 530
437 438
437 608
438 932
439 111
439 440
440 70
441 442
441 507
442 390
443 444
443 525
444 880
445 51
445 446
446 973
447 303
447 448
448 616
449 440
449 450
450 78
451 351
451 452
452 273
453 163
453 454
454 484
455 133
455 456
456 138
457 118
457 458
458 228
459 269
459 460
460 410
461 462
461 545
462 435
463 157
463 464
464 919
465 466
465 959
466 492
467 103
467 468
468 562
469 470
469 852
470 745
471 472
471 767
472 299
473 474
473 843
474 219
475 457
475 476
476 1001
477 295
477 478
478 662
479 1
479 480
480 15
481 482
481 965
482 496
483 298
483 484
484 714
485 368
485 486
486 179
487 488
487 761
488 621
489 17
489 490
490 769
491 101
491 492
492 128
493 494
493 591
494 604
495 190
495 496
496 652
497 119
497 498
498 407
499 261
499 500
500 594
501 73
501 502
502 317
503 189
503 504
504 798
505 129
505 506
506 45
507 423
507 508
508 332
509 510
509 894
510 718
511 397
511 512
512 743
513 514
513 573
514 286
515 403
515 516
516 772
517 518
517 611
518 21
519 499
519 520
520 636
521 374
521 522
522 458
523 524
523 957
524 482
525 60
525 526
526 531
527 528
527 727
528 355
529 530
529 849
530 909
531 532
531 765
532 551
533 382
533 534
534 779
535 455
535 536
536 846
537 339
537 538
538 192
539 89
539 540
540 690
541 517
541 542
542 205
543 479
543 544
544 646
545 546
545 672
546 210
547 548
547 915
548 22
549 544
549 550
550 406
551 42
551 552
552 186
553 307
553 554
554 215
555 556
555 847
556 12
557 558
557 692
558 939
559 95
559 560
560 72
561 464
561 562
562 578
563 93
563 564
564 208
565 202
565 566
566 233
567 568
567 695
568 694
569 542
569 570
570 987
571 493
571 572
572 584
573 55
573 574
574 739
575 53
575 576
576 274
577 578
577 719
578 937
579 172
579 580
580 275
581 582
581 657
582 418
583 555
583 584
584 644
585 586
585 677
586 579
587 311
587 588
588 292
589 590
589 968
590 638
591 451
591 592
592 855
593 471
593 594
594 166
595 596
595 802
596 143
597 598
597 640
598 132
599 347
599 600
600 651
601 263
601 602
602 267
603 604
603 921
604 276
605 217
605 606
606 582
607 608
607 671
608 1013
609 610
609 615
610 82
611 40
611 612
612 1005
613 614
613 837
614 281
615 237
615 616
616 277
617 97
617 618
618 533
619 620
619 629
620 91
621 305
621 622
622 539
623 304
623 624
624 781
625 626
625 982
626 241
627 540
627 628
628 1008
629 201
629 630
630 929
631 33
631 632
632 36
633 287
633 634
634 702
635 508
635 636
636 774
637 638
637 759
638 260
639 463
639 640
640 546
641 603
641 642
642 352
643 644
643 663
644 884
645 131
645 646
646 813
647 449
647 648
648 20
649 650
649 820
650 964
651 652
651 757
652 216
653 654
653 978
654 786
655 185
655 656
656 357
657 483
657 658
658 650
659 581
659 660
660 822
661 221
661 662
662 252
663 152
663 664
664 612
665 187
665 666
666 590
667 668
667 935
668 112
669 226
669 670
670 680
671 633
671 672
672 891
673 674
673 877
674 100
675 383
675 676
676 764
677 321
677 678
678 689
679 680
679 795
680 326
681 63
681 682
682 474
683 684
683 717
684 448
685 686
685 810
686 214
687 232
687 688
688 328
689 690
689 926
690 913
691 692
691 951
692 903
693 694
693 934
694 564
695 478
695 696
696 990
697 343
697 698
698 936
699 259
699 700
700 146
701 3
701 702
702 832
703 369
703 704
704 415
705 706
705 840
706 80
707 500
707 708
708 236
709 487
709 710
710 975
711 247
711 712
712 749
713 714
713 754
714 1000
715 150
715 716
716 842
717 718
717 755
718 168
719 720
719 993
720 910
721 99
721 722
722 459
723 230
723 724
724 624
725 371
725 726
726 420
727 728
727 885
728 350
729 730
729 789
730 338
731 488
731 732
732 384
733 734
733 800
734 766
735 481
735 736
736 566
737 175
737 738
738 576
739 498
739 740
740 316
741 742
741 799
742 762
743 744
743 819
744 398
745 30
745 746
746 958
747 159
747 748
748 831
749 414
749 750
750 224
751 571
751 752
752 34
753 419
753 754
754 834
755 541
755 756
756 758
757 411
757 758
758 864
759 620
759 760
760 805
761 762
761 902
762 548
763 439
763 764
764 1011
765 766
765 845
766 284
767 589
767 768
768 516
769 255
769 770
770 360
771 421
771 772
772 104
773 160
773 774
774 598
775 776
775 933
776 116
777 709
777 778
778 47
779 552
779 780
780 249
781 626
781 782
782 345
783 66
783 784
784 736
785 203
785 786
786 392
787 56
787 788
788 170
789 570
789 790
790 974
791 380
791 792
792 180
793 794
793 960
794 867
795 796
795 1007
796 708
797 257
797 798
798 554
799 465
799 800
800 92
801 619
801 802
802 209
803 283
803 804
804 606
805 115
805 806
806 90
807 808
807 953
808 724
809 353
809 810
810 248
811 812
811 966
812 437
813 401
813 814
814 7
815 125
815 816
816 773
817 609
817 818
818 302
819 502
819 820
820 940
821 387
821 822
822 110
823 824
823 900
824 770
825 653
825 826
826 882
827 550
827 828
828 920
829 783
829 830
830 892
831 832
831 956
832 171
833 137
833 834
834 569
835 501
835 836
836 38
837 503
837 838
838 64
839 429
839 840
840 1014
841 807
841 842
842 985
843 559
843 844
844 886
845 58
845 846
846 593
847 595
847 848
848 130
849 549
849 850
850 11
851 117
851 852
852 400
853 245
853 854
854 239
855 713
855 856
856 318
857 61
857 858
858 364
859 509
859 860
860 988
861 681
861 862
862 468
863 572
863 864
864 14
865 41
865 866
866 775
867 404
867 868
868 906
869 69
869 870
870 844
871 441
871 872
872 725
873 385
873 874
874 395
875 322
875 876
876 218
877 833
877 878
878 649
879 333
879 880
880 824
881 5
881 882
882 24
883 349
883 884
884 336
885 445
885 886
886 456
887 417
887 888
888 876
889 388
889 890
890 84
891 67
891 892
892 912
893 491
893 894
894 678
895 896
895 947
896 450
897 898
897 989
898 870
899 121
899 900
900 532
901 467
901 902
902 127
903 135
903 904
904 812
905 883
905 906
906 176
907 49
907 908
908 752
909 250
909 910
910 686
911 666
911 912
912 76
913 914
913 998
914 737
915 916
915 1004
916 565
917 123
917 918
918 436
919 523
919 920
920 288
921 161
921 922
922 212
923 901
923 924
924 763
925 155
925 926
926 981
927 362
927 928
928 664
929 930
929 983
930 59
931 873
931 932
932 738
933 934
933 979
934 730
935 617
935 936
936 954
937 408
937 938
938 816
939 114
939 940
940 928
941 942
941 1010
942 976
943 931
943 944
944 290
945 13
945 946
946 490
947 512
947 948
948 916
949 361
949 950
950 444
951 543
951 952
952 811
953 771
953 954
954 88
955 473
955 956
956 426
957 6
957 958
958 8
959 243
959 960
960 536
961 373
961 962
962 266
963 182
963 964
964 711
965 443
965 966
966 285
967 497
967 968
968 567
969 970
969 972
970 96
971 183
971 972
972 71
973 908
973 974
974 340
975 386
975 976
976 262
977 191
977 978
978 676
979 469
979 980
980 828
981 647
981 982
982 587
983 815
983 984
984 193
985 625
985 986
986 635
987 279
987 988
988 144
989 309
989 990
990 858
991 701
991 992
992 792
993 856
993 994
994 944
995 734
995 996
996 984
997 165
997 998
998 462
999 952
999 1000
1000 301
1001 602
1001 1002
1002 213
1003 645
1003 1004
1004 113
1005 399
1005 1006
1006 300
1007 518
1007 1008
1008 887
1009 376
1009 1010
1010 563
1011 433
1011 1012
1012 26
1013 35
1013 1014
1014 814
