0 197
0 300
2 260
2 265
3 477
3 935
5 258
4 228
4 748
6 624
9 539
9 754
10 109
10 613
11 1003
12 516
13 417
13 530
15 859
15 961
17 257
17 411
19 652
19 1006
21 874
21 962
23 24
23 866
24 697
25 26
25 875
26 343
27 28
27 662
28 631
29 30
29 521
30 212
31 32
31 370
32 5
33 34
33 501
34 589
35 36
35 851
36 730
37 38
37 439
38 175
39 40
39 246
40 205
41 42
41 145
42 553
43 44
43 602
44 279
45 46
45 797
46 466
47 48
47 317
48 361
49 50
49 309
50 57
51 52
51 722
52 248
53 54
53 61
54 16
55 56
55 347
56 836
57 58
57 571
58 177
59 60
59 468
60 160
61 62
61 387
62 814
63 64
63 214
64 937
65 66
65 841
66 294
67 68
67 493
68 548
69 70
69 991
70 38
71 72
71 203
72 837
73 74
73 880
74 345
75 53
75 76
76 124
77 78
77 272
78 614
79 80
79 656
80 990
81 82
81 239
82 817
83 84
83 907
84 648
85 86
85 905
86 374
87 88
87 691
88 475
89 68
89 90
90 674
91 92
91 901
92 209
93 94
93 315
94 940
95 96
95 567
96 266
97 98
97 312
98 313
99 100
99 560
100 7
101 102
101 743
102 902
103 104
103 688
104 380
105 106
105 335
106 142
107 108
107 461
108 235
109 110
109 517
110 436
111 112
111 717
112 500
113 114
113 676
114 432
115 116
115 546
116 844
117 118
117 254
118 324
119 120
119 791
120 780
121 122
121 525
122 867
123 124
123 161
124 149
125 126
125 595
126 378
127 128
127 249
128 406
129 130
129 642
130 690
131 132
131 586
132 196
133 134
133 981
134 166
135 136
135 381
136 568
137 138
137 388
138 639
139 140
139 871
140 44
141 142
141 793
142 356
143 144
143 358
144 321
145 146
145 271
146 899
147 148
147 393
148 868
149 150
149 636
150 178
151 152
151 153
152 938
153 154
153 483
154 764
155 156
155 289
156 956
157 158
157 505
158 172
159 160
159 664
160 434
161 162
161 703
162 920
163 164
163 251
164 346
165 24
165 166
166 887
167 168
167 529
168 481
169 170
169 799
170 942
171 47
171 172
172 284
173 85
173 174
174 224
175 176
175 233
176 574
177 178
177 865
178 34
179 180
179 229
180 354
181 92
181 182
182 683
183 184
183 593
184 617
185 186
185 693
186 6
187 188
187 413
188 719
189 190
189 840
190 712
191 192
191 564
192 561
193 194
193 609
194 39
195 196
195 554
196 888
197 198
197 231
198 1012
199 200
199 687
200 193
201 31
201 202
202 310
203 204
203 964
204 73
205 206
205 319
206 781
207 208
207 976
208 198
209 210
209 476
210 608
211 212
211 828
212 463
213 214
213 353
214 151
215 216
215 1004
216 762
217 218
217 658
218 116
219 220
219 509
220 74
221 222
221 832
222 850
223 71
223 224
224 287
225 226
225 773
226 890
227 228
227 846
228 329
229 230
229 651
230 280
231 232
231 357
232 959
233 234
233 578
234 350
235 236
235 323
236 768
237 211
237 238
238 334
239 240
239 311
240 453
241 242
241 672
242 141
243 244
243 513
244 107
245 246
245 487
246 689
247 248
247 383
248 830
249 250
249 998
250 551
251 65
251 252
252 230
253 254
253 445
254 394
255 256
255 369
256 808
257 258
257 885
258 994
259 260
259 847
260 126
261 45
261 262
262 660
263 252
263 264
264 79
265 266
265 308
266 555
267 88
267 268
268 679
269 270
269 685
270 641
271 14
271 272
272 450
273 274
273 852
274 96
275 276
275 420
276 806
277 278
277 779
278 731
279 127
279 280
280 372
281 282
281 585
282 2
283 284
283 767
284 422
285 236
285 286
286 620
287 83
287 288
288 90
289 290
289 705
290 643
291 292
291 965
292 95
293 278
293 294
294 192
295 296
295 630
296 838
297 298
297 977
298 59
299 244
299 300
300 872
301 302
301 527
302 921
303 304
303 389
304 398
305 195
305 306
306 426
307 308
307 909
308 538
309 310
309 917
310 718
311 312
311 929
312 122
313 130
313 314
314 333
315 316
315 533
316 671
317 140
317 318
318 8
319 320
319 1008
320 556
321 234
321 322
322 984
323 324
323 591
324 570
325 326
325 692
326 882
327 76
327 328
328 566
329 330
329 576
330 264
331 332
331 502
332 558
333 334
333 978
334 818
335 290
335 336
336 159
337 338
337 815
338 545
339 138
339 340
340 738
341 243
341 342
342 696
343 99
343 344
344 562
345 106
345 346
346 922
347 348
347 966
348 684
349 11
349 350
350 52
351 3
351 352
352 644
353 292
353 354
354 878
355 356
355 541
356 540
357 358
357 449
358 10
359 360
359 522
360 250
361 362
361 670
362 789
363 273
363 364
364 480
365 366
365 788
366 761
367 91
367 368
368 795
369 351
369 370
370 479
371 19
371 372
372 339
373 374
373 390
374 201
375 281
375 376
376 908
377 378
377 985
378 360
379 380
379 739
380 970
381 382
381 645
382 349
383 384
383 549
384 179
385 82
385 386
386 897
387 163
387 388
388 659
389 390
389 835
390 607
391 392
391 809
392 695
393 25
393 394
394 677
395 396
395 569
396 604
397 398
397 557
398 777
399 400
399 625
400 283
401 402
401 459
402 441
403 404
403 967
404 682
405 302
405 406
406 756
407 11
407 408
408 649
409 410
409 863
410 78
411 199
411 412
412 176
413 22
413 414
414 524
415 43
415 416
416 910
417 418
417 419
418 950
419 420
419 963
420 951
421 422
421 547
422 749
423 17
423 424
424 953
425 253
425 426
426 759
427 428
427 444
428 218
429 424
429 430
430 1014
431 144
431 432
432 326
433 434
433 623
434 511
435 436
435 924
436 208
437 167
437 438
438 399
439 146
439 440
440 318
441 32
441 442
442 54
443 444
443 534
444 147
445 446
445 891
446 543
447 448
447 834
448 226
449 450
449 499
450 667
451 111
451 452
452 1009
453 454
453 776
454 758
455 143
455 456
456 238
457 363
457 458
458 328
459 293
459 460
460 979
461 462
461 735
462 490
463 464
463 816
464 592
465 94
465 466
466 482
467 468
467 804
468 184
469 446
469 470
470 944
471 472
471 603
472 665
473 36
473 474
474 1000
475 476
475 995
476 174
477 478
477 996
478 969
479 70
479 480
480 180
481 482
481 820
482 708
483 484
483 824
484 678
485 486
485 675
486 916
487 488
487 861
488 298
489 490
489 627
490 303
491 37
491 492
492 296
493 103
493 494
494 786
495 173
495 496
496 724
497 498
497 857
498 72
499 500
499 615
500 992
501 200
501 502
502 810
503 48
503 504
504 207
505 506
505 686
506 440
507 299
507 508
508 900
509 510
509 845
510 322
511 512
511 632
512 988
513 9
513 514
514 12
515 507
515 516
516 447
517 518
517 633
518 365
519 359
519 520
520 654
521 185
521 522
522 514
523 524
523 715
524 241
525 526
525 949
526 407
527 261
527 528
528 325
529 530
529 903
530 462
531 27
531 532
532 628
533 495
533 534
534 437
535 221
535 536
536 171
537 538
537 945
538 412
539 183
539 540
540 131
541 304
541 542
542 640
543 544
543 579
544 559
545 546
545 713
546 348
547 371
547 548
548 5
549 433
549 550
550 485
551 157
551 552
552 297
553 438
553 554
554 1
555 556
555 930
556 542
557 117
557 558
558 18
559 104
559 560
560 802
561 562
561 716
562 706
563 564
563 763
564 904
565 566
565 653
566 661
567 355
567 568
568 587
569 269
569 570
570 752
571 572
571 894
572 210
573 574
573 823
574 274
575 576
575 1011
576 646
577 50
577 578
578 306
579 137
579 580
580 288
581 467
581 582
582 46
583 191
583 584
584 56
585 563
585 586
586 801
587 401
587 588
588 115
589 590
589 999
590 626
591 148
591 592
592 510
593 594
593 893
594 270
595 414
595 596
596 700
597 429
597 598
598 958
599 600
599 982
600 750
601 316
601 602
602 498
603 604
603 807
604 732
605 606
605 647
606 881
607 608
607 948
608 726
609 610
609 723
610 364
611 612
611 711
612 811
613 535
613 614
614 366
615 219
615 616
616 170
617 62
617 618
618 152
619 620
619 813
620 352
621 622
621 986
622 186
623 624
623 884
624 618
625 367
625 626
626 320
627 497
627 628
628 936
629 427
629 630
630 133
631 470
631 632
632 1010
633 634
633 663
634 418
635 606
635 636
636 114
637 204
637 638
638 790
639 640
639 699
640 582
641 42
641 642
642 136
643 644
643 702
644 51
645 646
645 827
646 108
647 15
647 648
648 581
649 23
649 650
650 336
651 652
651 775
652 619
653 291
653 654
654 980
655 431
655 656
656 154
657 635
657 658
658 898
659 49
659 660
660 519
661 486
661 662
662 442
663 29
663 664
664 64
665 77
665 666
666 892
667 30
667 668
668 28
669 503
669 670
670 368
671 672
671 1005
672 451
673 597
673 674
674 216
675 262
675 676
676 955
677 282
677 678
678 512
679 565
679 680
680 344
681 285
681 682
682 742
683 552
683 684
684 404
685 686
685 968
686 855
687 515
687 688
688 397
689 690
689 983
690 421
691 123
691 692
692 596
693 139
693 694
694 634
695 84
695 696
696 314
697 698
697 870
698 782
699 458
699 700
700 217
701 702
701 831
702 242
703 101
703 704
704 385
705 706
705 849
706 340
707 673
707 708
708 714
709 410
709 710
710 798
711 443
711 712
712 746
713 707
713 714
714 506
715 135
715 716
716 327
717 245
717 718
718 584
719 720
719 848
720 452
721 722
721 741
722 822
723 227
723 724
724 728
725 605
725 726
726 6
727 391
727 728
728 12
729 730
729 769
730 772
731 732
731 939
732 877
733 400
733 734
734 572
735 736
735 971
736 409
737 612
737 738
738 474
739 75
739 740
740 255
741 727
741 742
742 342
743 223
743 744
744 395
745 746
745 753
746 923
747 267
747 748
748 932
749 750
749 952
750 168
751 575
751 752
752 484
753 425
753 754
754 601
755 277
755 756
756 215
757 379
757 758
758 402
759 760
759 862
760 40
761 762
761 876
762 508
763 764
763 869
764 598
765 766
765 913
766 332
767 460
767 768
768 80
769 408
769 770
770 734
771 655
771 772
772 150
773 577
773 774
774 914
775 751
775 776
776 213
777 736
777 778
778 842
779 531
779 780
780 305
781 276
781 782
782 694
783 747
783 784
784 206
785 396
785 786
786 972
787 113
787 788
788 98
789 638
789 790
790 792
791 384
791 792
792 60
793 41
793 794
794 588
795 796
795 864
796 896
797 307
797 798
798 616
799 129
799 800
800 919
801 26
801 802
802 911
803 375
803 804
804 860
805 194
805 806
806 66
807 808
807 1002
808 989
809 377
809 810
810 833
811 382
811 812
812 416
813 710
813 814
814 494
815 225
815 816
816 189
817 550
817 818
818 100
819 805
819 820
820 520
821 590
821 822
822 456
823 188
823 824
824 164
825 826
825 927
826 778
827 803
827 828
828 526
829 701
829 830
830 796
831 97
831 832
832 946
833 594
833 834
834 573
835 295
835 836
836 681
837 838
837 997
838 934
839 69
839 840
840 435
841 523
841 842
842 86
843 844
843 915
844 330
845 846
845 973
846 954
847 35
847 848
848 928
849 21
849 850
850 158
851 187
851 852
852 800
853 745
853 854
854 89
855 729
855 856
856 975
857 247
857 858
858 63
859 455
859 860
860 256
861 862
861 889
862 478
863 755
863 864
864 156
865 415
865 866
866 787
867 783
867 868
868 580
869 870
869 879
870 933
871 721
871 872
872 392
873 301
873 874
874 1001
875 155
875 876
876 668
877 819
877 878
878 4
879 880
879 925
880 839
881 169
881 882
882 912
883 884
883 974
884 423
885 341
885 886
886 362
887 843
887 888
888 202
889 181
889 890
890 622
891 489
891 892
892 488
893 829
893 894
894 331
895 785
895 896
896 428
897 263
897 898
898 960
899 704
899 900
900 118
901 765
901 902
902 918
903 637
903 904
904 58
905 13
905 906
906 853
907 496
907 908
908 472
909 910
909 931
910 760
911 698
911 912
912 650
913 240
913 914
914 20
915 465
915 916
916 528
917 918
917 957
918 430
919 536
919 920
920 926
921 67
921 922
922 492
923 784
923 924
924 733
925 906
925 926
926 720
927 33
927 928
928 947
929 930
929 1007
930 190
931 119
931 932
932 165
933 532
933 934
934 770
935 826
935 936
936 182
937 666
937 938
938 821
939 222
939 940
940 376
941 757
941 942
942 856
943 709
943 944
944 599
945 491
945 946
946 457
947 55
947 948
948 740
949 338
949 950
950 464
951 237
951 952
952 504
953 621
953 954
954 737
955 373
955 956
956 134
957 958
957 1013
958 162
959 518
959 960
960 220
961 629
961 962
962 259
963 883
963 964
964 941
965 873
965 966
966 405
967 81
967 968
968 469
969 610
969 970
970 858
971 121
971 972
972 854
973 403
973 974
974 87
975 120
975 976
976 102
977 669
977 978
978 286
979 386
979 980
980 132
981 982
981 987
982 886
983 473
983 984
984 454
985 268
985 986
986 657
987 105
987 988
988 110
989 232
989 990
990 448
991 725
991 992
992 680
993 812
993 994
994 112
995 275
995 996
996 895
997 537
997 998
998 125
999 544
999 1000
1000 128
1001 471
1001 1002
1002 337
1003 583
1003 1004
1004 794
1005 611
1005 1006
1006 943
1007 93
1007 1008
1008 771
1009 766
1009 1010
1010 774
1011 744
1011 1012
1012 600
1013 825
1013 1014
1014 993
