0 2
0 437
1 449
1 703
3 278
3 622
4 590
4 710
5 292
6 490
9 389
9 647
10 71
10 549
12 58
11 232
13 47
13 114
15 672
15 992
17 784
17 994
19 20
19 612
21 394
21 822
23 24
23 849
24 564
25 26
25 679
26 606
27 28
27 503
28 802
29 30
29 701
30 505
31 32
31 615
32 485
33 34
33 178
34 607
35 36
35 817
36 958
37 38
37 975
38 864
39 40
39 841
40 326
41 42
41 197
42 217
43 44
43 869
44 102
45 46
45 237
46 943
47 48
47 909
48 792
49 50
49 93
50 364
51 52
51 716
52 50
53 54
53 309
54 751
55 56
55 782
56 978
57 58
57 957
58 54
59 60
59 383
60 157
61 62
61 866
62 488
63 64
63 682
64 738
65 66
65 632
66 409
67 68
67 295
68 107
69 10
69 70
70 604
71 72
71 427
72 650
73 74
73 657
74 348
75 76
75 613
76 270
77 78
77 380
78 422
79 80
79 332
80 493
81 82
81 142
82 66
83 84
83 451
84 787
85 86
85 831
86 182
87 88
87 293
88 436
89 90
89 855
90 376
91 92
91 702
92 471
93 94
93 285
94 965
95 96
95 1007
96 321
97 98
97 177
98 608
99 100
99 910
100 954
101 102
101 681
102 1010
103 104
103 1009
104 877
105 106
105 482
106 688
107 108
107 803
108 258
109 53
109 110
110 310
111 112
111 214
112 742
113 114
113 433
114 390
115 116
115 421
116 301
117 118
117 711
118 886
119 120
119 265
120 914
121 122
121 977
122 252
123 124
123 826
124 372
125 43
125 126
126 972
127 128
127 548
128 737
129 130
129 274
130 334
131 132
131 654
132 597
133 134
133 447
134 486
135 136
135 211
136 208
137 138
137 291
138 542
139 140
139 582
140 796
141 142
141 763
142 375
143 144
143 435
144 712
145 146
145 773
146 174
147 148
147 791
148 4
149 150
149 431
150 880
151 152
151 674
152 32
153 154
153 419
154 541
155 156
155 456
156 832
157 135
157 158
158 381
159 160
159 395
160 884
161 162
161 533
162 506
163 164
163 511
164 209
165 30
165 166
166 890
167 168
167 609
168 821
169 170
169 756
170 818
171 172
171 385
172 180
173 69
173 174
174 290
175 176
175 741
176 90
177 178
177 739
178 165
179 180
179 571
180 238
181 113
181 182
182 80
183 184
183 652
184 940
185 186
185 713
186 112
187 188
187 999
188 128
189 190
189 593
190 813
191 192
191 484
192 565
193 194
193 883
194 377
195 196
195 535
196 854
197 198
197 729
198 57
199 200
199 438
200 547
201 202
201 407
202 100
203 204
203 949
204 991
205 206
205 929
206 243
207 208
207 699
208 328
209 210
209 341
210 641
211 212
211 279
212 592
213 214
213 218
214 464
215 88
215 216
216 881
217 218
217 785
218 775
219 220
219 683
220 926
221 101
221 222
222 259
223 224
223 645
224 327
225 226
225 227
226 927
227 228
227 827
228 918
229 152
229 230
230 786
231 232
231 467
232 653
233 190
233 234
234 984
235 236
235 693
236 594
237 238
237 299
238 635
239 240
239 557
240 1000
241 74
241 242
242 908
243 244
243 257
244 848
245 246
245 663
246 540
247 248
247 843
248 730
249 250
249 930
250 472
251 83
251 252
252 736
253 254
253 373
254 850
255 256
255 797
256 839
257 258
257 539
258 428
259 260
259 393
260 8
261 262
261 705
262 969
263 264
263 673
264 452
265 266
265 287
266 695
267 33
267 268
268 834
269 270
269 322
270 230
271 272
271 1003
272 124
273 274
273 777
274 828
275 276
275 770
276 550
277 172
277 278
278 859
279 280
279 289
280 382
281 219
281 282
282 84
283 284
283 444
284 743
285 286
285 771
286 304
287 288
287 979
288 312
289 290
289 714
290 129
291 94
291 292
292 600
293 35
293 294
294 166
295 296
295 746
296 801
297 298
297 561
298 899
299 300
299 354
300 875
301 302
301 576
302 902
303 304
303 907
304 339
305 306
305 630
306 962
307 48
307 308
308 256
309 310
309 347
310 401
311 312
311 483
312 530
313 314
313 780
314 781
315 179
315 316
316 150
317 318
317 896
318 248
319 63
319 320
320 872
321 322
321 495
322 961
323 75
323 324
324 55
325 313
325 326
326 330
327 328
327 538
328 132
329 330
329 402
330 502
331 332
331 983
332 99
333 334
333 833
334 396
335 336
335 628
336 668
337 338
337 691
338 432
339 340
339 696
340 268
341 342
341 857
342 660
343 136
343 344
344 212
345 244
345 346
346 596
347 315
347 348
348 414
349 286
349 350
350 346
351 352
351 996
352 740
353 354
353 583
354 175
355 356
355 466
356 97
357 201
357 358
358 824
359 360
359 842
360 408
361 222
361 362
362 836
363 192
363 364
364 648
365 366
365 405
366 491
367 368
367 919
368 514
369 370
369 586
370 762
371 173
371 372
372 127
373 374
373 455
374 563
375 121
375 376
376 520
377 91
377 378
378 715
379 380
379 555
380 323
381 370
381 382
382 684
383 384
383 473
384 976
385 386
385 400
386 126
387 388
387 690
388 196
389 13
389 390
390 480
391 261
391 392
392 242
393 394
393 731
394 450
395 396
395 603
396 362
397 11
397 398
398 338
399 168
399 400
400 865
401 402
401 545
402 271
403 331
403 404
404 454
405 125
405 406
406 816
407 408
407 655
408 599
409 216
409 410
410 378
411 73
411 412
412 319
413 414
413 863
414 228
415 81
415 416
416 922
417 418
417 888
418 236
419 9
419 420
420 566
421 422
421 646
422 619
423 202
423 424
424 303
425 426
425 481
426 851
427 428
427 629
428 981
429 79
429 430
430 139
431 206
431 432
432 1006
433 434
433 602
434 870
435 371
435 436
436 12
437 438
437 885
438 399
439 440
439 995
440 398
441 335
441 442
442 240
443 444
443 916
444 559
445 446
445 761
446 458
447 106
447 448
448 982
449 450
449 931
450 406
451 452
451 905
452 188
453 454
453 639
454 1004
455 456
455 577
456 580
457 118
457 458
458 120
459 460
459 946
460 96
461 462
461 757
462 264
463 221
463 464
464 790
465 198
465 466
466 523
467 468
467 1013
468 492
469 424
469 470
470 478
471 160
471 472
472 614
473 194
473 474
474 61
475 64
475 476
476 640
477 67
477 478
478 744
479 284
479 480
480 844
481 154
481 482
482 955
483 25
483 484
484 524
485 486
485 891
486 678
487 479
487 488
488 344
489 215
489 490
490 766
491 492
491 546
492 974
493 494
493 610
494 462
495 496
495 662
496 429
497 225
497 498
498 626
499 357
499 500
500 591
501 189
501 502
502 144
503 504
503 945
504 439
505 226
505 506
506 554
507 145
507 508
508 700
509 397
509 510
510 308
511 512
511 725
512 633
513 514
513 519
514 526
515 27
515 516
516 36
517 518
517 568
518 104
519 95
519 520
520 1014
521 522
521 749
522 404
523 524
523 825
524 971
525 526
525 835
526 708
527 528
527 637
528 72
529 497
529 530
530 692
531 532
531 862
532 924
533 534
533 948
534 543
535 26
535 536
536 623
537 262
537 538
538 412
539 246
539 540
540 105
541 525
541 542
542 500
543 544
543 719
544 920
545 367
545 546
546 570
547 548
547 887
548 901
549 550
549 569
550 384
551 460
551 552
552 937
553 554
553 664
554 28
555 477
555 556
556 6
557 558
557 810
558 496
559 560
559 685
560 758
561 562
561 897
562 936
563 564
563 598
564 131
565 333
565 566
566 314
567 413
567 568
568 351
569 570
569 815
570 151
571 572
571 759
572 900
573 574
573 853
574 967
575 213
575 576
576 585
577 578
577 750
578 799
579 580
579 941
580 266
581 582
581 895
582 34
583 562
583 584
584 149
585 586
585 659
586 155
587 140
587 588
588 17
589 123
589 590
590 156
591 592
591 847
592 588
593 119
593 594
594 876
595 247
595 596
596 1008
597 340
597 598
598 852
599 600
599 760
600 733
601 515
601 602
602 253
603 200
603 604
604 60
605 507
605 606
606 793
607 392
607 608
608 798
609 171
609 610
610 476
611 612
611 694
612 468
613 605
613 614
614 531
615 499
615 616
616 964
617 618
617 649
618 1005
619 620
619 721
620 300
621 267
621 622
622 510
623 461
623 624
624 808
625 363
625 626
626 260
627 453
627 628
628 85
629 630
629 669
630 122
631 249
631 632
632 164
633 489
633 634
634 470
635 459
635 636
636 795
637 37
637 638
638 906
639 640
639 661
640 148
641 536
641 642
642 544
643 534
643 644
644 361
645 627
645 646
646 718
647 187
647 648
648 358
649 643
649 650
650 556
651 277
651 652
652 92
653 654
653 1011
654 752
655 581
655 656
656 776
657 153
657 658
658 621
659 660
659 735
660 98
661 662
661 951
662 169
663 664
663 709
664 558
665 417
665 666
666 642
667 553
667 668
668 800
669 87
669 670
670 574
671 281
671 672
672 82
673 674
673 727
674 769
675 676
675 687
676 764
677 305
677 678
678 804
679 391
679 680
680 158
681 682
681 747
682 29
683 504
683 684
684 423
685 233
685 686
686 892
687 12
687 688
688 921
689 690
689 871
690 625
691 365
691 692
692 1
693 694
693 789
694 997
695 527
695 696
696 360
697 631
697 698
698 138
699 651
699 700
700 846
701 204
701 702
702 1001
703 195
703 704
704 5
705 161
705 706
706 732
707 708
707 868
708 44
709 509
709 710
710 528
711 644
711 712
712 980
713 714
713 845
714 874
715 241
715 716
716 374
717 251
717 718
718 774
719 720
719 993
720 434
721 722
721 753
722 666
723 724
723 987
724 275
725 726
725 829
726 838
727 728
727 812
728 318
729 31
729 730
730 170
731 70
731 732
732 16
733 494
733 734
734 516
735 736
735 939
736 724
737 386
737 738
738 706
739 283
739 740
740 280
741 42
741 742
742 306
743 744
743 894
744 620
745 465
745 746
746 573
747 748
747 917
748 368
749 207
749 750
750 911
751 337
751 752
752 704
753 410
753 754
754 932
755 109
755 756
756 807
757 146
757 758
758 487
759 205
759 760
760 5
761 762
761 985
762 269
763 764
763 947
764 772
765 617
765 766
766 788
767 78
767 768
768 1002
769 445
769 770
770 298
771 772
771 989
772 560
773 325
773 774
774 522
775 379
775 776
776 686
777 255
777 778
778 717
779 263
779 780
780 670
781 316
781 782
782 3
783 784
783 956
784 7
785 203
785 786
786 51
787 788
787 963
788 186
789 745
789 790
790 973
791 792
791 811
792 59
793 68
793 794
794 329
795 276
795 796
796 624
797 199
797 798
798 418
799 587
799 800
800 18
801 111
801 802
802 420
803 426
803 804
804 350
805 529
805 806
806 184
807 808
807 952
808 416
809 579
809 810
810 913
811 231
811 812
812 224
813 77
813 814
814 320
815 805
815 816
816 22
817 110
817 818
818 722
819 302
819 820
820 343
821 513
821 822
822 38
823 353
823 824
824 748
825 512
825 826
826 658
827 41
827 828
828 904
829 441
829 830
830 665
831 537
831 832
832 52
833 210
833 834
834 878
835 836
835 970
836 349
837 235
837 838
838 234
839 636
839 840
840 342
841 842
841 915
842 768
843 448
843 844
844 14
845 846
845 953
846 345
847 103
847 848
848 618
849 115
849 850
850 440
851 117
851 852
852 446
853 159
853 854
854 21
855 584
855 856
856 858
857 307
857 858
858 76
859 616
859 860
860 130
861 862
861 998
862 840
863 191
863 864
864 518
865 866
865 889
866 783
867 45
867 868
868 928
869 181
869 870
870 294
871 872
871 903
872 324
873 229
873 874
874 369
875 134
875 876
876 820
877 56
877 878
878 806
879 517
879 880
880 707
881 19
881 882
882 578
883 823
883 884
884 942
885 886
885 933
886 882
887 425
887 888
888 176
889 779
889 890
890 767
891 892
891 968
892 830
893 366
893 894
894 595
895 49
895 896
896 387
897 193
897 898
898 415
899 6
899 900
900 336
901 469
901 902
902 388
903 589
903 904
904 23
905 567
905 906
906 860
907 430
907 908
908 754
909 141
909 910
910 656
911 356
911 912
912 250
913 861
913 914
914 532
915 601
915 916
916 297
917 311
917 918
918 220
919 443
919 920
920 498
921 403
921 922
922 966
923 137
923 924
924 442
925 508
925 926
926 352
927 296
927 928
928 474
929 671
929 930
930 959
931 89
931 932
932 638
933 411
933 934
934 765
935 936
935 960
936 11
937 698
937 938
938 680
939 282
939 940
940 457
941 611
941 942
942 814
943 944
943 1012
944 86
945 837
945 946
946 185
947 147
947 948
948 697
949 934
949 950
950 778
951 755
951 952
952 552
953 723
953 954
954 183
955 893
955 956
956 944
957 223
957 958
958 634
959 867
959 960
960 898
961 15
961 962
962 856
963 720
963 964
964 990
965 463
965 966
966 62
967 239
967 968
968 986
969 46
969 970
970 355
971 689
971 972
972 819
973 873
973 974
974 475
975 976
975 988
976 272
977 167
977 978
978 254
979 521
979 980
980 667
981 726
981 982
982 162
983 108
983 984
984 938
985 950
985 986
986 65
987 575
987 988
988 879
989 245
989 990
990 359
991 675
991 992
992 794
993 809
993 994
994 572
995 923
995 996
996 676
997 935
997 998
998 551
999 143
999 1000
1000 728
1001 133
1001 1002
1002 677
1003 925
1003 1004
1004 40
1005 317
1005 1006
1006 734
1007 163
1007 1008
1008 912
1009 288
1009 1010
1010 24
1011 273
1011 1012
1012 501
1013 39
1013 1014
1014 116
