0 1
0 519
1 679
1 947
3 596
3 815
5 7
4 575
4 593
6 193
7 269
7 540
9 62
9 221
10 806
10 891
11 1014
12 1000
15 135
15 634
17 503
17 823
19 57
19 802
21 65
21 731
23 24
23 665
24 715
25 26
25 495
26 790
27 28
27 482
28 742
29 23
29 30
30 914
31 32
31 113
32 954
33 34
33 521
34 52
35 11
35 36
36 298
37 4
37 38
38 564
39 40
39 556
40 95
41 42
41 797
42 424
43 44
43 265
44 557
45 46
45 124
46 347
47 48
47 214
48 456
49 50
49 865
50 638
51 52
51 207
52 38
53 54
53 771
54 487
55 56
55 895
56 568
57 58
57 161
58 694
59 60
59 981
60 563
61 62
61 581
62 250
63 64
63 625
64 230
65 66
65 830
66 585
67 68
67 522
68 359
69 70
69 530
70 523
71 72
71 201
72 734
73 74
73 646
74 462
75 76
75 145
76 82
77 78
77 511
78 962
79 80
79 468
80 88
81 82
81 381
82 274
83 84
83 526
84 854
85 86
85 609
86 409
87 88
87 628
88 410
89 90
89 639
90 71
91 92
91 959
92 67
93 9
93 94
94 78
95 26
95 96
96 552
97 98
97 128
98 490
99 100
99 681
100 199
101 102
101 245
102 8
103 104
103 582
104 119
105 106
105 963
106 518
107 108
107 866
108 308
109 10
109 110
110 558
111 112
111 399
112 648
113 114
113 1002
114 144
115 116
115 613
116 49
117 118
117 331
118 622
119 120
119 387
120 70
121 122
121 333
122 93
123 124
123 997
124 538
125 126
125 233
126 412
127 128
127 380
128 324
129 60
129 130
130 834
131 132
131 327
132 398
133 134
133 285
134 237
135 136
135 480
136 982
137 138
137 216
138 27
139 140
139 933
140 348
141 142
141 202
142 16
143 144
143 1011
144 458
145 146
145 630
146 714
147 148
147 419
148 626
149 150
149 323
150 404
151 152
151 673
152 756
153 154
153 698
154 486
155 156
155 892
156 952
157 158
157 843
158 182
159 25
159 160
160 374
161 162
161 247
162 906
163 164
163 893
164 820
165 166
165 421
166 574
167 168
167 654
168 938
169 170
169 433
170 702
171 85
171 172
172 781
173 174
173 578
174 958
175 176
175 227
176 836
177 178
177 778
178 844
179 180
179 758
180 325
181 182
181 244
182 226
183 184
183 343
184 764
185 186
185 479
186 889
187 188
187 243
188 484
189 171
189 190
190 867
191 192
191 339
192 275
193 34
193 194
194 162
195 196
195 357
196 627
197 198
197 965
198 110
199 200
199 923
200 279
201 202
201 956
202 368
203 204
203 669
204 301
205 206
205 388
206 993
207 32
207 208
208 239
209 126
209 210
210 647
211 212
211 494
212 286
213 42
213 214
214 318
215 216
215 1009
216 753
217 218
217 717
218 21
219 220
219 861
220 241
221 222
221 548
222 170
223 224
223 701
224 362
225 226
225 903
226 762
227 228
227 1006
228 888
229 40
229 230
230 944
231 232
231 264
232 342
233 234
233 601
234 606
235 236
235 386
236 657
237 238
237 986
238 364
239 240
239 338
240 406
241 242
241 345
242 12
243 244
243 945
244 886
245 246
245 848
246 360
247 248
247 948
248 706
249 250
249 611
250 528
251 252
251 873
252 422
253 254
253 531
254 431
255 256
255 748
256 598
257 258
257 280
258 973
259 260
259 605
260 466
261 262
261 708
262 972
263 264
263 637
264 569
265 266
265 919
266 974
267 147
267 268
268 520
269 270
269 991
270 786
271 125
271 272
272 336
273 112
273 274
274 966
275 276
275 779
276 566
277 278
277 841
278 984
279 280
279 699
280 565
281 282
281 939
282 223
283 284
283 363
284 179
285 286
285 464
286 166
287 288
287 740
288 440
289 163
289 290
290 580
291 292
291 987
292 926
293 294
293 321
294 228
295 165
295 296
296 438
297 298
297 645
298 312
299 300
299 896
300 536
301 87
301 302
302 686
303 304
303 340
304 804
305 306
305 970
306 98
307 308
307 445
308 68
309 310
309 489
310 452
311 312
311 869
312 570
313 314
313 390
314 872
315 316
315 921
316 871
317 318
317 553
318 266
319 320
319 629
320 928
321 203
321 322
322 408
323 160
323 324
324 664
325 326
325 862
326 746
327 328
327 860
328 801
329 251
329 330
330 153
331 259
331 332
332 14
333 334
333 937
334 478
335 209
335 336
336 874
337 338
337 785
338 700
339 187
339 340
340 776
341 342
341 379
342 726
343 344
343 687
344 942
345 346
345 897
346 18
347 64
347 348
348 1007
349 350
349 392
350 849
351 195
351 352
352 674
353 159
353 354
354 1010
355 356
355 855
356 620
357 358
357 719
358 229
359 156
359 360
360 713
361 362
361 811
362 678
363 127
363 364
364 608
365 366
365 413
366 393
367 368
367 447
368 168
369 370
369 690
370 705
371 372
371 451
372 460
373 374
373 875
374 261
375 376
375 768
376 544
377 378
377 727
378 137
379 380
379 425
380 328
381 219
381 382
382 879
383 384
383 931
384 304
385 386
385 857
386 356
387 388
387 477
388 899
389 390
389 607
390 936
391 392
391 545
392 920
393 394
393 909
394 887
395 396
395 765
396 712
397 398
397 512
398 560
399 400
399 805
400 152
401 402
401 877
402 22
403 295
403 404
404 370
405 406
405 500
406 146
407 408
407 579
408 761
409 410
409 736
410 450
411 63
411 412
412 757
413 183
413 414
414 196
415 232
415 416
416 24
417 129
417 418
418 6
419 420
419 502
420 752
421 422
421 571
422 330
423 424
423 725
424 504
425 389
425 426
426 111
427 428
427 454
428 300
429 189
429 430
430 594
431 432
431 930
432 2
433 140
433 434
434 766
435 436
435 602
436 376
437 385
437 438
438 546
439 341
439 440
440 832
441 260
441 442
442 94
443 77
443 444
444 240
445 446
445 509
446 426
447 143
447 448
448 821
449 450
449 940
450 444
451 452
451 845
452 635
453 427
453 454
454 737
455 456
455 616
456 344
457 458
457 927
458 710
459 292
459 460
460 943
461 462
461 960
462 799
463 464
463 831
464 979
465 466
465 481
466 789
467 53
467 468
468 957
469 291
469 470
470 515
471 472
471 547
472 55
473 474
473 989
474 99
475 476
475 539
476 890
477 478
477 964
478 290
479 480
479 883
480 83
481 482
481 577
482 43
483 484
483 894
484 150
485 486
485 780
486 716
487 488
487 910
488 155
489 490
489 695
490 30
491 492
491 641
492 610
493 373
493 494
494 352
495 496
495 543
496 167
497 498
497 718
498 791
499 500
499 900
500 76
501 205
501 502
502 121
503 504
503 777
504 134
505 395
505 506
506 572
507 453
507 508
508 589
509 510
509 1001
510 84
511 249
511 512
512 822
513 319
513 514
514 946
515 218
515 516
516 738
517 204
517 518
518 884
519 520
519 1005
520 615
521 41
521 522
522 798
523 524
523 880
524 436
525 526
525 969
526 33
527 267
527 528
528 394
529 151
529 530
530 505
531 105
531 532
532 988
533 534
533 751
534 808
535 414
535 536
536 278
537 538
537 792
538 541
539 540
539 967
540 741
541 293
541 542
542 516
543 544
543 697
544 66
545 546
545 603
546 852
547 548
547 851
548 132
549 236
549 550
550 584
551 524
551 552
552 733
553 554
553 707
554 600
555 556
555 743
556 573
557 558
557 614
558 276
559 560
559 809
560 750
561 562
561 837
562 272
563 131
563 564
564 164
565 485
565 566
566 213
567 568
567 682
568 258
569 570
569 990
570 932
571 572
571 901
572 999
573 574
573 676
574 303
575 441
575 576
576 366
577 439
577 578
578 169
579 580
579 597
580 591
581 217
581 582
582 835
583 471
583 584
584 913
585 79
585 586
586 432
587 567
587 588
588 1012
589 284
589 590
590 208
591 588
591 592
592 924
593 594
593 663
594 50
595 596
595 723
596 474
597 329
597 598
598 288
599 271
599 600
600 760
601 337
601 602
602 56
603 604
603 661
604 562
605 177
605 606
606 949
607 608
607 975
608 704
609 610
609 739
610 788
611 595
611 612
612 75
613 215
613 614
614 692
615 108
615 616
616 173
617 355
617 618
618 455
619 72
619 620
620 369
621 138
621 622
622 842
623 624
623 662
624 270
625 61
625 626
626 400
627 11
627 628
628 759
629 621
629 630
630 396
631 31
631 632
632 510
633 634
633 721
634 876
635 123
635 636
636 859
637 638
637 772
638 793
639 537
639 640
640 850
641 100
641 642
642 961
643 644
643 794
644 142
645 44
645 646
646 985
647 314
647 648
648 80
649 592
649 650
650 658
651 619
651 652
652 782
653 115
653 654
654 996
655 457
655 656
656 720
657 12
657 658
658 238
659 660
659 839
660 677
661 662
661 992
662 744
663 599
663 664
664 496
665 81
665 666
666 234
667 180
667 668
668 994
669 670
669 907
670 254
671 5
671 672
672 506
673 411
673 674
674 929
675 561
675 676
676 377
677 401
677 678
678 978
679 680
679 847
680 311
681 375
681 682
682 971
683 684
683 729
684 130
685 529
685 686
686 36
687 315
687 688
688 586
689 149
689 690
690 640
691 358
691 692
692 816
693 694
693 918
694 549
695 583
695 696
696 133
697 253
697 698
698 102
699 92
699 700
700 198
701 507
701 702
702 273
703 587
703 704
704 210
705 680
705 706
706 722
707 708
707 885
708 391
709 15
709 710
710 58
711 712
711 846
712 732
713 256
713 714
714 980
715 716
715 904
716 194
717 467
717 718
718 383
719 501
719 720
720 998
721 722
721 856
722 418
723 475
723 724
724 728
725 277
725 726
726 101
727 191
727 728
728 666
729 190
729 730
730 305
731 732
731 838
732 118
733 734
733 810
734 644
735 469
735 736
736 864
737 91
737 738
738 651
739 287
739 740
740 763
741 39
741 742
742 745
743 744
743 813
744 853
745 176
745 746
746 242
747 407
747 748
748 3
749 322
749 750
750 19
751 752
751 995
752 109
753 508
753 754
754 141
755 231
755 756
756 916
757 642
757 758
758 754
759 760
759 1004
760 632
761 513
761 762
762 814
763 764
763 917
764 172
765 212
765 766
766 1008
767 684
767 768
768 6
769 770
769 1003
770 795
771 772
771 807
772 655
773 525
773 774
774 148
775 493
775 776
776 755
777 175
777 778
778 365
779 667
779 780
780 334
781 689
781 782
782 20
783 696
783 784
784 449
785 29
785 786
786 384
787 483
787 788
788 186
789 790
789 818
790 420
791 248
791 792
792 346
793 48
793 794
794 668
795 430
795 796
796 446
797 514
797 798
798 416
799 488
799 800
800 372
801 802
801 825
802 870
803 97
803 804
804 197
805 806
805 898
806 925
807 473
807 808
808 724
809 783
809 810
810 405
811 812
811 1013
812 908
813 814
813 953
814 114
815 653
815 816
816 517
817 773
817 818
818 397
819 820
819 905
820 774
821 5
821 822
822 576
823 671
823 824
824 631
825 470
825 826
826 296
827 617
827 828
828 335
829 649
829 830
830 819
831 832
831 840
832 222
833 157
833 834
834 73
835 747
835 836
836 878
837 371
837 838
838 911
839 17
839 840
840 775
841 89
841 842
842 800
843 350
843 844
844 498
845 353
845 846
846 660
847 281
847 848
848 492
849 235
849 850
850 459
851 827
851 852
852 320
853 461
853 854
854 224
855 361
855 856
856 709
857 796
857 858
858 246
859 263
859 860
860 863
861 533
861 862
862 45
863 824
863 864
864 47
865 787
865 866
866 812
867 403
867 868
868 423
869 551
869 870
870 299
871 313
871 872
872 262
873 255
873 874
874 442
875 317
875 876
876 268
877 559
877 878
878 534
879 735
879 880
880 935
881 139
881 882
882 612
883 817
883 884
884 188
885 711
885 886
886 497
887 730
887 888
888 74
889 35
889 890
890 858
891 833
891 892
892 86
893 555
893 894
894 181
895 417
895 896
896 882
897 211
897 898
898 117
899 900
899 915
900 28
901 310
901 902
902 951
903 904
903 955
904 829
905 297
905 906
906 326
907 499
907 908
908 691
909 623
909 910
910 294
911 192
911 912
912 624
913 912
913 914
914 784
915 672
915 916
916 252
917 918
917 941
918 770
919 120
919 920
920 90
921 51
921 922
922 206
923 693
923 924
924 316
925 200
925 926
926 535
927 104
927 928
928 934
929 930
929 977
930 476
931 932
931 976
932 550
933 382
933 934
934 618
935 122
935 936
936 349
937 868
937 938
938 767
939 429
939 940
940 650
941 685
941 942
942 302
943 434
943 944
944 922
945 463
945 946
946 542
947 448
947 948
948 257
949 136
949 950
950 402
951 415
951 952
952 154
953 59
953 954
954 881
955 956
955 968
956 158
957 174
957 958
958 604
959 683
959 960
960 803
961 69
961 962
962 54
963 103
963 964
964 465
965 554
965 966
966 428
967 282
967 968
968 435
969 220
969 970
970 532
971 225
971 972
972 96
973 107
973 974
974 46
975 828
975 976
976 633
977 354
977 978
978 688
979 185
979 980
980 656
981 749
981 982
982 703
983 309
983 984
984 332
985 178
985 986
986 306
987 527
987 988
988 116
989 769
989 990
990 351
991 289
991 992
992 283
993 670
993 994
994 13
995 443
995 996
996 378
997 659
997 998
998 950
999 437
999 1000
1000 590
1001 491
1001 1002
1002 184
1003 983
1003 1004
1004 106
1005 307
1005 1006
1006 636
1007 643
1007 1008
1008 652
1009 37
1009 1010
1010 472
1011 675
1011 1012
1012 902
1013 367
1013 1014
1014 826
