0 235
0 817
2 463
2 483
3 697
3 893
5 311
4 183
4 861
6 391
7 19
7 146
9 366
9 726
10 634
10 928
11 554
12 284
15 357
15 371
17 594
17 821
19 375
19 414
21 472
21 1004
23 17
23 24
24 272
25 26
25 245
26 639
27 28
27 254
28 674
29 30
29 763
30 351
31 32
31 492
32 477
33 34
33 356
34 866
35 36
35 479
36 688
37 38
37 707
38 978
39 40
39 965
40 180
41 42
41 555
42 545
43 44
43 542
44 46
45 46
45 913
46 822
47 48
47 685
48 121
49 50
49 304
50 200
51 52
51 384
52 468
53 54
53 87
54 360
55 56
55 757
56 947
57 58
57 240
58 747
59 60
59 960
60 940
61 30
61 62
62 606
63 64
63 394
64 582
65 66
65 484
66 698
67 68
67 587
68 526
69 70
69 517
70 751
71 72
71 806
72 124
73 74
73 895
74 469
75 76
75 337
76 7
77 78
77 888
78 918
79 80
79 429
80 568
81 82
81 621
82 365
83 84
83 957
84 330
85 86
85 869
86 186
87 88
87 905
88 734
89 90
89 641
90 969
91 92
91 656
92 241
93 94
93 433
94 773
95 96
95 651
96 128
97 98
97 839
98 637
99 100
99 205
100 828
101 102
101 177
102 66
103 104
103 548
104 794
105 15
105 106
106 863
107 108
107 518
108 592
109 110
109 374
110 840
111 2
111 112
112 538
113 114
113 897
114 860
115 116
115 473
116 846
117 53
117 118
118 109
119 120
119 327
120 595
121 122
121 461
122 677
123 124
123 291
124 420
125 126
125 647
126 190
127 128
127 559
128 156
129 75
129 130
130 655
131 132
131 767
132 61
133 134
133 996
134 578
135 136
135 933
136 644
137 138
137 819
138 919
139 140
139 679
140 412
141 142
141 501
142 638
143 144
143 589
144 399
145 146
145 658
146 162
147 148
147 251
148 225
149 150
149 830
150 600
151 78
151 152
152 474
153 145
153 154
154 881
155 80
155 156
156 714
157 158
157 645
158 802
159 160
159 811
160 611
161 162
161 829
162 576
163 164
163 900
164 14
165 166
165 590
166 573
167 168
167 437
168 476
169 170
169 202
170 628
171 172
171 475
172 395
173 174
173 278
174 584
175 176
175 725
176 744
177 178
177 402
178 390
179 180
179 447
180 372
181 182
181 415
182 434
183 184
183 233
184 664
185 186
185 359
186 364
187 153
187 188
188 27
189 190
189 253
190 63
191 192
191 977
192 416
193 194
193 223
194 18
195 196
195 1013
196 222
197 198
197 397
198 882
199 117
199 200
200 841
201 55
201 202
202 795
203 204
203 303
204 515
205 206
205 759
206 519
207 208
207 470
208 440
209 97
209 210
210 706
211 212
211 765
212 405
213 214
213 941
214 401
215 83
215 216
216 161
217 218
217 495
218 849
219 220
219 787
220 487
221 222
221 612
222 574
223 224
223 987
224 377
225 77
225 226
226 876
227 4
227 228
228 195
229 56
229 230
230 249
231 81
231 232
232 349
233 5
233 234
234 920
235 236
235 269
236 550
237 238
237 680
238 938
239 240
239 927
240 268
241 167
241 242
242 174
243 244
243 376
244 168
245 208
245 246
246 736
247 181
247 248
248 454
249 250
249 704
250 280
251 252
251 297
252 528
253 95
253 254
254 809
255 256
255 902
256 333
257 258
257 954
258 496
259 260
259 445
260 835
261 262
261 874
262 915
263 264
263 608
264 378
265 266
265 648
266 552
267 268
267 387
268 804
269 270
269 831
270 409
271 187
271 272
272 808
273 274
273 818
274 82
275 276
275 571
276 31
277 278
277 781
278 125
279 280
279 466
280 120
281 73
281 282
282 510
283 284
283 439
284 116
285 286
285 733
286 346
287 288
287 426
288 762
289 220
289 290
290 398
291 292
291 974
292 134
293 294
293 1003
294 106
295 296
295 320
296 62
297 298
297 764
298 8
299 300
299 627
300 234
301 302
301 392
302 22
303 304
303 547
304 294
305 306
305 932
306 28
307 99
307 308
308 126
309 310
309 686
310 6
311 165
311 312
312 166
313 314
313 946
314 914
315 185
315 316
316 669
317 260
317 318
318 630
319 320
319 737
320 393
321 322
321 585
322 23
323 324
323 435
324 1012
325 326
325 660
326 842
327 328
327 741
328 290
329 283
329 330
330 684
331 332
331 923
332 462
333 334
333 824
334 984
335 336
335 805
336 12
337 338
337 695
338 565
339 340
339 549
340 324
341 198
341 342
342 951
343 344
343 498
344 588
345 331
345 346
346 118
347 226
347 348
348 478
349 350
349 908
350 708
351 199
351 352
352 949
353 354
353 551
354 317
355 356
355 465
356 652
357 69
357 358
358 362
359 213
359 360
360 456
361 362
361 891
362 227
363 364
363 775
364 164
365 366
365 718
366 570
367 173
367 368
368 388
369 370
369 665
370 784
371 344
371 372
372 766
373 374
373 617
374 742
375 376
375 856
376 710
377 206
377 378
378 350
379 380
379 983
380 962
381 382
381 749
382 228
383 384
383 865
384 453
385 386
385 539
386 100
387 388
387 534
388 844
389 390
389 953
390 633
391 392
391 408
392 779
393 394
393 872
394 646
395 193
395 396
396 752
397 314
397 398
398 564
399 89
399 400
400 682
401 37
401 402
402 74
403 404
403 520
404 194
405 257
405 406
406 560
407 408
407 981
408 172
409 410
409 942
410 776
411 412
411 643
412 862
413 414
413 771
414 1007
415 39
415 416
416 282
417 418
417 859
418 486
419 420
419 823
420 418
421 422
421 676
422 458
423 159
423 424
424 292
425 426
425 480
426 24
427 428
427 1000
428 276
429 139
429 430
430 887
431 432
431 624
432 780
433 434
433 877
434 373
435 355
435 436
436 740
437 122
437 438
438 800
439 440
439 879
440 298
441 285
441 442
442 970
443 325
443 444
444 238
445 446
445 541
446 334
447 92
447 448
448 848
449 267
449 450
450 506
451 452
451 999
452 672
453 454
453 966
454 968
455 456
455 1005
456 265
457 458
457 813
458 427
459 460
459 657
460 444
461 462
461 845
462 1011
463 464
463 925
464 670
465 385
465 466
466 803
467 169
467 468
468 336
469 45
469 470
470 5
471 472
471 864
472 563
473 474
473 508
474 431
475 476
475 659
476 1008
477 40
477 478
478 140
479 480
479 581
480 68
481 482
481 631
482 596
483 484
483 873
484 1009
485 486
485 878
486 994
487 275
487 488
488 443
489 90
489 490
490 700
491 335
491 492
492 115
493 494
493 561
494 491
495 496
495 777
496 136
497 498
497 507
498 237
499 286
499 500
500 288
501 502
501 911
502 620
503 436
503 504
504 34
505 33
505 506
506 224
507 441
507 508
508 287
509 307
509 510
510 370
511 512
511 963
512 1006
513 514
513 649
514 368
515 36
515 516
516 424
517 518
517 967
518 354
519 520
519 719
520 102
521 522
521 950
522 583
523 524
523 557
524 49
525 123
525 526
526 926
527 528
527 626
528 662
529 530
529 681
530 44
531 532
531 944
532 11
533 261
533 534
534 916
535 536
535 986
536 532
537 141
537 538
538 544
539 523
539 540
540 815
541 163
541 542
542 210
543 544
543 755
544 425
545 546
545 758
546 86
547 47
547 548
548 711
549 26
549 550
550 635
551 552
551 929
552 264
553 554
553 924
554 13
555 556
555 723
556 488
557 558
557 569
558 94
559 248
559 560
560 976
561 299
561 562
562 406
563 110
563 564
564 922
565 524
565 566
566 720
567 566
567 568
568 894
569 113
569 570
570 84
571 101
571 572
572 892
573 11
573 574
574 760
575 576
575 936
576 338
577 236
577 578
578 386
579 580
579 972
580 296
581 497
581 582
582 72
583 584
583 793
584 748
585 274
585 586
586 10
587 211
587 588
588 750
589 131
589 590
590 489
591 592
591 603
592 270
593 594
593 833
594 221
595 596
595 666
596 952
597 598
597 945
598 104
599 41
599 600
600 176
601 244
601 602
602 328
603 247
603 604
604 798
605 9
605 606
606 32
607 273
607 608
608 12
609 610
609 613
610 52
611 612
611 980
612 616
613 614
613 701
614 450
615 455
615 616
616 16
617 70
617 618
618 525
619 620
619 691
620 85
621 622
621 812
622 380
623 107
623 624
624 810
625 609
625 626
626 782
627 339
627 628
628 598
629 93
629 630
630 1
631 493
631 632
632 774
633 133
633 634
634 500
635 485
635 636
636 192
637 638
637 837
638 332
639 640
639 785
640 880
641 430
641 642
642 814
643 644
643 921
644 312
645 607
645 646
646 702
647 138
647 648
648 313
649 622
649 650
650 956
651 652
651 867
652 618
653 654
653 673
654 449
655 88
655 656
656 572
657 658
657 979
658 973
659 35
659 660
660 513
661 306
661 662
662 250
663 664
663 901
664 610
665 188
665 666
666 792
667 668
667 937
668 464
669 670
669 713
670 64
671 672
671 721
672 428
673 309
673 674
674 112
675 319
675 676
676 214
677 191
677 678
678 263
679 680
679 753
680 494
681 363
681 682
682 690
683 154
683 684
684 152
685 686
685 989
686 599
687 688
687 791
688 955
689 690
689 754
690 266
691 511
691 692
692 96
693 694
693 903
694 175
695 218
695 696
696 76
697 358
697 698
698 71
699 209
699 700
700 625
701 293
701 702
702 715
703 704
703 796
704 562
705 706
705 769
706 1002
707 361
707 708
708 838
709 389
709 710
710 160
711 179
711 712
712 108
713 529
713 714
714 516
715 255
715 716
716 546
717 329
717 718
718 148
719 503
719 720
720 50
721 705
721 722
722 650
723 724
723 896
724 689
725 605
725 726
726 151
727 295
727 728
728 448
729 305
729 730
730 614
731 407
731 732
732 843
733 144
733 734
734 1001
735 736
735 982
736 410
737 189
737 738
738 451
739 58
739 740
740 850
741 423
741 742
742 512
743 744
743 825
744 712
745 577
745 746
746 502
747 687
747 748
748 178
749 750
749 854
750 593
751 281
751 752
752 975
753 597
753 754
754 558
755 217
755 756
756 341
757 262
757 758
758 114
759 760
759 904
760 20
761 762
761 783
762 400
763 67
763 764
764 709
765 717
765 766
766 998
767 3
767 768
768 300
769 770
769 992
770 442
771 382
771 772
772 230
773 774
773 789
774 730
775 421
775 776
776 692
777 533
777 778
778 481
779 780
779 790
780 948
781 352
781 782
782 1014
783 784
783 875
784 884
785 786
785 799
786 772
787 171
787 788
788 935
789 553
789 790
790 207
791 792
791 991
792 452
793 98
793 794
794 318
795 417
795 796
796 567
797 315
797 798
798 770
799 739
799 800
800 396
801 802
801 890
802 580
803 239
803 804
804 997
805 683
805 806
806 820
807 663
807 808
808 150
809 810
809 868
810 340
811 379
811 812
812 271
813 42
813 814
814 404
815 149
815 816
816 604
817 818
817 899
818 958
819 229
819 820
820 514
821 822
821 827
822 347
823 204
823 824
824 761
825 826
825 853
826 883
827 21
827 828
828 858
829 830
829 943
830 556
831 832
831 985
832 446
833 640
833 834
834 816
835 836
835 870
836 642
837 826
837 838
838 668
839 840
839 959
840 768
841 842
841 906
842 536
843 322
843 844
844 252
845 129
845 846
846 910
847 848
847 909
848 661
849 521
849 850
850 343
851 157
851 852
852 531
853 119
853 854
854 543
855 143
855 856
856 601
857 851
857 858
858 586
859 353
859 860
860 990
861 381
861 862
862 756
863 527
863 864
864 438
865 535
865 866
866 258
867 619
867 868
868 219
869 732
869 870
870 738
871 847
871 872
872 509
873 201
873 874
874 939
875 242
875 876
876 786
877 878
877 931
878 1010
879 135
879 880
880 38
881 321
881 882
882 678
883 884
883 934
884 460
885 411
885 886
886 654
887 127
887 888
888 540
889 591
889 890
890 155
891 105
891 892
892 137
893 735
893 894
894 308
895 215
895 896
896 693
897 699
897 898
898 530
899 170
899 900
900 457
901 367
901 902
902 671
903 147
903 904
904 91
905 277
905 906
906 60
907 25
907 908
908 212
909 907
909 910
910 482
911 729
911 912
912 302
913 419
913 914
914 471
915 65
915 916
916 871
917 703
917 918
918 623
919 801
919 920
920 636
921 29
921 922
922 836
923 259
923 924
924 289
925 279
925 926
926 522
927 675
927 928
928 348
929 383
929 930
930 778
931 111
931 932
932 724
933 467
933 934
934 632
935 345
935 936
936 413
937 422
937 938
938 602
939 48
939 940
940 667
941 731
941 942
942 432
943 696
943 944
944 504
945 855
945 946
946 898
947 745
947 948
948 197
949 203
949 950
950 6
951 912
951 952
952 716
953 310
953 954
954 615
955 956
955 961
956 142
957 369
957 958
958 216
959 889
959 960
960 79
961 962
961 995
962 807
963 885
963 964
964 852
965 966
965 971
966 579
967 59
967 968
968 653
969 970
969 988
970 722
971 797
971 972
972 459
973 316
973 974
974 103
975 158
975 976
976 342
977 728
977 978
978 746
979 231
979 980
980 43
981 629
981 982
982 132
983 51
983 984
984 403
985 323
985 986
986 743
987 575
987 988
988 232
989 182
989 990
990 57
991 130
991 992
992 499
993 54
993 994
994 964
995 301
995 996
996 243
997 930
997 998
998 246
999 184
999 1000
1000 993
1001 537
1001 1002
1002 832
1003 727
1003 1004
1004 917
1005 490
1005 1006
1006 256
1007 196
1007 1008
1008 834
1009 788
1009 1010
1010 857
1011 694
1011 1012
1012 326
1013 886
1013 1014
1014 505
