0 357
0 379
2 931
2 1001
3 343
3 879
4 233
4 561
5 79
6 465
7 213
7 717
9 234
9 768
10 694
10 842
11 240
12 308
15 497
15 675
17 367
17 387
19 122
19 294
21 734
21 961
23 24
23 557
24 513
25 26
25 51
26 187
27 28
27 824
28 585
29 30
29 665
30 516
31 32
31 410
32 356
33 34
33 533
34 282
35 36
35 50
36 200
37 38
37 696
38 230
39 40
39 156
40 468
41 42
41 966
42 924
43 44
43 839
44 911
45 46
45 701
46 616
47 48
47 921
48 474
49 50
49 587
50 989
51 52
51 456
52 338
53 54
53 822
54 188
55 56
55 125
56 995
57 58
57 991
58 659
59 60
59 833
60 964
61 62
61 331
62 832
63 64
63 487
64 385
65 66
65 448
66 547
67 68
67 813
68 857
69 70
69 849
70 390
71 16
71 72
72 327
73 74
73 652
74 756
75 76
75 799
76 235
77 78
77 558
78 416
79 80
79 206
80 896
81 82
81 423
82 549
83 84
83 859
84 570
85 86
85 536
86 732
87 88
87 782
88 392
89 90
89 757
90 677
91 92
91 435
92 296
93 94
93 503
94 193
95 96
95 301
96 918
97 98
97 851
98 577
99 100
99 512
100 130
101 102
101 566
102 424
103 104
103 323
104 836
105 63
105 106
106 584
107 108
107 501
108 884
109 110
109 627
110 192
111 112
111 223
112 815
113 114
113 619
114 722
115 116
115 634
116 148
117 118
117 409
118 488
119 120
119 600
120 534
121 122
121 609
122 698
123 124
123 847
124 482
125 126
125 477
126 505
127 128
127 355
128 228
129 130
129 195
130 266
131 132
131 765
132 167
133 134
133 711
134 106
135 136
135 1010
136 993
137 138
137 354
138 131
139 140
139 517
140 886
141 142
141 364
142 480
143 144
143 147
144 752
145 146
145 972
146 202
147 148
147 862
148 864
149 150
149 617
150 165
151 152
151 688
152 526
153 113
153 154
154 207
155 156
155 287
156 312
157 158
157 909
158 306
159 160
159 283
160 663
161 162
161 377
162 724
163 164
163 740
164 588
165 166
165 332
166 318
167 168
167 904
168 586
169 170
169 875
170 426
171 172
171 373
172 22
173 174
173 878
174 304
175 176
175 715
176 454
177 178
177 690
178 882
179 180
179 671
180 529
181 182
181 997
182 645
183 184
183 877
184 748
185 186
185 398
186 62
187 188
187 273
188 580
189 190
189 841
190 571
191 192
191 926
192 905
193 194
193 322
194 716
195 196
195 785
196 986
197 198
197 319
198 871
199 200
199 1009
200 221
201 45
201 202
202 302
203 198
203 204
204 110
205 206
205 667
206 457
207 208
207 425
208 453
209 105
209 210
210 777
211 212
211 293
212 975
213 214
213 826
214 658
215 216
215 985
216 943
217 175
217 218
218 451
219 220
219 552
220 990
221 222
221 504
222 820
223 224
223 763
224 339
225 226
225 362
226 449
227 143
227 228
228 723
229 230
229 670
230 430
231 232
231 655
232 104
233 234
233 411
234 610
235 236
235 900
236 796
237 238
237 605
238 117
239 87
239 240
240 178
241 242
241 681
242 408
243 160
243 244
244 928
245 73
245 246
246 41
247 248
247 523
248 185
249 250
249 925
250 396
251 189
251 252
252 36
253 254
253 316
254 520
255 256
255 315
256 965
257 258
257 1013
258 903
259 255
259 260
260 821
261 262
261 439
262 168
263 159
263 264
264 968
265 266
265 755
266 596
267 268
267 337
268 611
269 270
269 340
270 662
271 242
271 272
272 936
273 274
273 646
274 342
275 247
275 276
276 960
277 278
277 445
278 764
279 169
279 280
280 350
281 282
281 572
282 938
283 69
283 284
284 569
285 286
285 360
286 251
287 288
287 719
288 290
289 290
289 727
290 85
291 292
291 531
292 203
293 4
293 294
294 680
295 296
295 963
296 891
297 298
297 383
298 945
299 300
299 766
300 341
301 114
301 302
302 56
303 75
303 304
304 395
305 306
305 500
306 502
307 111
307 308
308 186
309 310
309 1008
310 344
311 312
311 901
312 939
313 121
313 314
314 365
315 217
315 316
316 948
317 318
317 641
318 401
319 257
319 320
320 325
321 322
321 789
322 927
323 324
323 885
324 762
325 326
325 568
326 564
327 328
327 792
328 828
329 107
329 330
330 803
331 332
331 651
332 1014
333 320
333 334
334 761
335 336
335 685
336 43
337 338
337 743
338 949
339 30
339 340
340 384
341 342
341 869
342 894
343 153
343 344
344 218
345 74
345 346
346 706
347 348
347 554
348 618
349 350
349 538
350 418
351 82
351 352
352 880
353 237
353 354
354 15
355 356
355 801
356 144
357 358
357 541
358 351
359 360
359 817
360 539
361 362
361 1007
362 959
363 174
363 364
364 860
365 201
365 366
366 668
367 368
367 483
368 705
369 299
369 370
370 712
371 7
371 372
372 750
373 374
373 935
374 57
375 37
375 376
376 583
377 378
377 631
378 798
379 380
379 629
380 996
381 382
381 630
382 976
383 138
383 384
384 260
385 134
385 386
386 298
387 289
387 388
388 101
389 390
389 402
390 268
391 284
391 392
392 929
393 394
393 647
394 115
395 396
395 950
396 781
397 398
397 933
398 542
399 288
399 400
400 693
401 402
401 432
402 265
403 404
403 795
404 476
405 157
405 406
406 676
407 408
407 703
408 214
409 179
409 410
410 553
411 280
411 412
412 537
413 414
413 819
414 345
415 416
415 952
416 274
417 275
417 418
418 374
419 420
419 597
420 898
421 422
421 941
422 232
423 93
423 424
424 797
425 361
425 426
426 326
427 94
427 428
428 603
429 27
429 430
430 324
431 432
431 709
432 21
433 313
433 434
434 794
435 413
435 436
436 830
437 438
437 809
438 816
439 291
439 440
440 812
441 442
441 509
442 835
443 212
443 444
444 78
445 443
445 446
446 231
447 263
447 448
448 978
449 91
449 450
450 70
451 336
451 452
452 145
453 391
453 454
454 54
455 399
455 456
456 753
457 458
457 530
458 902
459 460
459 983
460 244
461 209
461 462
462 102
463 460
463 464
464 598
465 450
465 466
466 18
467 468
467 499
468 969
469 452
469 470
470 8
471 154
471 472
472 176
473 5
473 474
474 957
475 476
475 731
476 95
477 478
477 887
478 90
479 480
479 807
480 44
481 60
481 482
482 760
483 35
483 484
484 366
485 33
485 486
486 758
487 226
487 488
488 612
489 490
489 673
490 462
491 205
491 492
492 942
493 127
493 494
494 211
495 496
495 845
496 818
497 498
497 515
498 216
499 155
499 500
500 47
501 25
501 502
502 481
503 504
503 899
504 532
505 34
505 506
506 944
507 508
507 853
508 846
509 417
509 510
510 984
511 512
511 937
512 136
513 514
513 687
514 442
515 516
515 783
516 135
517 518
517 581
518 608
519 507
519 520
520 876
521 511
521 522
522 132
523 23
523 524
524 988
525 461
525 526
526 576
527 427
527 528
528 196
529 525
529 530
530 479
531 245
531 532
532 728
533 238
533 534
534 141
535 536
535 881
536 808
537 538
537 855
538 700
539 540
539 726
540 222
541 542
541 741
542 866
543 544
543 970
544 436
545 546
545 773
546 946
547 10
547 548
548 772
549 550
549 699
550 643
551 552
551 613
552 370
553 24
553 554
554 838
555 89
555 556
556 181
557 309
557 558
558 239
559 405
559 560
560 644
561 295
561 562
562 788
563 564
563 805
564 142
565 559
565 566
566 489
567 568
567 639
568 281
569 570
569 708
570 874
571 123
571 572
572 910
573 249
573 574
574 962
575 204
575 576
576 13
577 307
577 578
578 987
579 580
579 844
580 1002
581 171
581 582
582 915
583 584
583 883
584 11
585 458
585 586
586 778
587 567
587 588
588 380
589 590
589 825
590 486
591 592
591 736
592 514
593 594
593 729
594 669
595 596
595 661
596 692
597 259
597 598
598 628
599 133
599 600
600 335
601 595
601 602
602 545
603 604
603 633
604 276
605 229
605 606
606 77
607 608
607 981
608 873
609 610
609 908
610 620
611 415
611 612
612 262
613 428
613 614
614 26
615 616
615 1005
616 38
617 67
617 618
618 272
619 620
619 973
620 914
621 535
621 622
622 20
623 624
623 770
624 311
625 485
625 626
626 912
627 628
627 861
628 19
629 61
629 630
630 648
631 632
631 691
632 278
633 190
633 634
634 496
635 3
635 636
636 119
637 638
637 787
638 394
639 261
639 640
640 800
641 642
641 791
642 346
643 371
643 644
644 248
645 28
645 646
646 191
647 5
647 648
648 347
649 635
649 650
650 744
651 555
651 652
652 329
653 55
653 654
654 1
655 590
655 656
656 574
657 658
657 759
658 660
659 352
659 660
660 854
661 602
661 662
662 917
663 548
663 664
664 906
665 368
665 666
666 654
667 594
667 668
668 524
669 149
669 670
670 591
671 672
671 735
672 784
673 674
673 897
674 856
675 305
675 676
676 725
677 678
677 850
678 683
679 579
679 680
680 544
681 682
681 739
682 980
683 429
683 684
684 64
685 215
685 686
686 802
687 607
687 688
688 400
689 573
689 690
690 252
691 621
691 692
692 916
693 679
693 694
694 656
695 689
695 696
696 494
697 17
697 698
698 219
699 98
699 700
700 779
701 702
701 852
702 710
703 58
703 704
704 210
705 6
705 706
706 11
707 264
707 708
708 177
709 710
709 932
710 162
711 712
711 865
712 438
713 625
713 714
714 300
715 593
715 716
716 48
717 718
717 920
718 112
719 279
719 720
720 1006
721 657
721 722
722 638
723 604
723 724
724 463
725 447
725 726
726 967
727 330
727 728
728 484
729 297
729 730
730 103
731 388
731 732
732 46
733 734
733 977
734 208
735 375
735 736
736 979
737 158
737 738
738 118
739 270
739 740
740 100
741 599
741 742
742 68
743 744
743 769
744 702
745 328
745 746
746 466
747 637
747 748
748 510
749 747
749 750
750 678
751 81
751 752
752 1011
753 88
753 754
754 164
755 519
755 756
756 934
757 139
757 758
758 258
759 29
759 760
760 954
761 314
761 762
762 506
763 764
763 840
764 672
765 471
765 766
766 421
767 277
767 768
768 31
769 751
769 770
770 414
771 492
771 772
772 96
773 774
773 955
774 994
775 397
775 776
776 446
777 124
777 778
778 632
779 550
779 780
780 455
781 469
781 782
782 664
783 784
783 793
784 546
785 786
785 895
786 575
787 788
787 913
788 971
789 790
789 863
790 754
791 369
791 792
792 868
793 794
793 919
794 348
795 767
795 796
796 872
797 798
797 998
798 152
799 137
799 800
800 527
801 749
801 802
802 622
803 285
803 804
804 498
805 353
805 806
806 359
807 349
807 808
808 982
809 493
809 810
810 804
811 495
811 812
812 707
813 589
813 814
814 684
815 626
815 816
816 738
817 199
817 818
818 742
819 52
819 820
820 381
821 108
821 822
822 254
823 292
823 824
824 843
825 317
825 826
826 407
827 478
827 828
828 126
829 422
829 830
830 14
831 236
831 832
832 464
833 695
833 834
834 253
835 831
835 836
836 940
837 437
837 838
838 775
839 601
839 840
840 76
841 406
841 842
842 682
843 243
843 844
844 72
845 49
845 846
846 827
847 848
847 907
848 170
849 850
849 893
850 163
851 640
851 852
852 182
853 120
853 854
854 890
855 856
855 923
856 99
857 151
857 858
858 522
859 860
859 1004
860 746
861 40
861 862
862 180
863 649
863 864
864 958
865 161
865 866
866 363
867 823
867 868
868 614
869 810
869 870
870 606
871 269
871 872
872 84
873 521
873 874
874 404
875 197
875 876
876 146
877 697
877 878
878 310
879 837
879 880
880 224
881 653
881 882
882 444
883 733
883 884
884 780
885 420
885 886
886 184
887 467
887 888
888 490
889 39
889 890
890 922
891 80
891 892
892 870
893 894
893 999
894 829
895 562
895 896
896 433
897 898
897 953
898 140
899 225
899 900
900 475
901 508
901 902
902 434
903 246
903 904
904 12
905 650
905 906
906 771
907 250
907 908
908 956
909 441
909 910
910 867
911 540
911 912
912 1012
913 393
913 914
914 220
915 376
915 916
916 786
917 334
917 918
918 86
919 920
919 974
920 888
921 419
921 922
922 674
923 267
923 924
924 382
925 491
925 926
926 53
927 358
927 928
928 1000
929 615
929 930
930 858
931 321
931 932
932 1003
933 241
933 934
934 560
935 2
935 936
936 992
937 92
937 938
938 930
939 372
939 940
940 386
941 942
941 951
942 528
943 333
943 944
944 720
945 704
945 946
946 686
947 730
947 948
948 194
949 173
949 950
950 271
951 129
951 952
952 848
953 578
953 954
954 378
955 97
955 956
956 6
957 42
957 958
958 66
959 889
959 960
960 790
961 834
961 962
962 472
963 737
963 964
964 183
965 166
965 966
966 470
967 389
967 968
968 714
969 403
969 970
970 71
971 431
971 972
972 718
973 563
973 974
974 556
975 811
975 976
976 116
977 286
977 978
978 83
979 518
979 980
980 128
981 947
981 982
982 65
983 9
983 984
984 32
985 303
985 986
986 172
987 473
987 988
988 892
989 582
989 990
990 774
991 721
991 992
992 592
993 543
993 994
994 642
995 776
995 996
996 814
997 109
997 998
998 459
999 227
999 1000
1000 745
1001 150
1001 1002
1002 12
1003 412
1003 1004
1004 256
1005 623
1005 1006
1006 666
1007 59
1007 1008
1008 713
1009 565
1009 1010
1010 440
1011 551
1011 1012
1012 624
1013 636
1013 1014
1014 806
