0 571
0 897
3 669
3 969
4 177
4 567
6 983
5 985
7 634
7 863
8 332
8 375
10 604
9 94
11 49
11 750
13 231
13 771
15 42
15 471
17 728
17 860
19 33
19 923
21 129
21 520
23 24
23 839
24 114
25 4
25 26
26 143
27 28
27 465
28 657
29 30
29 509
30 814
31 32
31 452
32 815
33 34
33 982
34 541
35 15
35 36
36 507
37 38
37 723
38 1012
39 40
39 584
40 548
41 42
41 851
42 808
43 44
43 526
44 232
45 46
45 207
46 472
47 48
47 783
48 949
49 50
49 693
50 140
51 52
51 325
52 11
53 54
53 230
54 672
55 56
55 1005
56 612
57 58
57 570
58 152
59 60
59 337
60 1011
61 62
61 682
62 760
63 64
63 267
64 874
65 57
65 66
66 204
67 37
67 68
68 484
69 70
69 845
70 426
71 72
71 732
72 618
73 74
73 955
74 599
75 76
75 622
76 804
77 78
77 1007
78 586
79 80
79 494
80 981
81 82
81 249
82 642
83 84
83 662
84 822
85 86
85 462
86 409
87 88
87 525
88 186
89 90
89 875
90 643
91 92
91 106
92 950
93 7
93 94
94 630
95 96
95 911
96 918
97 32
97 98
98 870
99 100
99 699
100 396
101 102
101 428
102 717
103 12
103 104
104 10
105 106
105 817
106 756
107 108
107 853
108 268
109 110
109 625
110 660
111 112
111 389
112 450
113 114
113 763
114 463
115 116
115 645
116 936
117 118
117 937
118 993
119 120
119 427
120 836
121 122
121 953
122 392
123 124
123 737
124 188
125 126
125 715
126 886
127 128
127 405
128 535
129 130
129 954
130 76
131 132
131 401
132 222
133 134
133 453
134 532
135 136
135 803
136 1013
137 138
137 659
138 971
139 140
139 613
140 361
141 142
141 707
142 394
143 144
143 925
144 309
145 146
145 522
146 181
147 148
147 328
148 754
149 150
149 424
150 272
151 152
151 160
152 992
153 154
153 866
154 1009
155 156
155 829
156 448
157 158
157 225
158 588
159 160
159 905
160 434
161 162
161 355
162 105
163 164
163 907
164 295
165 166
165 350
166 413
167 168
167 847
168 310
169 139
169 170
170 652
171 172
171 632
172 362
173 174
173 649
174 872
175 176
175 591
176 627
177 178
177 279
178 61
179 6
179 180
180 795
181 182
181 250
182 346
183 184
183 621
184 729
185 186
185 807
186 473
187 188
187 966
188 172
189 190
189 383
190 8
191 192
191 877
192 117
193 194
193 876
194 976
195 196
195 664
196 547
197 198
197 915
198 148
199 190
199 200
200 120
201 202
201 343
202 550
203 204
203 397
204 902
205 206
205 901
206 929
207 208
207 890
208 592
209 210
209 271
210 66
211 212
211 610
212 768
213 214
213 885
214 788
215 216
215 679
216 406
217 218
217 391
218 132
219 220
219 823
220 964
221 222
221 830
222 495
223 21
223 224
224 999
225 226
225 319
226 744
227 228
227 359
228 26
229 230
229 293
230 255
231 232
231 281
232 778
233 234
233 349
234 637
235 236
235 867
236 848
237 238
237 855
238 540
239 81
239 240
240 878
241 192
241 242
242 585
243 244
243 786
244 790
245 246
245 551
246 77
247 248
247 840
248 82
249 250
249 963
250 477
251 252
251 947
252 734
253 254
253 512
254 708
255 74
255 256
256 542
257 191
257 258
258 384
259 260
259 805
260 802
261 262
261 528
262 174
263 264
263 887
264 835
265 266
265 819
266 308
267 268
267 832
268 882
269 270
269 667
270 986
271 272
271 889
272 646
273 274
273 970
274 364
275 276
275 480
276 128
277 278
277 892
278 994
279 55
279 280
280 751
281 282
281 557
282 784
283 284
283 850
284 578
285 286
285 370
286 456
287 70
287 288
288 388
289 290
289 552
290 244
291 292
291 593
292 122
293 294
293 899
294 490
295 107
295 296
296 194
297 298
297 505
298 101
299 300
299 313
300 158
301 302
301 785
302 636
303 304
303 614
304 432
305 306
305 441
306 291
307 109
307 308
308 146
309 130
309 310
310 312
311 312
311 714
312 474
313 314
313 677
314 998
315 316
315 342
316 743
317 127
317 318
318 531
319 86
319 320
320 516
321 322
321 861
322 700
323 324
323 701
324 565
325 326
325 639
326 288
327 328
327 670
328 640
329 330
329 933
330 554
331 332
331 799
332 99
333 217
333 334
334 212
335 336
335 518
336 816
337 338
337 502
338 491
339 340
339 755
340 1010
341 342
341 620
342 59
343 242
343 344
344 916
345 346
345 521
346 680
347 88
347 348
348 598
349 350
349 447
350 164
351 263
351 352
352 631
353 354
353 549
354 274
355 356
355 433
356 741
357 358
357 510
358 602
359 305
359 360
360 705
361 84
361 362
362 470
363 262
363 364
364 20
365 366
365 910
366 932
367 368
367 387
368 575
369 370
369 736
370 63
371 372
371 761
372 922
373 374
373 537
374 873
375 376
375 871
376 926
377 378
377 412
378 418
379 380
379 504
380 486
381 136
381 382
382 44
383 215
383 384
384 6
385 323
385 386
386 290
387 149
387 388
388 322
389 133
389 390
390 228
391 278
391 392
392 704
393 24
393 394
394 336
395 396
395 978
396 236
397 398
397 605
398 724
399 83
399 400
400 650
401 402
401 987
402 752
403 404
403 791
404 56
405 406
405 569
406 96
407 408
407 619
408 608
409 410
409 629
410 702
411 31
411 412
412 843
413 363
413 414
414 1014
415 1
415 416
416 1001
417 418
417 928
418 530
419 420
419 489
420 103
421 251
421 422
422 151
423 424
423 590
424 110
425 426
425 641
426 485
427 373
427 428
428 770
429 430
429 811
430 124
431 432
431 895
432 900
433 118
433 434
434 967
435 111
435 436
436 792
437 438
437 1003
438 560
439 9
439 440
440 576
441 442
441 457
442 709
443 444
443 497
444 365
445 446
445 653
446 168
447 241
447 448
448 195
449 450
449 951
450 617
451 41
451 452
452 275
453 235
453 454
454 321
455 285
455 456
456 40
457 221
457 458
458 100
459 460
459 917
460 408
461 34
461 462
462 283
463 340
463 464
464 398
465 466
465 563
466 390
467 157
467 468
468 769
469 93
469 470
470 774
471 385
471 472
472 116
473 403
473 474
474 206
475 311
475 476
476 968
477 298
477 478
478 431
479 257
479 480
480 29
481 482
481 894
482 990
483 484
483 747
484 556
485 414
485 486
486 628
487 488
487 524
488 800
489 490
489 691
490 703
491 366
491 492
492 566
493 352
493 494
494 478
495 496
495 658
496 460
497 498
497 956
498 53
499 500
499 616
500 514
501 502
501 644
502 862
503 504
503 595
504 1002
505 506
505 826
506 544
507 508
507 546
508 748
509 503
509 510
510 48
511 344
511 512
512 62
513 338
513 514
514 46
515 292
515 516
516 506
517 518
517 921
518 1000
519 515
519 520
520 393
521 243
521 522
522 297
523 524
523 745
524 496
525 47
525 526
526 404
527 451
527 528
528 945
529 171
529 530
530 698
531 532
531 767
532 166
533 534
533 919
534 333
535 536
535 957
536 123
537 538
537 719
538 108
539 540
539 973
540 415
541 165
541 542
542 555
543 303
543 544
544 684
545 423
545 546
546 378
547 548
547 696
548 482
549 395
549 550
550 782
551 545
551 552
552 95
553 234
553 554
554 974
555 360
555 556
556 962
557 558
557 820
558 260
559 560
559 720
560 686
561 43
561 562
562 218
563 564
563 865
564 443
565 566
565 841
566 722
567 527
567 568
568 607
569 570
569 833
570 721
571 461
571 572
572 464
573 574
573 624
574 572
575 358
575 576
576 380
577 578
577 603
578 499
579 492
579 580
580 508
581 582
581 977
582 469
583 584
583 655
584 248
585 247
585 586
586 430
587 18
587 588
588 948
589 227
589 590
590 975
591 592
591 596
592 386
593 368
593 594
594 726
595 113
595 596
596 28
597 339
597 598
598 68
599 175
599 600
600 673
601 19
601 602
602 180
603 324
603 604
604 382
605 169
605 606
606 711
607 608
607 764
608 372
609 78
609 610
610 30
611 377
611 612
612 906
613 559
613 614
614 266
615 616
615 838
616 759
617 126
617 618
618 92
619 27
619 620
620 273
621 622
621 663
622 196
623 601
623 624
624 511
625 141
625 626
626 733
627 52
627 628
628 996
629 367
629 630
630 797
631 632
631 809
632 374
633 634
633 681
634 331
635 636
635 810
636 574
637 638
637 1006
638 320
639 245
639 640
640 794
641 280
641 642
642 211
643 564
643 644
644 888
645 577
645 646
646 381
647 307
647 648
648 960
649 209
649 650
650 740
651 568
651 652
652 22
653 54
653 654
654 198
655 533
655 656
656 38
657 517
657 658
658 487
659 419
659 660
660 869
661 529
661 662
662 606
663 223
663 664
664 254
665 666
665 935
666 334
667 668
667 675
668 229
669 670
669 891
670 444
671 51
671 672
672 85
673 674
673 852
674 858
675 155
675 676
676 776
677 135
677 678
678 995
679 661
679 680
680 238
681 581
681 682
682 60
683 429
683 684
684 718
685 239
685 686
686 97
687 317
687 688
688 203
689 276
689 690
690 326
691 692
691 825
692 16
693 694
693 984
694 316
695 201
695 696
696 442
697 698
697 989
698 558
699 335
699 700
700 880
701 697
701 702
702 289
703 134
703 704
704 80
705 501
705 706
706 216
707 154
707 708
708 287
709 476
709 710
710 214
711 256
711 712
712 304
713 714
713 849
714 651
715 69
715 716
716 796
717 519
717 718
718 142
719 688
719 720
720 179
721 722
721 965
722 538
723 724
723 827
724 2
725 208
725 726
726 286
727 36
727 728
728 710
729 150
729 730
730 436
731 676
731 732
732 17
733 159
733 734
734 725
735 736
735 834
736 997
737 738
737 772
738 798
739 740
739 939
740 988
741 611
741 742
742 422
743 744
743 884
744 417
745 746
745 913
746 178
747 75
747 748
748 210
749 3
749 750
750 246
751 752
751 893
752 376
753 674
753 754
754 930
755 299
755 756
756 656
757 189
757 758
758 306
759 716
759 760
760 594
761 467
761 762
762 144
763 523
763 764
764 294
765 766
765 941
766 712
767 371
767 768
768 942
769 131
769 770
770 454
771 493
771 772
772 402
773 163
773 774
774 147
775 665
775 776
776 410
777 296
777 778
778 302
779 780
779 842
780 844
781 483
781 782
782 300
783 784
783 806
784 738
785 786
785 898
786 87
787 788
787 961
788 420
789 790
789 944
790 927
791 240
791 792
792 780
793 98
793 794
794 562
795 455
795 796
796 458
797 742
797 798
798 104
799 800
799 909
800 934
801 258
801 802
802 580
803 73
803 804
804 727
805 775
805 806
806 348
807 808
807 857
808 600
809 65
809 810
810 671
811 45
811 812
812 341
813 193
813 814
814 440
815 779
815 816
816 167
817 301
817 818
818 438
819 678
819 820
820 449
821 400
821 822
822 793
823 329
823 824
824 170
825 237
825 826
826 184
827 813
827 828
828 561
829 830
829 837
830 597
831 685
831 832
832 327
833 89
833 834
834 762
835 200
835 836
836 475
837 773
837 838
838 161
839 757
839 840
840 183
841 539
841 842
842 439
843 435
843 844
844 573
845 846
845 864
846 252
847 536
847 848
848 39
849 213
849 850
850 459
851 219
851 852
852 162
853 156
853 854
854 282
855 25
855 856
856 879
857 635
857 858
858 821
859 233
859 860
860 924
861 812
861 862
862 753
863 626
863 864
864 67
865 269
865 866
866 353
867 399
867 868
868 587
869 870
869 914
870 638
871 731
871 872
872 648
873 713
873 874
874 904
875 407
875 876
876 226
877 749
877 878
878 145
879 880
879 912
880 824
881 14
881 882
882 187
883 345
883 884
884 609
885 683
885 886
886 416
887 888
887 908
888 582
889 479
889 890
890 437
891 633
891 892
892 224
893 883
893 894
894 379
895 856
895 896
896 972
897 687
897 898
898 318
899 647
899 900
900 220
901 859
901 902
902 654
903 137
903 904
904 579
905 199
905 906
906 854
907 583
907 908
908 115
909 735
909 910
910 125
911 787
911 912
912 182
913 831
913 914
914 946
915 35
915 916
916 828
917 277
917 918
918 979
919 589
919 920
920 357
921 261
921 922
922 488
923 5
923 924
924 64
925 445
925 926
926 481
927 928
927 940
928 58
929 930
929 1004
930 91
931 79
931 932
932 881
933 13
933 934
934 896
935 421
935 936
936 730
937 153
937 938
938 500
939 543
939 940
940 694
941 739
941 942
942 777
943 931
943 944
944 176
945 553
945 946
946 253
947 623
947 948
948 446
949 468
949 950
950 284
951 466
951 952
952 766
953 689
953 954
954 356
955 173
955 956
956 259
957 695
957 958
958 666
959 121
959 960
960 347
961 264
961 962
962 270
963 119
963 964
964 690
965 23
965 966
966 112
967 765
967 968
968 943
969 903
969 970
970 315
971 846
971 972
972 10
973 974
973 991
974 959
975 668
975 976
976 354
977 265
977 978
978 197
979 534
979 980
980 138
981 789
981 982
982 958
983 330
983 984
984 71
985 498
985 986
986 1008
987 818
987 988
988 102
989 351
989 990
990 692
991 615
991 992
992 952
993 185
993 994
994 758
995 411
995 996
996 938
997 746
997 998
998 72
999 425
999 1000
1000 9
1001 868
1001 1002
1002 202
1003 5
1003 1004
1004 980
1005 205
1005 1006
1006 801
1007 50
1007 1008
1008 513
1009 90
1009 1010
1010 369
1011 706
1011 1012
1012 314
1013 920
1013 1014
1014 781
