0 285
0 593
1 468
1 494
2 86
2 341
3 779
3 974
5 91
4 723
4 769
6 121
9 122
9 754
11 914
10 386
10 650
12 14
15 667
15 987
17 439
17 890
19 360
19 792
21 12
21 197
23 16
23 24
24 910
25 26
25 485
26 886
27 28
27 783
28 147
29 30
29 95
30 612
31 32
31 569
32 75
33 34
33 375
34 687
35 36
35 737
36 273
37 38
37 309
38 44
39 40
39 269
40 146
41 31
41 42
42 406
43 44
43 330
44 590
45 46
45 735
46 366
47 48
47 907
48 960
49 50
49 1005
50 669
51 52
51 312
52 251
53 54
53 903
54 804
55 56
55 66
56 316
57 58
57 865
58 376
59 60
59 767
60 35
61 62
61 141
62 120
63 15
63 64
64 556
65 66
65 187
66 208
67 1
67 68
68 185
69 70
69 848
70 184
71 72
71 411
72 355
73 74
73 948
74 566
75 18
75 76
76 760
77 78
77 179
78 195
79 56
79 80
80 470
81 82
81 390
82 812
83 84
83 223
84 227
85 86
85 546
86 464
87 88
87 134
88 716
89 90
89 605
90 224
91 92
91 946
92 378
93 94
93 482
94 599
95 96
95 295
96 696
97 98
97 630
98 540
99 100
99 869
100 488
101 102
101 648
102 54
103 104
103 415
104 796
105 106
105 401
106 304
107 108
107 734
108 154
109 41
109 110
110 789
111 112
111 422
112 194
113 114
113 759
114 899
115 116
115 611
116 254
117 118
117 936
118 747
119 120
119 311
120 925
121 122
121 518
122 124
123 124
123 505
124 512
125 126
125 625
126 876
127 128
127 427
128 459
129 130
129 609
130 436
131 132
131 863
132 945
133 33
133 134
134 373
135 136
135 275
136 772
137 138
137 205
138 902
139 140
139 281
140 988
141 142
141 573
142 306
143 144
143 619
144 502
145 146
145 501
146 11
147 148
147 618
148 264
149 150
149 249
150 808
151 149
151 152
152 158
153 46
153 154
154 423
155 156
155 431
156 990
157 158
157 744
158 534
159 81
159 160
160 204
161 162
161 564
162 318
163 164
163 297
164 888
165 166
165 995
166 850
167 168
167 835
168 764
169 170
169 645
170 598
171 172
171 743
172 646
173 174
173 563
174 398
175 176
175 353
176 757
177 178
177 638
178 480
179 180
179 476
180 374
181 182
181 235
182 919
183 184
183 228
184 503
185 186
185 525
186 200
187 68
187 188
188 912
189 190
189 805
190 70
191 107
191 192
192 584
193 25
193 194
194 102
195 196
195 956
196 916
197 198
197 484
198 844
199 200
199 350
200 198
201 202
201 975
202 342
203 43
203 204
204 267
205 206
205 731
206 814
207 208
207 663
208 1014
209 210
209 729
210 906
211 212
211 878
212 531
213 214
213 653
214 634
215 216
215 319
216 666
217 47
217 218
218 234
219 220
219 836
220 52
221 222
221 633
222 473
223 224
223 339
224 93
225 226
225 272
226 462
227 228
227 971
228 384
229 230
229 793
230 561
231 232
231 883
232 214
233 234
233 841
234 686
235 236
235 927
236 889
237 238
237 557
238 168
239 240
239 774
240 684
241 115
241 242
242 450
243 244
243 606
244 196
245 246
245 839
246 587
247 245
247 248
248 843
249 114
249 250
250 430
251 106
251 252
252 242
253 254
253 438
254 369
255 72
255 256
256 840
257 258
257 307
258 558
259 23
259 260
260 896
261 262
261 943
262 920
263 264
263 969
264 911
265 266
265 977
266 700
267 268
267 1004
268 588
269 270
269 291
270 296
271 137
271 272
272 520
273 274
273 1003
274 675
275 276
275 939
276 387
277 278
277 602
278 656
279 280
279 715
280 225
281 282
281 963
282 333
283 284
283 579
284 174
285 286
285 513
286 284
287 231
287 288
288 763
289 270
289 290
290 800
291 292
291 944
292 42
293 294
293 617
294 947
295 296
295 363
296 220
297 60
297 298
298 591
299 300
299 940
300 244
301 215
301 302
302 572
303 304
303 932
304 192
305 164
305 306
306 1008
307 308
307 887
308 915
309 310
309 931
310 867
311 312
311 335
312 809
313 314
313 756
314 38
315 301
315 316
316 290
317 39
317 318
318 238
319 129
319 320
320 26
321 207
321 322
322 326
323 324
323 491
324 332
325 326
325 418
326 87
327 328
327 391
328 962
329 330
329 678
330 22
331 332
331 665
332 900
333 135
333 334
334 636
335 336
335 397
336 199
337 323
337 338
338 816
339 340
339 545
340 414
341 342
341 407
342 1013
343 344
343 541
344 508
345 346
345 635
346 380
347 348
347 441
348 790
349 350
349 979
350 644
351 202
351 352
352 752
353 354
353 527
354 810
355 49
355 356
356 160
357 358
357 685
358 930
359 305
359 360
360 324
361 362
361 664
362 996
363 364
363 738
364 6
365 213
365 366
366 69
367 348
367 368
368 570
369 370
369 861
370 7
371 372
371 449
372 1009
373 84
373 374
374 298
375 376
375 657
376 486
377 378
377 933
378 550
379 380
379 522
380 370
381 382
381 823
382 937
383 17
383 384
384 456
385 165
385 386
386 537
387 388
387 694
388 856
389 390
389 699
390 201
391 392
391 776
392 594
393 394
393 857
394 568
395 396
395 859
396 820
397 398
397 721
398 742
399 37
399 400
400 852
401 402
401 985
402 604
403 404
403 523
404 702
405 406
405 941
406 622
407 408
407 629
408 950
409 410
409 524
410 280
411 412
411 801
412 51
413 414
413 535
414 827
415 193
415 416
416 395
417 394
417 418
418 725
419 65
419 420
420 761
421 422
421 765
422 728
423 6
423 424
424 818
425 426
425 472
426 719
427 428
427 711
428 440
429 262
429 430
430 454
431 383
431 432
432 726
433 434
433 853
434 367
435 436
435 553
436 860
437 29
437 438
438 628
439 440
439 623
440 368
441 442
441 479
442 822
443 444
443 679
444 898
445 446
445 509
446 218
447 155
447 448
448 929
449 216
449 450
450 20
451 452
451 567
452 143
453 454
453 654
454 126
455 4
455 456
456 336
457 458
457 984
458 445
459 460
459 819
460 188
461 248
461 462
462 250
463 177
463 464
464 477
465 443
465 466
466 112
467 221
467 468
468 243
469 470
469 662
470 111
471 71
471 472
472 691
473 90
473 474
474 396
475 365
475 476
476 53
477 469
477 478
478 128
479 480
479 923
480 986
481 222
481 482
482 506
483 217
483 484
484 748
485 486
485 649
486 372
487 317
487 488
488 400
489 265
489 490
490 408
491 492
491 753
492 189
493 494
493 680
494 935
495 428
495 496
496 837
497 444
497 498
498 592
499 500
499 690
500 795
501 502
501 866
502 150
503 82
503 504
504 720
505 246
505 506
506 740
507 59
507 508
508 11
509 405
509 510
510 79
511 181
511 512
512 426
513 433
513 514
514 578
515 282
515 516
516 813
517 518
517 815
518 289
519 183
519 520
520 692
521 522
521 953
522 803
523 524
523 881
524 492
525 131
525 526
526 142
527 389
527 528
528 233
529 530
529 802
530 170
531 388
531 532
532 80
533 173
533 534
534 676
535 255
535 536
536 583
537 538
537 682
538 745
539 399
539 540
540 410
541 287
541 542
542 169
543 544
543 955
544 704
545 109
545 546
546 299
547 548
547 758
548 344
549 550
549 966
550 1002
551 536
551 552
552 924
553 543
553 554
554 750
555 556
555 627
556 904
557 558
557 951
558 300
559 560
559 713
560 212
561 521
561 562
562 364
563 161
563 564
564 327
565 239
565 566
566 824
567 419
567 568
568 271
569 451
569 570
570 585
571 547
571 572
572 358
573 574
573 871
574 926
575 576
575 870
576 842
577 529
577 578
578 905
579 67
579 580
580 610
581 153
581 582
582 830
583 211
583 584
584 162
585 453
585 586
586 799
587 475
587 588
588 157
589 496
589 590
590 838
591 478
591 592
592 942
593 594
593 775
594 266
595 596
595 874
596 85
597 288
597 598
598 781
599 429
599 600
600 152
601 602
601 603
602 132
603 604
603 709
604 565
605 347
605 606
606 637
607 533
607 608
608 481
609 610
609 833
610 780
611 612
611 733
612 432
613 337
613 614
614 710
615 616
615 854
616 972
617 447
617 618
618 992
619 148
619 620
620 497
621 99
621 622
622 302
623 624
623 806
624 5
625 595
625 626
626 576
627 303
627 628
628 96
629 630
629 973
630 515
631 632
631 895
632 253
633 139
633 634
634 689
635 457
635 636
636 338
637 638
637 641
638 681
639 463
639 640
640 794
641 621
641 642
642 404
643 644
643 755
644 24
645 646
645 981
646 10
647 551
647 648
648 226
649 57
649 650
650 548
651 560
651 652
652 356
653 77
653 654
654 586
655 274
655 656
656 510
657 413
657 658
658 577
659 108
659 660
660 582
661 175
661 662
662 701
663 125
663 664
664 514
665 63
665 666
666 724
667 321
667 668
668 276
669 382
669 670
670 880
671 465
671 672
672 562
673 393
673 674
674 257
675 210
675 676
676 13
677 259
677 678
678 36
679 680
679 693
680 359
681 647
681 682
682 688
683 684
683 831
684 252
685 528
685 686
686 144
687 643
687 688
688 30
689 639
689 690
690 455
691 320
691 692
692 88
693 325
693 694
694 62
695 696
695 722
696 964
697 487
697 698
698 328
699 700
699 949
700 498
701 532
701 702
702 730
703 471
703 704
704 791
705 706
705 901
706 412
707 708
707 934
708 706
709 435
709 710
710 736
711 349
711 712
712 847
713 714
713 845
714 186
715 670
715 716
716 190
717 718
717 965
718 614
719 720
719 817
720 538
721 45
721 722
722 659
723 697
723 724
724 361
725 544
725 726
726 21
727 176
727 728
728 782
729 730
729 970
730 278
731 732
731 749
732 118
733 237
733 734
734 917
735 736
735 751
736 862
737 511
737 738
738 732
739 740
739 821
740 48
741 55
741 742
742 786
743 613
743 744
744 574
745 746
745 872
746 771
747 748
747 778
748 798
749 434
749 750
750 1006
751 308
751 752
752 652
753 754
753 999
754 12
755 677
755 756
756 632
757 758
757 811
758 1000
759 489
759 760
760 40
761 596
761 762
762 600
763 322
763 764
764 292
765 247
765 766
766 718
767 768
767 993
768 343
769 770
769 882
770 104
771 772
771 858
772 994
773 660
773 774
774 329
775 507
775 776
776 797
777 61
777 778
778 483
779 780
779 1012
780 27
781 782
781 897
782 268
783 417
783 784
784 683
785 786
785 921
786 178
787 2
787 788
788 608
789 420
789 790
790 777
791 493
791 792
792 766
793 103
793 794
794 474
795 707
795 796
796 968
797 105
797 798
798 140
799 277
799 800
800 980
801 315
801 802
802 580
803 437
803 804
804 549
805 78
805 806
806 119
807 241
807 808
808 313
809 425
809 810
810 402
811 516
811 812
812 354
813 182
813 814
814 352
815 816
815 846
816 961
817 818
817 908
818 392
819 820
819 959
820 172
821 331
821 822
822 351
823 495
823 824
824 19
825 229
825 826
826 159
827 788
827 828
828 32
829 283
829 830
830 998
831 519
831 832
832 460
833 661
833 834
834 409
835 97
835 836
836 695
837 838
837 976
838 101
839 840
839 877
840 784
841 834
841 842
842 5
843 589
843 844
844 8
845 846
845 885
846 938
847 807
847 848
848 50
849 668
849 850
850 952
851 261
851 852
852 279
853 851
853 854
854 997
855 458
855 856
856 631
857 727
857 858
858 136
859 855
859 860
860 110
861 346
861 862
862 156
863 601
863 864
864 100
865 416
865 866
866 673
867 113
867 868
868 446
869 83
869 870
870 3
871 490
871 872
872 206
873 705
873 874
874 191
875 607
875 876
876 698
877 878
877 983
878 991
879 651
879 880
880 58
881 167
881 882
882 658
883 884
883 1011
884 739
885 89
885 886
886 209
887 260
887 888
888 340
889 875
889 890
890 219
891 310
891 892
892 64
893 894
893 913
894 746
895 500
895 896
896 448
897 461
897 898
898 424
899 499
899 900
900 314
901 357
901 902
902 671
903 829
903 904
904 166
905 906
905 978
906 203
907 116
907 908
908 989
909 34
909 910
910 741
911 912
911 1010
912 526
913 575
913 914
914 466
915 28
915 916
916 918
917 385
917 918
918 554
919 236
919 920
920 868
921 922
921 928
922 892
923 768
923 924
924 452
925 381
925 926
926 770
927 133
927 928
928 263
929 9
929 930
930 94
931 345
931 932
932 626
933 151
933 934
934 230
935 624
935 936
936 849
937 371
937 938
938 73
939 163
939 940
940 891
941 542
941 942
942 655
943 559
943 944
944 552
945 294
945 946
946 379
947 581
947 948
948 982
949 950
949 1007
950 293
951 403
951 952
952 442
953 826
953 954
954 286
955 785
955 956
956 145
957 893
957 958
958 76
959 616
959 960
960 672
961 832
961 962
962 504
963 884
963 964
964 530
965 922
965 966
966 762
967 555
967 968
968 958
969 130
969 970
970 864
971 972
971 1001
972 517
973 171
973 974
974 138
975 708
975 976
976 773
977 873
977 978
978 597
979 539
979 980
980 240
981 615
981 982
982 674
983 825
983 984
984 117
985 957
985 986
986 334
987 787
987 988
988 620
989 954
989 990
990 362
991 377
991 992
992 74
993 467
993 994
994 714
995 909
995 996
996 828
997 703
997 998
998 717
999 127
999 1000
1000 879
1001 571
1001 1002
1002 894
1003 640
1003 1004
1004 642
1005 123
1005 1006
1006 92
1007 712
1007 1008
1008 98
1009 180
1009 1010
1010 967
1011 421
1011 1012
1012 232
1013 256
1013 1014
1014 258
