0 543
0 811
3 173
3 831
4 465
4 964
5 780
6 996
7 407
7 467
8 9
8 104
10 115
9 56
11 368
11 893
13 592
13 947
15 802
15 843
17 177
17 727
19 63
19 433
21 664
21 779
23 24
23 383
24 352
25 26
25 240
26 639
27 28
27 216
28 300
29 30
29 76
30 564
31 32
31 637
32 361
33 3
33 34
34 468
35 36
35 636
36 428
37 38
37 943
38 241
39 40
39 243
40 728
41 42
41 724
42 237
43 44
43 423
44 18
45 46
45 519
46 167
47 48
47 442
48 859
49 50
49 249
50 29
51 52
51 128
52 920
53 54
53 306
54 982
55 56
55 531
56 742
57 58
57 341
58 392
59 58
59 60
60 293
61 62
61 319
62 273
63 64
63 606
64 358
65 66
65 220
66 532
67 68
67 511
68 408
69 70
69 603
70 1006
71 72
71 684
72 60
73 74
73 464
74 914
75 76
75 580
76 510
77 78
77 449
78 324
79 80
79 269
80 695
81 82
81 884
82 447
83 38
83 84
84 150
85 86
85 496
86 528
87 88
87 703
88 136
89 90
89 858
90 181
91 92
91 864
92 228
93 94
93 569
94 357
95 96
95 896
96 382
97 98
97 112
98 314
99 100
99 125
100 251
101 102
101 689
102 6
103 104
103 491
104 545
105 106
105 340
106 476
107 108
107 460
108 999
109 110
109 755
110 502
111 112
111 899
112 222
113 114
113 354
114 783
115 116
115 598
116 584
117 118
117 907
118 900
119 120
119 520
120 719
121 82
121 122
122 904
123 124
123 529
124 232
125 126
125 360
126 595
127 128
127 963
128 761
129 130
129 421
130 668
131 132
131 699
132 64
133 103
133 134
134 952
135 6
135 136
136 206
137 84
137 138
138 772
139 140
139 152
140 590
141 142
141 225
142 498
143 144
143 196
144 810
145 146
145 951
146 388
147 148
147 1005
148 70
149 141
149 150
150 255
151 152
151 1011
152 751
153 154
153 851
154 808
155 156
155 821
156 260
157 158
157 247
158 527
159 160
159 238
160 398
161 143
161 162
162 960
163 164
163 567
164 925
165 166
165 1003
166 554
167 168
167 394
168 786
169 42
169 170
170 773
171 172
171 339
172 21
173 48
173 174
174 576
175 176
175 875
176 521
177 178
177 799
178 379
179 180
179 814
180 120
181 182
181 613
182 244
183 184
183 436
184 552
185 186
185 213
186 813
187 188
187 826
188 836
189 190
189 535
190 291
191 192
191 453
192 374
193 194
193 733
194 885
195 196
195 731
196 863
197 198
197 347
198 316
199 147
199 200
200 712
201 202
201 333
202 918
203 61
203 204
204 405
205 206
205 870
206 134
207 161
207 208
208 630
209 210
209 297
210 842
211 212
211 667
212 389
213 214
213 541
214 156
215 216
215 624
216 754
217 218
217 936
218 224
219 201
219 220
220 834
221 222
221 994
222 540
223 224
223 795
224 54
225 226
225 915
226 10
227 228
227 512
228 386
229 55
229 230
230 108
231 232
231 662
232 638
233 234
233 600
234 310
235 197
235 236
236 784
237 238
237 259
238 139
239 178
239 240
240 328
241 242
241 490
242 289
243 244
243 330
244 110
245 246
245 610
246 282
247 73
247 248
248 68
249 149
249 250
250 203
251 183
251 252
252 778
253 254
253 877
254 828
255 256
255 332
256 98
257 258
257 1001
258 350
259 260
259 435
260 892
261 151
261 262
262 336
263 264
263 685
264 705
265 154
265 266
266 323
267 268
267 277
268 308
269 270
269 715
270 39
271 266
271 272
272 434
273 274
273 574
274 660
275 276
275 839
276 218
277 278
277 492
278 764
279 280
279 561
280 258
281 282
281 313
282 760
283 87
283 284
284 976
285 186
285 286
286 822
287 288
287 438
288 539
289 290
289 457
290 14
291 292
291 445
292 215
293 294
293 571
294 484
295 296
295 931
296 11
297 45
297 298
298 393
299 300
299 575
300 916
301 131
301 302
302 413
303 118
303 304
304 482
305 306
305 455
306 832
307 138
307 308
308 325
309 99
309 310
310 989
311 312
311 803
312 917
313 145
313 314
314 868
315 316
315 935
316 351
317 318
317 578
318 454
319 320
319 608
320 971
321 212
321 322
322 883
323 324
323 766
324 304
325 326
325 655
326 838
327 79
327 328
328 894
329 330
329 515
330 36
331 332
331 349
332 879
333 334
333 345
334 179
335 336
335 396
336 19
337 113
337 338
338 906
339 340
339 583
340 791
341 123
341 342
342 176
343 344
343 997
344 816
345 346
345 419
346 403
347 348
347 397
348 338
349 350
349 459
350 307
351 352
351 804
352 74
353 223
353 354
354 239
355 356
355 725
356 217
357 10
357 358
358 632
359 360
359 825
360 775
361 362
361 469
362 622
363 364
363 633
364 478
365 299
365 366
366 910
367 368
367 542
368 661
369 370
369 829
370 938
371 372
371 794
372 680
373 119
373 374
374 650
375 367
375 376
376 303
377 378
377 395
378 448
379 380
379 792
380 604
381 283
381 382
382 722
383 384
383 568
384 770
385 386
385 612
386 348
387 80
387 388
388 506
389 390
389 909
390 493
391 309
391 392
392 869
393 377
393 394
394 472
395 23
395 396
396 559
397 398
397 809
398 194
399 205
399 400
400 634
401 126
401 402
402 940
403 311
403 404
404 9
405 406
405 536
406 252
407 408
407 701
408 278
409 410
409 475
410 302
411 412
411 1008
412 242
413 414
413 523
414 430
415 416
415 525
416 88
417 418
417 647
418 992
419 420
419 547
420 793
421 263
421 422
422 473
423 189
423 424
424 92
425 426
425 969
426 432
427 211
427 428
428 1012
429 412
429 430
430 418
431 432
431 480
432 488
433 12
433 434
434 524
435 436
435 743
436 768
437 438
437 609
438 166
439 440
439 485
440 752
441 35
441 442
442 27
443 312
443 444
444 245
445 446
445 886
446 769
447 448
447 871
448 954
449 410
449 450
450 549
451 142
451 452
452 272
453 425
453 454
454 556
455 362
455 456
456 750
457 458
457 949
458 587
459 460
459 555
460 618
461 462
461 890
462 318
463 464
463 596
464 207
465 391
465 466
466 641
467 468
467 717
468 862
469 470
469 737
470 72
471 472
471 835
472 52
473 474
473 659
474 378
475 476
475 654
476 137
477 158
477 478
478 649
479 480
479 645
480 477
481 400
481 482
482 370
483 484
483 876
484 94
485 33
485 486
486 776
487 41
487 488
488 13
489 490
489 815
490 573
491 492
491 627
492 730
493 210
493 494
494 44
495 427
495 496
496 744
497 78
497 498
498 934
499 500
499 759
500 748
501 502
501 615
502 756
503 504
503 979
504 402
505 483
505 506
506 466
507 65
507 508
508 948
509 327
509 510
510 135
511 399
511 512
512 889
513 514
513 732
514 956
515 516
515 857
516 285
517 85
517 518
518 162
519 520
519 628
520 930
521 522
521 970
522 968
523 524
523 905
524 508
525 514
525 526
526 866
527 528
527 709
528 674
529 530
529 716
530 548
531 532
531 797
532 758
533 437
533 534
534 617
535 59
535 536
536 975
537 248
537 538
538 692
539 540
539 962
540 364
541 542
541 911
542 109
543 544
543 944
544 329
545 233
545 546
546 254
547 548
547 594
548 881
549 550
549 658
550 290
551 552
551 710
552 190
553 554
553 1014
554 700
555 556
555 887
556 256
557 175
557 558
558 847
559 231
559 560
560 236
561 562
561 767
562 978
563 564
563 902
564 24
565 501
565 566
566 66
567 503
567 568
568 321
569 570
569 735
570 366
571 159
571 572
572 800
573 32
573 574
574 107
575 576
575 823
576 337
577 578
577 589
578 344
579 229
579 580
580 5
581 50
581 582
582 513
583 219
583 584
584 380
585 586
585 682
586 805
587 588
587 820
588 846
589 343
589 590
590 534
591 426
591 592
592 955
593 594
593 981
594 409
595 596
595 1007
596 471
597 495
597 598
598 96
599 17
599 600
600 100
601 424
601 602
602 226
603 57
603 604
604 1004
605 606
605 921
606 958
607 298
607 608
608 932
609 610
609 973
610 95
611 509
611 612
612 607
613 614
613 625
614 384
615 144
615 616
616 122
617 75
617 618
618 188
619 620
619 837
620 888
621 622
621 991
622 376
623 624
623 747
624 562
625 8
625 626
626 335
627 359
627 628
628 856
629 630
629 683
630 648
631 114
631 632
632 1000
633 634
633 663
634 30
635 636
635 765
636 204
637 577
637 638
638 160
639 640
639 762
640 670
641 334
641 642
642 774
643 295
643 644
644 221
645 646
645 985
646 924
647 487
647 648
648 619
649 650
649 790
650 16
651 629
651 652
652 966
653 585
653 654
654 919
655 146
655 656
656 806
657 599
657 658
658 2
659 420
659 660
660 601
661 662
661 929
662 406
663 346
663 664
664 688
665 101
665 666
666 983
667 31
667 668
668 646
669 371
669 670
670 504
671 672
671 691
672 7
673 621
673 674
674 1002
675 171
675 676
676 830
677 91
677 678
678 184
679 193
679 680
680 642
681 250
681 682
682 959
683 684
683 945
684 895
685 331
685 686
686 401
687 688
687 723
688 106
689 690
689 694
690 708
691 692
691 923
692 740
693 185
693 694
694 69
695 696
695 833
696 817
697 698
697 787
698 588
699 700
699 763
700 294
701 702
701 713
702 696
703 704
703 891
704 446
705 706
705 788
706 414
707 234
707 708
708 458
709 26
709 710
710 980
711 566
711 712
712 264
713 235
713 714
714 1010
715 686
715 716
716 957
717 718
717 841
718 702
719 443
719 720
720 711
721 387
721 722
722 456
723 724
723 873
724 296
725 365
725 726
726 209
727 570
727 728
728 130
729 730
729 898
730 563
731 671
731 732
732 718
733 187
733 734
734 551
735 267
735 736
736 623
737 499
737 738
738 582
739 165
739 740
740 481
741 372
741 742
742 602
743 739
743 744
744 441
745 746
745 950
746 734
747 214
747 748
748 928
749 665
749 750
750 678
751 429
751 752
752 517
753 754
753 781
754 494
755 635
755 756
756 474
757 505
757 758
758 276
759 760
759 867
760 390
761 305
761 762
762 518
763 764
763 901
764 880
765 127
765 766
766 280
767 133
767 768
768 516
769 770
769 872
770 818
771 597
771 772
772 81
773 111
773 774
774 848
775 776
775 1013
776 777
777 180
777 778
778 581
779 579
779 780
780 707
781 170
781 782
782 801
783 560
783 784
784 677
785 557
785 786
786 620
787 788
787 967
788 124
789 281
789 790
790 415
791 15
791 792
792 546
793 679
793 794
794 164
795 83
795 796
796 500
797 798
797 984
798 461
799 675
799 800
800 626
801 802
801 961
802 274
803 202
803 804
804 953
805 657
805 806
806 20
807 279
807 808
808 753
809 673
809 810
810 208
811 593
811 812
812 416
813 105
813 814
814 140
815 785
815 816
816 497
817 818
817 908
818 356
819 322
819 820
820 246
821 174
821 822
822 990
823 824
823 897
824 89
825 643
825 826
826 25
827 342
827 828
828 422
829 288
829 830
830 317
831 37
831 832
832 852
833 470
833 834
834 706
835 553
835 836
836 486
837 121
837 838
838 227
839 840
839 965
840 988
841 155
841 842
842 53
843 530
843 844
844 116
845 191
845 846
846 550
847 796
847 848
848 262
849 704
849 850
850 854
851 417
851 852
852 912
853 741
853 854
854 97
855 129
855 856
856 301
857 385
857 858
858 375
859 860
859 987
860 672
861 721
861 862
862 591
863 411
863 864
864 840
865 616
865 866
866 451
867 253
867 868
868 132
869 565
869 870
870 745
871 320
871 872
872 507
873 49
873 874
874 698
875 153
875 876
876 47
877 169
877 878
878 614
879 669
879 880
880 736
881 882
881 939
882 537
883 363
883 884
884 849
885 886
885 927
886 450
887 195
887 888
888 526
889 34
889 890
890 292
891 544
891 892
892 1009
893 353
893 894
894 28
895 5
895 896
896 690
897 4
897 898
898 611
899 782
899 900
900 198
901 381
901 902
902 172
903 807
903 904
904 538
905 666
905 906
906 404
907 908
907 977
908 270
909 910
909 998
910 913
911 855
911 912
912 369
913 882
913 914
914 326
915 463
915 916
916 974
917 918
917 922
918 926
919 827
919 920
920 631
921 652
921 922
922 697
923 261
923 924
924 46
925 67
925 926
926 168
927 676
927 928
928 853
929 43
929 930
930 102
931 771
931 932
932 605
933 439
933 934
934 714
935 860
935 936
936 182
937 726
937 938
938 738
939 819
939 940
940 22
941 933
941 942
942 729
943 845
943 944
944 861
945 355
945 946
946 275
947 746
947 948
948 192
949 479
949 950
950 986
951 946
951 952
952 522
953 431
953 954
954 452
955 558
955 956
956 86
957 937
957 958
958 972
959 157
959 960
960 865
961 586
961 962
962 572
963 757
963 964
964 268
965 687
965 966
966 653
967 644
967 968
968 878
969 903
969 970
970 824
971 373
971 972
972 850
973 163
973 974
974 284
975 976
975 993
976 287
977 90
977 978
978 1
979 749
979 980
980 148
981 941
981 982
982 798
983 315
983 984
984 440
985 77
985 986
986 271
987 71
987 988
988 286
989 62
989 990
990 656
991 93
991 992
992 844
993 117
993 994
994 444
995 265
995 996
996 720
997 693
997 998
998 789
999 40
999 1000
1000 640
1001 199
1001 1002
1002 230
1003 995
1003 1004
1004 462
1005 489
1005 1006
1006 200
1007 533
1007 1008
1008 257
1009 51
1009 1010
1010 812
1011 651
1011 1012
1012 874
1013 942
1013 1014
1014 681
