0 109
0 829
2 361
2 737
3 823
3 873
5 568
4 597
4 991
6 601
8 45
8 893
9 840
9 904
11 686
10 415
10 748
12 111
15 79
15 770
17 136
17 271
19 570
19 872
21 228
21 246
23 24
23 550
24 576
25 26
25 948
26 921
27 28
27 544
28 222
29 25
29 30
30 407
31 32
31 310
32 42
33 34
33 105
34 467
35 36
35 187
36 1005
37 38
37 890
38 744
39 40
39 995
40 705
41 42
41 94
42 620
43 44
43 46
44 672
45 46
45 500
46 536
47 48
47 381
48 104
49 50
49 484
50 380
51 52
51 431
52 144
53 54
53 295
54 212
55 56
55 647
56 192
57 58
57 613
58 238
59 60
59 130
60 357
61 62
61 753
62 832
63 64
63 383
64 920
65 66
65 746
66 162
67 68
67 325
68 956
69 70
69 630
70 21
71 72
71 691
72 720
73 54
73 74
74 260
75 4
75 76
76 507
77 78
77 549
78 765
79 80
79 891
80 708
81 82
81 836
82 13
83 84
83 985
84 194
85 86
85 451
86 279
87 88
87 97
88 741
89 90
89 249
90 287
91 92
91 518
92 721
93 67
93 94
94 284
95 96
95 763
96 742
97 98
97 301
98 860
99 100
99 164
100 580
101 90
101 102
102 734
103 104
103 760
104 31
105 106
105 887
106 370
107 108
107 231
108 819
109 110
109 317
110 280
111 112
111 342
112 676
113 114
113 499
114 81
115 116
115 595
116 898
117 118
117 315
118 456
119 120
119 225
120 283
121 122
121 635
122 848
123 124
123 385
124 217
125 126
125 443
126 449
127 128
127 942
128 188
129 130
129 168
130 427
131 132
131 867
132 150
133 134
133 161
134 448
135 136
135 960
136 329
137 138
137 355
138 688
139 140
139 197
140 52
141 142
141 757
142 424
143 144
143 343
144 423
145 146
145 356
146 992
147 148
147 963
148 641
149 150
149 563
150 988
151 139
151 152
152 236
153 154
153 783
154 516
155 156
155 914
156 438
157 158
157 364
158 206
159 160
159 184
160 854
161 162
161 733
162 669
163 164
163 780
164 404
165 166
165 905
166 589
167 168
167 211
168 372
169 170
169 181
170 828
171 172
171 871
172 462
173 3
173 174
174 593
175 176
175 750
176 725
177 9
177 178
178 941
179 180
179 308
180 328
181 182
181 481
182 70
183 184
183 825
184 543
185 186
185 455
186 492
187 188
187 442
188 919
189 8
189 190
190 566
191 135
191 192
192 730
193 194
193 839
194 24
195 196
195 809
196 964
197 198
197 786
198 353
199 200
199 396
200 954
201 202
201 615
202 776
203 40
203 204
204 134
205 206
205 281
206 532
207 208
207 723
208 930
209 210
209 858
210 482
211 212
211 719
212 962
213 214
213 465
214 925
215 216
215 969
216 671
217 218
217 701
218 974
219 92
219 220
220 838
221 222
221 379
222 182
223 224
223 503
224 606
225 226
225 523
226 638
227 183
227 228
228 642
229 115
229 230
230 292
231 227
231 232
232 347
233 234
233 831
234 506
235 73
235 236
236 376
237 238
237 362
238 487
239 240
239 490
240 502
241 242
241 263
242 650
243 173
243 244
244 125
245 30
245 246
246 460
247 248
247 799
248 204
249 176
249 250
250 805
251 215
251 252
252 17
253 254
253 895
254 91
255 256
255 882
256 240
257 258
257 841
258 779
259 11
259 260
260 902
261 208
261 262
262 88
263 264
263 677
264 912
265 266
265 923
266 336
267 213
267 268
268 479
269 270
269 331
270 16
271 272
271 535
272 309
273 274
273 972
274 82
275 276
275 894
276 868
277 278
277 321
278 409
279 178
279 280
280 996
281 163
281 282
282 575
283 284
283 422
284 190
285 286
285 629
286 39
287 288
287 994
288 940
289 290
289 967
290 607
291 292
291 604
292 234
293 294
293 903
294 646
295 296
295 517
296 567
297 298
297 713
298 621
299 300
299 564
300 378
301 302
301 735
302 598
303 304
303 711
304 706
305 306
305 501
306 614
307 62
307 308
308 643
309 58
309 310
310 38
311 312
311 587
312 34
313 117
313 314
314 665
315 316
315 466
316 830
317 61
317 318
318 939
319 320
319 896
320 214
321 322
321 874
322 843
323 324
323 425
324 878
325 326
325 957
326 990
327 328
327 947
328 488
329 330
329 538
330 74
331 332
331 845
332 1014
333 334
333 724
334 802
335 336
335 881
336 12
337 338
337 605
338 590
339 29
339 340
340 794
341 342
341 530
342 675
343 344
343 715
344 18
345 346
345 529
346 892
347 348
347 515
348 196
349 237
349 350
350 224
351 291
351 352
352 901
353 354
353 922
354 37
355 297
355 356
356 808
357 358
357 863
358 542
359 112
359 360
360 114
361 362
361 771
362 508
363 268
363 364
364 585
365 366
365 387
366 368
367 153
367 368
368 751
369 370
369 702
370 406
371 372
371 571
372 171
373 338
373 374
374 610
375 376
375 907
376 512
377 378
377 426
378 340
379 5
379 380
380 513
381 43
381 382
382 89
383 384
383 929
384 975
385 386
385 755
386 261
387 121
387 388
388 909
389 390
389 537
390 277
391 392
391 419
392 470
393 80
393 394
394 796
395 396
395 695
396 393
397 275
397 398
398 660
399 400
399 446
400 581
401 402
401 861
402 999
403 76
403 404
404 32
405 264
405 406
406 636
407 205
407 408
408 952
409 410
409 886
410 666
411 412
411 911
412 784
413 108
413 414
414 497
415 78
415 416
416 586
417 193
417 418
418 359
419 420
419 1013
420 498
421 422
421 461
422 185
423 101
423 424
424 360
425 426
425 634
426 63
427 428
427 627
428 255
429 430
429 463
430 618
431 432
431 703
432 302
433 434
433 785
434 223
435 436
435 1011
436 452
437 371
437 438
438 640
439 44
439 440
440 102
441 442
441 678
442 908
443 444
443 697
444 520
445 446
445 689
446 944
447 334
447 448
448 392
449 95
449 450
450 14
451 452
451 609
452 259
453 454
453 673
454 798
455 157
455 456
456 210
457 458
457 821
458 160
459 123
459 460
460 740
461 462
461 1003
462 1000
463 23
463 464
464 296
465 421
465 466
466 318
467 416
467 468
468 84
469 470
469 989
470 100
471 366
471 472
472 158
473 474
473 870
474 657
475 367
475 476
476 800
477 478
477 793
478 365
479 480
479 826
480 56
481 482
481 961
482 405
483 107
483 484
484 815
485 120
485 486
486 738
487 133
487 488
488 936
489 323
489 490
490 87
491 492
491 837
492 816
493 47
493 494
494 98
495 390
495 496
496 561
497 498
497 509
498 103
499 500
499 849
500 619
501 10
501 502
502 682
503 504
503 768
504 339
505 437
505 506
506 445
507 508
507 591
508 977
509 510
509 603
510 714
511 512
511 596
512 782
513 7
513 514
514 110
515 122
515 516
516 632
517 233
517 518
518 348
519 520
519 611
520 556
521 195
521 522
522 64
523 524
523 683
524 790
525 377
525 526
526 884
527 174
527 528
528 170
529 530
529 769
530 847
531 532
531 584
532 152
533 20
533 534
534 599
535 536
535 822
536 5
537 477
537 538
538 262
539 35
539 540
540 41
541 175
541 542
542 128
543 544
543 565
544 198
545 464
545 546
546 398
547 548
547 824
548 126
549 322
549 550
550 86
551 552
551 699
552 681
553 554
553 727
554 759
555 382
555 556
556 594
557 558
557 573
558 622
559 560
559 869
560 534
561 124
561 562
562 48
563 186
563 564
564 973
565 554
565 566
566 883
567 568
567 680
568 50
569 570
569 773
570 201
571 572
571 761
572 386
573 574
573 982
574 658
575 576
575 1012
576 579
577 403
577 578
578 1009
579 580
579 692
580 946
581 582
581 710
582 118
583 327
583 584
584 149
585 12
585 586
586 273
587 375
587 588
588 916
589 151
589 590
590 900
591 592
591 855
592 127
593 369
593 594
594 693
595 596
595 602
596 232
597 598
597 617
598 592
599 420
599 600
600 528
601 363
601 602
602 968
603 604
603 984
604 441
605 265
605 606
606 68
607 608
607 880
608 932
609 610
609 687
610 226
611 411
611 612
612 600
613 559
613 614
614 69
615 533
615 616
616 307
617 618
617 927
618 933
619 620
619 915
620 399
621 622
621 981
622 344
623 266
623 624
624 1007
625 626
625 813
626 557
627 311
627 628
628 298
629 33
629 630
630 282
631 491
631 632
632 1006
633 251
633 634
634 791
635 293
635 636
636 202
637 335
637 638
638 758
639 640
639 842
640 850
641 642
641 953
642 558
643 644
643 844
644 866
645 305
645 646
646 216
647 505
647 648
648 548
649 553
649 650
650 65
651 652
651 745
652 690
653 654
653 661
654 795
655 656
655 685
656 429
657 106
657 658
658 806
659 189
659 660
660 400
661 143
661 662
662 998
663 664
663 931
664 248
665 209
665 666
666 987
667 668
667 812
668 285
669 221
669 670
670 218
671 672
671 986
672 562
673 388
673 674
674 814
675 320
675 676
676 146
677 678
677 966
678 1010
679 654
679 680
680 278
681 682
681 1008
682 664
683 684
683 879
684 775
685 165
685 686
686 71
687 688
687 917
688 818
689 690
689 820
690 616
691 656
691 692
692 256
693 410
693 694
694 312
695 326
695 696
696 418
697 494
697 698
698 352
699 700
699 810
700 306
701 77
701 702
702 648
703 475
703 704
704 1001
705 572
705 706
706 444
707 245
707 708
708 626
709 154
709 710
710 551
711 313
711 712
712 938
713 166
713 714
714 476
715 93
715 716
716 391
717 436
717 718
718 59
719 137
719 720
720 351
721 540
721 722
722 346
723 6
723 724
724 862
725 319
725 726
726 827
727 119
727 728
728 235
729 730
729 965
730 696
731 6
731 732
732 474
733 397
733 734
734 698
735 252
735 736
736 979
737 738
737 959
738 739
739 472
739 740
740 22
741 324
741 742
742 834
743 401
743 744
744 156
745 229
745 746
746 918
747 547
747 748
748 875
749 625
749 750
750 955
751 752
751 754
752 11
753 345
753 754
754 116
755 756
755 983
756 835
757 148
757 758
758 155
759 760
759 889
760 521
761 762
761 993
762 846
763 358
763 764
764 526
765 257
765 766
766 450
767 349
767 768
768 851
769 57
769 770
770 789
771 289
771 772
772 49
773 774
773 928
774 700
775 300
775 776
776 330
777 778
777 935
778 762
779 780
779 978
780 583
781 428
781 782
782 864
783 784
783 857
784 766
785 131
785 786
786 801
787 717
787 788
788 269
789 267
789 790
790 624
791 253
791 792
792 395
793 729
793 794
794 888
795 655
795 796
796 628
797 290
797 798
798 913
799 659
799 800
800 514
801 802
801 853
802 997
803 75
803 804
804 177
805 60
805 806
806 612
807 541
807 808
808 258
809 756
809 810
810 374
811 337
811 812
812 577
813 814
813 899
814 778
815 816
815 897
816 432
817 772
817 818
818 792
819 820
819 971
820 712
821 333
821 822
822 414
823 83
823 824
824 489
825 15
825 826
826 417
827 828
827 926
828 468
829 199
829 830
830 439
831 28
831 832
832 728
833 749
833 834
834 865
835 254
835 836
836 510
837 560
837 838
838 412
839 555
839 840
840 457
841 842
841 958
842 608
843 651
843 844
844 736
845 169
845 846
846 486
847 85
847 848
848 27
849 833
849 850
850 270
851 167
851 852
852 525
853 807
853 854
854 53
855 434
855 856
856 645
857 811
857 858
858 578
859 663
859 860
860 242
861 433
861 862
862 241
863 511
863 864
864 172
865 866
865 951
866 220
867 653
867 868
868 458
869 870
869 937
870 138
871 731
871 872
872 877
873 402
873 874
874 496
875 239
875 876
876 480
877 272
877 878
878 384
879 804
879 880
880 545
881 435
881 882
882 180
883 884
883 1004
884 430
885 244
885 886
886 652
887 140
887 888
888 732
889 704
889 890
890 200
891 459
891 892
892 440
893 649
893 894
894 203
895 637
895 896
896 341
897 26
897 898
898 788
899 743
899 900
900 145
901 674
901 902
902 934
903 303
903 904
904 485
905 413
905 906
906 709
907 453
907 908
908 527
909 314
909 910
910 694
911 912
911 943
912 910
913 631
913 914
914 304
915 787
915 916
916 66
917 247
917 918
918 141
919 299
919 920
920 980
921 19
921 922
922 36
923 191
923 924
924 747
925 668
925 926
926 777
927 51
927 928
928 504
929 524
929 930
930 350
931 394
931 932
932 454
933 722
933 934
934 876
935 179
935 936
936 276
937 938
937 949
938 219
939 495
939 940
940 546
941 519
941 942
942 950
943 718
943 944
944 945
945 288
945 946
946 670
947 948
947 1002
948 797
949 113
949 950
950 96
951 906
951 952
952 354
953 539
953 954
954 644
955 129
955 956
956 970
957 2
957 958
958 752
959 243
959 960
960 667
961 859
961 962
962 332
963 483
963 964
964 588
965 803
965 966
966 478
967 493
967 968
968 856
969 924
969 970
970 885
971 373
971 972
972 774
973 99
973 974
974 142
975 473
975 976
976 574
977 207
977 978
978 316
979 639
979 980
980 582
981 250
981 982
982 230
983 767
983 984
984 662
985 633
985 986
986 531
987 764
987 988
988 408
989 679
989 990
990 707
991 447
991 992
992 976
993 389
993 994
994 852
995 159
995 996
996 132
997 716
997 998
998 72
999 55
999 1000
1000 552
1001 817
1001 1002
1002 781
1003 469
1003 1004
1004 1
1005 726
1005 1006
1006 274
1007 286
1007 1008
1008 522
1009 569
1009 1010
1010 623
1011 147
1011 1012
1012 684
1013 471
1013 1014
1014 294
