0 269
0 699
1 161
1 576
3 602
3 879
4 749
4 893
6 987
5 472
7 295
7 883
9 386
8 42
8 894
10 92
13 571
13 601
15 759
15 998
17 646
17 771
19 372
19 829
21 298
21 393
23 24
23 564
24 18
25 26
25 847
26 160
27 28
27 114
28 186
29 30
29 718
30 250
31 32
31 884
32 628
33 34
33 580
34 132
35 32
35 36
36 795
37 38
37 622
38 598
39 40
39 147
40 394
41 42
41 955
42 320
43 44
43 854
44 961
45 46
45 342
46 732
47 48
47 222
48 105
49 50
49 490
50 282
51 52
51 942
52 135
53 54
53 642
54 547
55 56
55 416
56 658
57 16
57 58
58 50
59 60
59 860
60 636
61 62
61 645
62 392
63 64
63 209
64 201
65 66
65 275
66 849
67 68
67 778
68 873
69 70
69 605
70 495
71 72
71 823
72 96
73 74
73 441
74 866
75 19
75 76
76 167
77 78
77 373
78 312
79 80
79 335
80 367
81 82
81 115
82 746
83 84
83 956
84 168
85 86
85 243
86 368
87 88
87 635
88 356
89 47
89 90
90 72
91 92
91 872
92 120
93 94
93 122
94 921
95 96
95 906
96 348
97 98
97 375
98 844
99 100
99 678
100 205
101 102
101 195
102 418
103 104
103 445
104 288
105 106
105 939
106 1008
107 91
107 108
108 101
109 110
109 784
110 234
111 112
111 411
112 577
113 114
113 638
114 568
115 116
115 949
116 865
117 118
117 620
118 415
119 69
119 120
120 360
121 122
121 613
122 286
123 3
123 124
124 750
125 126
125 657
126 216
127 128
127 410
128 717
129 43
129 130
130 217
131 132
131 775
132 462
133 134
133 959
134 896
135 102
135 136
136 662
137 138
137 760
138 480
139 140
139 723
140 448
141 142
141 562
142 464
143 144
143 728
144 868
145 146
145 676
146 137
147 148
147 589
148 423
149 150
149 208
150 244
151 152
151 633
152 232
153 154
153 585
154 783
155 108
155 156
156 647
157 158
157 1010
158 143
159 160
159 473
160 466
161 162
161 251
162 773
163 164
163 902
164 378
165 166
165 561
166 610
167 100
167 168
168 126
169 170
169 627
170 709
171 172
171 173
172 822
173 174
173 417
174 990
175 176
175 514
176 80
177 178
177 897
178 434
179 180
179 933
180 560
181 182
181 219
182 815
183 171
183 184
184 502
185 136
185 186
186 352
187 59
187 188
188 837
189 190
189 665
190 586
191 99
191 192
192 27
193 194
193 649
194 97
195 196
195 963
196 630
197 198
197 438
198 744
199 200
199 233
200 596
201 202
201 973
202 792
203 204
203 248
204 457
205 206
205 520
206 705
207 61
207 208
208 565
209 210
209 853
210 1004
211 212
211 322
212 672
213 214
213 892
214 842
215 216
215 914
216 890
217 218
217 966
218 640
219 220
219 527
220 663
221 222
221 715
222 479
223 224
223 730
224 206
225 226
225 432
226 940
227 228
227 700
228 107
229 230
229 660
230 652
231 232
231 820
232 83
233 234
233 834
234 706
235 236
235 978
236 748
237 183
237 238
238 385
239 240
239 875
240 936
241 242
241 581
242 203
243 244
243 579
244 193
245 246
245 653
246 127
247 248
247 583
248 261
249 250
249 975
250 196
251 252
251 515
252 575
253 254
253 841
254 492
255 256
255 971
256 178
257 258
257 682
258 26
259 260
259 729
260 791
261 262
261 827
262 958
263 139
263 264
264 163
265 239
265 266
266 456
267 48
267 268
268 590
269 270
269 329
270 405
271 272
271 967
272 814
273 49
273 274
274 146
275 276
275 659
276 673
277 278
277 391
278 785
279 280
279 857
280 274
281 282
281 632
282 812
283 284
283 755
284 264
285 286
285 983
286 567
287 288
287 807
288 656
289 79
289 290
290 880
291 292
291 594
292 225
293 181
293 294
294 389
295 296
295 843
296 306
297 54
297 298
298 930
299 300
299 919
300 210
301 302
301 569
302 614
303 304
303 484
304 334
305 306
305 991
306 231
307 134
307 308
308 780
309 310
309 931
310 840
311 312
311 722
312 340
313 151
313 314
314 220
315 316
315 664
316 333
317 318
317 611
318 516
319 320
319 831
320 403
321 322
321 862
322 401
323 324
323 968
324 309
325 326
325 1002
326 716
327 328
327 551
328 271
329 330
329 549
330 701
331 1
331 332
332 10
333 334
333 497
334 532
335 336
335 905
336 597
337 238
337 338
338 84
339 340
339 929
340 256
341 342
341 819
342 112
343 39
343 344
344 95
345 328
345 346
346 176
347 348
347 900
348 661
349 169
349 350
350 396
351 352
351 1000
352 58
353 354
353 399
354 619
355 88
355 356
356 986
357 358
357 733
358 390
359 236
359 360
360 804
361 362
361 782
362 330
363 364
363 825
364 756
365 366
365 428
366 190
367 368
367 609
368 493
369 346
369 370
370 1006
371 372
371 412
372 292
373 369
373 374
374 281
375 376
375 928
376 262
377 73
377 378
378 28
379 279
379 380
380 290
381 65
381 382
382 421
383 384
383 683
384 545
385 386
385 800
386 801
387 144
387 388
388 358
389 390
389 556
390 404
391 392
391 505
392 824
393 394
393 639
394 9
395 184
395 396
396 454
397 398
397 677
398 911
399 63
399 400
400 355
401 402
401 719
402 56
403 404
403 972
404 226
405 406
405 765
406 976
407 119
407 408
408 690
409 410
409 859
410 852
411 412
411 453
412 528
413 414
413 509
414 796
415 398
415 416
416 720
417 418
417 552
418 687
419 70
419 420
420 525
421 422
421 550
422 55
423 424
423 739
424 172
425 426
425 535
426 337
427 317
427 428
428 641
429 430
429 836
430 465
431 432
431 1011
432 338
433 434
433 1009
434 874
435 436
435 618
436 104
437 438
437 612
438 366
439 440
439 833
440 38
441 270
441 442
442 486
443 444
443 1013
444 624
445 446
445 476
446 923
447 448
447 467
448 307
449 67
449 450
450 76
451 327
451 452
452 848
453 454
453 643
454 422
455 77
455 456
456 300
457 458
457 1014
458 708
459 440
459 460
460 999
461 462
461 667
462 318
463 464
463 681
464 30
465 466
465 989
466 692
467 468
467 669
468 106
469 470
469 501
470 212
471 472
471 871
472 488
473 474
473 588
474 187
475 476
475 507
476 1005
477 478
477 922
478 688
479 413
479 480
480 558
481 482
481 777
482 927
483 484
483 531
484 406
485 68
485 486
486 272
487 488
487 763
488 494
489 490
489 803
490 799
491 437
491 492
492 895
493 494
493 530
494 311
495 294
495 496
496 174
497 224
497 498
498 117
499 128
499 500
500 310
501 444
501 502
502 156
503 504
503 855
504 826
505 199
505 506
506 621
507 508
507 623
508 766
509 510
509 781
510 316
511 512
511 529
512 21
513 489
513 514
514 149
515 516
515 813
516 6
517 485
517 518
518 901
519 520
519 543
520 918
521 191
521 522
522 952
523 66
523 524
524 414
525 323
525 526
526 559
527 103
527 528
528 474
529 513
529 530
530 752
531 471
531 532
532 496
533 371
533 534
534 109
535 459
535 536
536 447
537 538
537 950
538 684
539 297
539 540
540 435
541 189
541 542
542 155
543 130
543 544
544 395
545 5
545 546
546 214
547 17
547 548
548 960
549 475
549 550
550 982
551 283
551 552
552 909
553 442
553 554
554 832
555 85
555 556
556 420
557 110
557 558
558 350
559 560
559 985
560 446
561 562
561 903
562 542
563 564
563 680
564 816
565 177
565 566
566 945
567 568
567 925
568 616
569 555
569 570
570 503
571 572
571 675
572 994
573 574
573 637
574 979
575 354
575 576
576 876
577 343
577 578
578 5
579 580
579 634
580 159
581 582
581 668
582 430
583 584
583 695
584 2
585 586
585 877
586 9
587 93
587 588
588 314
589 305
589 590
590 75
591 592
591 817
592 888
593 521
593 594
594 510
595 324
595 596
596 359
597 125
597 598
598 482
599 600
599 769
600 23
601 602
601 835
602 166
603 604
603 1003
604 60
605 606
605 679
606 57
607 608
607 881
608 724
609 519
609 610
610 6
611 612
611 996
612 943
613 7
613 614
614 540
615 616
615 767
616 537
617 450
617 618
618 965
619 197
619 620
620 504
621 622
621 670
622 46
623 379
623 624
624 449
625 40
625 626
626 44
627 353
627 628
628 572
629 384
629 630
630 811
631 111
631 632
632 154
633 634
633 887
634 487
635 636
635 761
636 1007
637 587
637 638
638 604
639 141
639 640
640 920
641 443
641 642
642 941
643 644
643 753
644 802
645 331
645 646
646 37
647 242
647 648
648 912
649 8
649 650
650 821
651 377
651 652
652 702
653 351
653 654
654 36
655 182
655 656
656 62
657 658
657 861
658 768
659 660
659 725
660 321
661 662
661 934
662 218
663 664
663 980
664 35
665 263
665 666
666 175
667 87
667 668
668 319
669 670
669 736
670 240
671 672
671 798
672 629
673 455
673 674
674 325
675 25
675 676
676 534
677 277
677 678
678 33
679 541
679 680
680 932
681 682
681 710
682 526
683 287
683 684
684 308
685 686
685 981
686 714
687 544
687 688
688 524
689 593
689 690
690 946
691 570
691 692
692 962
693 694
693 899
694 291
695 276
695 696
696 157
697 698
697 904
698 726
699 631
699 700
700 957
701 463
701 702
702 303
703 511
703 704
704 745
705 671
705 706
706 948
707 452
707 708
708 603
709 685
709 710
710 790
711 227
711 712
712 118
713 121
713 714
714 793
715 716
715 747
716 266
717 498
717 718
718 740
719 720
719 786
720 697
721 235
721 722
722 230
723 81
723 724
724 882
725 726
725 917
726 648
727 301
727 728
728 202
729 71
729 730
730 696
731 260
731 732
732 522
733 483
733 734
734 655
735 736
735 757
736 436
737 738
737 977
738 557
739 158
739 740
740 304
741 221
741 742
742 211
743 4
743 744
744 538
745 746
745 974
746 188
747 207
747 748
748 546
749 750
749 889
750 94
751 419
751 752
752 133
753 451
753 754
754 907
755 339
755 756
756 758
757 644
757 758
758 674
759 313
759 760
760 878
761 762
761 937
762 299
763 162
763 764
764 654
765 608
765 766
766 518
767 89
767 768
768 90
769 707
769 770
770 913
771 380
771 772
772 870
773 381
773 774
774 788
775 249
775 776
776 198
777 361
777 778
778 850
779 376
779 780
780 14
781 782
781 867
782 237
783 45
783 784
784 194
785 595
785 786
786 553
787 336
787 788
788 772
789 625
789 790
790 113
791 751
791 792
792 344
793 734
793 794
794 200
795 796
795 992
796 20
797 223
797 798
798 806
799 123
799 800
800 517
801 754
801 802
802 830
803 737
803 804
804 12
805 278
805 806
806 1012
807 808
807 858
808 82
809 810
809 863
810 864
811 600
811 812
812 400
813 407
813 814
814 31
815 241
815 816
816 738
817 374
817 818
818 98
819 599
819 820
820 742
821 246
821 822
822 145
823 461
823 824
824 988
825 731
825 826
826 296
827 828
827 908
828 536
829 357
829 830
830 508
831 832
831 938
832 185
833 259
833 834
834 409
835 253
835 836
836 954
837 838
837 910
838 192
839 523
839 840
840 468
841 170
841 842
842 140
843 770
843 844
844 215
845 74
845 846
846 477
847 848
847 916
848 293
849 651
849 850
850 268
851 247
851 852
852 138
853 257
853 854
854 481
855 856
855 993
856 713
857 693
857 858
858 124
859 691
859 860
860 512
861 365
861 862
862 762
863 721
863 864
864 280
865 332
865 866
866 891
867 427
867 868
868 592
869 539
869 870
870 150
871 872
871 969
872 51
873 789
873 874
874 810
875 439
875 876
876 915
877 851
877 878
878 818
879 460
879 880
880 362
881 666
881 882
882 573
883 116
883 884
884 180
885 165
885 886
886 698
887 888
887 997
888 626
889 429
889 890
890 284
891 892
891 984
892 578
893 153
893 894
894 426
895 743
895 896
896 924
897 341
897 898
898 500
899 273
899 900
900 255
901 424
901 902
902 478
903 797
903 904
904 152
905 15
905 906
906 686
907 148
907 908
908 470
909 131
909 910
910 548
911 808
911 912
912 926
913 491
913 914
914 11
915 425
915 916
916 727
917 129
917 918
918 774
919 809
919 920
920 10
921 499
921 922
922 142
923 735
923 924
924 388
925 591
925 926
926 838
927 856
927 928
928 302
929 741
929 930
930 315
931 885
931 932
932 582
933 289
933 934
934 886
935 431
935 936
936 606
937 41
937 938
938 694
939 397
939 940
940 898
941 433
941 942
942 650
943 839
943 944
944 584
945 267
945 946
946 458
947 363
947 948
948 712
949 950
949 995
950 776
951 13
951 952
952 164
953 349
953 954
954 383
955 704
955 956
956 506
957 229
957 958
958 204
959 805
959 960
960 370
961 962
961 964
962 846
963 617
963 964
964 245
965 563
965 966
966 52
967 845
967 968
968 574
969 86
969 970
970 29
971 469
971 972
972 554
973 935
973 974
974 951
975 607
975 976
976 779
977 179
977 978
978 1001
979 254
979 980
980 347
981 252
981 982
982 258
983 53
983 984
984 947
985 228
985 986
986 326
987 970
987 988
988 408
989 213
989 990
990 944
991 689
991 992
992 382
993 869
993 994
994 22
995 703
995 996
996 64
997 953
997 998
998 615
999 787
999 1000
1000 764
1001 533
1001 1002
1002 402
1003 78
1003 1004
1004 794
1005 566
1005 1006
1006 828
1007 364
1007 1008
1008 24
1009 345
1009 1010
1010 711
1011 265
1011 1012
1012 387
1013 285
1013 1014
1014 34
