0 437
0 639
1 331
1 477
3 83
3 946
4 357
4 635
5 54
6 1001
9 632
9 703
10 12
10 208
11 305
12 852
13 329
13 899
15 536
15 651
17 98
17 842
19 893
19 956
21 324
21 661
23 24
23 586
24 709
25 26
25 717
26 503
27 28
27 222
28 19
29 30
29 293
30 547
31 32
31 470
32 535
33 34
33 382
34 284
35 36
35 593
36 399
37 38
37 710
38 176
39 40
39 261
40 156
41 42
41 875
42 927
43 44
43 619
44 652
45 46
45 843
46 920
47 48
47 147
48 205
49 50
49 223
50 483
51 52
51 390
52 914
53 54
53 144
54 419
55 56
55 629
56 925
57 58
57 421
58 707
59 60
59 913
60 394
61 62
61 315
62 874
63 64
63 653
64 981
65 66
65 269
66 307
67 68
67 644
68 543
69 70
69 577
70 122
71 72
71 749
72 968
73 74
73 1009
74 264
75 76
75 529
76 958
77 78
77 91
78 290
79 80
79 229
80 995
81 82
81 233
82 527
83 84
83 97
84 468
85 86
85 485
86 812
87 88
87 889
88 325
89 90
89 887
90 818
91 92
91 318
92 801
93 94
93 439
94 649
95 96
95 362
96 826
97 98
97 203
98 1006
99 100
99 876
100 204
101 28
101 102
102 788
103 104
103 513
104 396
105 106
105 187
106 238
107 108
107 217
108 309
109 21
109 110
110 435
111 112
111 987
112 553
113 114
113 803
114 294
115 116
115 121
116 358
117 118
117 971
118 926
119 107
119 120
120 150
121 122
121 909
122 199
123 124
123 947
124 880
125 126
125 597
126 612
127 128
127 1000
128 613
129 130
129 664
130 552
131 132
131 288
132 420
133 134
133 789
134 323
135 136
135 731
136 212
137 138
137 166
138 1010
139 140
139 376
140 747
141 142
141 650
142 366
143 144
143 311
144 337
145 146
145 253
146 465
147 148
147 447
148 115
149 100
149 150
150 8
151 152
151 621
152 959
153 154
153 181
154 196
155 156
155 832
156 647
157 158
157 829
158 504
159 160
159 718
160 594
161 162
161 554
162 381
163 164
163 545
164 295
165 166
165 512
166 994
167 160
167 168
168 950
169 170
169 671
170 560
171 172
171 855
172 260
173 174
173 589
174 896
175 176
175 642
176 6
177 152
177 178
178 742
179 180
179 854
180 18
181 182
181 872
182 578
183 43
183 184
184 118
185 186
185 838
186 63
187 188
187 326
188 22
189 190
189 275
190 298
191 192
191 641
192 701
193 194
193 517
194 82
195 196
195 929
196 762
197 198
197 858
198 531
199 200
199 370
200 189
201 202
201 767
202 806
203 36
203 204
204 276
205 206
205 830
206 754
207 208
207 712
208 347
209 210
209 330
210 805
211 212
211 426
212 617
213 214
213 250
214 700
215 216
215 730
216 99
217 109
217 218
218 349
219 220
219 277
220 938
221 222
221 299
222 186
223 224
223 695
224 943
225 103
225 226
226 656
227 228
227 963
228 159
229 230
229 266
230 764
231 232
231 672
232 787
233 234
233 267
234 456
235 201
235 236
236 663
237 209
237 238
238 350
239 240
239 743
240 478
241 242
241 877
242 666
243 1
243 244
244 955
245 246
245 592
246 422
247 244
247 248
248 628
249 250
249 459
250 751
251 239
251 252
252 427
253 254
253 587
254 151
255 256
255 355
256 816
257 258
257 387
258 734
259 2
259 260
260 386
261 148
261 262
262 924
263 264
263 986
264 130
265 266
265 813
266 705
267 268
267 443
268 817
269 270
269 440
270 862
271 272
271 314
272 660
273 274
273 353
274 682
275 276
275 508
276 300
277 278
277 919
278 26
279 11
279 280
280 418
281 85
281 282
282 727
283 284
283 570
284 368
285 286
285 469
286 761
287 288
287 824
288 409
289 290
289 436
290 774
291 292
291 783
292 690
293 294
293 605
294 599
295 296
295 978
296 230
297 245
297 298
298 638
299 207
299 300
300 454
301 302
301 313
302 900
303 304
303 724
304 472
305 139
305 306
306 280
307 308
307 450
308 417
309 231
309 310
310 882
311 312
311 775
312 15
313 123
313 314
314 391
315 316
315 655
316 969
317 318
317 897
318 221
319 320
319 657
320 53
321 322
321 833
322 138
323 324
323 363
324 646
325 326
325 867
326 268
327 328
327 480
328 802
329 235
329 330
330 415
331 71
331 332
332 965
333 101
333 334
334 336
335 224
335 336
336 338
337 338
337 910
338 322
339 340
339 561
340 588
341 342
341 673
342 800
343 344
343 828
344 793
345 346
345 777
346 932
347 348
347 457
348 50
349 89
349 350
350 153
351 352
351 364
352 930
353 354
353 425
354 216
355 356
355 1005
356 463
357 358
357 779
358 902
359 37
359 360
360 846
361 61
361 362
362 595
363 279
363 364
364 509
365 273
365 366
366 785
367 368
367 602
368 698
369 327
369 370
370 636
371 372
371 424
372 881
373 374
373 985
374 306
375 376
375 541
376 428
377 378
377 711
378 706
379 7
379 380
380 526
381 382
381 676
382 523
383 31
383 384
384 59
385 386
385 569
386 741
387 388
387 851
388 937
389 390
389 625
390 316
391 392
391 752
392 220
393 394
393 500
394 369
395 396
395 784
396 227
397 169
397 398
398 361
399 400
399 773
400 917
401 345
401 402
402 970
403 404
403 658
404 359
405 406
405 961
406 473
407 408
407 905
408 614
409 410
409 713
410 786
411 412
411 964
412 957
413 414
413 945
414 111
415 308
415 416
416 33
417 242
417 418
418 678
419 420
419 606
420 684
421 422
421 847
422 117
423 240
423 424
424 941
425 426
425 976
426 736
427 428
427 528
428 603
429 430
429 911
430 11
431 286
431 432
432 259
433 434
433 582
434 410
435 436
435 708
436 906
437 113
437 438
438 819
439 440
439 551
440 400
441 442
441 677
442 68
443 291
443 444
444 879
445 446
445 687
446 514
447 448
447 681
448 740
449 450
449 631
450 40
451 155
451 452
452 825
453 93
453 454
454 861
455 456
455 729
456 856
457 218
457 458
458 246
459 255
459 460
460 108
461 462
461 539
462 464
463 60
463 464
464 1004
465 466
465 691
466 923
467 161
467 468
468 820
469 191
469 470
470 67
471 472
471 534
472 679
473 474
473 772
474 310
475 476
475 831
476 271
477 389
477 478
478 755
479 480
479 494
480 342
481 482
481 766
482 1012
483 168
483 484
484 20
485 333
485 486
486 198
487 488
487 544
488 102
489 490
489 984
490 868
491 492
491 928
492 576
493 430
493 494
494 129
495 496
495 757
496 878
497 171
497 498
498 52
499 57
499 500
500 999
501 128
501 502
502 282
503 504
503 607
504 106
505 506
505 533
506 556
507 116
507 508
508 76
509 395
509 510
510 948
511 444
511 512
512 633
513 247
513 514
514 1002
515 398
515 516
516 609
517 453
517 518
518 172
519 165
519 520
520 634
521 522
521 725
522 866
523 524
523 738
524 302
525 495
525 526
526 374
527 213
527 528
528 758
529 530
529 835
530 944
531 348
531 532
532 980
533 534
533 659
534 64
535 45
535 536
536 870
537 479
537 538
538 904
539 540
539 563
540 807
541 49
541 542
542 675
543 384
543 544
544 274
545 546
545 778
546 487
547 95
547 548
548 142
549 550
549 585
550 863
551 119
551 552
552 352
553 185
553 554
554 94
555 556
555 1008
556 571
557 70
557 558
558 702
559 560
559 622
560 611
561 516
561 562
562 795
563 542
563 564
564 78
565 16
565 566
566 74
567 127
567 568
568 416
569 265
569 570
570 583
571 572
571 827
572 898
573 87
573 574
574 190
575 576
575 746
576 520
577 56
577 578
578 949
579 27
579 580
580 72
581 262
581 582
582 154
583 13
583 584
584 683
585 9
585 586
586 715
587 588
587 645
588 232
589 590
589 643
590 796
591 25
591 592
592 157
593 423
593 594
594 696
595 525
595 596
596 608
597 29
597 598
598 84
599 404
599 600
600 558
601 51
601 602
602 448
603 604
603 756
604 598
605 75
605 606
606 411
607 608
607 809
608 210
609 610
609 885
610 334
611 612
611 704
612 402
613 521
613 614
614 432
615 96
615 616
616 178
617 388
617 618
618 620
619 41
619 620
620 80
621 622
621 845
622 162
623 356
623 624
624 354
625 407
625 626
626 143
627 628
627 840
628 287
629 630
629 839
630 17
631 475
631 632
632 891
633 39
633 634
634 346
635 383
635 636
636 5
637 86
637 638
638 328
639 55
639 640
640 750
641 133
641 642
642 146
643 499
643 644
644 69
645 393
645 646
646 859
647 486
647 648
648 496
649 575
649 650
650 974
651 488
651 652
652 270
653 254
653 654
654 694
655 656
655 912
656 890
657 458
657 658
658 321
659 471
659 660
660 836
661 662
661 719
662 794
663 664
663 792
664 530
665 579
665 666
666 175
667 668
667 983
668 136
669 670
669 962
670 360
671 377
671 672
672 73
673 441
673 674
674 763
675 676
675 991
676 339
677 449
677 678
678 149
679 572
679 680
680 214
681 497
681 682
682 344
683 48
683 684
684 834
685 580
685 686
686 748
687 194
687 688
688 722
689 690
689 760
690 506
691 692
691 973
692 557
693 694
693 1013
694 865
695 219
695 696
696 850
697 482
697 698
698 934
699 446
699 700
700 990
701 670
701 702
702 922
703 375
703 704
704 491
705 278
705 706
706 623
707 708
707 823
708 668
709 710
709 996
710 680
711 145
711 712
712 791
713 714
713 982
714 180
715 292
715 716
716 14
717 584
717 718
718 540
719 413
719 720
720 648
721 236
721 722
722 624
723 179
723 724
724 940
725 193
725 726
726 566
727 538
727 728
728 692
729 730
729 753
730 954
731 732
731 799
732 688
733 734
733 1011
734 720
735 183
735 736
736 857
737 378
737 738
738 1014
739 351
739 740
740 237
741 616
741 742
742 600
743 405
743 744
744 403
745 455
745 746
746 601
747 748
747 884
748 462
749 32
749 750
750 901
751 131
751 752
752 590
753 754
753 979
754 65
755 507
755 756
756 860
757 555
757 758
758 412
759 549
759 760
760 30
761 762
761 765
762 770
763 764
763 848
764 732
765 739
765 766
766 849
767 768
767 895
768 92
769 137
769 770
770 892
771 772
771 853
772 408
773 451
773 774
774 810
775 343
775 776
776 524
777 778
777 797
778 769
779 502
779 780
780 90
781 782
781 869
782 771
783 784
783 921
784 493
785 228
785 786
786 565
787 263
787 788
788 303
789 251
789 790
790 967
791 567
791 792
792 112
793 466
793 794
794 44
795 546
795 796
796 714
797 47
797 798
798 630
799 452
799 800
800 936
801 158
801 802
802 304
803 804
803 939
804 844
805 806
805 918
806 716
807 170
807 808
808 888
809 429
809 810
810 699
811 804
811 812
812 12
813 77
813 814
814 340
815 537
815 816
816 379
817 818
817 916
818 522
819 135
819 820
820 272
821 501
821 822
822 808
823 297
823 824
824 110
825 826
825 894
826 726
827 164
827 828
828 371
829 830
829 952
830 689
831 173
831 832
832 627
833 24
833 834
834 581
835 211
835 836
836 686
837 498
837 838
838 174
839 840
839 871
840 365
841 842
841 907
842 372
843 385
843 844
844 23
845 373
845 846
846 62
847 225
847 848
848 519
849 841
849 850
850 433
851 852
851 1003
852 776
853 177
853 854
854 252
855 573
855 856
856 141
857 781
857 858
858 484
859 860
859 933
860 200
861 604
861 862
862 188
863 723
863 864
864 518
865 637
865 866
866 564
867 868
867 953
868 367
869 461
869 870
870 167
871 759
871 872
872 120
873 728
873 874
874 654
875 104
875 876
876 6
877 878
877 951
878 132
879 674
879 880
880 258
881 215
881 882
882 532
883 4
883 884
884 505
885 626
885 886
886 992
887 888
887 966
888 492
889 317
889 890
890 615
891 81
891 892
892 34
893 125
893 894
894 997
895 896
895 993
896 197
897 243
897 898
898 392
899 249
899 900
900 312
901 591
901 902
902 815
903 883
903 904
904 5
905 341
905 906
906 908
907 596
907 908
908 697
909 467
909 910
910 873
911 912
911 935
912 283
913 814
913 914
914 886
915 667
915 916
916 319
917 335
917 918
918 442
919 920
919 1007
920 998
921 489
921 922
922 685
923 744
923 924
924 568
925 926
925 975
926 780
927 35
927 928
928 320
929 782
929 930
930 662
931 903
931 932
932 256
933 10
933 934
934 184
935 735
935 936
936 988
937 490
937 938
938 864
939 401
939 940
940 126
941 737
941 942
942 972
943 511
943 944
944 977
945 301
945 946
946 79
947 42
947 948
948 38
949 46
949 950
950 380
951 915
951 952
952 134
953 438
953 954
954 460
955 285
955 956
956 693
957 798
957 958
958 192
959 550
959 960
960 296
961 931
961 962
962 510
963 105
963 964
964 445
965 790
965 966
966 515
967 968
967 989
968 942
969 811
969 970
970 182
971 559
971 972
972 474
973 618
973 974
974 226
975 241
975 976
976 665
977 88
977 978
978 124
979 332
979 980
980 434
981 206
981 982
982 195
983 397
983 984
984 745
985 248
985 986
986 562
987 431
987 988
988 548
989 821
989 990
990 822
991 58
991 992
992 289
993 66
993 994
994 481
995 163
995 996
996 960
997 733
997 998
998 574
999 640
999 1000
1000 3
1001 768
1001 1002
1002 406
1003 721
1003 1004
1004 202
1005 414
1005 1006
1006 610
1007 281
1007 1008
1008 140
1009 114
1009 1010
1010 476
1011 234
1011 1012
1012 669
1013 257
1013 1014
1014 837
