0 543
0 581
1 129
1 297
3 56
3 286
4 48
4 903
6 992
5 54
7 440
7 999
9 948
8 205
8 623
10 598
13 23
13 367
15 799
15 951
17 510
17 996
19 128
19 283
21 530
21 918
23 24
23 982
24 280
25 26
25 253
26 608
27 28
27 700
28 6
29 30
29 348
30 770
31 32
31 832
32 664
33 34
33 55
34 1001
35 36
35 800
36 448
37 38
37 650
38 428
39 40
39 435
40 362
41 42
41 311
42 750
43 44
43 756
44 870
45 16
45 46
46 248
47 48
47 894
48 114
49 50
49 567
50 926
51 52
51 829
52 315
53 54
53 845
54 190
55 56
55 617
56 41
57 58
57 646
58 256
59 60
59 330
60 716
61 62
61 514
62 140
63 64
63 197
64 635
65 66
65 246
66 175
67 68
67 812
68 169
69 70
69 503
70 834
71 72
71 179
72 124
73 74
73 426
74 236
75 76
75 727
76 872
77 7
77 78
78 878
79 80
79 198
80 558
81 68
81 82
82 580
83 84
83 477
84 475
85 52
85 86
86 534
87 88
87 91
88 984
89 90
89 909
90 752
91 92
91 291
92 733
93 94
93 213
94 449
95 96
95 755
96 704
97 98
97 351
98 416
99 100
99 1013
100 268
101 102
101 441
102 751
103 104
103 443
104 621
105 106
105 620
106 53
107 108
107 483
108 358
109 110
109 842
110 344
111 112
111 917
112 987
113 114
113 574
114 322
115 116
115 841
116 151
117 118
117 488
118 502
119 120
119 319
120 736
121 122
121 961
122 527
123 124
123 139
124 26
125 126
125 385
126 864
127 128
127 495
128 160
129 125
129 130
130 324
131 132
131 512
132 717
133 126
133 134
134 588
135 116
135 136
136 822
137 138
137 597
138 686
139 140
139 714
140 221
141 142
141 898
142 350
143 144
143 156
144 214
145 146
145 499
146 490
147 148
147 161
148 1004
149 150
149 891
150 828
151 152
151 222
152 997
153 154
153 289
154 18
155 156
155 573
156 866
157 158
157 300
158 960
159 160
159 875
160 414
161 162
161 973
162 498
163 164
163 627
164 776
165 166
165 817
166 224
167 168
167 219
168 240
169 117
169 170
170 724
171 172
171 882
172 174
173 174
173 761
174 808
175 176
175 446
176 186
177 178
177 757
178 136
179 180
179 245
180 906
181 182
181 513
182 591
183 184
183 942
184 676
185 186
185 336
186 210
187 188
187 655
188 867
189 190
189 207
190 542
191 192
191 243
192 257
193 75
193 194
194 876
195 196
195 679
196 501
197 198
197 905
198 779
199 200
199 429
200 913
201 202
201 411
202 694
203 204
203 843
204 1007
205 39
205 206
206 645
207 208
207 396
208 296
209 62
209 210
210 438
211 212
211 1008
212 404
213 214
213 433
214 172
215 216
215 235
216 113
217 79
217 218
218 64
219 220
219 922
220 520
221 222
221 781
222 552
223 224
223 777
224 818
225 226
225 698
226 228
227 189
227 228
228 368
229 230
229 871
230 78
231 232
231 249
232 132
233 234
233 304
234 824
235 236
235 921
236 947
237 238
237 271
238 455
239 240
239 994
240 954
241 242
241 708
242 464
243 244
243 907
244 47
245 49
245 246
246 472
247 248
247 425
248 380
249 250
249 689
250 528
251 252
251 273
252 19
253 254
253 437
254 211
255 127
255 256
256 900
257 258
257 738
258 1006
259 260
259 820
260 2
261 178
261 262
262 764
263 264
263 337
264 237
265 266
265 673
266 741
267 268
267 578
268 269
269 270
269 835
270 456
271 272
271 523
272 786
273 73
273 274
274 233
275 276
275 631
276 431
277 278
277 577
278 10
279 280
279 863
280 668
281 282
281 399
282 897
283 284
283 953
284 60
285 286
285 390
286 374
287 71
287 288
288 217
289 290
289 461
290 138
291 292
291 332
292 853
293 294
293 352
294 387
295 296
295 969
296 108
297 298
297 593
298 410
299 300
299 671
300 274
301 302
301 575
302 312
303 304
303 855
304 823
305 306
305 993
306 601
307 80
307 308
308 444
309 310
309 683
310 130
311 312
311 596
312 726
313 101
313 314
314 766
315 316
315 531
316 625
317 318
317 372
318 722
319 320
319 933
320 772
321 322
321 522
322 402
323 265
323 324
324 123
325 159
325 326
326 9
327 111
327 328
328 334
329 330
329 1002
330 762
331 332
331 986
332 654
333 334
333 649
334 681
335 336
335 463
336 662
337 338
337 353
338 877
339 340
339 401
340 242
341 342
341 533
342 384
343 344
343 774
344 450
345 346
345 637
346 432
347 348
347 840
348 719
349 65
349 350
350 418
351 184
351 352
352 185
353 327
353 354
354 95
355 356
355 991
356 302
357 358
357 556
358 946
359 84
359 360
360 734
361 362
361 815
362 106
363 364
363 609
364 232
365 272
365 366
366 854
367 301
367 368
368 230
369 63
369 370
370 306
371 340
371 372
372 284
373 374
373 811
374 44
375 376
375 959
376 266
377 359
377 378
378 134
379 380
379 1014
380 200
381 382
381 771
382 721
383 384
383 967
384 204
385 365
385 386
386 241
387 388
387 566
388 560
389 390
389 847
390 729
391 392
391 604
392 489
393 394
393 784
394 742
395 379
395 396
396 462
397 398
397 600
398 518
399 400
399 974
400 15
401 402
401 925
402 630
403 120
403 404
404 710
405 27
405 406
406 908
407 408
407 507
408 804
409 118
409 410
410 682
411 412
411 1000
412 692
413 165
413 414
414 794
415 416
415 539
416 590
417 418
417 884
418 792
419 341
419 420
420 393
421 112
421 422
422 658
423 424
423 550
424 220
425 201
425 426
426 13
427 103
427 428
428 860
429 430
429 515
430 88
431 162
431 432
432 667
433 434
433 989
434 66
435 436
435 622
436 38
437 94
437 438
438 466
439 287
439 440
440 819
441 442
441 715
442 930
443 255
443 444
444 357
445 259
445 446
446 436
447 448
447 571
448 526
449 345
449 450
450 244
451 452
451 603
452 173
453 281
453 454
454 333
455 456
455 1003
456 836
457 458
457 579
458 1
459 460
459 775
460 377
461 389
461 462
462 788
463 464
463 521
464 983
465 466
465 632
466 570
467 468
467 910
468 29
469 470
469 1009
470 458
471 238
471 472
472 895
473 474
473 901
474 753
475 476
475 746
476 364
477 478
477 705
478 484
479 480
479 978
480 718
481 453
481 482
482 36
483 484
483 859
484 500
485 76
485 486
486 677
487 216
487 488
488 307
489 30
489 490
490 862
491 492
491 706
492 82
493 8
493 494
494 320
495 496
495 584
496 670
497 264
497 498
498 251
499 500
499 869
500 347
501 180
501 502
502 958
503 131
503 504
504 17
505 263
505 506
506 519
507 424
507 508
508 768
509 328
509 510
510 422
511 439
511 512
512 494
513 514
513 745
514 191
515 375
515 516
516 143
517 518
517 952
518 920
519 177
519 520
520 868
521 516
521 522
522 592
523 524
523 767
524 634
525 386
525 526
526 672
527 149
527 528
528 616
529 530
529 826
530 468
531 77
531 532
532 874
533 506
533 534
534 31
535 89
535 536
536 540
537 538
537 939
538 568
539 540
539 638
540 754
541 542
541 807
542 943
543 544
543 759
544 92
545 546
545 995
546 234
547 548
547 966
548 104
549 550
549 583
550 107
551 552
551 613
552 262
553 554
553 615
554 932
555 299
555 556
556 405
557 558
557 687
558 944
559 547
559 560
560 5
561 562
561 607
562 163
563 279
563 564
564 392
565 566
565 887
566 318
567 557
567 568
568 70
569 570
569 702
570 690
571 572
571 963
572 536
573 574
573 814
574 545
575 4
575 576
576 394
577 339
577 578
578 569
579 580
579 797
580 896
581 223
581 582
582 927
583 584
583 981
584 561
585 586
585 723
586 626
587 588
587 971
588 293
589 590
589 697
590 388
591 100
591 592
592 110
593 551
593 594
594 684
595 121
595 596
596 803
597 305
597 598
598 12
599 594
599 600
600 979
601 538
601 602
602 46
603 604
603 889
604 916
605 606
605 644
606 153
607 608
607 813
608 366
609 610
609 827
610 881
611 470
611 612
612 945
613 614
613 893
614 5
615 616
615 737
616 146
617 218
617 618
618 335
619 620
619 839
620 295
621 260
621 622
622 914
623 624
623 642
624 998
625 109
625 626
626 74
627 61
627 628
628 57
629 630
629 657
630 144
631 605
631 632
632 10
633 329
633 634
634 152
635 636
635 911
636 250
637 288
637 638
638 203
639 154
639 640
640 28
641 642
641 773
642 806
643 644
643 656
644 725
645 285
645 646
646 157
647 363
647 648
648 852
649 72
649 650
650 968
651 275
651 652
652 465
653 467
653 654
654 990
655 656
655 831
656 709
657 492
657 658
658 660
659 421
659 660
660 614
661 32
661 662
662 602
663 618
663 664
664 22
665 666
665 701
666 35
667 168
667 668
668 98
669 403
669 670
670 480
671 122
671 672
672 6
673 665
673 674
674 276
675 313
675 676
676 406
677 678
677 957
678 294
679 653
679 680
680 848
681 682
681 844
682 11
683 582
683 684
684 537
685 277
685 686
686 938
687 688
687 941
688 69
689 83
689 690
690 164
691 651
691 692
692 899
693 145
693 694
694 940
695 67
695 696
696 308
697 485
697 698
698 976
699 555
699 700
700 858
701 119
701 702
702 354
703 486
703 704
704 310
705 703
705 706
706 349
707 3
707 708
708 696
709 267
709 710
710 731
711 258
711 712
712 434
713 714
713 795
714 532
715 716
715 809
716 659
717 712
717 718
718 97
719 669
719 720
720 290
721 564
721 722
722 430
723 206
723 724
724 782
725 423
725 726
726 962
727 728
727 739
728 988
729 343
729 730
730 225
731 58
731 732
732 639
733 525
733 734
734 356
735 685
735 736
736 846
737 469
737 738
738 565
739 647
739 740
740 476
741 742
741 780
742 548
743 587
743 744
744 964
745 383
745 746
746 171
747 748
747 825
748 292
749 750
749 935
750 711
751 586
751 752
752 661
753 633
753 754
754 888
755 675
755 756
756 45
757 758
757 857
758 929
759 760
759 783
760 585
761 407
761 762
762 648
763 371
763 764
764 326
765 766
765 787
766 395
767 451
767 768
768 133
769 473
769 770
770 460
771 744
771 772
772 342
773 505
773 774
774 663
775 497
775 776
776 572
777 99
777 778
778 535
779 137
779 780
780 452
781 763
781 782
782 9
783 784
783 865
784 624
785 33
785 786
786 769
787 188
787 788
788 381
789 25
789 790
790 471
791 447
791 792
792 24
793 794
793 928
794 856
795 695
795 796
796 254
797 778
797 798
798 541
799 445
799 800
800 278
801 323
801 802
802 14
803 427
803 804
804 321
805 369
805 806
806 454
807 192
807 808
808 141
809 155
809 810
810 360
811 812
811 883
812 838
813 791
813 814
814 699
815 713
815 816
816 81
817 818
817 965
818 924
819 820
819 821
820 849
821 822
821 873
822 680
823 21
823 824
824 59
825 826
825 837
826 956
827 413
827 828
828 977
829 830
829 985
830 619
831 789
831 832
832 880
833 830
833 834
834 980
835 730
835 836
836 170
837 735
837 838
838 902
839 589
839 840
840 182
841 511
841 842
842 691
843 529
843 844
844 810
845 554
845 846
846 972
847 760
847 848
848 355
849 790
849 850
850 183
851 105
851 852
852 226
853 43
853 854
854 491
855 459
855 856
856 688
857 858
857 955
858 86
859 415
859 860
860 208
861 227
861 862
862 816
863 196
863 864
864 317
865 801
865 866
866 400
867 758
867 868
868 408
869 870
869 931
870 1010
871 872
871 937
872 549
873 316
873 874
874 861
875 747
875 876
876 181
877 636
877 878
878 37
879 150
879 880
880 546
881 611
881 882
882 508
883 749
883 884
884 361
885 599
885 886
886 1012
887 247
887 888
888 20
889 785
889 890
890 87
891 693
891 892
892 949
893 309
893 894
894 904
895 544
895 896
896 728
897 202
897 898
898 158
899 890
899 900
900 142
901 231
901 902
902 1011
903 879
903 904
904 482
905 93
905 906
906 610
907 643
907 908
908 970
909 419
909 910
910 674
911 457
911 912
912 376
913 346
913 914
914 148
915 885
915 916
916 90
917 51
917 918
918 391
919 373
919 920
920 50
921 833
921 922
922 732
923 239
923 924
924 504
925 147
925 926
926 666
927 765
927 928
928 209
929 919
929 930
930 96
931 195
931 932
932 42
933 743
933 934
934 595
935 85
935 936
936 628
937 34
937 938
938 382
939 612
939 940
940 517
941 187
941 942
942 398
943 420
943 944
944 652
945 442
945 946
946 892
947 252
947 948
948 298
949 378
949 950
950 167
951 261
951 952
952 496
953 474
953 954
954 176
955 707
955 956
956 798
957 135
957 958
958 166
959 194
959 960
960 509
961 215
961 962
962 212
963 964
963 1005
964 793
965 966
965 975
966 397
967 562
967 968
968 678
969 314
969 970
970 409
971 805
971 972
972 487
973 641
973 974
974 553
975 303
975 976
976 102
977 606
977 978
978 923
979 479
979 980
980 338
981 481
981 982
982 802
983 40
983 984
984 796
985 193
985 986
986 912
987 740
987 988
988 886
989 229
989 990
990 936
991 412
991 992
992 576
993 563
993 994
994 331
995 282
995 996
996 950
997 720
997 998
998 640
999 370
999 1000
1000 417
1001 934
1001 1002
1002 524
1003 748
1003 1004
1004 270
1005 199
1005 1006
1006 478
1007 559
1007 1008
1008 629
1009 115
1009 1010
1010 851
1011 493
1011 1012
1012 850
1013 325
1013 1014
1014 915
