0 207
0 321
1 347
1 737
3 649
3 657
4 821
4 924
6 403
5 274
7 583
7 656
9 682
8 164
8 987
10 793
13 14
13 174
15 366
15 561
17 206
17 570
19 330
19 698
21 519
21 741
23 24
23 210
24 63
25 26
25 457
26 727
27 28
27 759
28 283
29 30
29 900
30 463
31 32
31 397
32 931
33 34
33 361
34 289
35 36
35 769
36 236
37 38
37 1005
38 323
39 28
39 40
40 956
41 42
41 815
42 184
43 44
43 137
44 637
45 46
45 507
46 602
47 48
47 275
48 526
49 50
49 316
50 272
51 52
51 677
52 954
53 54
53 1014
54 194
55 56
55 252
56 374
57 58
57 982
58 692
59 60
59 143
60 292
61 62
61 404
62 122
63 64
63 980
64 244
65 66
65 489
66 178
67 68
67 992
68 228
69 70
69 319
70 410
71 72
71 521
72 485
73 43
73 74
74 592
75 76
75 100
76 138
77 78
77 919
78 448
79 80
79 383
80 249
81 82
81 858
82 182
83 84
83 175
84 729
85 86
85 339
86 891
87 88
87 483
88 62
89 90
89 479
90 470
91 92
91 531
92 826
93 94
93 368
94 623
95 57
95 96
96 781
97 98
97 422
98 596
99 100
99 287
100 452
101 102
101 579
102 620
103 104
103 869
104 40
105 106
105 198
106 758
107 108
107 717
108 976
109 110
109 913
110 778
111 25
111 112
112 6
113 114
113 149
114 226
115 116
115 614
116 337
117 118
117 415
118 132
119 86
119 120
120 305
121 122
121 687
122 702
123 124
123 217
124 630
125 126
125 839
126 674
127 128
127 638
128 166
129 130
129 843
130 469
131 132
131 766
132 39
133 10
133 134
134 868
135 136
135 803
136 991
137 138
137 396
138 60
139 140
139 250
140 995
141 142
141 854
142 852
143 144
143 309
144 958
145 111
145 146
146 358
147 148
147 1000
148 114
149 150
149 167
150 943
151 152
151 859
152 94
153 154
153 344
154 50
155 156
155 939
156 320
157 108
157 158
158 899
159 160
159 825
160 938
161 162
161 195
162 434
163 164
163 472
164 37
165 166
165 739
166 731
167 168
167 959
168 628
169 170
169 724
170 994
171 172
171 601
172 543
173 174
173 711
174 12
175 121
175 176
176 577
177 178
177 523
178 618
179 180
179 438
180 170
181 182
181 517
182 794
183 184
183 449
184 644
185 135
185 186
186 420
187 188
187 683
188 626
189 190
189 591
190 842
191 192
191 742
192 104
193 194
193 873
194 66
195 196
195 349
196 266
197 198
197 546
198 823
199 200
199 377
200 389
201 202
201 511
202 343
203 204
203 619
204 148
205 206
205 892
206 911
207 159
207 208
208 635
209 210
209 805
210 953
211 212
211 502
212 810
213 188
213 214
214 631
215 18
215 216
216 412
217 218
217 993
218 160
219 220
219 607
220 127
221 222
221 555
222 142
223 224
223 571
224 881
225 226
225 918
226 1012
227 228
227 850
228 908
229 216
229 230
230 360
231 232
231 522
232 169
233 234
233 917
234 949
235 107
235 236
236 381
237 110
237 238
238 336
239 240
239 909
240 423
241 199
241 242
242 11
243 218
243 244
244 494
245 246
245 707
246 689
247 33
247 248
248 78
249 250
249 780
250 955
251 252
251 697
252 871
253 254
253 455
254 126
255 256
255 385
256 907
257 258
257 416
258 70
259 109
259 260
260 474
261 262
261 816
262 90
263 264
263 990
264 196
265 230
265 266
266 814
267 268
267 363
268 16
269 270
269 887
270 102
271 272
271 748
272 906
273 274
273 878
274 754
275 276
275 783
276 866
277 278
277 884
278 308
279 280
279 685
280 767
281 282
281 609
282 659
283 284
283 342
284 222
285 286
285 834
286 554
287 53
287 288
288 279
289 106
289 290
290 284
291 224
291 292
292 364
293 294
293 903
294 786
295 46
295 296
296 948
297 298
297 501
298 147
299 300
299 527
300 670
301 302
301 750
302 886
303 103
303 304
304 916
305 306
305 935
306 560
307 308
307 414
308 557
309 310
309 667
310 136
311 227
311 312
312 972
313 314
313 505
314 930
315 316
315 350
316 967
317 8
317 318
318 942
319 300
319 320
320 282
321 322
321 547
322 34
323 324
323 880
324 20
325 326
325 633
326 726
327 328
327 353
328 514
329 330
329 720
330 932
331 332
331 497
332 225
333 334
333 927
334 728
335 336
335 699
336 603
337 202
337 338
338 580
339 340
339 413
340 763
341 342
341 643
342 393
343 344
343 445
344 960
345 325
345 346
346 118
347 9
347 348
348 528
349 350
349 721
350 582
351 306
351 352
352 177
353 354
353 645
354 978
355 356
355 586
356 784
357 345
357 358
358 544
359 360
359 384
360 829
361 362
361 408
362 83
363 364
363 681
364 1011
365 366
365 775
366 914
367 99
367 368
368 280
369 370
369 733
370 173
371 372
371 764
372 398
373 374
373 940
374 998
375 181
375 376
376 27
377 36
377 378
378 10
379 380
379 688
380 860
381 382
381 970
382 120
383 384
383 751
384 285
385 386
385 779
386 271
387 190
387 388
388 774
389 390
389 965
390 428
391 392
391 458
392 394
393 388
393 394
394 334
395 396
395 894
396 456
397 398
397 874
398 632
399 400
399 988
400 770
401 151
401 402
402 125
403 404
403 696
404 606
405 406
405 510
406 550
407 408
407 863
408 471
409 410
409 857
410 882
411 412
411 738
412 68
413 79
413 414
414 205
415 269
415 416
416 578
417 382
417 418
418 985
419 420
419 573
420 704
421 422
421 549
422 512
423 117
423 424
424 740
425 165
425 426
426 898
427 428
427 772
428 418
429 430
429 575
430 830
431 432
431 923
432 598
433 434
433 552
434 639
435 429
435 436
436 950
437 378
437 438
438 355
439 375
439 440
440 525
441 442
441 802
442 124
443 444
443 615
444 238
445 443
445 446
446 328
447 303
447 448
448 96
449 245
449 450
450 427
451 452
451 599
452 179
453 454
453 553
454 38
455 273
455 456
456 744
457 433
457 458
458 406
459 460
459 827
460 760
461 462
461 811
462 1006
463 128
463 464
464 896
465 466
465 563
466 594
467 65
467 468
468 74
469 470
469 765
470 64
471 472
471 500
472 905
473 474
473 749
474 946
475 204
475 476
476 690
477 411
477 478
478 436
479 340
479 480
480 302
481 482
481 1003
482 820
483 484
483 969
484 161
485 486
485 773
486 776
487 488
487 1007
488 498
489 189
489 490
490 668
491 312
491 492
492 392
493 494
493 513
494 475
495 496
495 921
496 595
497 498
497 785
498 723
499 473
499 500
500 714
501 311
501 502
502 496
503 504
503 574
504 875
505 506
505 747
506 533
507 92
507 508
508 421
509 314
509 510
510 912
511 512
511 719
512 304
513 514
513 928
514 861
515 435
515 516
516 902
517 518
517 789
518 676
519 461
519 520
520 684
521 48
521 522
522 395
523 56
523 524
524 229
525 87
525 526
526 518
527 487
527 528
528 9
529 386
529 530
530 804
531 515
531 532
532 356
533 534
533 651
534 809
535 260
535 536
536 492
537 538
537 807
538 634
539 380
539 540
540 357
541 542
541 870
542 718
543 370
543 544
544 962
545 239
545 546
546 1013
547 335
547 548
548 922
549 257
549 550
550 542
551 552
551 792
552 441
553 554
553 585
554 131
555 185
555 556
556 944
557 265
557 558
558 926
559 371
559 560
560 694
561 17
561 562
562 1001
563 52
563 564
564 146
565 566
565 641
566 424
567 467
567 568
568 558
569 460
569 570
570 933
571 157
571 572
572 153
573 574
573 771
574 450
575 576
575 662
576 672
577 301
577 578
578 936
579 580
579 646
580 444
581 45
581 582
582 89
583 506
583 584
584 734
585 586
585 1004
586 565
587 588
587 818
588 736
589 73
589 590
590 468
591 201
591 592
592 318
593 594
593 695
594 813
595 596
595 983
596 270
597 598
597 986
598 243
599 593
599 600
600 93
601 247
601 602
602 176
603 348
603 604
604 974
605 419
605 606
606 666
607 608
607 971
608 920
609 477
609 610
610 876
611 610
611 612
612 298
613 614
613 801
614 307
615 616
615 706
616 524
617 618
617 663
618 246
619 466
619 620
620 215
621 401
621 622
622 116
623 369
623 624
624 134
625 535
625 626
626 425
627 3
627 628
628 915
629 630
629 713
630 968
631 329
631 632
632 532
633 634
633 798
634 139
635 399
635 636
636 597
637 297
637 638
638 997
639 616
639 640
640 354
641 642
641 947
642 562
643 504
643 644
644 844
645 589
645 646
646 317
647 648
647 879
648 732
649 650
649 963
650 476
651 183
651 652
652 140
653 402
653 654
654 171
655 551
655 656
656 431
657 658
657 885
658 267
659 58
659 660
660 548
661 1
661 662
662 669
663 233
663 664
664 426
665 666
665 716
666 700
667 223
667 668
668 572
669 670
669 831
670 540
671 101
671 672
672 324
673 629
673 674
674 752
675 676
675 715
676 95
677 673
677 678
678 693
679 658
679 680
680 338
681 682
681 901
682 822
683 675
683 684
684 453
685 240
685 686
686 625
687 688
687 796
688 141
689 212
689 690
690 264
691 692
691 709
692 490
693 69
693 694
694 220
695 23
695 696
696 254
697 698
697 989
698 262
699 700
699 787
700 848
701 430
701 702
702 812
703 341
703 704
704 258
705 47
705 706
706 315
707 259
707 708
708 762
709 710
709 925
710 51
711 491
711 712
712 680
713 499
713 714
714 130
715 716
715 791
716 219
717 439
717 718
718 872
719 327
719 720
720 847
721 437
721 722
722 951
723 288
723 724
724 446
725 726
725 800
726 576
727 362
727 728
728 242
729 55
729 730
730 855
731 732
731 840
732 1002
733 154
733 734
734 648
735 313
735 736
736 88
737 738
737 757
738 77
739 75
739 740
740 61
741 41
741 742
742 945
743 191
743 744
744 276
745 746
745 817
746 952
747 748
747 957
748 530
749 367
749 750
750 534
751 752
751 851
752 584
753 352
753 754
754 708
755 163
755 756
756 261
757 617
757 758
758 600
759 605
759 760
760 98
761 209
761 762
762 6
763 213
763 764
764 934
765 509
765 766
766 186
767 581
767 768
768 877
769 770
769 841
770 359
771 293
771 772
772 484
773 251
773 774
774 588
775 35
775 776
776 862
777 376
777 778
778 520
779 322
779 780
780 488
781 782
781 838
782 832
783 691
783 784
784 13
785 409
785 786
786 556
787 788
787 973
788 833
789 85
789 790
790 493
791 661
791 792
792 545
793 743
793 794
794 172
795 80
795 796
796 462
797 123
797 798
798 977
799 703
799 800
800 650
801 365
801 802
802 867
803 44
803 804
804 22
805 21
805 806
806 256
807 613
807 808
808 263
809 310
809 810
810 296
811 812
811 865
812 442
813 814
813 1010
814 67
815 816
815 1008
816 405
817 795
817 818
818 76
819 705
819 820
820 150
821 81
821 822
822 782
823 797
823 824
824 642
825 187
825 826
826 640
827 686
827 828
828 432
829 326
829 830
830 604
831 832
831 904
832 346
833 454
833 834
834 564
835 29
835 836
836 701
837 799
837 838
838 379
839 145
839 840
840 846
841 331
841 842
842 516
843 735
843 844
844 753
845 655
845 846
846 391
847 24
847 848
848 478
849 7
849 850
850 84
851 451
851 852
852 996
853 278
853 854
854 30
855 768
855 856
856 203
857 845
857 858
858 788
859 627
859 860
860 529
861 541
861 862
862 112
863 277
863 864
864 97
865 866
865 883
866 835
867 197
867 868
868 538
869 155
869 870
870 290
871 447
871 872
872 652
873 31
873 874
874 653
875 113
875 876
876 390
877 4
877 878
878 459
879 495
879 880
880 295
881 133
881 882
882 828
883 647
883 884
884 105
885 235
885 886
886 864
887 152
887 888
888 622
889 281
889 890
890 168
891 129
891 892
892 837
893 200
893 894
894 853
895 156
895 896
896 660
897 898
897 937
898 268
899 900
899 961
900 42
901 208
901 902
902 608
903 407
903 904
904 567
905 72
905 906
906 612
907 232
907 908
908 984
909 481
909 910
910 508
911 255
911 912
912 624
913 671
913 914
914 756
915 231
915 916
916 725
917 537
917 918
918 790
919 503
919 920
920 712
921 777
921 922
922 568
923 819
923 924
924 722
925 440
925 926
926 5
927 332
927 928
928 465
929 193
929 930
930 417
931 536
931 932
932 372
933 679
933 934
934 351
935 237
935 936
936 808
937 119
937 938
938 180
939 291
939 940
940 480
941 253
941 942
942 54
943 162
943 944
944 464
945 15
945 946
946 211
947 678
947 948
948 387
949 806
949 950
950 192
951 482
951 952
952 664
953 91
953 954
954 221
955 19
955 956
956 746
957 710
957 958
958 966
959 26
959 960
960 234
961 611
961 962
962 49
963 665
963 964
964 400
965 82
965 966
966 158
967 895
967 968
968 373
969 241
969 970
970 299
971 71
971 972
972 248
973 621
973 974
974 566
975 976
975 999
976 755
977 559
977 978
978 569
979 730
979 980
980 286
981 761
981 982
982 979
983 910
983 984
984 5
985 587
985 986
986 964
987 889
987 988
988 856
989 115
989 990
990 888
991 992
991 1009
992 32
993 654
993 994
994 590
995 836
995 996
996 824
997 144
997 998
998 486
999 59
999 1000
1000 214
1001 294
1001 1002
1002 2
1003 929
1003 1004
1004 975
1005 745
1005 1006
1006 333
1007 897
1007 1008
1008 539
1009 941
1009 1010
1010 893
1011 636
1011 1012
1012 890
1013 849
1013 1014
1014 981
