0 70
0 109
2 411
2 502
3 816
3 853
4 370
4 981
5 921
6 773
9 477
9 683
10 215
10 469
12 90
11 389
13 623
13 652
15 614
15 679
17 309
17 453
19 352
19 764
21 194
21 766
23 24
23 398
24 334
25 26
25 845
26 508
27 28
27 343
28 969
29 30
29 310
30 574
31 32
31 967
32 717
33 34
33 290
34 648
35 36
35 920
36 37
37 38
37 990
38 202
39 40
39 566
40 878
41 42
41 365
42 235
43 36
43 44
44 638
45 46
45 858
46 382
47 48
47 778
48 802
49 50
49 349
50 925
51 52
51 1009
52 841
53 54
53 211
54 415
55 56
55 805
56 5
57 58
57 164
58 750
59 60
59 675
60 1000
61 62
61 128
62 198
63 64
63 684
64 244
65 66
65 619
66 586
67 68
67 265
68 450
69 70
69 95
70 240
71 72
71 591
72 629
73 74
73 781
74 363
75 58
75 76
76 284
77 78
77 183
78 804
79 80
79 329
80 62
81 82
81 331
82 544
83 84
83 821
84 700
85 86
85 178
86 152
87 88
87 795
88 33
89 66
89 90
90 782
91 92
91 867
92 354
93 94
93 950
94 236
95 96
95 260
96 14
97 98
97 640
98 436
99 100
99 212
100 510
101 102
101 524
102 156
103 104
103 195
104 846
105 106
105 609
106 954
107 108
107 986
108 572
109 110
109 463
110 943
111 112
111 798
112 775
113 91
113 114
114 197
115 116
115 639
116 919
117 118
117 387
118 785
119 120
119 213
120 228
121 122
121 339
122 420
123 124
123 222
124 532
125 126
125 653
126 762
127 128
127 225
128 273
129 59
129 130
130 446
131 54
131 132
132 822
133 134
133 501
134 282
135 136
135 984
136 550
137 113
137 138
138 605
139 140
139 257
140 254
141 142
141 731
142 247
143 144
143 680
144 770
145 146
145 699
146 592
147 148
147 631
148 324
149 150
149 979
150 748
151 152
151 167
152 234
153 154
153 636
154 964
155 156
155 739
156 752
157 158
157 429
158 442
159 160
159 726
160 946
161 162
161 597
162 188
163 164
163 417
164 641
165 166
165 801
166 659
167 168
167 765
168 376
169 170
169 489
170 869
171 172
171 695
172 220
173 174
173 445
174 97
175 23
175 176
176 38
177 72
177 178
178 412
179 122
179 180
180 108
181 182
181 861
182 408
183 184
183 580
184 346
185 186
185 665
186 79
187 188
187 301
188 870
189 190
189 536
190 800
191 192
191 769
192 1
193 12
193 194
194 973
195 196
195 732
196 972
197 198
197 584
198 842
199 200
199 893
200 594
201 202
201 259
202 552
203 204
203 871
204 176
205 6
205 206
206 588
207 75
207 208
208 78
209 210
209 325
210 720
211 212
211 279
212 894
213 214
213 931
214 251
215 216
215 221
216 30
217 94
217 218
218 722
219 220
219 231
220 980
221 222
221 353
222 970
223 83
223 224
224 312
225 226
225 495
226 1006
227 228
227 968
228 139
229 230
229 539
230 897
231 232
231 935
232 951
233 234
233 873
234 792
235 236
235 423
236 694
237 169
237 238
238 454
239 240
239 305
240 378
241 242
241 813
242 555
243 244
243 307
244 326
245 242
245 246
246 266
247 248
247 383
248 200
249 250
249 663
250 789
251 252
251 425
252 916
253 254
253 348
254 106
255 256
255 358
256 182
257 258
257 889
258 92
259 260
259 635
260 872
261 262
261 361
262 42
263 264
263 936
264 179
265 266
265 939
266 280
267 268
267 467
268 362
269 267
269 270
270 243
271 49
271 272
272 1005
273 274
273 780
274 596
275 276
275 743
276 418
277 187
277 278
278 85
279 249
279 280
280 507
281 282
281 607
282 60
283 284
283 673
284 708
285 286
285 481
286 486
287 288
287 833
288 952
289 67
289 290
290 3
291 292
291 729
292 103
293 294
293 767
294 150
295 140
295 296
296 428
297 121
297 298
298 292
299 300
299 788
300 624
301 302
301 357
302 172
303 304
303 719
304 513
305 124
305 306
306 17
307 308
307 615
308 455
309 310
309 393
310 22
311 269
311 312
312 876
313 314
313 657
314 146
315 316
315 333
316 759
317 318
317 587
318 153
319 126
319 320
320 866
321 174
321 322
322 757
323 274
323 324
324 96
325 326
325 377
326 434
327 328
327 761
328 401
329 84
329 330
330 914
331 332
331 515
332 6
333 334
333 487
334 900
335 4
335 336
336 57
337 338
337 828
338 462
339 340
339 511
340 447
341 342
341 518
342 933
343 344
343 522
344 223
345 229
345 346
346 718
347 348
347 711
348 135
349 350
349 961
350 394
351 352
351 473
352 668
353 28
353 354
354 392
355 185
355 356
356 252
357 358
357 886
358 549
359 115
359 360
360 512
361 173
361 362
362 530
363 364
363 915
364 560
365 277
365 366
366 338
367 368
367 459
368 934
369 370
369 391
370 281
371 372
371 701
372 430
373 41
373 374
374 543
375 376
375 888
376 960
377 378
377 799
378 924
379 380
379 563
380 406
381 382
381 737
382 794
383 384
383 903
384 998
385 386
385 579
386 268
387 388
387 650
388 332
389 390
389 547
390 949
391 50
391 392
392 958
393 394
393 791
394 687
395 396
395 818
396 806
397 55
397 398
398 472
399 261
399 400
400 494
401 69
401 402
402 618
403 404
403 955
404 245
405 288
405 406
406 808
407 287
407 408
408 852
409 410
409 712
410 460
411 412
411 857
412 754
413 414
413 985
414 978
415 313
415 416
416 608
417 418
417 834
418 686
419 199
419 420
420 898
421 422
421 749
422 386
423 424
423 621
424 670
425 426
425 1004
426 622
427 141
427 428
428 300
429 330
429 430
430 444
431 432
431 506
432 275
433 434
433 497
434 8
435 436
435 1002
436 996
437 129
437 438
438 971
439 431
439 440
440 642
441 442
441 457
442 854
443 444
443 725
444 248
445 147
445 446
446 715
447 400
447 448
448 380
449 450
449 517
450 927
451 337
451 452
452 340
453 454
453 490
454 404
455 456
455 468
456 864
457 458
457 944
458 714
459 345
459 460
460 86
461 462
461 901
462 181
463 13
463 464
464 541
465 186
465 466
466 149
467 161
467 468
468 546
469 250
469 470
470 922
471 367
471 472
472 542
473 474
473 545
474 237
475 74
475 476
476 110
477 478
477 649
478 48
479 480
479 938
480 994
481 482
481 645
482 206
483 484
483 988
484 633
485 486
485 906
486 709
487 419
487 488
488 651
489 490
489 937
490 189
491 492
491 837
492 120
493 494
493 553
494 204
495 496
495 589
496 18
497 498
497 727
498 130
499 21
499 500
500 548
501 502
501 655
502 910
503 443
503 504
504 100
505 118
505 506
506 323
507 508
507 912
508 368
509 205
509 510
510 163
511 512
511 570
512 564
513 496
513 514
514 610
515 371
515 516
516 991
517 15
517 518
518 283
519 142
519 520
520 465
521 522
521 740
522 219
523 524
523 741
524 416
525 526
525 617
526 758
527 528
527 647
528 772
529 157
529 530
530 995
531 449
531 532
532 575
533 493
533 534
534 637
535 409
535 536
536 11
537 427
537 538
538 498
539 374
539 540
540 350
541 101
541 542
542 851
543 165
543 544
544 662
545 503
545 546
546 302
547 471
547 548
548 196
549 550
549 930
550 710
551 552
551 830
552 184
553 474
553 554
554 786
555 143
555 556
556 192
557 314
557 558
558 299
559 560
559 763
560 93
561 562
561 1011
562 551
563 351
563 564
564 226
565 566
565 669
566 992
567 568
567 859
568 5
569 159
569 570
570 945
571 572
571 880
572 674
573 527
573 574
574 706
575 359
575 576
576 466
577 569
577 578
578 581
579 580
579 899
580 405
581 582
581 625
582 656
583 116
583 584
584 263
585 586
585 787
586 344
587 534
587 588
588 154
589 306
589 590
590 76
591 521
591 592
592 593
593 594
593 746
594 879
595 127
595 596
596 565
597 598
597 895
598 414
599 600
599 847
600 654
601 435
601 602
602 488
603 364
603 604
604 208
605 45
605 606
606 77
607 608
607 907
608 905
609 315
609 610
610 721
611 612
611 697
612 480
613 475
613 614
614 16
615 131
615 616
616 796
617 390
617 618
618 80
619 87
619 620
620 278
621 622
621 940
622 682
623 624
623 909
624 64
625 516
625 626
626 948
627 628
627 661
628 724
629 630
629 829
630 407
631 632
631 963
632 61
633 294
633 634
634 112
635 203
635 636
636 911
637 638
637 797
638 974
639 595
639 640
640 1013
641 642
641 691
642 148
643 644
643 840
644 738
645 601
645 646
646 210
647 648
647 875
648 896
649 53
649 650
650 10
651 111
651 652
652 484
653 32
653 654
654 698
655 413
655 656
656 40
657 658
657 807
658 755
659 540
659 660
660 258
661 232
661 662
662 664
663 664
663 771
664 439
665 666
665 745
666 133
667 81
667 668
668 224
669 670
669 688
670 620
671 672
671 819
672 728
673 171
673 674
674 162
675 12
675 676
676 88
677 253
677 678
678 388
679 680
679 843
680 458
681 682
681 874
682 318
683 433
683 684
684 441
685 567
685 686
686 810
687 646
687 688
688 868
689 519
689 690
690 962
691 692
691 1010
692 98
693 461
693 694
694 744
695 696
695 997
696 190
697 499
697 698
698 734
699 700
699 989
700 976
701 643
701 702
702 426
703 672
703 704
704 296
705 706
705 716
706 890
707 214
707 708
708 626
709 710
709 838
710 440
711 399
711 712
712 289
713 342
713 714
714 693
715 529
715 716
716 582
717 319
717 718
718 485
719 720
719 820
720 246
721 722
721 918
722 526
723 611
723 724
724 175
725 505
725 726
726 613
727 384
727 728
728 832
729 537
729 730
730 528
731 531
731 732
732 826
733 73
733 734
734 855
735 51
735 736
736 535
737 43
737 738
738 356
739 27
739 740
740 347
741 677
741 742
742 238
743 448
743 744
744 396
745 746
745 844
746 932
747 748
747 891
748 478
749 68
749 750
750 256
751 262
751 752
752 554
753 599
753 754
754 904
755 285
755 756
756 678
757 644
757 758
758 24
759 311
759 760
760 824
761 272
761 762
762 138
763 561
763 764
764 957
765 733
765 766
766 877
767 562
767 768
768 707
769 63
769 770
770 603
771 403
771 772
772 811
773 227
773 774
774 295
775 132
775 776
776 217
777 585
777 778
778 82
779 451
779 780
780 658
781 782
781 956
782 836
783 476
783 784
784 230
785 689
785 786
786 298
787 25
787 788
788 774
789 685
789 790
790 692
791 500
791 792
792 504
793 328
793 794
794 20
795 713
795 796
796 104
797 421
797 798
798 52
799 479
799 800
800 884
801 666
801 802
802 514
803 160
803 804
804 410
805 31
805 806
806 26
807 808
807 881
808 849
809 270
809 810
810 812
811 158
811 812
812 634
813 814
813 1003
814 598
815 533
815 816
816 768
817 381
817 818
818 432
819 820
819 825
820 606
821 327
821 822
822 482
823 39
823 824
824 860
825 538
825 826
826 360
827 293
827 828
828 34
829 191
829 830
830 977
831 832
831 917
832 602
833 756
833 834
834 216
835 836
835 993
836 438
837 838
837 947
838 784
839 71
839 840
840 803
841 303
841 842
842 696
843 145
843 844
844 736
845 846
845 975
846 793
847 373
847 848
848 520
849 600
849 850
850 19
851 56
851 852
852 558
853 848
853 854
854 422
855 856
855 926
856 556
857 523
857 858
858 170
859 291
859 860
860 136
861 571
861 862
862 953
863 671
863 864
864 264
865 866
865 1014
866 856
867 379
867 868
868 908
869 870
869 942
870 760
871 872
871 885
872 862
873 809
873 874
874 959
875 355
875 876
876 776
877 823
877 878
878 492
879 568
879 880
880 321
881 723
881 882
882 372
883 9
883 884
884 322
885 123
885 886
886 239
887 316
887 888
888 616
889 890
889 966
890 902
891 667
891 892
892 681
893 341
893 894
894 583
895 209
895 896
896 928
897 134
897 898
898 7
899 335
899 900
900 46
901 676
901 902
902 850
903 735
903 904
904 44
905 557
905 906
906 395
907 703
907 908
908 882
909 883
909 910
910 929
911 47
911 912
912 114
913 177
913 914
914 578
915 916
915 1001
916 308
917 783
917 918
918 790
919 742
919 920
920 369
921 817
921 922
922 286
923 317
923 924
924 207
925 705
925 926
926 470
927 525
927 928
928 632
929 930
929 1008
930 660
931 105
931 932
932 702
933 11
933 934
934 218
935 753
935 936
936 628
937 777
937 938
938 89
939 241
939 940
940 831
941 119
941 942
942 630
943 913
943 944
944 233
945 65
945 946
946 863
947 948
947 965
948 865
949 779
949 950
950 690
951 923
951 952
952 814
953 730
953 954
954 276
955 151
955 956
956 983
957 958
957 987
958 180
959 166
959 960
960 456
961 559
961 962
962 35
963 137
963 964
964 590
965 271
965 966
966 704
967 155
967 968
968 144
969 839
969 970
970 573
971 751
971 972
972 452
973 2
973 974
974 604
975 201
975 976
976 125
977 99
977 978
978 464
979 107
979 980
980 483
981 509
981 982
982 366
983 117
983 984
984 827
985 887
985 986
986 612
987 336
987 988
988 168
989 397
989 990
990 424
991 385
991 992
992 1012
993 297
993 994
994 892
995 304
995 996
996 255
997 998
997 1007
998 193
999 577
999 1000
1000 375
1001 815
1001 1002
1002 747
1003 491
1003 1004
1004 102
1005 437
1005 1006
1006 576
1007 835
1007 1008
1008 627
1009 999
1009 1010
1010 982
1011 941
1011 1012
1012 29
1013 402
1013 1014
1014 320
