0 61
0 461
3 380
3 962
4 118
4 1006
6 960
5 84
7 557
7 717
8 239
8 563
10 652
9 482
11 256
11 951
13 532
13 583
15 927
15 999
17 362
17 688
19 647
19 661
21 186
21 561
23 24
23 989
24 20
25 26
25 627
26 471
27 28
27 97
28 299
29 30
29 329
30 492
31 32
31 734
32 258
33 34
33 614
34 246
35 36
35 253
36 5
37 38
37 469
38 819
39 40
39 395
40 921
41 42
41 997
42 1014
43 44
43 46
44 476
45 46
45 172
46 414
47 48
47 452
48 366
49 50
49 552
50 141
51 52
51 696
52 62
53 54
53 807
54 514
55 56
55 388
56 760
57 58
57 523
58 513
59 60
59 850
60 365
61 62
61 354
62 194
63 64
63 855
64 251
65 66
65 949
66 700
67 24
67 68
68 795
69 70
69 533
70 340
71 72
71 896
72 498
73 74
73 616
74 400
75 76
75 665
76 486
77 6
77 78
78 454
79 80
79 773
80 808
81 82
81 768
82 644
83 84
83 217
84 904
85 86
85 393
86 925
87 88
87 355
88 503
89 90
89 615
90 327
91 92
91 633
92 933
93 94
93 623
94 455
95 96
95 528
96 115
97 98
97 369
98 727
99 100
99 669
100 522
101 102
101 113
102 650
103 104
103 320
104 812
105 106
105 114
106 966
107 108
107 1007
108 180
109 110
109 672
110 870
111 112
111 658
112 234
113 114
113 153
114 32
115 116
115 287
116 42
117 118
117 769
118 910
119 120
119 668
120 464
121 122
121 410
122 799
123 124
123 863
124 538
125 126
125 657
126 431
127 128
127 689
128 138
129 130
129 651
130 360
131 132
131 157
132 87
133 38
133 134
134 350
135 136
135 871
136 941
137 94
137 138
138 906
139 140
139 543
140 567
141 142
141 694
142 640
143 124
143 144
144 762
145 146
145 238
146 732
147 148
147 375
148 19
149 150
149 724
150 293
151 152
151 551
152 468
153 154
153 207
154 356
155 110
155 156
156 976
157 21
157 158
158 554
159 160
159 453
160 487
161 162
161 286
162 346
163 164
163 845
164 165
165 166
165 359
166 222
167 168
167 757
168 82
169 170
169 791
170 607
171 172
171 235
172 903
173 174
173 451
174 348
175 167
175 176
176 939
177 178
177 579
178 936
179 180
179 546
180 4
181 182
181 363
182 934
183 184
183 408
184 676
185 186
185 852
186 162
187 188
187 279
188 428
189 190
189 781
190 120
191 192
191 485
192 637
193 194
193 755
194 122
195 196
195 783
196 241
197 198
197 585
198 630
199 58
199 200
200 72
201 202
201 542
202 800
203 204
203 813
204 417
205 206
205 659
206 386
207 85
207 208
208 508
209 210
209 695
210 185
211 175
211 212
212 425
213 214
213 415
214 111
215 216
215 683
216 677
217 218
217 580
218 245
219 41
219 220
220 416
221 222
221 437
222 1013
223 224
223 288
224 16
225 226
225 733
226 786
227 228
227 602
228 34
229 10
229 230
230 620
231 232
231 612
232 264
233 221
233 234
234 332
235 236
235 445
236 944
237 238
237 847
238 916
239 240
239 582
240 935
241 242
241 758
242 802
243 244
243 641
244 796
245 246
245 282
246 290
247 248
247 473
248 57
249 250
249 751
250 570
251 252
251 472
252 48
253 218
253 254
254 166
255 256
255 516
256 116
257 201
257 258
258 248
259 260
259 656
260 940
261 230
261 262
262 928
263 264
263 303
264 818
265 266
265 603
266 924
267 268
267 898
268 943
269 270
269 969
270 236
271 272
271 883
272 710
273 274
273 709
274 662
275 195
275 276
276 970
277 278
277 441
278 229
279 280
279 865
280 632
281 107
281 282
282 331
283 37
283 284
284 537
285 286
285 685
286 412
287 288
287 767
288 806
289 290
289 660
290 820
291 214
291 292
292 524
293 294
293 330
294 459
295 163
295 296
296 821
297 298
297 858
298 220
299 197
299 300
300 860
301 177
301 302
302 66
303 183
303 304
304 305
305 306
305 578
306 926
307 79
307 308
308 250
309 135
309 310
310 433
311 312
311 982
312 155
313 25
313 314
314 587
315 316
315 347
316 237
317 318
317 776
318 816
319 320
319 643
320 681
321 322
321 396
322 64
323 324
323 609
324 701
325 35
325 326
326 306
327 328
327 341
328 851
329 330
329 457
330 729
331 332
331 784
332 664
333 334
333 731
334 754
335 336
335 409
336 744
337 7
337 338
338 179
339 340
339 489
340 129
341 342
341 601
342 142
343 344
343 649
344 540
345 346
345 837
346 642
347 348
347 475
348 168
349 350
349 419
350 518
351 352
351 655
352 780
353 189
353 354
354 985
355 247
355 356
356 384
357 358
357 828
358 624
359 360
359 629
360 304
361 362
361 793
362 830
363 187
363 364
364 434
365 366
365 708
366 18
367 368
367 671
368 952
369 370
369 993
370 675
371 372
371 987
372 778
373 178
373 374
374 427
375 376
375 527
376 496
377 378
377 817
378 325
379 9
379 380
380 831
381 382
381 618
382 839
383 384
383 574
384 848
385 386
385 905
386 738
387 270
387 388
388 372
389 390
389 594
390 426
391 392
391 589
392 470
393 65
393 394
394 60
395 396
395 591
396 856
397 159
397 398
398 436
399 51
399 400
400 814
401 123
401 402
402 389
403 404
403 735
404 73
405 208
405 406
406 983
407 148
407 408
408 28
409 410
409 835
410 342
411 412
411 495
412 17
413 414
413 996
414 260
415 416
415 626
416 374
417 96
417 418
418 78
419 161
419 420
420 534
421 26
421 422
422 106
423 257
423 424
424 421
425 426
425 548
426 1012
427 428
427 772
428 584
429 430
429 897
430 674
431 432
431 639
432 435
433 434
433 497
434 613
435 436
435 576
436 636
437 438
437 882
438 743
439 302
439 440
440 920
441 442
441 646
442 739
443 444
443 569
444 645
445 446
445 801
446 14
447 442
447 448
448 521
449 450
449 826
450 151
451 379
451 452
452 692
453 243
453 454
454 478
455 456
455 914
456 190
457 423
457 458
458 590
459 460
459 764
460 289
461 462
461 711
462 506
463 464
463 625
464 520
465 466
465 965
466 368
467 468
467 789
468 874
469 470
469 827
470 798
471 128
471 472
472 262
473 474
473 539
474 480
475 476
475 491
476 227
477 169
477 478
478 622
479 480
479 787
480 364
481 219
481 482
482 149
483 484
483 745
484 104
485 486
485 725
486 15
487 488
487 797
488 670
489 91
489 490
490 13
491 101
491 492
492 663
493 494
493 559
494 750
495 444
495 496
496 296
497 377
497 498
498 212
499 500
499 541
500 420
501 502
501 763
502 458
503 196
503 504
504 888
505 29
505 506
506 682
507 508
507 963
508 938
509 502
509 510
510 1
511 512
511 593
512 980
513 490
513 514
514 572
515 516
515 550
516 684
517 518
517 746
518 722
519 520
519 741
520 460
521 439
521 522
522 862
523 126
523 524
524 766
525 477
525 526
526 964
527 69
527 528
528 275
529 530
529 822
530 790
531 418
531 532
532 588
533 269
533 534
534 484
535 308
535 536
536 967
537 40
537 538
538 181
539 540
539 575
540 467
541 542
541 956
542 324
543 438
543 544
544 462
545 233
545 546
546 846
547 272
547 548
548 12
549 550
549 679
550 809
551 213
551 552
552 737
553 554
553 974
554 595
555 215
555 556
556 314
557 558
557 991
558 564
559 337
559 560
560 832
561 562
561 893
562 70
563 9
563 564
564 334
565 566
565 955
566 510
567 143
567 568
568 188
569 133
569 570
570 857
571 572
571 756
572 494
573 574
573 654
574 336
575 99
575 576
576 954
577 578
577 825
578 877
579 580
579 699
580 424
581 582
581 777
582 203
583 382
583 584
584 840
585 399
585 586
586 844
587 558
587 588
588 394
589 573
589 590
590 430
591 397
591 592
592 6
593 176
593 594
594 693
595 297
595 596
596 740
597 5
597 598
598 568
599 361
599 600
600 544
601 602
601 867
602 509
603 210
603 604
604 43
605 131
605 606
606 446
607 10
607 608
608 886
609 27
609 610
610 98
611 549
611 612
612 249
613 614
613 706
614 720
615 616
615 875
616 309
617 618
617 990
618 815
619 255
619 620
620 44
621 622
621 836
622 631
623 335
623 624
624 824
625 339
625 626
626 139
627 333
627 628
628 577
629 204
629 630
630 376
631 136
631 632
632 930
633 89
633 634
634 198
635 636
635 1000
636 730
637 92
637 638
638 604
639 638
639 640
640 792
641 385
641 642
642 810
643 644
643 911
644 140
645 646
645 833
646 271
647 479
647 648
648 254
649 562
649 650
650 316
651 652
651 947
652 483
653 545
653 654
654 919
655 413
655 656
656 726
657 450
657 658
658 170
659 191
659 660
660 274
661 628
661 662
662 134
663 664
663 880
664 55
665 666
665 803
666 323
667 668
667 843
668 834
669 670
669 937
670 698
671 672
671 950
672 370
673 674
673 913
674 292
675 676
675 923
676 338
677 678
677 887
678 127
679 581
679 680
680 994
681 68
681 682
682 918
683 268
683 684
684 957
685 39
685 686
686 519
687 283
687 688
688 617
689 690
689 973
690 225
691 525
691 692
692 560
693 694
693 876
694 504
695 696
695 978
696 411
697 317
697 698
698 252
699 193
699 700
700 352
701 3
701 702
702 648
703 704
703 892
704 77
705 465
705 706
706 311
707 708
707 752
708 74
709 710
709 931
710 86
711 712
711 779
712 228
713 90
713 714
714 891
715 81
715 716
716 383
717 93
717 718
718 972
719 720
719 981
720 54
721 515
721 722
722 422
723 315
723 724
724 401
725 726
725 909
726 908
727 56
727 728
728 984
729 226
729 730
730 440
731 732
731 785
732 22
733 734
733 872
734 531
735 736
735 775
736 517
737 678
737 738
738 326
739 108
739 740
740 884
741 267
741 742
742 456
743 744
743 849
744 530
745 373
745 746
746 592
747 158
747 748
748 358
749 750
749 759
750 390
751 752
751 961
752 80
753 205
753 754
754 378
755 749
755 756
756 747
757 511
757 758
758 11
759 95
759 760
760 202
761 156
761 762
762 266
763 764
763 992
764 1010
765 690
765 766
766 842
767 555
767 768
768 811
769 387
769 770
770 146
771 407
771 772
772 33
773 295
773 774
774 861
775 132
775 776
776 889
777 778
777 977
778 50
779 780
779 869
780 621
781 125
781 782
782 901
783 784
783 859
784 619
785 443
785 786
786 894
787 788
787 853
788 500
789 635
789 790
790 182
791 171
791 792
792 318
793 794
793 958
794 63
795 691
795 796
796 915
797 798
797 1009
798 105
799 800
799 946
800 716
801 802
801 881
802 300
803 605
803 804
804 879
805 276
805 806
806 895
807 371
807 808
808 206
809 536
809 810
810 261
811 753
811 812
812 959
813 284
813 814
814 381
815 704
815 816
816 942
817 818
817 998
818 596
819 820
819 1003
820 2
821 447
821 822
822 294
823 598
823 824
824 878
825 173
825 826
826 526
827 828
827 899
828 968
829 553
829 830
830 864
831 832
831 979
832 184
833 103
833 834
834 154
835 535
835 836
836 986
837 666
837 838
838 673
839 840
839 1008
840 144
841 429
841 842
842 150
843 76
843 844
844 71
845 345
845 846
846 565
847 321
847 848
848 200
849 402
849 850
850 1011
851 771
851 852
852 83
853 854
853 885
854 697
855 761
855 856
856 100
857 774
857 858
858 866
859 8
859 860
860 600
861 862
861 907
862 608
863 805
863 864
864 224
865 838
865 866
866 988
867 147
867 868
868 705
869 481
869 870
870 244
871 328
871 872
872 788
873 499
873 874
874 1005
875 611
875 876
876 291
877 223
877 878
878 432
879 854
879 880
880 88
881 353
881 882
882 405
883 804
883 884
884 392
885 67
885 886
886 322
887 278
887 888
888 900
889 873
889 890
890 145
891 259
891 892
892 280
893 841
893 894
894 922
895 896
895 953
896 610
897 898
897 917
898 343
899 493
899 900
900 718
901 232
901 902
902 529
903 53
903 904
904 782
905 906
905 971
906 634
907 130
907 908
908 312
909 23
909 910
910 36
911 307
911 912
912 948
913 310
913 914
914 367
915 349
915 916
916 606
917 918
917 995
918 912
919 117
919 920
920 488
921 404
921 922
922 748
923 59
923 924
924 566
925 344
925 926
926 599
927 152
927 928
928 742
929 571
929 930
930 1004
931 932
931 975
932 263
933 30
933 934
934 466
935 932
935 936
936 137
937 285
937 938
938 174
939 507
939 940
940 199
941 357
941 942
942 242
943 715
943 944
944 277
945 505
945 946
946 702
947 164
947 948
948 406
949 719
949 950
950 945
951 547
951 952
952 102
953 501
953 954
954 902
955 556
955 956
956 474
957 49
957 958
958 714
959 597
959 960
960 512
961 211
961 962
962 736
963 403
963 964
964 653
965 109
965 966
966 712
967 231
967 968
968 121
969 351
969 970
970 273
971 301
971 972
972 794
973 707
973 974
974 929
975 686
975 976
976 1002
977 209
977 978
978 313
979 45
979 980
980 52
981 319
981 982
982 160
983 680
983 984
984 398
985 449
985 986
986 765
987 192
987 988
988 1001
989 667
989 990
990 829
991 463
991 992
992 216
993 713
993 994
994 728
995 723
995 996
996 721
997 687
997 998
998 391
999 240
999 1000
1000 265
1001 31
1001 1002
1002 298
1003 281
1003 1004
1004 890
1005 868
1005 1006
1006 448
1007 75
1007 1008
1008 703
1009 823
1009 1010
1010 112
1011 47
1011 1012
1012 770
1013 586
1013 1014
1014 119
