0 287
0 370
1 352
1 527
3 169
3 701
4 185
4 262
5 925
6 422
7 131
7 337
8 133
8 851
9 222
10 124
13 224
13 763
15 334
15 957
17 404
17 754
19 366
19 833
21 121
21 314
23 24
23 349
24 904
25 26
25 90
26 968
27 28
27 801
28 648
29 30
29 901
30 519
31 32
31 123
32 626
33 34
33 521
34 412
35 36
35 490
36 959
37 38
37 954
38 10
39 40
39 440
40 477
41 42
41 939
42 798
43 44
43 145
44 970
45 46
45 859
46 288
47 48
47 551
48 672
49 50
49 919
50 376
51 52
51 568
52 84
53 54
53 848
54 867
55 56
55 135
56 909
57 58
57 265
58 966
59 60
59 785
60 108
61 62
61 688
62 899
63 64
63 665
64 668
65 66
65 690
66 408
67 68
67 589
68 576
69 70
69 951
70 374
71 13
71 72
72 507
73 74
73 888
74 637
75 76
75 727
76 171
77 78
77 952
78 180
79 80
79 839
80 354
81 82
81 1010
82 297
83 84
83 821
84 545
85 86
85 627
86 501
87 88
87 117
88 887
89 90
89 889
90 45
91 92
91 663
92 282
93 94
93 258
94 762
95 81
95 96
96 625
97 46
97 98
98 781
99 100
99 977
100 616
101 102
101 322
102 852
103 104
103 794
104 238
105 106
105 197
106 514
107 108
107 685
108 379
109 110
109 198
110 525
111 9
111 112
112 424
113 114
113 778
114 608
115 116
115 638
116 218
117 118
117 245
118 130
119 120
119 675
120 32
121 122
121 755
122 697
123 8
123 124
124 420
125 7
125 126
126 837
127 128
127 547
128 544
129 130
129 1006
130 900
131 132
131 143
132 226
133 134
133 157
134 845
135 136
135 965
136 720
137 138
137 173
138 934
139 140
139 189
140 223
141 142
141 669
142 646
143 144
143 152
144 253
145 146
145 469
146 210
147 148
147 182
148 200
149 111
149 150
150 172
151 152
151 170
152 792
153 154
153 764
154 430
155 156
155 804
156 413
157 158
157 248
158 898
159 125
159 160
160 884
161 162
161 946
162 329
163 164
163 255
164 70
165 166
165 538
166 554
167 168
167 447
168 390
169 170
169 462
170 564
171 54
171 172
172 20
173 174
173 984
174 520
175 176
175 393
176 797
177 178
177 733
178 375
179 180
179 674
180 872
181 182
181 978
182 272
183 184
183 1004
184 866
185 186
185 476
186 682
187 188
187 500
188 862
189 190
189 495
190 482
191 192
191 691
192 631
193 122
193 194
194 260
195 41
195 196
196 40
197 198
197 537
198 744
199 200
199 449
200 298
201 202
201 247
202 221
203 204
203 874
204 6
205 206
205 570
206 318
207 208
207 403
208 782
209 193
209 210
210 147
211 212
211 341
212 632
213 9
213 214
214 348
215 216
215 1013
216 324
217 218
217 225
218 96
219 139
219 220
220 948
221 222
221 811
222 86
223 224
223 242
224 251
225 226
225 596
226 1005
227 107
227 228
228 362
229 230
229 614
230 465
231 232
231 368
232 822
233 34
233 234
234 299
235 236
235 273
236 611
237 92
237 238
238 160
239 240
239 751
240 470
241 242
241 998
242 615
243 244
243 498
244 453
245 246
245 771
246 335
247 55
247 248
248 728
249 250
249 743
250 654
251 76
251 252
252 592
253 254
253 725
254 579
255 256
255 605
256 120
257 100
257 258
258 650
259 260
259 920
260 769
261 262
261 707
262 209
263 264
263 278
264 207
265 266
265 467
266 686
267 268
267 809
268 188
269 270
269 285
270 454
271 272
271 935
272 766
273 274
273 595
274 856
275 276
275 617
276 628
277 278
277 1009
278 893
279 280
279 784
280 213
281 59
281 282
282 814
283 52
283 284
284 683
285 286
285 381
286 540
287 249
287 288
288 539
289 127
289 290
290 499
291 23
291 292
292 446
293 294
293 317
294 714
295 296
295 726
296 696
297 298
297 437
298 16
299 300
299 864
300 450
301 302
301 723
302 205
303 304
303 471
304 921
305 306
305 656
306 168
307 196
307 308
308 684
309 310
309 825
310 402
311 73
311 312
312 622
313 314
313 549
314 709
315 305
315 316
316 191
317 318
317 715
318 1008
319 320
319 369
320 478
321 322
321 689
322 199
323 324
323 371
324 363
325 326
325 873
326 296
327 328
327 747
328 43
329 112
329 330
330 572
331 332
331 1000
332 927
333 181
333 334
334 930
335 275
335 336
336 119
337 338
337 639
338 580
339 340
339 958
340 695
341 243
341 342
342 292
343 88
343 344
344 166
345 346
345 973
346 748
347 348
347 594
348 212
349 350
349 385
350 566
351 352
351 731
352 793
353 354
353 581
354 94
355 356
355 359
356 671
357 358
357 738
358 962
359 360
359 649
360 855
361 362
361 526
362 496
363 364
363 445
364 18
365 366
365 773
366 264
367 368
367 914
368 875
369 321
369 370
370 945
371 165
371 372
372 621
373 374
373 409
374 868
375 325
375 376
376 586
377 378
377 601
378 976
379 380
379 908
380 460
381 382
381 421
382 14
383 384
383 473
384 115
385 386
385 635
386 780
387 388
387 645
388 834
389 390
389 523
390 138
391 159
391 392
392 746
393 271
393 394
394 915
395 396
395 504
396 678
397 140
397 398
398 1001
399 400
399 694
400 492
401 402
401 602
402 312
403 404
403 555
404 82
405 406
405 947
406 183
407 408
407 603
408 176
409 410
409 458
410 230
411 51
411 412
412 405
413 407
413 414
414 332
415 416
415 817
416 378
417 418
417 502
418 532
419 420
419 530
420 186
421 236
421 422
422 933
423 113
423 424
424 36
425 227
425 426
426 432
427 277
427 428
428 828
429 430
429 752
430 591
431 377
431 432
432 1002
433 434
433 902
434 881
435 179
435 436
436 19
437 254
437 438
438 1012
439 39
439 440
440 693
441 126
441 442
442 588
443 444
443 732
444 606
445 309
445 446
446 474
447 448
447 971
448 716
449 450
449 633
450 846
451 268
451 452
452 6
453 454
453 734
454 854
455 456
455 583
456 98
457 434
457 458
458 414
459 460
459 905
460 220
461 190
461 462
462 419
463 464
463 506
464 347
465 466
465 562
466 232
467 201
467 468
468 423
469 360
469 470
470 316
471 472
471 619
472 267
473 474
473 546
474 926
475 476
475 796
476 137
477 478
477 824
478 582
479 389
479 480
480 777
481 290
481 482
482 543
483 484
483 985
484 132
485 151
485 486
486 710
487 25
487 488
488 956
489 433
489 490
490 283
491 492
491 735
492 12
493 167
493 494
494 110
495 496
495 835
496 950
497 333
497 498
498 812
499 343
499 500
500 842
501 263
501 502
502 890
503 504
503 533
504 106
505 463
505 506
506 593
507 508
507 560
508 724
509 510
509 718
510 284
511 50
511 512
512 451
513 514
513 584
514 216
515 516
515 717
516 326
517 397
517 518
518 72
519 327
519 520
520 832
521 522
521 575
522 565
523 457
523 524
524 340
525 526
525 992
526 116
527 528
527 931
528 26
529 219
529 530
530 5
531 503
531 532
532 270
533 534
533 955
534 1007
535 536
535 823
536 364
537 353
537 538
538 767
539 194
539 540
540 109
541 401
541 542
542 452
543 544
543 550
544 184
545 546
545 999
546 373
547 548
547 577
548 831
549 550
549 563
550 810
551 552
551 666
552 400
553 554
553 989
554 759
555 150
555 556
556 485
557 497
557 558
558 27
559 560
559 681
560 826
561 239
561 562
562 704
563 331
563 564
564 774
565 187
565 566
566 93
567 134
567 568
568 103
569 202
569 570
570 819
571 572
571 987
572 820
573 574
573 806
574 5
575 141
575 576
576 344
577 105
577 578
578 659
579 536
579 580
580 37
581 582
581 653
582 276
583 31
583 584
584 17
585 438
585 586
586 758
587 571
587 588
588 657
589 590
589 651
590 559
591 592
591 865
592 912
593 594
593 803
594 524
595 303
595 596
596 304
597 68
597 598
598 306
599 57
599 600
600 104
601 602
601 894
602 95
603 541
603 604
604 11
605 38
605 606
606 10
607 608
607 997
608 624
609 610
609 730
610 240
611 612
611 903
612 356
613 614
613 620
614 128
615 89
615 616
616 838
617 618
617 853
618 339
619 315
619 620
620 67
621 622
621 786
622 386
623 624
623 938
624 416
625 604
625 626
626 346
627 628
627 836
628 969
629 630
629 943
630 22
631 15
631 632
632 164
633 206
633 634
634 410
635 636
635 655
636 217
637 638
637 760
638 44
639 640
639 983
640 768
641 399
641 642
642 486
643 280
643 644
644 468
645 646
645 775
646 233
647 648
647 916
648 721
649 650
649 891
650 1014
651 652
651 974
652 380
653 654
653 761
654 301
655 656
655 829
656 505
657 231
657 658
658 203
659 660
659 729
660 228
661 662
661 783
662 561
663 411
663 664
664 336
665 599
665 666
666 858
667 668
667 799
668 102
669 670
669 869
670 857
671 394
671 672
672 21
673 383
673 674
674 395
675 609
675 676
676 48
677 678
677 772
678 426
679 118
679 680
680 876
681 682
681 993
682 256
683 428
683 684
684 708
685 647
685 686
686 444
687 71
687 688
688 58
689 690
689 917
690 879
691 279
691 692
692 996
693 481
693 694
694 56
695 598
695 696
696 418
697 443
697 698
698 972
699 700
699 918
700 511
701 702
701 953
702 357
703 704
703 737
704 702
705 587
705 706
706 153
707 480
707 708
708 994
709 710
709 885
710 158
711 712
711 795
712 816
713 670
713 714
714 192
715 716
715 739
716 928
717 718
717 844
718 679
719 406
719 720
720 922
721 244
721 722
722 600
723 529
723 724
724 630
725 711
725 726
726 960
727 85
727 728
728 553
729 293
729 730
730 328
731 87
731 732
732 870
733 250
733 734
734 986
735 427
735 736
736 557
737 384
737 738
738 790
739 531
739 740
740 509
741 742
741 923
742 162
743 667
743 744
744 712
745 237
745 746
746 808
747 425
747 748
748 552
749 750
749 924
750 807
751 75
751 752
752 311
753 269
753 754
754 940
755 756
755 770
756 510
757 101
757 758
758 456
759 706
759 760
760 981
761 291
761 762
762 742
763 764
763 941
764 295
765 534
765 766
766 906
767 522
767 768
768 756
769 62
769 770
770 700
771 63
771 772
772 741
773 636
773 774
774 618
775 144
775 776
776 942
777 643
777 778
778 515
779 415
779 780
780 358
781 508
781 782
782 342
783 355
783 784
784 69
785 175
785 786
786 629
787 788
787 937
788 513
789 516
789 790
790 361
791 97
791 792
792 461
793 489
793 794
794 323
795 687
795 796
796 435
797 77
797 798
798 136
799 289
799 800
800 491
801 129
801 802
802 204
803 804
803 967
804 757
805 806
805 830
806 429
807 640
807 808
808 300
809 548
809 810
810 750
811 345
811 812
812 398
813 338
813 814
814 791
815 319
815 816
816 161
817 818
817 929
818 114
819 155
819 820
820 42
821 558
821 822
822 995
823 610
823 824
824 61
825 676
825 826
826 910
827 149
827 828
828 229
829 29
829 830
830 840
831 83
831 832
832 163
833 813
833 834
834 949
835 49
835 836
836 765
837 30
837 838
838 350
839 840
839 863
840 441
841 241
841 842
842 877
843 455
843 844
844 779
845 195
845 846
846 308
847 787
847 848
848 259
849 699
849 850
850 745
851 439
851 852
852 880
853 800
853 854
854 2
855 487
855 856
856 963
857 815
857 858
858 1011
859 28
859 860
860 677
861 391
861 862
862 882
863 864
863 991
864 982
865 644
865 866
866 964
867 512
867 868
868 961
869 479
869 870
870 860
871 849
871 872
872 208
873 874
873 932
874 897
875 658
875 876
876 78
877 257
877 878
878 703
879 313
879 880
880 749
881 713
881 882
882 878
883 436
883 884
884 146
885 634
885 886
886 266
887 662
887 888
888 431
889 705
889 890
890 154
891 578
891 892
892 944
893 894
893 907
894 60
895 24
895 896
896 892
897 286
897 898
898 990
899 740
899 900
900 66
901 351
901 902
902 281
903 569
903 904
904 597
905 142
905 906
906 556
907 573
907 908
908 1003
909 234
909 910
910 382
911 79
911 912
912 896
913 612
913 914
914 535
915 871
915 916
916 847
917 517
917 918
918 805
919 567
919 920
920 214
921 367
921 922
922 148
923 818
923 924
924 388
925 680
925 926
926 652
927 928
927 988
928 294
929 528
929 930
930 252
931 753
931 932
932 33
933 719
933 934
934 980
935 911
935 936
936 320
937 664
937 938
938 979
939 827
939 940
940 883
941 215
941 942
942 788
943 623
943 944
944 850
945 302
945 946
946 802
947 736
947 948
948 542
949 310
949 950
950 488
951 261
951 952
952 466
953 307
953 954
954 442
955 99
955 956
956 641
957 80
957 958
958 585
959 53
959 960
960 660
961 494
961 962
962 392
963 673
963 964
964 698
965 235
965 966
966 936
967 246
967 968
968 475
969 613
969 970
970 722
971 459
971 972
972 692
973 861
973 974
974 35
975 417
975 976
976 590
977 1
977 978
978 211
979 3
979 980
980 789
981 4
981 982
982 174
983 607
983 984
984 274
985 178
985 986
986 372
987 843
987 988
988 776
989 895
989 990
990 518
991 483
991 992
992 330
993 448
993 994
994 642
995 574
995 996
996 396
997 387
997 998
998 177
999 65
999 1000
1000 484
1001 365
1001 1002
1002 886
1003 156
1003 1004
1004 464
1005 74
1005 1006
1006 47
1007 91
1007 1008
1008 913
1009 661
1009 1010
1010 472
1011 975
1011 1012
1012 64
1013 841
1013 1014
1014 493
