0 643
0 875
2 447
2 848
3 413
3 579
5 722
4 26
4 794
6 695
9 69
9 201
10 491
10 937
12 713
11 649
13 235
13 497
15 667
15 803
17 42
17 350
19 631
19 938
21 407
21 530
23 24
23 247
24 244
25 26
25 263
26 299
27 28
27 301
28 800
29 30
29 468
30 256
31 32
31 871
32 260
33 34
33 858
34 159
35 36
35 123
36 140
37 38
37 355
38 253
39 40
39 915
40 1011
41 42
41 471
42 720
43 44
43 849
44 939
45 46
45 700
46 573
47 48
47 771
48 975
49 50
49 363
50 168
51 52
51 327
52 742
53 54
53 829
54 352
55 56
55 628
56 870
57 58
57 842
58 1002
59 60
59 822
60 38
61 62
61 88
62 706
63 64
63 70
64 559
65 66
65 577
66 534
67 68
67 680
68 1007
69 70
69 145
70 1001
71 72
71 979
72 664
73 74
73 227
74 283
75 76
75 518
76 230
77 78
77 503
78 308
79 47
79 80
80 892
81 82
81 798
82 120
83 84
83 136
84 274
85 74
85 86
86 571
87 88
87 354
88 17
89 90
89 356
90 954
91 92
91 359
92 182
93 94
93 701
94 278
95 96
95 395
96 290
97 98
97 957
98 563
99 100
99 502
100 1009
101 102
101 118
102 456
103 104
103 506
104 1000
105 106
105 850
106 390
107 108
107 809
108 148
109 110
109 947
110 662
111 11
111 112
112 489
113 114
113 719
114 621
115 116
115 285
116 781
117 118
117 749
118 843
119 120
119 658
120 242
121 122
121 955
122 775
123 124
123 580
124 400
125 126
125 202
126 169
127 128
127 650
128 902
129 130
129 879
130 729
131 132
131 778
132 444
133 134
133 357
134 860
135 136
135 393
136 504
137 138
137 200
138 982
139 140
139 766
140 966
141 142
141 196
142 549
143 144
143 188
144 745
145 37
145 146
146 747
147 148
147 398
148 578
149 150
149 555
150 32
151 152
151 653
152 388
153 154
153 698
154 608
155 156
155 523
156 328
157 158
157 420
158 76
159 160
159 213
160 329
161 162
161 292
162 768
163 77
163 164
164 212
165 166
165 769
166 707
167 168
167 492
168 451
169 170
169 211
170 859
171 172
171 602
172 463
173 157
173 174
174 314
175 176
175 780
176 80
177 6
177 178
178 598
179 180
179 533
180 823
181 149
181 182
182 330
183 184
183 847
184 740
185 186
185 302
186 464
187 188
187 941
188 132
189 68
189 190
190 377
191 192
191 401
192 792
193 15
193 194
194 66
195 196
195 969
196 813
197 198
197 382
198 173
199 200
199 396
200 204
201 202
201 515
202 715
203 204
203 762
204 297
205 63
205 206
206 93
207 208
207 418
208 1012
209 210
209 337
210 764
211 212
211 821
212 806
213 143
213 214
214 325
215 216
215 584
216 369
217 218
217 389
218 52
219 220
219 295
220 162
221 180
221 222
222 500
223 224
223 773
224 558
225 91
225 226
226 965
227 228
227 627
228 324
229 230
229 590
230 998
231 232
231 983
232 760
233 234
233 317
234 272
235 34
235 236
236 224
237 99
237 238
238 101
239 43
239 240
240 217
241 242
241 854
242 1004
243 244
243 851
244 176
245 246
245 449
246 668
247 248
247 438
248 972
249 250
249 543
250 79
251 252
251 721
252 268
253 254
253 830
254 752
255 256
255 853
256 340
257 231
257 258
258 824
259 260
259 537
260 790
261 262
261 726
262 517
263 170
263 264
264 1010
265 266
265 675
266 450
267 268
267 735
268 181
269 270
269 863
270 194
271 272
271 743
272 900
273 53
273 274
274 826
275 276
275 673
276 836
277 278
277 341
278 164
279 280
279 286
280 522
281 282
281 725
282 527
283 284
283 535
284 739
285 286
285 645
286 375
287 288
287 513
288 452
289 290
289 746
290 592
291 292
291 977
292 81
293 294
293 960
294 944
295 296
295 943
296 189
297 298
297 883
298 993
299 300
299 411
300 890
301 302
301 569
302 94
303 304
303 959
304 757
305 306
305 888
306 553
307 255
307 308
308 156
309 310
309 615
310 669
311 4
311 312
312 898
313 314
313 928
314 92
315 316
315 597
316 82
317 318
317 416
318 139
319 320
319 856
320 642
321 154
321 322
322 704
323 324
323 885
324 866
325 326
325 951
326 812
327 313
327 328
328 934
329 330
329 554
330 776
331 332
331 581
332 51
333 334
333 403
334 349
335 336
335 394
336 440
337 27
337 338
338 618
339 303
339 340
340 801
341 315
341 342
342 787
343 344
343 953
344 376
345 346
345 909
346 878
347 348
347 777
348 832
349 311
349 350
350 127
351 352
351 477
352 442
353 354
353 647
354 441
355 356
355 913
356 351
357 358
357 997
358 270
359 360
359 415
360 968
361 151
361 362
362 432
363 364
363 380
364 656
365 273
365 366
366 214
367 305
367 368
368 862
369 370
369 466
370 406
371 89
371 372
372 995
373 374
373 828
374 641
375 376
375 963
376 542
377 378
377 796
378 366
379 117
379 380
380 373
381 382
381 840
382 620
383 384
383 779
384 730
385 309
385 386
386 811
387 388
387 629
388 970
389 296
389 390
390 514
391 392
391 423
392 940
393 394
393 681
394 896
395 233
395 396
396 614
397 150
397 398
398 990
399 400
399 765
400 606
401 402
401 613
402 814
403 251
403 404
404 433
405 406
405 825
406 368
407 408
407 906
408 560
409 410
409 507
410 654
411 61
411 412
412 178
413 414
413 436
414 505
415 416
415 831
416 419
417 33
417 418
418 334
419 163
419 420
420 78
421 422
421 623
422 751
423 207
423 424
424 600
425 191
425 426
426 494
427 428
427 651
428 496
429 430
429 737
430 6
431 432
431 767
432 639
433 399
433 434
434 868
435 206
435 436
436 46
437 438
437 1014
438 874
439 440
439 788
440 942
441 442
441 748
442 185
443 444
443 574
444 956
445 282
445 446
446 570
447 171
447 448
448 804
449 450
449 607
450 724
451 124
451 452
452 5
453 454
453 566
454 304
455 456
455 1013
456 383
457 458
457 481
458 585
459 460
459 564
460 712
461 104
461 462
462 228
463 259
463 464
464 976
465 331
465 466
466 593
467 193
467 468
468 409
469 470
469 495
470 572
471 291
471 472
472 119
473 474
473 816
474 210
475 197
475 476
476 802
477 71
477 478
478 281
479 480
479 736
480 546
481 482
481 865
482 604
483 284
483 484
484 265
485 486
485 511
486 697
487 277
487 488
488 344
489 490
489 759
490 674
491 195
491 492
492 31
493 494
493 921
494 897
495 239
495 496
496 105
497 498
497 815
498 121
499 500
499 624
500 241
501 209
501 502
502 141
503 379
503 504
504 797
505 72
505 506
506 652
507 269
507 508
508 670
509 510
509 893
510 702
511 245
511 512
512 49
513 237
513 514
514 264
515 125
515 516
516 818
517 518
517 844
518 984
519 520
519 625
520 684
521 522
521 927
522 948
523 524
523 869
524 257
525 526
525 588
526 1003
527 528
527 793
528 248
529 35
529 530
530 632
531 29
531 532
532 799
533 425
533 534
534 894
535 12
535 536
536 795
537 528
537 538
538 54
539 540
539 731
540 876
541 167
541 542
542 138
543 41
543 544
544 184
545 11
545 546
546 548
547 531
547 548
548 763
549 12
549 550
550 904
551 552
551 931
552 805
553 199
553 554
554 974
555 374
555 556
556 946
557 110
557 558
558 280
559 560
559 991
560 886
561 562
561 978
562 431
563 40
563 564
564 690
565 111
565 566
566 663
567 568
567 619
568 683
569 570
569 609
570 839
571 572
571 867
572 891
573 391
573 574
574 58
575 358
575 576
576 612
577 135
577 578
578 640
579 580
579 723
580 50
581 98
581 582
582 1006
583 545
583 584
584 153
585 378
585 586
586 320
587 179
587 588
588 475
589 65
589 590
590 616
591 592
591 596
592 437
593 232
593 594
594 732
595 596
595 753
596 512
597 524
597 598
598 326
599 307
599 600
600 412
601 602
601 659
602 275
603 67
603 604
604 220
605 583
605 606
606 116
607 608
607 638
608 346
609 610
609 655
610 458
611 612
611 877
612 696
613 599
613 614
614 469
615 155
615 616
616 384
617 618
617 912
618 525
619 526
619 620
620 544
621 3
621 622
622 254
623 57
623 624
624 161
625 472
625 626
626 980
627 485
627 628
628 552
629 333
629 630
630 538
631 404
631 632
632 988
633 498
633 634
634 322
635 539
635 636
636 229
637 521
637 638
638 919
639 293
639 640
640 756
641 529
641 642
642 782
643 611
643 644
644 924
645 478
645 646
646 905
647 10
647 648
648 551
649 112
649 650
650 102
651 85
651 652
652 889
653 654
653 783
654 462
655 287
655 656
656 708
657 103
657 658
658 575
659 113
659 660
660 789
661 323
661 662
662 342
663 64
663 664
664 861
665 605
665 666
666 262
667 668
667 833
668 918
669 670
669 785
670 25
671 205
671 672
672 474
673 674
673 679
674 114
675 84
675 676
676 7
677 226
677 678
678 461
679 367
679 680
680 920
681 682
681 901
682 470
683 22
683 684
684 158
685 678
685 686
686 633
687 688
687 903
688 510
689 690
689 709
690 338
691 107
691 692
692 755
693 453
693 694
694 644
695 696
695 770
696 62
697 203
697 698
698 490
699 142
699 700
700 677
701 702
701 985
702 258
703 626
703 704
704 961
705 509
705 706
706 289
707 364
707 708
708 306
709 225
709 710
710 917
711 372
711 712
712 288
713 267
713 714
714 36
715 249
715 716
716 252
717 595
717 718
718 126
719 445
719 720
720 318
721 722
721 933
722 586
723 724
723 741
724 482
725 565
725 726
726 165
727 86
727 728
728 319
729 682
729 730
730 222
731 486
731 732
732 855
733 371
733 734
734 426
735 223
735 736
736 421
737 738
737 925
738 348
739 582
739 740
740 160
741 589
741 742
742 23
743 665
743 744
744 657
745 434
745 746
746 198
747 748
747 973
748 716
749 710
749 750
750 18
751 752
751 936
752 459
753 754
753 761
754 300
755 216
755 756
756 408
757 131
757 758
758 914
759 760
759 1005
760 516
761 762
761 935
762 129
763 59
763 764
764 550
765 766
765 987
766 884
767 100
767 768
768 916
769 310
769 770
770 594
771 772
771 808
772 172
773 591
773 774
774 276
775 567
775 776
776 236
777 221
777 778
778 20
779 694
779 780
780 622
781 465
781 782
782 246
783 717
783 784
784 96
785 95
785 786
786 429
787 430
787 788
788 872
789 443
789 790
790 750
791 144
791 792
792 630
793 261
793 794
794 661
795 796
795 846
796 967
797 405
797 798
798 473
799 718
799 800
800 147
801 772
801 802
802 336
803 804
803 926
804 992
805 806
805 996
806 335
807 808
807 989
808 986
809 635
809 810
810 705
811 187
811 812
812 439
813 435
813 814
814 343
815 238
815 816
816 48
817 818
817 841
818 339
819 519
819 820
820 910
821 250
821 822
822 837
823 137
823 824
824 294
825 87
825 826
826 899
827 828
827 911
828 981
829 830
829 887
830 234
831 832
831 971
832 5
833 689
833 834
834 122
835 21
835 836
836 424
837 838
837 1008
838 192
839 734
839 840
840 508
841 671
841 842
842 603
843 215
843 844
844 370
845 846
845 923
846 484
847 455
847 848
848 83
849 13
849 850
850 499
851 45
851 852
852 457
853 827
853 854
854 556
855 856
855 895
856 16
857 279
857 858
858 493
859 414
859 860
860 819
861 557
861 862
862 908
863 479
863 864
864 28
865 866
865 873
866 962
867 536
867 868
868 55
869 9
869 870
870 410
871 109
871 872
872 932
873 874
873 880
874 476
875 540
875 876
876 617
877 385
877 878
878 852
879 243
879 880
880 791
881 882
881 922
882 958
883 483
883 884
884 397
885 807
885 886
886 1
887 786
887 888
888 881
889 39
889 890
890 106
891 660
891 892
892 634
893 686
893 894
894 386
895 130
895 896
896 14
897 685
897 898
898 362
899 692
899 900
900 646
901 487
901 902
902 666
903 904
903 945
904 316
905 488
905 906
906 298
907 864
907 908
908 520
909 547
909 910
910 576
911 817
911 912
912 146
913 845
913 914
914 128
915 916
915 930
916 360
917 857
917 918
918 994
919 711
919 920
920 691
921 2
921 922
922 693
923 387
923 924
924 907
925 73
925 926
926 610
927 587
927 928
928 208
929 190
929 930
930 882
931 56
931 932
932 636
933 97
933 934
934 24
935 733
935 936
936 703
937 467
937 938
938 312
939 448
939 940
940 676
941 835
941 942
942 950
943 417
943 944
944 460
945 601
945 946
946 454
947 183
947 948
948 568
949 345
949 950
950 8
951 152
951 952
952 728
953 381
953 954
954 30
955 321
955 956
956 964
957 353
957 958
958 714
959 562
959 960
960 60
961 952
961 962
962 75
963 365
963 964
964 672
965 561
965 966
966 134
967 175
967 968
968 174
969 637
969 970
970 90
971 361
971 972
972 480
973 446
973 974
974 186
975 929
975 976
976 784
977 427
977 978
978 166
979 115
979 980
980 177
981 982
981 999
982 774
983 347
983 984
984 754
985 699
985 986
986 402
987 501
987 988
988 422
989 532
989 990
990 133
991 949
991 992
992 392
993 266
993 994
994 44
995 271
995 996
996 428
997 648
997 998
998 108
999 219
999 1000
1000 834
1001 541
1001 1002
1002 218
1003 758
1003 1004
1004 838
1005 19
1005 1006
1006 727
1007 332
1007 1008
1008 820
1009 744
1009 1010
1010 738
1011 240
1011 1012
1012 810
1013 687
1013 1014
1014 688
