0 243
0 303
2 200
2 707
3 129
3 629
4 494
4 539
6 1
5 854
7 72
7 85
8 207
8 944
9 89
10 896
13 880
13 980
15 38
15 710
17 244
17 603
19 393
19 805
21 514
21 652
23 24
23 850
24 474
25 26
25 909
26 708
27 28
27 277
28 821
29 30
29 458
30 469
31 32
31 269
32 968
33 34
33 125
34 956
35 36
35 235
36 587
37 38
37 737
38 194
39 40
39 718
40 868
41 42
41 157
42 394
43 44
43 201
44 963
45 46
45 978
46 871
47 48
47 949
48 786
49 50
49 929
50 179
51 52
51 197
52 940
53 54
53 757
54 160
55 56
55 191
56 781
57 58
57 528
58 221
59 60
59 482
60 860
61 62
61 78
62 362
63 64
63 561
64 90
65 66
65 899
66 634
67 8
67 68
68 10
69 70
69 75
70 542
71 72
71 819
72 610
73 74
73 279
74 468
75 76
75 334
76 817
77 78
77 325
78 771
79 80
79 711
80 96
81 82
81 432
82 118
83 84
83 361
84 100
85 86
85 982
86 399
87 88
87 689
88 911
89 90
89 806
90 545
91 92
91 365
92 266
93 94
93 480
94 164
95 96
95 983
96 534
97 98
97 583
98 674
99 100
99 182
100 256
101 102
101 913
102 984
103 104
103 284
104 746
105 106
105 233
106 437
107 108
107 869
108 516
109 87
109 110
110 74
111 112
111 894
112 848
113 114
113 488
114 910
115 116
115 503
116 631
117 118
117 906
118 220
119 120
119 836
120 520
121 122
121 759
122 832
123 124
123 1006
124 172
125 126
125 971
126 676
127 128
127 677
128 657
129 23
129 130
130 908
131 132
131 859
132 162
133 134
133 797
134 1002
135 136
135 647
136 293
137 138
137 838
138 168
139 63
139 140
140 144
141 142
141 467
142 820
143 144
143 673
144 716
145 146
145 888
146 238
147 148
147 155
148 598
149 150
149 867
150 917
151 67
151 152
152 551
153 154
153 630
154 616
155 156
155 565
156 872
157 158
157 681
158 231
159 160
159 549
160 123
161 162
161 851
162 386
163 164
163 183
164 875
165 166
165 359
166 642
167 168
167 543
168 111
169 170
169 556
170 774
171 27
171 172
172 368
173 174
173 912
174 314
175 176
175 563
176 273
177 156
177 178
178 802
179 180
179 645
180 660
181 182
181 858
182 728
183 184
183 981
184 719
185 186
185 827
186 621
187 188
187 609
188 230
189 190
189 1005
190 419
191 192
191 670
192 654
193 194
193 706
194 502
195 196
195 451
196 740
197 198
197 782
198 532
199 149
199 200
200 553
201 202
201 308
202 190
203 151
203 204
204 146
205 206
205 649
206 823
207 208
207 831
208 988
209 210
209 481
210 449
211 198
211 212
212 576
213 214
213 431
214 306
215 136
215 216
216 223
217 218
217 383
218 283
219 145
219 220
220 586
221 21
221 222
222 102
223 224
223 678
224 440
225 226
225 307
226 112
227 228
227 276
228 418
229 230
229 947
230 907
231 232
231 336
232 278
233 152
233 234
234 637
235 236
235 510
236 575
237 238
237 873
238 886
239 240
239 304
240 69
241 242
241 427
242 330
243 244
243 535
244 1000
245 246
245 755
246 257
247 248
247 327
248 685
249 41
249 250
250 181
251 252
251 258
252 745
253 254
253 439
254 1001
255 256
255 650
256 507
257 192
257 258
258 86
259 260
259 547
260 267
261 262
261 282
262 356
263 48
263 264
264 558
265 121
265 266
266 254
267 36
267 268
268 369
269 270
269 413
270 108
271 199
271 272
272 253
273 274
273 607
274 122
275 276
275 462
276 835
277 278
277 373
278 294
279 280
279 752
280 965
281 282
281 463
282 776
283 284
283 323
284 299
285 286
285 483
286 459
287 288
287 794
288 562
289 169
289 290
290 876
291 292
291 862
292 15
293 294
293 493
294 738
295 296
295 409
296 905
297 298
297 408
298 287
299 132
299 300
300 322
301 302
301 397
302 1012
303 304
303 793
304 315
305 306
305 416
306 222
307 308
307 548
308 914
309 310
309 367
310 885
311 312
311 406
312 154
313 314
313 932
314 412
315 316
315 762
316 570
317 227
317 318
318 688
319 320
319 933
320 180
321 322
321 972
322 829
323 80
323 324
324 252
325 326
325 345
326 10
327 328
327 537
328 843
329 71
329 330
330 159
331 332
331 651
332 602
333 334
333 915
334 992
335 260
335 336
336 360
337 338
337 552
338 694
339 340
339 600
340 456
341 342
341 735
342 863
343 344
343 777
344 114
345 328
345 346
346 741
347 348
347 761
348 608
349 79
349 350
350 186
351 352
351 686
352 770
353 296
353 354
354 499
355 356
355 996
356 465
357 358
357 641
358 925
359 360
359 973
360 856
361 340
361 362
362 765
363 364
363 475
364 636
365 19
365 366
366 845
367 368
367 379
368 290
369 370
369 517
370 106
371 213
371 372
372 211
373 374
373 769
374 280
375 376
375 471
376 312
377 35
377 378
378 842
379 209
379 380
380 120
381 382
381 617
382 344
383 384
383 721
384 42
385 386
385 695
386 595
387 388
387 540
388 452
389 390
389 825
390 653
391 392
391 498
392 54
393 394
393 691
394 133
395 396
395 697
396 790
397 161
397 398
398 700
399 400
399 1004
400 453
401 236
401 402
402 68
403 404
403 1003
404 639
405 401
405 406
406 53
407 408
407 803
408 764
409 410
409 773
410 387
411 412
411 729
412 302
413 414
413 555
414 229
415 339
415 416
416 922
417 31
417 418
418 557
419 226
419 420
420 82
421 422
421 648
422 624
423 424
423 592
424 720
425 426
425 985
426 753
427 428
427 895
428 787
429 430
429 807
430 666
431 432
431 927
432 44
433 313
433 434
434 124
435 165
435 436
436 384
437 438
437 941
438 596
439 440
439 484
440 529
441 442
441 722
442 635
443 176
443 444
444 714
445 446
445 569
446 518
447 372
447 448
448 206
449 450
449 952
450 335
451 452
451 505
452 588
453 332
453 454
454 22
455 13
455 456
456 177
457 291
457 458
458 460
459 316
459 460
460 530
461 462
461 491
462 193
463 428
463 464
464 500
465 466
465 620
466 142
467 468
467 727
468 20
469 470
469 882
470 6
471 346
471 472
472 580
473 317
473 474
474 628
475 246
475 476
476 4
477 478
477 891
478 185
479 116
479 480
480 407
481 482
481 743
482 546
483 3
483 484
484 473
485 237
485 486
486 844
487 488
487 902
488 853
489 271
489 490
490 849
491 492
491 799
492 665
493 143
493 494
494 926
495 25
495 496
496 582
497 498
497 975
498 1007
499 500
499 513
500 6
501 212
501 502
502 726
503 268
503 504
504 420
505 506
505 606
506 486
507 508
507 661
508 554
509 77
509 510
510 521
511 347
511 512
512 228
513 492
513 514
514 32
515 65
515 516
516 725
517 224
517 518
518 918
519 446
519 520
520 58
521 522
521 625
522 219
523 461
523 524
524 504
525 131
525 526
526 585
527 528
527 967
528 357
529 234
529 530
530 298
531 532
531 659
532 218
533 534
533 733
534 544
535 536
535 591
536 804
537 435
537 538
538 712
539 540
539 669
540 487
541 385
541 542
542 846
543 544
543 837
544 402
545 546
545 730
546 300
547 548
547 571
548 667
549 141
549 550
550 497
551 135
551 552
552 568
553 377
553 554
554 232
555 318
555 556
556 784
557 137
557 558
558 202
559 329
559 560
560 506
561 39
561 562
562 618
563 564
563 615
564 699
565 189
565 566
566 93
567 378
567 568
568 262
569 570
569 644
570 470
571 225
571 572
572 105
573 574
573 841
574 828
575 138
575 576
576 864
577 341
577 578
578 638
579 580
579 901
580 140
581 582
581 993
582 364
583 363
583 584
584 870
585 536
585 586
586 170
587 588
587 1009
588 12
589 509
589 590
590 476
591 495
591 592
592 833
593 56
593 594
594 578
595 30
595 596
596 382
597 274
597 598
598 664
599 600
599 795
600 295
601 602
601 815
602 208
603 604
603 768
604 751
605 255
605 606
606 763
607 531
607 608
608 455
609 610
609 744
610 675
611 216
611 612
612 816
613 605
613 614
614 66
615 309
615 616
616 822
617 584
617 618
618 70
619 620
619 826
620 754
621 292
621 622
622 264
623 354
623 624
624 658
625 626
625 969
626 903
627 281
627 628
628 366
629 215
629 630
630 671
631 128
631 632
632 104
633 634
633 950
634 766
635 632
635 636
636 698
637 550
637 638
638 139
639 342
639 640
640 524
641 485
641 642
642 756
643 33
643 644
644 581
645 646
645 977
646 113
647 18
647 648
648 326
649 265
649 650
650 734
651 652
651 961
652 824
653 248
653 654
654 564
655 656
655 713
656 119
657 658
657 684
658 5
659 599
659 660
660 959
661 448
661 662
662 442
663 664
663 775
664 130
665 666
665 1014
666 808
667 245
667 668
668 450
669 415
669 670
670 946
671 672
671 998
672 305
673 577
673 674
674 45
675 676
675 692
676 134
677 259
677 678
678 214
679 97
679 680
680 464
681 682
681 991
682 29
683 527
683 684
684 333
685 686
685 796
686 601
687 171
687 688
688 731
689 127
689 690
690 594
691 55
691 692
692 242
693 694
693 962
694 990
695 696
695 897
696 920
697 698
697 883
698 724
699 590
699 700
700 26
701 702
701 937
702 270
703 589
703 704
704 9
705 285
705 706
706 239
707 425
707 708
708 612
709 349
709 710
710 748
711 167
711 712
712 92
713 714
713 818
714 110
715 716
715 798
716 696
717 718
717 957
718 445
719 720
719 772
720 736
721 321
721 722
722 690
723 411
723 724
724 376
725 597
725 726
726 622
727 343
727 728
728 976
729 730
729 847
730 355
731 604
731 732
732 810
733 375
733 734
734 147
735 736
735 857
736 680
737 738
737 1011
738 204
739 436
739 740
740 438
741 704
741 742
742 626
743 205
743 744
744 877
745 24
745 746
746 350
747 748
747 792
748 16
749 750
749 900
750 964
751 752
751 811
752 447
753 754
753 809
754 834
755 429
755 756
756 14
757 94
757 758
758 472
759 760
759 919
760 5
761 525
761 762
762 779
763 512
763 764
764 878
765 195
765 766
766 84
767 477
767 768
768 945
769 390
769 770
770 939
771 572
771 772
772 633
773 250
773 774
774 320
775 703
775 776
776 623
777 778
777 783
778 986
779 423
779 780
780 414
781 9
781 782
782 57
783 515
783 784
784 662
785 643
785 786
786 52
787 788
787 997
788 286
789 790
789 943
790 457
791 275
791 792
792 47
793 389
793 794
794 758
795 541
795 796
796 935
797 687
797 798
798 742
799 175
799 800
800 788
801 511
801 802
802 852
803 723
803 804
804 353
805 785
805 806
806 50
807 489
807 808
808 954
809 810
809 874
810 117
811 619
811 812
812 398
813 814
813 987
814 76
815 403
815 816
816 454
817 150
817 818
818 715
819 109
819 820
820 930
821 188
821 822
822 1008
823 28
823 824
824 338
825 701
825 826
826 892
827 263
827 828
828 184
829 760
829 830
830 812
831 163
831 832
832 814
833 7
833 834
834 682
835 101
835 836
836 614
837 838
837 887
838 478
839 732
839 840
840 311
841 249
841 842
842 747
843 49
843 844
844 938
845 404
845 846
846 496
847 526
847 848
848 392
849 348
849 850
850 352
851 443
851 852
852 380
853 64
853 854
854 519
855 709
855 856
856 839
857 217
857 858
858 490
859 319
859 860
860 560
861 523
861 862
862 62
863 574
863 864
864 840
865 567
865 866
866 391
867 791
867 868
868 73
869 381
869 870
870 40
871 421
871 872
872 646
873 874
873 890
874 866
875 876
875 928
876 60
877 878
877 1013
878 780
879 739
879 880
880 310
881 702
881 882
882 153
883 884
883 974
884 405
885 358
885 886
886 640
887 888
887 979
888 203
889 789
889 890
890 417
891 247
891 892
892 970
893 522
893 894
894 103
895 187
895 896
896 337
897 17
897 898
898 466
899 272
899 900
900 717
901 902
901 995
902 566
903 778
903 904
904 158
905 441
905 906
906 422
907 374
907 908
908 508
909 241
909 910
910 672
911 538
911 912
912 99
913 914
913 953
914 83
915 240
915 916
916 749
917 918
917 999
918 81
919 813
919 920
920 388
921 324
921 922
922 936
923 174
923 924
924 424
925 865
925 926
926 916
927 889
927 928
928 923
929 395
929 930
930 370
931 559
931 932
932 126
933 2
933 934
934 88
935 371
935 936
936 942
937 767
937 938
938 800
939 479
939 940
940 410
941 942
941 958
942 178
943 683
943 944
944 251
945 61
945 946
946 261
947 656
947 948
948 166
949 351
949 950
950 173
951 593
951 952
952 51
953 954
953 955
954 750
955 533
955 956
956 501
957 613
957 958
958 444
959 830
959 960
960 11
961 579
961 962
962 34
963 693
963 964
964 434
965 59
965 966
966 960
967 627
967 968
968 288
969 970
969 989
970 679
971 951
971 972
972 879
973 855
973 974
974 931
975 43
975 976
976 655
977 573
977 978
978 921
979 861
979 980
980 948
981 91
981 982
982 396
983 893
983 984
984 430
985 663
985 986
986 1010
987 801
987 988
988 148
989 95
989 990
990 400
991 301
991 992
992 433
993 426
993 994
994 297
995 107
995 996
996 884
997 934
997 998
998 994
999 898
999 1000
1000 966
1001 210
1001 1002
1002 611
1003 115
1003 1004
1004 668
1005 904
1005 1006
1006 196
1007 37
1007 1008
1008 924
1009 331
1009 1010
1010 46
1011 98
1011 1012
1012 289
1013 705
1013 1014
1014 881
