12 Af-F
20 Af-S
11 Fl-1S
15 Fl-2s
23 Fl-F
14 Fr-F
18 Fr-S
19 Ja-F
49 Ja-S
12 Wa-F
13 Wa-S
13 11
21 11
14 12
38 13
37 14
16 15
27 15
17 16
22 16
33 17
55 17
24 18
57 18
26 19
35 19
30 20
41 20
31 21
54 21
24 22
94 22
42 23
67 23
25 24
29 25
34 25
64 26
90 26
28 27
39 27
40 28
65 28
43 29
63 29
31 30
71 30
32 31
34 32
86 32
41 33
61 33
46 34
36 35
47 35
48 36
61 36
50 37
64 37
51 38
76 38
57 39
69 39
87 40
92 40
75 41
56 42
78 42
44 43
58 43
45 44
91 44
59 45
73 45
51 46
59 46
83 47
85 47
60 48
80 48
53 49
62 49
67 50
74 50
52 51
53 52
75 52
69 53
56 54
58 54
76 55
81 55
60 56
70 57
62 58
72 59
82 60
68 61
63 62
84 63
65 64
66 65
88 66
93 66
68 67
79 68
70 69
71 70
72 71
73 72
74 73
89 74
77 75
77 76
78 77
79 78
80 79
81 80
82 81
83 82
84 83
85 84
86 85
87 86
88 87
89 88
90 89
91 90
92 91
93 92
94 93
