0 133
0 207
3 63
3 397
4 433
4 634
5 254
6 208
7 478
7 497
8 164
8 726
9 351
10 74
11 245
11 355
13 127
13 179
15 524
15 637
17 68
17 380
19 341
19 382
21 330
21 677
23 24
23 504
24 266
25 26
25 41
26 431
27 28
27 795
28 756
29 30
29 608
30 515
31 32
31 747
32 483
33 34
33 471
34 568
35 36
35 540
36 487
37 38
37 519
38 65
39 40
39 709
40 47
41 42
41 480
42 790
43 44
43 334
44 594
45 46
45 274
46 492
47 48
47 661
48 548
49 50
49 798
50 144
51 52
51 547
52 745
53 54
53 166
54 95
55 56
55 379
56 353
57 58
57 682
58 251
59 60
59 551
60 596
61 62
61 708
62 534
63 64
63 529
64 474
65 66
65 448
66 18
67 68
67 399
68 140
69 70
69 671
70 329
71 72
71 615
72 772
73 74
73 499
74 762
75 76
75 413
76 258
77 78
77 521
78 486
79 80
79 411
80 147
81 82
81 389
82 232
83 84
83 783
84 9
85 86
85 291
86 625
87 88
87 89
88 617
89 7
89 90
90 323
91 92
91 289
92 476
93 94
93 336
94 517
95 96
95 643
96 314
97 98
97 738
98 236
99 61
99 100
100 556
101 102
101 170
102 662
103 104
103 757
104 142
105 106
105 755
106 188
107 108
107 192
108 216
109 110
109 141
110 468
111 112
111 789
112 718
113 114
113 541
114 118
115 116
115 489
116 635
117 118
117 639
118 191
119 120
119 626
120 196
121 122
121 776
122 78
123 124
123 763
124 449
125 126
125 533
126 217
127 128
127 675
128 432
129 130
129 522
130 209
131 132
131 567
132 488
133 134
133 811
134 352
135 5
135 136
136 6
137 138
137 650
138 644
139 140
139 220
140 198
141 142
141 572
142 785
143 144
143 649
144 654
145 146
145 753
146 658
147 148
147 552
148 200
149 150
149 390
150 580
151 152
151 331
152 456
153 154
153 377
154 420
155 156
155 512
156 64
157 158
157 743
158 618
159 160
159 715
160 665
161 162
161 469
162 292
163 164
163 645
164 350
165 166
165 381
166 27
167 168
167 249
168 240
169 170
169 611
170 514
171 172
171 358
172 182
173 174
173 335
174 447
175 176
175 712
176 80
177 178
177 734
178 800
179 59
179 180
180 6
181 182
181 445
182 134
183 184
183 294
184 98
185 158
185 186
186 24
187 188
187 446
188 623
189 190
189 575
190 786
191 192
191 581
192 523
193 42
193 194
194 628
195 196
195 396
196 558
197 198
197 711
198 82
199 200
199 229
200 22
201 153
201 202
202 162
203 204
203 407
204 614
205 169
205 206
206 190
207 208
207 613
208 485
209 35
209 210
210 584
211 212
211 731
212 667
213 214
213 585
214 610
215 216
215 307
216 105
217 60
217 218
218 342
219 145
219 220
220 197
221 222
221 601
222 686
223 224
223 549
224 760
225 226
225 371
226 257
227 228
227 344
228 632
229 230
229 305
230 269
231 232
231 318
232 714
233 234
233 394
234 578
235 236
235 689
236 764
237 238
237 587
238 732
239 240
239 347
240 250
241 242
241 415
242 233
243 244
243 537
244 62
245 246
245 451
246 453
247 248
247 385
248 244
249 250
249 781
250 477
251 110
251 252
252 263
253 254
253 741
254 719
255 256
255 286
256 681
257 157
257 258
258 155
259 19
259 260
260 404
261 262
261 576
262 210
263 264
263 799
264 685
265 266
265 561
266 234
267 268
267 619
268 100
269 270
269 749
270 788
271 187
271 272
272 592
273 31
273 274
274 458
275 276
275 509
276 113
277 278
277 778
278 692
279 213
279 280
280 222
281 282
281 345
282 457
283 43
283 284
284 574
285 286
285 464
286 683
287 288
287 765
288 729
289 290
289 366
290 814
291 37
291 292
292 566
293 294
293 405
294 48
295 28
295 296
296 430
297 298
297 406
298 687
299 206
299 300
300 1
301 302
301 565
302 156
303 97
303 304
304 346
305 167
305 306
306 622
307 21
307 308
308 264
309 159
309 310
310 518
311 312
311 530
312 58
313 34
313 314
314 716
315 316
315 513
316 748
317 318
317 361
318 362
319 320
319 693
320 812
321 152
321 322
322 424
323 94
323 324
324 302
325 326
325 621
326 409
327 328
327 559
328 150
329 330
329 531
330 148
331 332
331 641
332 710
333 334
333 443
334 579
335 285
335 336
336 53
337 338
337 796
338 90
339 151
339 340
340 374
341 319
341 342
342 462
343 337
343 344
344 502
345 123
345 346
346 750
347 348
347 571
348 426
349 73
349 350
350 161
351 44
351 352
352 660
353 354
353 490
354 698
355 356
355 668
356 248
357 358
357 373
358 700
359 360
359 721
360 326
361 362
361 395
362 590
363 364
363 375
364 600
365 366
365 459
366 226
367 149
367 368
368 146
369 199
369 370
370 774
371 205
371 372
372 10
373 242
373 374
374 367
375 185
375 376
376 272
377 378
377 437
378 690
379 380
379 539
380 66
381 131
381 382
382 116
383 384
383 419
384 500
385 386
385 421
386 526
387 388
387 603
388 620
389 390
389 435
390 648
391 392
391 695
392 171
393 394
393 595
394 739
395 303
395 396
396 299
397 168
397 398
398 282
399 193
399 400
400 218
401 92
401 402
402 261
403 404
403 597
404 706
405 406
405 553
406 691
407 312
407 408
408 260
409 214
409 410
410 172
411 296
411 412
412 280
413 414
413 779
414 701
415 416
415 751
416 550
417 163
417 418
418 588
419 76
419 420
420 510
421 104
421 422
422 301
423 129
423 424
424 544
425 119
425 426
426 177
427 428
427 805
428 130
429 430
429 508
430 676
431 432
431 688
432 202
433 434
433 493
434 438
435 436
435 505
436 440
437 4
437 438
438 436
439 440
439 797
440 752
441 442
441 703
442 139
443 369
443 444
444 735
445 255
445 446
446 268
447 414
447 448
448 506
449 267
449 450
450 357
451 452
451 813
452 636
453 295
453 454
454 496
455 309
455 456
456 324
457 67
457 458
458 702
459 460
459 768
460 770
461 86
461 462
462 360
463 464
463 669
464 221
465 466
465 793
466 50
467 468
467 787
468 573
469 429
469 470
470 758
471 472
471 806
472 674
473 55
473 474
474 472
475 45
475 476
476 343
477 467
477 478
478 237
479 480
479 791
480 57
481 475
481 482
482 204
483 247
483 484
484 304
485 33
485 486
486 804
487 265
487 488
488 102
489 313
489 490
490 8
491 439
491 492
492 663
493 491
493 494
494 300
495 165
495 496
496 470
497 239
497 498
498 14
499 500
499 577
500 154
501 502
501 591
502 452
503 504
503 563
504 465
505 85
505 506
506 801
507 508
507 727
508 288
509 215
509 510
510 704
511 512
511 612
512 482
513 125
513 514
514 278
515 308
515 516
516 383
517 40
517 518
518 769
519 275
519 520
520 455
521 339
521 522
522 723
523 418
523 524
524 501
525 526
525 728
526 143
527 528
527 742
528 368
529 530
529 538
530 450
531 91
531 532
532 262
533 403
533 534
534 2
535 536
535 697
536 766
537 538
537 803
538 589
539 540
539 699
540 516
541 135
541 542
542 52
543 391
543 544
544 532
545 259
545 546
546 9
547 203
547 548
548 442
549 273
549 550
550 178
551 498
551 552
552 72
553 87
553 554
554 562
555 25
555 556
556 183
557 558
557 605
558 184
559 39
559 560
560 107
561 562
561 792
562 12
563 126
563 564
564 807
565 340
565 566
566 602
567 568
567 759
568 56
569 49
569 570
570 586
571 359
571 572
572 733
573 574
573 761
574 754
575 32
575 576
576 227
577 578
577 647
578 364
579 398
579 580
580 466
581 219
581 582
582 70
583 114
583 584
584 784
585 586
585 730
586 30
587 75
587 588
588 525
589 235
589 590
590 372
591 224
591 592
592 54
593 189
593 594
594 310
595 201
595 596
596 349
597 598
597 651
598 678
599 542
599 600
600 744
601 117
601 602
602 290
603 124
603 604
604 536
605 311
605 606
606 640
607 297
607 608
608 322
609 434
609 610
610 652
611 81
611 612
612 422
613 614
613 633
614 321
615 616
615 737
616 546
617 277
617 618
618 392
619 507
619 620
620 23
621 115
621 622
622 598
623 400
623 624
624 121
625 626
625 642
626 271
627 180
627 628
628 408
629 479
629 630
630 16
631 393
631 632
632 79
633 281
633 634
634 256
635 636
635 736
636 646
637 416
637 638
638 176
639 609
639 640
640 460
641 109
641 642
642 777
643 644
643 794
644 802
645 564
645 646
646 101
647 417
647 648
648 782
649 51
649 650
650 527
651 652
651 775
652 696
653 13
653 654
654 746
655 520
655 656
656 128
657 241
657 658
658 664
659 284
659 660
660 112
661 252
661 662
662 376
663 664
663 810
664 306
665 554
665 666
666 808
667 668
667 771
668 384
669 629
669 670
670 657
671 387
671 672
672 724
673 674
673 809
674 638
675 535
675 676
676 96
677 560
677 678
678 160
679 5
679 680
680 298
681 461
681 682
682 225
683 679
683 684
684 388
685 194
685 686
686 666
687 93
687 688
688 694
689 365
689 690
690 707
691 653
691 692
692 36
693 38
693 694
694 606
695 463
695 696
696 673
697 283
697 698
698 228
699 631
699 700
700 279
701 211
701 702
702 136
703 473
703 704
704 412
705 174
705 706
706 320
707 569
707 708
708 386
709 705
709 710
710 630
711 428
711 712
712 717
713 246
713 714
714 316
715 325
715 716
716 356
717 108
717 718
718 46
719 593
719 720
720 10
721 555
721 722
722 328
723 557
723 724
724 11
725 327
725 726
726 740
727 276
727 728
728 582
729 15
729 730
730 195
731 583
731 732
732 616
733 503
733 734
734 363
735 238
735 736
736 570
737 738
737 773
738 111
739 181
739 740
740 186
741 243
741 742
742 370
743 484
743 744
744 231
745 680
745 746
746 120
747 607
747 748
748 494
749 315
749 750
750 99
751 77
751 752
752 599
753 212
753 754
754 84
755 26
755 756
756 511
757 223
757 758
758 720
759 71
759 760
760 401
761 287
761 762
762 17
763 253
763 764
764 354
765 338
765 766
766 410
767 441
767 768
768 423
769 770
769 780
770 348
771 481
771 772
772 528
773 427
773 774
774 444
775 293
775 776
776 29
777 173
777 778
778 175
779 655
779 780
780 672
781 317
781 782
782 106
783 88
783 784
784 20
785 378
785 786
786 713
787 103
787 788
788 656
789 3
789 790
790 767
791 333
791 792
792 684
793 132
793 794
794 624
795 627
795 796
796 137
797 670
797 798
798 725
799 659
799 800
800 332
801 83
801 802
802 722
803 543
803 804
804 138
805 230
805 806
806 545
807 69
807 808
808 454
809 402
809 810
810 122
811 495
811 812
812 270
813 425
813 814
814 604
