0 223
0 459
3 101
3 621
4 26
4 744
6 144
5 464
7 633
7 807
8 201
8 507
9 505
10 86
11 114
11 247
13 570
13 736
15 179
15 352
17 360
17 536
19 332
19 687
21 214
21 587
23 24
23 508
24 626
25 26
25 365
26 378
27 28
27 359
28 234
29 30
29 189
30 742
31 32
31 531
32 668
33 34
33 195
34 274
35 36
35 468
36 309
37 38
37 351
38 752
39 40
39 564
40 300
41 42
41 628
42 414
43 44
43 251
44 614
45 46
45 637
46 745
47 48
47 753
48 776
49 50
49 798
50 506
51 52
51 85
52 293
53 54
53 673
54 291
55 56
55 335
56 287
57 58
57 337
58 334
59 60
59 497
60 72
61 62
61 233
62 436
63 64
63 812
64 689
65 66
65 550
66 694
67 68
67 132
68 425
69 70
69 211
70 116
71 36
71 72
72 572
73 74
73 268
74 226
75 76
75 393
76 400
77 78
77 778
78 32
79 80
79 597
80 483
81 82
81 443
82 298
83 58
83 84
84 670
85 86
85 727
86 80
87 88
87 709
88 396
89 90
89 809
90 669
91 92
91 521
92 512
93 94
93 417
94 608
95 96
95 451
96 460
97 98
97 328
98 792
99 100
99 787
100 13
101 102
101 161
102 646
103 53
103 104
104 403
105 106
105 176
106 766
107 108
107 347
108 105
109 110
109 491
110 758
111 112
111 555
112 405
113 61
113 114
114 419
115 116
115 754
116 188
117 118
117 603
118 771
119 59
119 120
120 518
121 122
121 278
122 154
123 83
123 124
124 567
125 126
125 133
126 120
127 128
127 257
128 675
129 130
129 793
130 264
131 132
131 187
132 127
133 44
133 134
134 14
135 136
135 457
136 269
137 107
137 138
138 493
139 140
139 711
140 644
141 142
141 346
142 740
143 144
143 157
144 88
145 146
145 511
146 35
147 148
147 442
148 772
149 150
149 510
150 41
151 152
151 794
152 174
153 30
153 154
154 492
155 23
155 156
156 64
157 71
157 158
158 726
159 143
159 160
160 148
161 162
161 617
162 68
163 3
163 164
164 81
165 166
165 496
166 768
167 168
167 618
168 159
169 170
169 415
170 641
171 172
171 294
172 588
173 45
173 174
174 551
175 176
175 765
176 686
177 178
177 581
178 780
179 180
179 803
180 77
181 182
181 385
182 731
183 184
183 811
184 63
185 186
185 229
186 428
187 188
187 427
188 530
189 15
189 190
190 5
191 192
191 429
192 540
193 194
193 446
194 160
195 196
195 499
196 804
197 198
197 381
198 206
199 200
199 421
200 746
201 202
201 477
202 180
203 204
203 789
204 377
205 206
205 625
206 384
207 208
207 788
208 770
209 150
209 210
210 465
211 212
211 810
212 368
213 38
213 214
214 583
215 216
215 319
216 302
217 218
217 260
218 210
219 220
219 366
220 482
221 222
221 666
222 700
223 224
223 713
224 357
225 226
225 433
226 242
227 228
227 721
228 773
229 230
229 349
230 632
231 232
231 643
232 355
233 234
233 455
234 249
235 236
235 698
236 153
237 76
237 238
238 602
239 65
239 240
240 277
241 242
241 265
242 714
243 244
243 488
244 574
245 87
245 246
246 57
247 248
247 604
248 236
249 250
249 398
250 123
251 252
251 681
252 50
253 254
253 761
254 504
255 230
255 256
256 592
257 258
257 705
258 664
259 137
259 260
260 751
261 262
261 557
262 678
263 264
263 710
264 248
265 90
265 266
266 724
267 268
267 354
268 75
269 270
269 593
270 594
271 267
271 272
272 486
273 246
273 274
274 304
275 276
275 386
276 228
277 278
277 523
278 387
279 280
279 613
280 802
281 9
281 282
282 202
283 284
283 590
284 320
285 122
285 286
286 502
287 288
287 317
288 10
289 290
289 404
290 440
291 25
291 292
292 707
293 294
293 680
294 238
295 296
295 591
296 392
297 140
297 298
298 747
299 300
299 526
300 301
301 147
301 302
302 208
303 304
303 575
304 46
305 306
305 672
306 20
307 308
307 326
308 388
309 310
309 513
310 520
311 259
311 312
312 169
313 314
313 598
314 266
315 316
315 733
316 652
317 318
317 647
318 192
319 320
319 345
320 34
321 205
321 322
322 399
323 31
323 324
324 258
325 326
325 411
326 439
327 270
327 328
328 524
329 286
329 330
330 134
331 332
331 800
332 250
333 334
333 615
334 580
335 336
335 501
336 702
337 338
337 785
338 651
339 118
339 340
340 98
341 342
341 569
342 767
343 344
343 495
344 310
345 346
345 790
346 548
347 321
347 348
348 480
349 338
349 350
350 285
351 240
351 352
352 367
353 339
353 354
354 805
355 356
355 475
356 306
357 358
357 553
358 716
359 360
359 728
360 544
361 156
361 362
362 374
363 155
363 364
364 358
365 40
365 366
366 62
367 368
367 379
368 723
369 370
369 813
370 667
371 55
371 372
372 559
373 374
373 382
374 432
375 239
375 376
376 660
377 145
377 378
378 171
379 16
379 380
380 237
381 173
381 382
382 448
383 110
383 384
384 222
385 386
385 697
386 629
387 388
387 748
388 556
389 390
389 685
390 514
391 392
391 543
392 39
393 281
393 394
394 639
395 396
395 623
396 622
397 70
397 398
398 54
399 400
399 487
400 164
401 402
401 522
402 466
403 404
403 424
404 774
405 406
405 565
406 244
407 408
407 750
408 12
409 410
409 605
410 139
411 125
411 412
412 6
413 414
413 437
414 503
415 416
415 741
416 11
417 409
417 418
418 95
419 128
419 420
420 611
421 422
421 649
422 538
423 424
423 601
424 292
425 426
425 759
426 24
427 428
427 607
428 142
429 430
429 715
430 17
431 350
431 432
432 808
433 423
433 434
434 109
435 436
435 484
436 456
437 261
437 438
438 542
439 196
439 440
440 220
441 442
441 579
442 313
443 444
443 665
444 541
445 9
445 446
446 276
447 49
447 448
448 207
449 184
449 450
450 283
451 28
451 452
452 376
453 416
453 454
454 342
455 183
455 456
456 577
457 458
457 683
458 576
459 311
459 460
460 485
461 462
461 478
462 458
463 73
463 464
464 284
465 362
465 466
466 784
467 468
467 786
468 529
469 470
469 547
470 152
471 472
471 634
472 243
473 10
473 474
474 200
475 476
475 589
476 474
477 299
477 478
478 96
479 33
479 480
480 272
481 482
481 599
482 600
483 484
483 801
484 452
485 486
485 494
486 219
487 488
487 679
488 695
489 136
489 490
490 255
491 492
491 682
492 126
493 343
493 494
494 610
495 496
495 799
496 92
497 498
497 735
498 645
499 117
499 500
500 760
501 502
501 656
502 256
503 27
503 504
504 718
505 165
505 506
506 642
507 508
507 631
508 364
509 113
509 510
510 89
511 323
511 512
512 671
513 186
513 514
514 692
515 516
515 781
516 435
517 262
517 518
518 289
519 97
519 520
520 578
521 79
521 522
522 407
523 394
523 524
524 232
525 526
525 654
526 655
527 528
527 674
528 756
529 530
529 624
530 402
531 333
531 532
532 476
533 170
533 534
534 74
535 536
535 684
536 78
537 538
537 737
538 84
539 204
539 540
540 533
541 542
541 648
542 194
543 544
543 775
544 344
545 546
545 563
546 231
547 515
547 548
548 329
549 371
549 550
550 703
551 462
551 552
552 764
553 401
553 554
554 779
555 479
555 556
556 218
557 235
557 558
558 282
559 253
559 560
560 307
561 178
561 562
562 221
563 564
563 757
564 199
565 471
565 566
566 138
567 568
567 739
568 708
569 279
569 570
570 620
571 572
571 585
572 528
573 131
573 574
574 324
575 576
575 732
576 348
577 562
577 578
578 158
579 580
579 653
580 450
581 582
581 677
582 129
583 370
583 584
584 690
585 175
585 586
586 769
587 263
587 588
588 720
589 590
589 782
590 596
591 193
591 592
592 558
593 56
593 594
594 380
595 225
595 596
596 21
597 582
597 598
598 167
599 146
599 600
600 1
601 111
601 602
602 190
603 7
603 604
604 657
605 315
605 606
606 390
607 608
607 795
608 630
609 297
609 610
610 124
611 213
611 612
612 151
613 135
613 614
614 454
615 103
615 616
616 586
617 52
617 618
618 481
619 620
619 640
620 638
621 431
621 622
622 676
623 341
623 624
624 612
625 626
625 663
626 100
627 628
627 722
628 527
629 535
629 630
630 725
631 37
631 632
632 566
633 509
633 634
634 191
635 554
635 636
636 4
637 82
637 638
638 650
639 467
639 640
640 534
641 67
641 642
642 108
643 644
643 791
644 463
645 373
645 646
646 814
647 545
647 648
648 19
649 106
649 650
650 712
651 652
651 693
652 661
653 29
653 654
654 43
655 490
655 656
656 453
657 445
657 658
658 473
659 391
659 660
660 308
661 215
661 662
662 375
663 595
663 664
664 418
665 372
665 666
666 762
667 94
667 668
668 18
669 670
669 717
670 430
671 318
671 672
672 796
673 659
673 674
674 662
675 408
675 676
676 688
677 489
677 678
678 546
679 517
679 680
680 162
681 316
681 682
682 66
683 93
683 684
684 149
685 658
685 686
686 470
687 47
687 688
688 305
689 168
689 690
690 60
691 322
691 692
692 104
693 525
693 694
694 8
695 327
695 696
696 426
697 413
697 698
698 209
699 363
699 700
700 422
701 447
701 702
702 434
703 701
703 704
704 461
705 217
705 706
706 729
707 560
707 708
708 325
709 353
709 710
710 397
711 627
711 712
712 6
713 181
713 714
714 361
715 273
715 716
716 738
717 288
717 718
718 314
719 636
719 720
720 340
721 185
721 722
722 336
723 141
723 724
724 356
725 726
725 755
726 552
727 203
727 728
728 472
729 730
729 777
730 568
731 102
731 732
732 296
733 369
733 734
734 444
735 736
735 743
736 330
737 519
737 738
738 619
739 303
739 740
740 115
741 395
741 742
742 254
743 441
743 744
744 5
745 172
745 746
746 198
747 224
747 748
748 406
749 750
749 797
750 635
751 295
751 752
752 42
753 754
753 783
754 606
755 212
755 756
756 532
757 539
757 758
758 252
759 449
759 760
760 584
761 197
761 762
762 166
763 216
763 764
764 290
765 410
765 766
766 516
767 2
767 768
768 438
769 48
769 770
770 699
771 51
771 772
772 719
773 389
773 774
774 696
775 112
775 776
776 280
777 163
777 778
778 182
779 537
779 780
780 806
781 241
781 782
782 99
783 121
783 784
784 22
785 749
785 786
786 331
787 498
787 788
788 734
789 549
789 790
790 691
791 275
791 792
792 412
793 609
793 794
794 763
795 469
795 796
796 500
797 119
797 798
798 271
799 91
799 800
800 573
801 706
801 802
802 561
803 227
803 804
804 383
805 69
805 806
806 704
807 177
807 808
808 130
809 571
809 810
810 730
811 312
811 812
812 420
813 245
813 814
814 616
