0 27
0 615
1 37
1 182
3 362
3 479
5 249
4 484
4 644
6 336
9 122
9 175
10 89
10 594
12 326
11 312
13 463
13 775
15 208
15 811
17 18
17 272
19 262
19 483
21 284
21 346
23 24
23 359
24 39
25 26
25 765
26 323
27 28
27 571
28 217
29 30
29 519
30 282
31 32
31 674
32 446
33 34
33 313
34 371
35 36
35 355
36 172
37 38
37 108
38 162
39 40
39 322
40 762
41 42
41 395
42 766
43 44
43 620
44 496
45 46
45 713
46 646
47 48
47 142
48 578
49 50
49 657
50 541
51 52
51 263
52 441
53 54
53 416
54 780
55 56
55 432
56 581
57 58
57 605
58 747
59 10
59 60
60 143
61 62
61 121
62 643
63 64
63 694
64 682
65 66
65 417
66 798
67 29
67 68
68 137
69 70
69 477
70 518
71 72
71 632
72 680
73 74
73 455
74 212
75 76
75 341
76 358
77 78
77 243
78 48
79 80
79 445
80 532
81 82
81 420
82 755
83 61
83 84
84 363
85 86
85 739
86 543
87 88
87 129
88 759
89 90
89 619
90 332
91 92
91 699
92 552
93 94
93 599
94 428
95 96
95 356
96 190
97 98
97 758
98 650
99 100
99 799
100 444
101 59
101 102
102 540
103 104
103 271
104 510
105 82
105 106
106 49
107 108
107 293
108 329
109 110
109 265
110 575
111 112
111 603
112 211
113 114
113 204
114 7
115 116
115 521
116 276
117 34
117 118
118 392
119 120
119 138
120 672
121 122
121 135
122 813
123 124
123 473
124 232
125 126
125 785
126 588
127 128
127 404
128 136
129 130
129 628
130 726
131 132
131 413
132 146
133 134
133 205
134 730
135 136
135 771
136 474
137 138
137 675
138 693
139 99
139 140
140 184
141 142
141 715
142 801
143 134
143 144
144 250
145 13
145 146
146 43
147 148
147 230
148 506
149 150
149 805
150 509
151 152
151 756
152 774
153 154
153 631
154 8
155 56
155 156
156 126
157 130
157 158
158 442
159 160
159 647
160 315
161 162
161 424
162 598
163 164
163 288
164 457
165 166
165 580
166 809
167 168
167 772
168 660
169 170
169 251
170 6
171 172
171 391
172 88
173 174
173 752
174 376
175 176
175 253
176 746
177 178
177 579
178 621
179 180
179 221
180 185
181 182
181 716
182 792
183 184
183 707
184 560
185 186
185 714
186 482
187 188
187 553
188 374
189 190
189 435
190 652
191 192
191 259
192 150
193 194
193 317
194 189
195 196
195 233
196 167
197 198
197 642
198 66
199 200
199 711
200 734
201 202
201 357
202 548
203 204
203 589
204 438
205 206
205 667
206 665
207 208
207 287
208 478
209 210
209 397
210 582
211 212
211 470
212 776
213 214
213 327
214 564
215 216
215 737
216 810
217 218
217 439
218 103
219 87
219 220
220 225
221 155
221 222
222 808
223 224
223 460
224 156
225 226
225 239
226 320
227 228
227 561
228 491
229 230
229 727
230 149
231 232
231 601
232 763
233 234
233 573
234 306
235 33
235 236
236 266
237 227
237 238
238 411
239 140
239 240
240 44
241 242
241 565
242 546
243 244
243 527
244 80
245 246
245 671
246 750
247 248
247 490
248 104
249 250
249 524
250 46
251 252
251 733
252 364
253 254
253 303
254 570
255 86
255 256
256 719
257 258
257 803
258 742
259 260
259 408
260 188
261 179
261 262
262 318
263 264
263 279
264 802
265 266
265 781
266 466
267 268
267 367
268 117
269 270
269 331
270 22
271 256
271 272
272 635
273 238
273 274
274 514
275 3
275 276
276 651
277 278
277 743
278 732
279 206
279 280
280 526
281 282
281 421
282 353
283 119
283 284
284 583
285 286
285 291
286 492
287 288
287 517
288 85
289 191
289 290
290 298
291 292
291 304
292 160
293 237
293 294
294 523
295 261
295 296
296 453
297 298
297 593
298 55
299 300
299 786
300 480
301 203
301 302
302 337
303 28
303 304
304 171
305 306
305 609
306 606
307 308
307 559
308 370
309 31
309 310
310 789
311 145
311 312
312 692
313 314
313 702
314 690
315 118
315 316
316 248
317 109
317 318
318 222
319 215
319 320
320 173
321 32
321 322
322 26
323 324
323 779
324 782
325 178
325 326
326 316
327 328
327 666
328 12
329 111
329 330
330 423
331 332
331 613
332 63
333 101
333 334
334 255
335 336
335 528
336 790
337 338
337 373
338 698
339 125
339 340
340 270
341 342
341 761
342 98
343 35
343 344
344 436
345 346
345 717
346 718
347 269
347 348
348 283
349 224
349 350
350 462
351 352
351 604
352 426
353 354
353 369
354 234
355 356
355 618
356 147
357 358
357 504
358 183
359 360
359 577
360 516
361 53
361 362
362 676
363 1
363 364
364 562
365 352
365 366
366 220
367 93
367 368
368 705
369 370
369 525
370 654
371 372
371 625
372 128
373 65
373 374
374 361
375 5
375 376
376 42
377 378
377 563
378 30
379 380
379 503
380 529
381 47
381 382
382 448
383 75
383 384
384 748
385 386
385 795
386 383
387 388
387 777
388 689
389 115
389 390
390 72
391 120
391 392
392 166
393 394
393 507
394 794
395 62
395 396
396 386
397 398
397 804
398 344
399 275
399 400
400 539
401 393
401 402
402 351
403 78
403 404
404 472
405 334
405 406
406 531
407 408
407 587
408 51
409 226
409 410
410 536
411 141
411 412
412 338
413 11
413 414
414 389
415 123
415 416
416 132
417 418
417 431
418 568
419 420
419 751
420 241
421 400
421 422
422 214
423 424
423 493
424 102
425 426
425 476
426 645
427 428
427 641
428 624
429 430
429 464
430 710
431 177
431 432
432 398
433 229
433 434
434 139
435 429
435 436
436 584
437 438
437 685
438 422
439 440
439 633
440 218
441 425
441 442
442 340
443 19
443 444
444 590
445 446
445 691
446 176
447 151
447 448
448 144
449 197
449 450
450 443
451 452
451 796
452 430
453 348
453 454
454 636
455 219
455 456
456 335
457 289
457 458
458 770
459 157
459 460
460 623
461 388
461 462
462 458
463 464
463 695
464 314
465 41
465 466
466 148
467 468
467 602
468 741
469 440
469 470
470 321
471 52
471 472
472 91
473 9
473 474
474 468
475 449
475 476
476 495
477 25
477 478
478 569
479 480
479 814
480 328
481 199
481 482
482 21
483 484
483 500
484 110
485 201
485 486
486 300
487 194
487 488
488 209
489 490
489 591
490 260
491 414
491 492
492 640
493 494
493 740
494 677
495 496
495 703
496 124
497 15
497 498
498 247
499 311
499 500
500 655
501 502
501 505
502 454
503 193
503 504
504 658
505 235
505 506
506 784
507 302
507 508
508 630
509 60
509 510
510 537
511 339
511 512
512 656
513 76
513 514
514 683
515 516
515 572
516 324
517 518
517 783
518 522
519 520
519 627
520 242
521 522
521 610
522 686
523 100
523 524
524 114
525 387
525 526
526 622
527 528
527 595
528 678
529 530
529 545
530 638
531 532
531 637
532 616
533 399
533 534
534 245
535 106
535 536
536 800
537 538
537 724
538 158
539 540
539 653
540 754
541 113
541 542
542 554
543 544
543 556
544 246
545 497
545 546
546 664
547 277
547 548
548 670
549 475
549 550
550 301
551 552
551 757
552 296
553 433
553 554
554 90
555 471
555 556
556 558
557 434
557 558
558 368
559 560
559 745
560 778
561 562
561 731
562 375
563 564
563 617
564 749
565 566
565 661
566 244
567 45
567 568
568 447
569 467
569 570
570 365
571 419
571 572
572 512
573 309
573 574
574 607
575 576
575 688
576 152
577 343
577 578
578 68
579 551
579 580
580 254
581 582
581 662
582 12
583 236
583 584
584 286
585 17
585 586
586 456
587 489
587 588
588 412
589 557
589 590
590 202
591 451
591 592
592 290
593 594
593 729
594 131
595 381
595 596
596 735
597 92
597 598
598 626
599 600
599 787
600 186
601 333
601 602
602 402
603 196
603 604
604 378
605 574
605 606
606 6
607 608
607 668
608 687
609 405
609 610
610 38
611 231
611 612
612 461
613 407
613 614
614 596
615 107
615 616
616 2
617 511
617 618
618 159
619 620
619 673
620 165
621 396
621 622
622 71
623 345
623 624
624 170
625 626
625 696
626 264
627 267
627 628
628 58
629 81
629 630
630 706
631 105
631 632
632 180
633 629
633 634
634 812
635 636
635 649
636 198
637 310
637 638
638 5
639 549
639 640
640 508
641 83
641 642
642 153
643 69
643 644
644 597
645 4
645 646
646 294
647 547
647 648
648 97
649 74
649 650
650 722
651 213
651 652
652 753
653 319
653 654
654 192
655 96
655 656
656 406
657 207
657 658
658 281
659 437
659 660
660 806
661 195
661 662
662 16
663 664
663 791
664 720
665 535
665 666
666 257
667 481
667 668
668 681
669 342
669 670
670 354
671 168
671 672
672 708
673 57
673 674
674 639
675 390
675 676
676 274
677 280
677 678
678 576
679 485
679 680
680 292
681 682
681 793
682 634
683 684
683 728
684 268
685 67
685 686
686 592
687 679
687 688
688 70
689 487
689 690
690 228
691 499
691 692
692 469
693 50
693 694
694 773
695 133
695 696
696 700
697 465
697 698
698 24
699 614
699 700
700 169
701 164
701 702
702 612
703 380
703 704
704 64
705 513
705 706
706 669
707 708
707 807
708 520
709 409
709 710
710 600
711 712
711 788
712 488
713 385
713 714
714 384
715 347
715 716
716 161
717 73
717 718
718 538
719 307
719 720
720 410
721 427
721 722
722 502
723 418
723 724
724 452
725 308
725 726
726 210
727 728
727 767
728 394
729 730
729 797
730 295
731 187
731 732
732 769
733 116
733 734
734 744
735 450
735 736
736 360
737 663
737 738
738 544
739 608
739 740
740 555
741 181
741 742
742 14
743 77
743 744
744 258
745 403
745 746
746 534
747 567
747 748
748 709
749 240
749 750
750 723
751 415
751 752
752 350
753 285
753 754
754 712
755 459
755 756
756 760
757 278
757 758
758 530
759 515
759 760
760 542
761 95
761 762
762 494
763 372
763 764
764 768
765 84
765 766
766 486
767 721
767 768
768 704
769 330
769 770
770 200
771 659
771 772
772 377
773 299
773 774
774 566
775 701
775 776
776 174
777 112
777 778
778 764
779 127
779 780
780 154
781 611
781 782
782 648
783 533
783 784
784 586
785 223
785 786
786 40
787 297
787 788
788 273
789 366
789 790
790 54
791 325
791 792
792 252
793 11
793 794
794 684
795 79
795 796
796 163
797 697
797 798
798 216
799 23
799 800
800 20
801 401
801 802
802 738
803 36
803 804
804 736
805 349
805 806
806 498
807 725
807 808
808 501
809 585
809 810
810 382
811 305
811 812
812 94
813 379
813 814
814 550
