0 9
0 648
2 148
2 773
3 123
3 456
4 124
4 664
5 558
6 213
9 600
9 697
10 405
10 515
11 547
12 413
13 150
13 373
15 760
15 782
17 453
17 519
19 20
19 792
21 517
21 656
23 24
23 777
24 272
25 26
25 528
26 178
27 28
27 621
28 344
29 30
29 645
30 589
31 32
31 293
32 546
33 34
33 98
34 572
35 36
35 99
36 322
37 38
37 579
38 580
39 40
39 731
40 497
41 42
41 417
42 475
43 44
43 62
44 353
45 46
45 147
46 536
47 48
47 813
48 259
49 50
49 563
50 618
51 52
51 504
52 94
53 54
53 805
54 808
55 56
55 527
56 725
57 58
57 489
58 262
59 60
59 132
60 701
61 62
61 351
62 411
63 64
63 700
64 350
65 66
65 657
66 723
67 68
67 108
68 414
69 70
69 455
70 513
71 72
71 200
72 304
73 74
73 256
74 654
75 76
75 687
76 655
77 78
77 474
78 458
79 80
79 173
80 627
81 82
81 659
82 27
83 84
83 120
84 660
85 86
85 372
86 180
87 88
87 811
88 450
89 90
89 255
90 161
91 92
91 552
92 554
93 94
93 741
94 738
95 96
95 436
96 766
97 98
97 361
98 640
99 100
99 505
100 653
101 102
101 216
102 381
103 104
103 583
104 394
105 106
105 305
106 326
107 108
107 282
108 492
109 110
109 694
110 486
111 112
111 585
112 380
113 114
113 673
114 468
115 116
115 810
116 236
117 118
117 533
118 736
119 120
119 591
120 103
121 122
121 338
122 425
123 33
123 124
124 594
125 126
125 571
126 590
127 128
127 776
128 714
129 101
129 130
130 599
131 132
131 447
132 797
133 134
133 152
134 494
135 136
135 224
136 352
137 138
137 675
138 478
139 140
139 376
140 4
141 142
141 690
142 349
143 144
143 803
144 668
145 146
145 189
146 162
147 148
147 249
148 85
149 150
149 335
150 559
151 152
151 747
152 193
153 154
153 699
154 308
155 156
155 221
156 109
157 158
157 281
158 717
159 160
159 642
160 18
161 114
161 162
162 112
163 164
163 199
164 526
165 166
165 587
166 167
167 168
167 661
168 268
169 170
169 763
170 368
171 172
171 671
172 508
173 174
173 246
174 639
175 176
175 440
176 396
177 178
177 806
178 616
179 180
179 814
180 530
181 182
181 614
182 348
183 184
183 451
184 71
185 186
185 617
186 179
187 130
187 188
188 454
189 190
189 769
190 17
191 192
191 611
192 156
193 194
193 759
194 371
195 196
195 211
196 357
197 80
197 198
198 175
199 200
199 432
200 430
201 202
201 435
202 442
203 204
203 325
204 522
205 206
205 403
206 427
207 208
207 786
208 557
209 181
209 210
210 794
211 212
211 793
212 13
213 214
213 271
214 136
215 119
215 216
216 257
217 218
217 243
218 287
219 220
219 254
220 739
221 222
221 531
222 273
223 129
223 224
224 242
225 226
225 299
226 628
227 28
227 228
228 588
229 230
229 556
230 128
231 232
231 283
232 647
233 234
233 798
234 400
235 229
235 236
236 1
237 133
237 238
238 740
239 233
239 240
240 708
241 242
241 595
242 709
243 244
243 397
244 710
245 77
245 246
246 35
247 196
247 248
248 507
249 241
249 250
250 506
251 252
251 562
252 490
253 254
253 535
254 491
255 95
255 256
256 795
257 258
257 575
258 154
259 260
259 480
260 296
261 262
261 537
262 540
263 264
263 377
264 804
265 266
265 737
266 367
267 268
267 799
268 342
269 270
269 307
270 63
271 272
271 582
272 356
273 206
273 274
274 36
275 276
275 369
276 149
277 232
277 278
278 72
279 280
279 565
280 235
281 169
281 282
282 416
283 284
283 415
284 168
285 286
285 652
286 90
287 288
287 573
288 362
289 91
289 290
290 514
291 31
291 292
292 192
293 151
293 294
294 87
295 296
295 755
296 6
297 155
297 298
298 56
299 68
299 300
300 518
301 253
301 302
302 275
303 304
303 464
304 498
305 306
305 613
306 222
307 48
307 308
308 448
309 310
309 392
310 5
311 312
311 378
312 3
313 174
313 314
314 385
315 166
315 316
316 761
317 318
317 472
318 288
319 320
319 703
320 227
321 322
321 529
322 26
323 195
323 324
324 138
325 326
325 635
326 12
327 328
327 495
328 360
329 330
329 637
330 382
331 261
331 332
332 67
333 334
333 543
334 586
335 336
335 712
336 779
337 338
337 707
338 190
339 340
339 729
340 106
341 137
341 342
342 317
343 333
343 344
344 646
345 346
345 493
346 30
347 125
347 348
348 570
349 264
349 350
350 366
351 19
351 352
352 706
353 354
353 460
354 160
355 239
355 356
356 800
357 39
357 358
358 693
359 131
359 360
360 422
361 105
361 362
362 663
363 364
363 691
364 327
365 366
365 807
366 278
367 368
367 765
368 274
369 57
369 370
370 126
371 202
371 372
372 234
373 141
373 374
374 84
375 376
375 379
376 277
377 79
377 378
378 107
379 45
379 380
380 784
381 382
381 724
382 212
383 384
383 419
384 720
385 386
385 683
386 581
387 388
387 541
388 248
389 301
389 390
390 399
391 392
391 651
392 548
393 66
393 394
394 679
395 396
395 688
396 41
397 70
397 398
398 406
399 59
399 400
400 601
401 402
401 467
402 634
403 404
403 567
404 534
405 315
405 406
406 340
407 408
407 753
408 598
409 410
409 630
410 569
411 354
411 412
412 225
413 23
413 414
414 620
415 245
415 416
416 203
417 418
417 610
418 462
419 2
419 420
420 780
421 186
421 422
422 118
423 424
423 609
424 210
425 401
425 426
426 686
427 73
427 428
428 744
429 430
429 509
430 771
431 279
431 432
432 269
433 389
433 434
434 678
435 436
435 592
436 231
437 438
437 510
438 328
439 267
439 440
440 564
441 111
441 442
442 324
443 444
443 624
444 142
445 446
445 623
446 734
447 448
447 539
448 538
449 450
449 551
450 743
451 449
451 452
452 501
453 454
453 801
454 607
455 388
455 456
456 76
457 458
457 520
458 370
459 314
459 460
460 512
461 139
461 462
462 428
463 171
463 464
464 280
465 337
465 466
466 32
467 468
467 619
468 446
469 470
469 561
470 568
471 472
471 711
472 500
473 89
473 474
474 217
475 292
475 476
476 584
477 431
477 478
478 309
479 480
479 641
480 183
481 191
481 482
482 5
483 484
483 521
484 300
485 486
485 730
486 226
487 346
487 488
488 78
489 490
489 632
490 532
491 53
491 492
492 476
493 479
493 494
494 438
495 284
495 496
496 481
497 420
497 498
498 770
499 11
499 500
500 197
501 270
501 502
502 636
503 504
503 787
504 219
505 506
505 767
506 746
507 276
507 508
508 812
509 247
509 510
510 473
511 69
511 512
512 726
513 321
513 514
514 303
515 47
515 516
516 302
517 93
517 518
518 238
519 393
519 520
520 230
521 461
521 522
522 576
523 524
523 727
524 54
525 390
525 526
526 443
527 313
527 528
528 42
529 365
529 530
530 134
531 323
531 532
532 542
533 534
533 783
534 466
535 387
535 536
536 418
537 37
537 538
538 689
539 540
539 545
540 184
541 477
541 542
542 666
543 157
543 544
544 524
545 546
545 745
546 444
547 548
547 649
548 121
549 10
549 550
550 677
551 552
551 733
552 695
553 6
553 554
554 115
555 104
555 556
556 329
557 558
557 682
558 488
559 159
559 560
560 208
561 341
561 562
562 696
563 194
563 564
564 633
565 391
565 566
566 408
567 153
567 568
568 662
569 102
569 570
570 772
571 471
571 572
572 410
573 334
573 574
574 424
575 343
575 576
576 266
577 52
577 578
578 92
579 97
579 580
580 457
581 122
581 582
582 796
583 584
583 597
584 485
585 586
585 605
586 265
587 588
587 781
588 252
589 12
589 590
590 402
591 469
591 592
592 294
593 594
593 758
594 260
595 163
595 596
596 788
597 598
597 748
598 316
599 29
599 600
600 375
601 144
601 602
602 615
603 604
603 735
604 790
605 205
605 606
606 684
607 127
607 608
608 22
609 345
609 610
610 170
611 218
611 612
612 676
613 523
613 614
614 574
615 616
615 658
616 650
617 618
617 715
618 204
619 620
619 665
620 680
621 622
621 685
622 434
623 624
623 698
624 716
625 503
625 626
626 752
627 383
627 628
628 426
629 49
629 630
630 386
631 441
631 632
632 429
633 86
633 634
634 484
635 398
635 636
636 44
637 164
637 638
638 228
639 640
639 775
640 728
641 642
641 749
642 207
643 82
643 644
644 606
645 646
645 764
646 140
647 487
647 648
648 470
649 263
649 650
650 244
651 81
651 652
652 185
653 306
653 654
654 768
655 656
655 774
656 608
657 658
657 791
658 412
659 215
659 660
660 172
661 145
661 662
662 116
663 21
663 664
664 482
665 96
665 666
666 626
667 409
667 668
668 566
669 670
669 750
670 704
671 158
671 672
672 718
673 320
673 674
674 88
675 676
675 721
676 404
677 678
677 713
678 762
679 43
679 680
680 732
681 499
681 682
682 577
683 61
683 684
684 177
685 83
685 686
686 612
687 285
687 688
688 757
689 60
689 690
690 332
691 319
691 692
692 644
693 50
693 694
694 674
695 117
695 696
696 789
697 363
697 698
698 631
699 201
699 700
700 670
701 358
701 702
702 550
703 297
703 704
704 502
705 643
705 706
706 64
707 100
707 708
708 310
709 198
709 710
710 8
711 331
711 712
712 55
713 452
713 714
714 622
715 525
715 716
716 702
717 544
717 718
718 240
719 407
719 720
720 209
721 359
721 722
722 40
723 463
723 724
724 802
725 318
725 726
726 722
727 355
727 728
728 553
729 423
729 730
730 754
731 65
731 732
732 692
733 165
733 734
734 135
735 736
735 778
736 785
737 555
737 738
738 374
739 330
739 740
740 214
741 593
741 742
742 290
743 220
743 744
744 756
745 143
745 746
746 24
747 549
747 748
748 465
749 223
749 750
750 629
751 291
751 752
752 578
753 439
753 754
754 110
755 625
755 756
756 14
757 511
757 758
758 74
759 437
759 760
760 596
761 312
761 762
762 176
763 187
763 764
764 751
765 459
765 766
766 809
767 483
767 768
768 113
769 75
769 770
770 7
771 395
771 772
772 16
773 667
773 774
774 258
775 51
775 776
776 34
777 603
777 778
778 705
779 364
779 780
780 286
781 445
781 782
782 182
783 681
783 784
784 38
785 146
785 786
786 602
787 347
787 788
788 742
789 516
789 790
790 250
791 295
791 792
792 25
793 433
793 794
794 298
795 669
795 796
796 421
797 251
797 798
798 58
799 496
799 800
800 672
801 719
801 802
802 15
803 339
803 804
804 560
805 237
805 806
806 638
807 311
807 808
808 336
809 384
809 810
810 46
811 289
811 812
812 604
813 11
813 814
814 188
