0 403
0 507
3 194
3 548
4 427
4 731
6 1
5 782
7 181
7 201
8 227
8 484
9 152
10 669
11 306
11 446
13 21
13 577
15 168
15 748
17 467
17 675
19 250
19 303
21 395
21 479
23 24
23 418
24 40
25 26
25 735
26 768
27 28
27 373
28 346
29 30
29 384
30 67
31 32
31 661
32 412
33 34
33 387
34 188
35 36
35 553
36 140
37 38
37 329
38 301
39 40
39 620
40 510
41 42
41 225
42 328
43 44
43 431
44 631
45 46
45 281
46 252
47 48
47 402
48 121
49 50
49 75
50 685
51 52
51 357
52 726
53 54
53 362
54 640
55 56
55 497
56 42
57 58
57 151
58 164
59 60
59 677
60 610
61 62
61 257
62 71
63 64
63 579
64 60
65 66
65 275
66 674
67 68
67 534
68 519
69 70
69 483
70 536
71 18
71 72
72 161
73 74
73 646
74 82
75 76
75 603
76 345
77 78
77 80
78 560
79 80
79 239
80 761
81 82
81 737
82 142
83 84
83 664
84 378
85 86
85 799
86 526
87 88
87 398
88 454
89 90
89 589
90 308
91 92
91 270
92 343
93 94
93 794
94 586
95 96
95 511
96 406
97 19
97 98
98 718
99 100
99 184
100 716
101 102
101 558
102 773
103 104
103 291
104 61
105 106
105 318
106 315
107 108
107 655
108 435
109 110
109 202
110 601
111 112
111 440
112 254
113 114
113 385
114 482
115 116
115 279
116 415
117 118
117 190
118 476
119 120
119 432
120 520
121 122
121 572
122 293
123 52
123 124
124 414
125 126
125 166
126 332
127 128
127 744
128 618
129 130
129 203
130 139
131 132
131 160
132 777
133 134
133 745
134 264
135 136
135 665
136 361
137 138
137 582
138 64
139 72
139 140
140 695
141 142
141 457
142 605
143 144
143 580
144 112
145 146
145 621
146 102
147 148
147 643
148 83
149 150
149 707
150 91
151 152
151 639
152 439
153 7
153 154
154 524
155 156
155 657
156 296
157 158
157 314
158 544
159 160
159 430
160 87
161 162
161 465
162 255
163 164
163 575
164 451
165 166
165 576
166 24
167 168
167 341
168 779
169 170
169 796
170 583
171 172
171 720
172 14
173 174
173 459
174 352
175 176
175 333
176 658
177 178
177 207
178 380
179 180
179 542
180 218
181 167
181 182
182 420
183 184
183 541
184 123
185 186
185 636
186 338
187 136
187 188
188 700
189 190
189 335
190 51
191 48
191 192
192 101
193 47
193 194
194 364
195 196
195 326
196 404
197 198
197 448
198 730
199 200
199 711
200 535
201 202
201 719
202 58
203 27
203 204
204 523
205 206
205 438
206 496
207 208
207 251
208 704
209 210
209 616
210 66
211 212
211 772
212 100
213 214
213 528
214 170
215 135
215 216
216 178
217 43
217 218
218 242
219 32
219 220
220 495
221 222
221 549
222 26
223 56
223 224
224 120
225 226
225 573
226 55
227 228
227 663
228 122
229 230
229 629
230 609
231 97
231 232
232 110
233 234
233 265
234 776
235 196
235 236
236 68
237 238
237 531
238 590
239 240
239 381
240 246
241 242
241 375
242 422
243 244
243 372
244 360
245 232
245 246
246 340
247 248
247 453
248 649
249 189
249 250
250 550
251 252
251 407
252 125
253 254
253 670
254 712
255 256
255 608
256 15
257 258
257 607
258 397
259 260
259 356
260 28
261 198
261 262
262 556
263 264
263 764
264 784
265 266
265 469
266 588
267 148
267 268
268 210
269 270
269 678
270 349
271 272
271 696
272 464
273 8
273 274
274 433
275 221
275 276
276 595
277 278
277 597
278 436
279 280
279 733
280 644
281 282
281 667
282 359
283 277
283 284
284 787
285 286
285 450
286 222
287 233
287 288
288 627
289 62
289 290
290 143
291 292
291 709
292 694
293 294
293 313
294 615
295 44
295 296
296 256
297 298
297 399
298 591
299 165
299 300
300 778
301 302
301 717
302 724
303 304
303 697
304 176
305 306
305 619
306 808
307 308
307 763
308 118
309 310
309 442
310 760
311 312
311 355
312 563
313 314
313 606
314 134
315 316
315 490
316 322
317 318
317 551
318 503
319 298
319 320
320 806
321 322
321 593
322 300
323 324
323 410
324 624
325 326
325 659
326 545
327 323
327 328
328 596
329 325
329 330
330 792
331 332
331 348
332 638
333 334
333 565
334 447
335 175
335 336
336 746
337 304
337 338
338 502
339 282
339 340
340 754
341 273
341 342
342 157
343 5
343 344
344 654
345 186
345 346
346 216
347 138
347 348
348 468
349 36
349 350
350 626
351 352
351 633
352 673
353 25
353 354
354 708
355 356
355 651
356 10
357 177
357 358
358 368
359 360
359 561
360 423
361 245
361 362
362 413
363 364
363 493
364 228
365 302
365 366
366 622
367 131
367 368
368 734
369 327
369 370
370 336
371 96
371 372
372 688
373 297
373 374
374 687
375 376
375 676
376 564
377 378
377 417
378 758
379 330
379 380
380 710
381 382
381 477
382 429
383 3
383 384
384 358
385 386
385 521
386 514
387 159
387 388
388 613
389 390
389 727
390 578
391 342
391 392
392 158
393 394
393 723
394 672
395 396
395 441
396 391
397 398
397 557
398 337
399 400
399 443
400 376
401 249
401 402
402 145
403 173
403 404
404 294
405 374
405 406
406 92
407 141
407 408
408 771
409 199
409 410
410 393
411 162
411 412
412 23
413 350
413 414
414 370
415 321
415 416
416 146
417 418
417 543
418 783
419 420
419 537
420 594
421 422
421 474
422 400
423 424
423 434
424 132
425 195
425 426
426 568
427 411
427 428
428 106
429 430
429 756
430 444
431 37
431 432
432 755
433 434
433 689
434 379
435 276
435 436
436 738
437 76
437 438
438 648
439 440
439 456
440 39
441 30
441 442
442 154
443 444
443 547
444 554
445 446
445 515
446 742
447 65
447 448
448 811
449 29
449 450
450 94
451 269
451 452
452 383
453 454
453 513
454 50
455 287
455 456
456 317
457 237
457 458
458 660
459 307
459 460
460 810
461 462
461 690
462 111
463 324
463 464
464 180
465 466
465 769
466 179
467 468
467 471
468 366
469 299
469 470
470 408
471 455
471 472
472 316
473 474
473 506
474 552
475 305
475 476
476 78
477 129
477 478
478 747
479 57
479 480
480 682
481 351
481 482
482 680
483 319
483 484
484 701
485 463
485 486
486 500
487 211
487 488
488 656
489 290
489 490
490 488
491 127
491 492
492 485
493 494
493 517
494 208
495 344
495 496
496 224
497 85
497 498
498 11
499 98
499 500
500 292
501 367
501 502
502 54
503 504
503 532
504 574
505 119
505 506
506 567
507 103
507 508
508 452
509 510
509 635
510 650
511 512
511 797
512 598
513 514
513 781
514 116
515 107
515 516
516 813
517 35
517 518
518 522
519 271
519 520
520 798
521 522
521 803
522 732
523 49
523 524
524 604
525 289
525 526
526 214
527 267
527 528
528 200
529 530
529 793
530 183
531 475
531 532
532 668
533 461
533 534
534 628
535 70
535 536
536 34
537 130
537 538
538 525
539 540
539 713
540 775
541 248
541 542
542 653
543 185
543 544
544 260
545 153
545 546
546 562
547 548
547 637
548 365
549 312
549 550
550 20
551 109
551 552
552 791
553 508
553 554
554 41
555 262
555 556
556 347
557 558
557 681
558 725
559 560
559 581
560 156
561 235
561 562
562 371
563 564
563 739
564 486
565 217
565 566
566 6
567 133
567 568
568 108
569 389
569 570
570 736
571 572
571 662
572 230
573 90
573 574
574 512
575 334
575 576
576 478
577 578
577 762
578 310
579 117
579 580
580 105
581 582
581 807
582 569
583 53
583 584
584 286
585 449
585 586
586 721
587 588
587 804
588 206
589 283
589 590
590 634
591 538
591 592
592 93
593 489
593 594
594 369
595 596
595 743
596 630
597 505
597 598
598 487
599 600
599 612
600 770
601 602
601 617
602 570
603 63
603 604
604 278
605 606
605 683
606 339
607 79
607 608
608 81
609 610
609 645
610 706
611 155
611 612
612 147
613 614
613 632
614 320
615 174
615 616
616 405
617 618
617 790
618 788
619 31
619 620
620 263
621 622
621 641
622 114
623 624
623 759
624 458
625 288
625 626
626 642
627 309
627 628
628 268
629 409
629 630
630 394
631 204
631 632
632 192
633 13
633 634
634 126
635 311
635 636
636 77
637 638
637 751
638 6
639 17
639 640
640 692
641 2
641 642
642 749
643 86
643 644
644 272
645 73
645 646
646 209
647 220
647 648
648 518
649 592
649 650
650 266
651 652
651 691
652 693
653 492
653 654
654 814
655 215
655 656
656 546
657 460
657 658
658 150
659 445
659 660
660 599
661 529
661 662
662 149
663 274
663 664
664 12
665 104
665 666
666 714
667 386
667 668
668 182
669 670
669 679
670 530
671 163
671 672
672 750
673 253
673 674
674 703
675 676
675 789
676 22
677 401
677 678
678 516
679 45
679 680
680 172
681 363
681 682
682 424
683 437
683 684
684 501
685 416
685 686
686 197
687 688
687 795
688 213
689 623
689 690
690 377
691 59
691 692
692 331
693 226
693 694
694 238
695 652
695 696
696 466
697 559
697 698
698 785
699 115
699 700
700 219
701 353
701 702
702 499
703 704
703 722
704 614
705 584
705 706
706 241
707 95
707 708
708 396
709 710
709 753
710 780
711 712
711 715
712 212
713 295
713 714
714 240
715 698
715 716
716 566
717 9
717 718
718 600
719 38
719 720
720 382
721 705
721 722
722 261
723 258
723 724
724 766
725 602
725 726
726 390
727 671
727 728
728 69
729 236
729 730
730 800
731 533
731 732
732 494
733 426
733 734
734 388
735 9
735 736
736 802
737 738
737 740
738 767
739 740
739 765
740 684
741 113
741 742
742 527
743 470
743 744
744 729
745 741
745 746
746 786
747 89
747 748
748 491
749 285
749 750
750 144
751 231
751 752
752 234
753 509
753 754
754 84
755 247
755 756
756 699
757 137
757 758
758 625
759 187
759 760
760 774
761 191
761 762
762 74
763 193
763 764
764 666
765 481
765 766
766 752
767 243
767 768
768 99
769 770
769 809
770 647
771 259
771 772
772 5
773 421
773 774
774 223
775 757
775 776
776 571
777 124
777 778
778 812
779 284
779 780
780 702
781 728
781 782
782 498
783 169
783 784
784 244
785 10
785 786
786 205
787 88
787 788
788 354
789 419
789 790
790 801
791 686
791 792
792 555
793 540
793 794
794 33
795 587
795 796
796 392
797 4
797 798
798 472
799 428
799 800
800 128
801 171
801 802
802 46
803 229
803 804
804 504
805 473
805 806
806 16
807 539
807 808
808 585
809 611
809 810
810 425
811 462
811 812
812 280
813 805
813 814
814 480
