0 227
0 277
3 85
3 749
4 109
4 230
6 15
5 137
7 316
7 751
8 54
8 710
10 176
9 196
11 254
11 730
13 468
13 553
15 25
15 82
17 168
17 677
19 237
19 391
21 240
21 657
23 24
23 355
24 362
25 26
25 660
26 586
27 28
27 31
28 759
29 30
29 71
30 393
31 32
31 187
32 321
33 1
33 34
34 298
35 36
35 371
36 492
37 38
37 418
38 678
39 40
39 160
40 680
41 42
41 484
42 449
43 44
43 570
44 319
45 46
45 499
46 458
47 48
47 296
48 302
49 50
49 647
50 72
51 52
51 485
52 183
53 47
53 54
54 801
55 45
55 56
56 613
57 58
57 377
58 775
59 28
59 60
60 429
61 62
61 799
62 790
63 64
63 664
64 788
65 66
65 610
66 404
67 68
67 673
68 753
69 70
69 125
70 223
71 72
71 395
72 624
73 74
73 559
74 266
75 76
75 361
76 80
77 78
77 405
78 564
79 80
79 416
80 709
81 82
81 571
82 548
83 84
83 211
84 275
85 86
85 655
86 593
87 88
87 331
88 440
89 61
89 90
90 6
91 92
91 153
92 68
93 94
93 645
94 382
95 96
95 575
96 354
97 98
97 345
98 200
99 100
99 116
100 802
101 102
101 741
102 202
103 104
103 351
104 796
105 106
105 267
106 142
107 108
107 433
108 494
109 110
109 767
110 283
111 112
111 447
112 375
113 114
113 797
114 729
115 116
115 725
116 323
117 118
117 471
118 473
119 120
119 248
120 138
121 122
121 581
122 728
123 124
123 605
124 707
125 16
125 126
126 438
127 128
127 696
128 758
129 130
129 628
130 720
131 132
131 629
132 674
133 134
133 270
134 378
135 97
135 136
136 273
137 103
137 138
138 40
139 4
139 140
140 256
141 110
141 142
142 214
143 144
143 198
144 526
145 146
145 174
146 641
147 148
147 755
148 9
149 150
149 771
150 189
151 152
151 588
152 284
153 154
153 567
154 6
155 135
155 156
156 701
157 158
157 417
158 451
159 160
159 644
160 517
161 162
161 411
162 524
163 164
163 488
164 251
165 166
165 197
166 455
167 155
167 168
168 705
169 145
169 170
170 224
171 64
171 172
172 594
173 174
173 312
174 195
175 96
175 176
176 620
177 178
177 358
178 106
179 29
179 180
180 154
181 182
181 781
182 667
183 184
183 549
184 2
185 186
185 521
186 89
187 188
187 389
188 805
189 190
189 732
190 126
191 37
191 192
192 258
193 194
193 724
194 21
195 196
195 467
196 268
197 198
197 435
198 670
199 182
199 200
200 622
201 202
201 722
202 46
203 204
203 352
204 572
205 206
205 772
206 14
207 208
207 711
208 422
209 107
209 210
210 584
211 5
211 212
212 134
213 214
213 658
214 528
215 49
215 216
216 489
217 218
217 662
218 121
219 220
219 325
220 222
221 222
221 565
222 692
223 224
223 262
224 210
225 226
225 726
226 84
227 228
227 399
228 589
229 230
229 505
230 306
231 232
231 390
232 568
233 234
233 744
234 706
235 236
235 739
236 341
237 238
237 308
238 253
239 240
239 469
240 750
241 8
241 242
242 814
243 244
243 257
244 22
245 246
245 609
246 698
247 123
247 248
248 773
249 250
249 734
250 535
251 252
251 630
252 201
253 69
253 254
254 420
255 256
255 694
256 141
257 258
257 279
258 276
259 260
259 424
260 632
261 146
261 262
262 130
263 264
263 757
264 542
265 266
265 281
266 545
267 50
267 268
268 491
269 270
269 357
270 640
271 215
271 272
272 786
273 274
273 779
274 41
275 276
275 476
276 443
277 55
277 278
278 238
279 249
279 280
280 702
281 19
281 282
282 466
283 284
283 612
284 334
285 286
285 803
286 297
287 236
287 288
288 13
289 290
289 708
290 623
291 292
291 428
292 91
293 294
293 631
294 434
295 263
295 296
296 324
297 298
297 543
298 118
299 285
299 300
300 691
301 53
301 302
302 203
303 38
303 304
304 616
305 139
305 306
306 271
307 308
307 349
308 603
309 310
309 766
310 10
311 124
311 312
312 27
313 314
313 369
314 401
315 316
315 591
316 661
317 318
317 619
318 479
319 320
319 493
320 625
321 243
321 322
322 410
323 32
323 324
324 656
325 326
325 695
326 727
327 95
327 328
328 787
329 67
329 330
330 289
331 332
331 459
332 73
333 132
333 334
334 480
335 42
335 336
336 685
337 167
337 338
338 150
339 340
339 600
340 502
341 342
341 703
342 498
343 344
343 487
344 635
345 346
345 577
346 740
347 348
347 425
348 170
349 76
349 350
350 464
351 352
351 607
352 245
353 354
353 511
354 35
355 93
355 356
356 785
357 358
357 733
358 556
359 360
359 763
360 44
361 77
361 362
362 747
363 158
363 364
364 384
365 366
365 465
366 462
367 368
367 394
368 20
369 370
369 666
370 90
371 280
371 372
372 486
373 374
373 682
374 65
375 376
375 580
376 259
377 113
377 378
378 39
379 380
379 617
380 714
381 193
381 382
382 544
383 175
383 384
384 534
385 386
385 442
386 74
387 388
387 713
388 192
389 390
389 621
390 601
391 330
391 392
392 780
393 388
393 394
394 684
395 17
395 396
396 232
397 398
397 716
398 762
399 127
399 400
400 515
401 250
401 402
402 190
403 404
403 743
404 738
405 406
405 415
406 335
407 408
407 475
408 795
409 410
409 431
410 213
411 412
411 541
412 255
413 165
413 414
414 260
415 416
415 573
416 282
417 408
417 418
418 99
419 420
419 768
420 36
421 30
421 422
422 746
423 115
423 424
424 402
425 163
425 426
426 452
427 428
427 614
428 104
429 421
429 430
430 66
431 327
431 432
432 216
433 434
433 794
434 490
435 157
435 436
436 497
437 438
437 760
438 712
439 440
439 551
440 368
441 442
441 649
442 717
443 444
443 482
444 208
445 181
445 446
446 12
447 448
447 679
448 244
449 396
449 450
450 102
451 397
451 452
452 94
453 441
453 454
454 309
455 456
455 777
456 626
457 318
457 458
458 322
459 460
459 552
460 303
461 462
461 700
462 791
463 133
463 464
464 472
465 457
465 466
466 414
467 305
467 468
468 643
469 470
469 638
470 108
471 472
471 669
472 642
473 474
473 676
474 618
475 359
475 476
476 272
477 478
477 774
478 212
479 333
479 480
480 348
481 295
481 482
482 221
483 57
483 484
484 166
485 486
485 507
486 748
487 373
487 488
488 436
489 228
489 490
490 152
491 70
491 492
492 566
493 204
493 494
494 419
495 311
495 496
496 665
497 136
497 498
498 292
499 247
499 500
500 114
501 502
501 527
502 9
503 504
503 634
504 654
505 506
505 574
506 546
507 413
507 508
508 737
509 510
509 811
510 101
511 233
511 512
512 186
513 514
513 659
514 576
515 516
515 704
516 10
517 274
517 518
518 554
519 512
519 520
520 742
521 496
521 522
522 800
523 454
523 524
524 595
525 364
525 526
526 339
527 370
527 528
528 606
529 380
529 530
530 456
531 532
531 550
532 43
533 534
533 604
534 532
535 63
535 536
536 112
537 538
537 615
538 562
539 229
539 540
540 406
541 509
541 542
542 533
543 313
543 544
544 376
545 100
545 546
546 530
547 92
547 548
548 392
549 510
549 550
550 432
551 552
551 715
552 83
553 554
553 683
554 752
555 514
555 556
556 808
557 387
557 558
558 671
559 537
559 560
560 792
561 218
561 562
562 374
563 423
563 564
564 234
565 360
565 566
566 778
567 226
567 568
568 78
569 570
569 699
570 668
571 572
571 587
572 582
573 343
573 574
574 697
575 299
575 576
576 460
577 56
577 578
578 538
579 365
579 580
580 310
581 582
581 721
582 782
583 386
583 584
584 446
585 508
585 586
586 776
587 363
587 588
588 504
589 291
589 590
590 648
591 453
591 592
592 478
593 60
593 594
594 806
595 105
595 596
596 366
597 385
597 598
598 426
599 379
599 600
600 33
601 602
601 633
602 481
603 604
603 804
604 585
605 315
605 606
606 719
607 225
607 608
608 523
609 578
609 610
610 241
611 185
611 612
612 561
613 614
613 783
614 191
615 616
615 723
616 560
617 117
617 618
618 11
619 620
619 653
620 26
621 51
621 622
622 437
623 128
623 624
624 579
625 596
625 626
626 430
627 597
627 628
628 503
629 461
629 630
630 220
631 513
631 632
632 206
633 611
633 634
634 525
635 119
635 636
636 148
637 439
637 638
638 520
639 495
639 640
640 500
641 539
641 642
642 52
643 347
643 644
644 398
645 646
645 736
646 332
647 445
647 648
648 290
649 403
649 650
650 194
651 540
651 652
652 129
653 654
653 689
654 506
655 269
655 656
656 356
657 239
657 658
658 688
659 660
659 681
660 718
661 662
661 735
662 563
663 7
663 664
664 326
665 161
665 666
666 477
667 412
667 668
668 590
669 670
669 693
670 140
671 592
671 672
672 48
673 286
673 674
674 340
675 427
675 676
676 522
677 652
677 678
678 470
679 409
679 680
680 184
681 111
681 682
682 769
683 684
683 809
684 555
685 686
685 687
686 516
687 304
687 688
688 62
689 156
689 690
690 242
691 692
691 810
692 162
693 694
693 807
694 328
695 353
695 696
696 627
697 698
697 745
698 518
699 219
699 700
700 188
701 79
701 702
702 754
703 23
703 704
704 246
705 18
705 706
706 59
707 287
707 708
708 264
709 483
709 710
710 798
711 172
711 712
712 88
713 217
713 714
714 58
715 675
715 716
716 519
717 235
717 718
718 171
719 278
719 720
720 207
721 265
721 722
722 209
723 599
723 724
724 531
725 639
725 726
726 307
727 728
727 756
728 650
729 646
729 730
730 294
731 293
731 732
732 252
733 173
733 734
734 149
735 337
735 736
736 3
737 300
737 738
738 120
739 407
739 740
740 122
741 602
741 742
742 789
743 663
743 744
744 731
745 344
745 746
746 98
747 5
747 748
748 636
749 690
749 750
750 501
751 672
751 752
752 474
753 301
753 754
754 651
755 317
755 756
756 765
757 381
757 758
758 86
759 372
759 760
760 764
761 81
761 762
762 558
763 557
763 764
764 784
765 766
765 813
766 180
767 87
767 768
768 34
769 637
769 770
770 350
771 169
771 772
772 336
773 367
773 774
774 131
775 686
775 776
776 151
777 143
777 778
778 529
779 147
779 780
780 178
781 24
781 782
782 164
783 569
783 784
784 583
785 598
785 786
786 320
787 788
787 812
788 144
789 450
789 790
790 448
791 177
791 792
792 346
793 608
793 794
794 205
795 288
795 796
796 199
797 761
797 798
798 383
799 463
799 800
800 444
801 179
801 802
802 400
803 261
803 804
804 314
805 159
805 806
806 536
807 770
807 808
808 338
809 231
809 810
810 342
811 75
811 812
812 329
813 547
813 814
814 793
