0 439
0 589
2 84
2 720
3 683
3 788
5 268
4 314
4 618
6 132
9 239
9 393
10 428
10 443
11 125
12 194
13 249
13 745
15 405
15 667
17 18
17 105
19 275
19 593
21 120
21 758
23 24
23 245
24 220
25 26
25 272
26 136
27 28
27 713
28 288
29 30
29 454
30 160
31 32
31 525
32 540
33 13
33 34
34 520
35 36
35 397
36 280
37 38
37 387
38 145
39 40
39 436
40 332
41 42
41 230
42 350
43 44
43 351
44 627
45 46
45 799
46 121
47 48
47 645
48 559
49 50
49 62
50 352
51 52
51 106
52 155
53 54
53 772
54 104
55 56
55 780
56 304
57 58
57 59
58 621
59 60
59 211
60 130
61 62
61 681
62 334
63 64
63 311
64 338
65 66
65 227
66 680
67 68
67 670
68 654
69 70
69 259
70 660
71 72
71 118
72 595
73 74
73 253
74 170
75 76
75 601
76 573
77 78
77 423
78 450
79 80
79 768
80 216
81 82
81 531
82 6
83 84
83 771
84 480
85 86
85 753
86 688
87 88
87 380
88 110
89 90
89 343
90 359
91 14
91 92
92 672
93 94
93 267
94 476
95 96
95 337
96 514
97 98
97 560
98 219
99 100
99 609
100 620
101 102
101 306
102 43
103 104
103 781
104 124
105 106
105 309
106 626
107 108
107 649
108 182
109 110
109 274
110 652
111 112
111 506
112 588
113 114
113 166
114 326
115 116
115 769
116 156
117 118
117 733
118 751
119 120
119 391
120 64
121 25
121 122
122 570
123 81
123 124
124 336
125 126
125 511
126 73
127 128
127 395
128 144
129 130
129 401
130 754
131 132
131 446
132 342
133 67
133 134
134 330
135 136
135 465
136 204
137 138
137 728
138 709
139 140
139 571
140 46
141 142
141 201
142 335
143 128
143 144
144 203
145 146
145 347
146 360
147 148
147 361
148 150
149 150
149 374
150 409
151 152
151 265
152 464
153 71
153 154
154 421
155 156
155 440
156 442
157 158
157 316
158 70
159 160
159 187
160 447
161 135
161 162
162 90
163 164
163 673
164 355
165 166
165 273
166 207
167 168
167 523
168 477
169 48
169 170
170 52
171 172
171 379
172 561
173 174
173 674
174 296
175 37
175 176
176 792
177 178
177 574
178 774
179 63
179 180
180 247
181 182
181 539
182 612
183 184
183 445
184 286
185 186
185 231
186 578
187 9
187 188
188 398
189 190
189 468
190 54
191 192
191 726
192 592
193 172
193 194
194 655
195 20
195 196
196 40
197 74
197 198
198 456
199 200
199 494
200 133
201 202
201 611
202 417
203 204
203 721
204 738
205 206
205 739
206 235
207 138
207 208
208 116
209 210
209 224
210 656
211 83
211 212
212 386
213 214
213 597
214 56
215 216
215 484
216 594
217 218
217 791
218 508
219 220
219 221
220 689
221 222
221 663
222 214
223 224
223 658
224 492
225 226
225 255
226 759
227 228
227 356
228 382
229 230
229 315
230 292
231 232
231 295
232 26
233 234
233 803
234 322
235 236
235 323
236 444
237 238
237 761
238 327
239 240
239 647
240 576
241 242
241 244
242 164
243 100
243 244
244 69
245 246
245 541
246 458
247 248
247 415
248 408
249 75
249 250
250 562
251 252
251 641
252 662
253 29
253 254
254 354
255 256
255 741
256 553
257 228
257 258
258 341
259 260
259 548
260 722
261 262
261 746
262 493
263 264
263 510
264 584
265 266
265 485
266 142
267 268
267 717
268 364
269 270
269 805
270 38
271 261
271 272
272 467
273 274
273 406
274 800
275 276
275 763
276 184
277 86
277 278
278 399
279 280
279 640
280 534
281 282
281 339
282 300
283 107
283 284
284 236
285 169
285 286
286 712
287 288
287 814
288 39
289 290
289 701
290 2
291 292
291 785
292 127
293 294
293 433
294 473
295 296
295 349
296 628
297 298
297 703
298 394
299 96
299 300
300 632
301 302
301 635
302 591
303 89
303 304
304 740
305 225
305 306
306 723
307 308
307 366
308 490
309 310
309 777
310 331
311 312
311 549
312 119
313 314
313 532
314 6
315 165
315 316
316 795
317 193
317 318
318 91
319 320
319 567
320 775
321 102
321 322
322 365
323 24
323 324
324 757
325 326
325 457
326 455
327 328
327 503
328 162
329 111
329 330
330 650
331 290
331 332
332 266
333 313
333 334
334 732
335 336
335 340
336 404
337 338
337 563
338 568
339 340
339 749
340 646
341 94
341 342
342 108
343 185
343 344
344 629
345 346
345 729
346 376
347 348
347 806
348 362
349 350
349 742
350 624
351 131
351 352
352 804
353 354
353 639
354 257
355 348
355 356
356 684
357 277
357 358
358 692
359 360
359 474
360 299
361 362
361 551
362 192
363 364
363 491
364 198
365 8
365 366
366 441
367 101
367 368
368 10
369 370
369 535
370 282
371 251
371 372
372 724
373 374
373 517
374 502
375 175
375 376
376 419
377 281
377 378
378 498
379 380
379 715
380 811
381 263
381 382
382 407
383 384
383 657
384 810
385 386
385 752
386 686
387 388
387 625
388 197
389 180
389 390
390 642
391 167
391 392
392 279
393 394
393 427
394 489
395 233
395 396
396 790
397 301
397 398
398 16
399 42
399 400
400 65
401 256
401 402
402 370
403 53
403 404
404 430
405 406
405 705
406 665
407 408
407 698
408 495
409 410
409 542
410 276
411 412
411 813
412 93
413 369
413 414
414 557
415 51
415 416
416 602
417 418
417 565
418 711
419 420
419 653
420 526
421 422
421 581
422 808
423 368
423 424
424 208
425 403
425 426
426 307
427 367
427 428
428 770
429 430
429 461
430 158
431 232
431 432
432 260
433 434
433 435
434 5
435 436
435 583
436 682
437 129
437 438
438 212
439 440
439 725
440 699
441 424
441 442
442 7
443 444
443 505
444 765
445 289
445 446
446 731
447 109
447 448
448 736
449 85
449 450
450 694
451 452
451 695
452 21
453 45
453 454
454 572
455 49
455 456
456 432
457 458
457 481
458 606
459 222
459 460
460 178
461 345
461 462
462 264
463 303
463 464
464 215
465 466
465 693
466 183
467 468
467 475
468 748
469 470
469 669
470 420
471 161
471 472
472 558
473 17
473 474
474 679
475 163
475 476
476 554
477 478
477 634
478 402
479 412
479 480
480 786
481 329
481 482
482 270
483 291
483 484
484 36
485 471
485 486
486 524
487 488
487 707
488 596
489 384
489 490
490 400
491 479
491 492
492 189
493 486
493 494
494 298
495 496
495 500
496 68
497 11
497 498
498 564
499 353
499 500
500 410
501 269
501 502
502 668
503 271
503 504
504 697
505 377
505 506
506 543
507 499
507 508
508 346
509 414
509 510
510 659
511 449
511 512
512 333
513 217
513 514
514 78
515 34
515 516
516 700
517 518
517 675
518 463
519 79
519 520
520 802
521 522
521 615
522 317
523 416
523 524
524 784
525 526
525 714
526 318
527 528
527 585
528 587
529 168
529 530
530 177
531 532
531 616
532 12
533 240
533 534
534 750
535 179
535 536
536 117
537 15
537 538
538 195
539 540
539 643
540 488
541 383
541 542
542 744
543 544
543 577
544 218
545 546
545 776
546 544
547 199
547 548
548 200
549 550
549 807
550 308
551 512
551 552
552 146
553 202
553 554
554 756
555 378
555 556
556 174
557 527
557 558
558 631
559 137
559 560
560 575
561 58
561 562
562 507
563 19
563 564
564 796
565 60
565 566
566 546
567 453
567 568
568 448
569 98
569 570
570 478
571 153
571 572
572 140
573 320
573 574
574 676
575 238
575 576
576 262
577 578
577 716
578 708
579 501
579 580
580 149
581 55
581 582
582 610
583 584
583 661
584 252
585 513
585 586
586 470
587 213
587 588
588 702
589 47
589 590
590 229
591 592
591 633
592 434
593 237
593 594
594 556
595 154
595 596
596 704
597 598
597 727
598 579
599 293
599 600
600 372
601 537
601 602
602 12
603 389
603 604
604 278
605 606
605 812
606 794
607 608
607 630
608 30
609 610
609 747
610 515
611 287
611 612
612 552
613 451
613 614
614 191
615 27
615 616
616 77
617 319
617 618
618 778
619 600
619 620
620 258
621 516
621 622
622 210
623 312
623 624
624 773
625 626
625 651
626 11
627 628
627 743
628 92
629 115
629 630
630 691
631 460
631 632
632 176
633 310
633 634
634 710
635 605
635 636
636 66
637 638
637 690
638 472
639 437
639 640
640 550
641 590
641 642
642 139
643 603
643 644
644 598
645 373
645 646
646 614
647 33
647 648
648 88
649 99
649 650
650 112
651 141
651 652
652 604
653 438
653 654
654 1
655 209
655 656
656 186
657 297
657 658
658 798
659 660
659 782
660 114
661 159
661 662
662 283
663 664
663 718
664 522
665 666
665 793
666 147
667 668
667 787
668 113
669 151
669 670
670 190
671 622
671 672
672 730
673 226
673 674
674 148
675 676
675 735
676 422
677 678
677 801
678 762
679 519
679 680
680 80
681 82
681 682
682 234
683 452
683 684
684 248
685 677
685 686
686 671
687 538
687 688
688 5
689 685
689 690
690 61
691 324
691 692
692 44
693 694
693 789
694 425
695 31
695 696
696 3
697 321
697 698
698 586
699 664
699 700
700 358
701 32
701 702
702 242
703 87
703 704
704 143
705 706
705 737
706 687
707 528
707 708
708 760
709 418
709 710
710 482
711 608
711 712
712 496
713 599
713 714
714 392
715 181
715 716
716 126
717 97
717 718
718 536
719 504
719 720
720 284
721 157
721 722
722 426
723 95
723 724
724 783
725 466
725 726
726 152
727 72
727 728
728 388
729 509
729 730
730 188
731 385
731 732
732 396
733 325
733 734
734 497
735 413
735 736
736 638
737 103
737 738
738 580
739 483
739 740
740 734
741 742
741 797
742 294
743 636
743 744
744 533
745 518
745 746
746 390
747 469
747 748
748 250
749 462
749 750
750 530
751 752
751 809
752 302
753 666
753 754
754 41
755 328
755 756
756 555
757 755
757 758
758 545
759 582
759 760
760 648
761 762
761 779
762 607
763 23
763 764
764 4
765 246
765 766
766 547
767 305
767 768
768 459
769 375
769 770
770 623
771 706
771 772
772 766
773 241
773 774
774 50
775 696
775 776
776 173
777 171
777 778
778 619
779 363
779 780
780 57
781 617
781 782
782 223
783 196
783 784
784 637
785 521
785 786
786 76
787 285
787 788
788 529
789 678
789 790
790 134
791 35
791 792
792 28
793 123
793 794
794 243
795 431
795 796
796 357
797 411
797 798
798 487
799 569
799 800
800 719
801 381
801 802
802 254
803 644
803 804
804 22
805 613
805 806
806 764
807 767
807 808
808 566
809 429
809 810
810 122
811 344
811 812
812 206
813 205
813 814
814 371
