0 219
0 323
3 4
3 221
4 41
4 313
6 592
5 143
7 165
7 657
8 75
8 413
10 370
9 247
11 12
11 198
13 565
13 780
15 96
15 259
17 280
17 288
19 452
19 703
21 162
21 430
23 24
23 366
24 744
25 26
25 265
26 804
27 28
27 420
28 391
29 30
29 150
30 626
31 32
31 213
32 328
33 34
33 709
34 108
35 36
35 163
36 675
37 38
37 188
38 136
39 40
39 336
40 103
41 42
41 435
42 685
43 44
43 782
44 40
45 46
45 682
46 9
47 48
47 541
48 715
49 45
49 50
50 432
51 11
51 52
52 260
53 2
53 54
54 566
55 56
55 797
56 423
57 58
57 349
58 574
59 60
59 625
60 759
61 62
61 124
62 811
63 64
63 679
64 680
65 66
65 257
66 262
67 68
67 121
68 264
69 70
69 525
70 212
71 72
71 475
72 317
73 74
73 743
74 433
75 76
75 297
76 50
77 78
77 294
78 571
79 80
79 642
80 444
81 82
81 425
82 267
83 84
83 705
84 614
85 86
85 539
86 599
87 88
87 282
88 535
89 90
89 754
90 799
91 92
91 498
92 752
93 94
93 329
94 393
95 96
95 125
96 354
97 32
97 98
98 274
99 80
99 100
100 344
101 102
101 771
102 645
103 104
103 735
104 342
105 106
105 480
106 636
107 108
107 707
108 98
109 110
109 112
110 716
111 112
111 207
112 176
113 114
113 740
114 261
115 55
115 116
116 687
117 118
117 242
118 748
119 31
119 120
120 65
121 122
121 513
122 658
123 124
123 210
124 652
125 71
125 126
126 202
127 128
127 561
128 42
129 130
129 277
130 765
131 132
131 412
132 624
133 134
133 757
134 755
135 136
135 203
136 408
137 138
137 437
138 220
139 140
139 171
140 394
141 142
141 154
142 231
143 6
143 144
144 56
145 146
145 263
146 457
147 148
147 185
148 589
149 150
149 643
150 53
151 152
151 725
152 596
153 154
153 337
154 216
155 156
155 309
156 376
157 145
157 158
158 84
159 160
159 330
160 117
161 162
161 568
162 400
163 164
163 593
164 750
165 166
165 581
166 775
167 158
167 168
168 396
169 170
169 236
170 770
171 172
171 477
172 289
173 174
173 431
174 768
175 176
175 268
176 62
177 178
177 479
178 492
179 180
179 493
180 650
181 182
181 233
182 698
183 184
183 689
184 196
185 186
185 422
186 140
187 188
187 654
188 234
189 190
189 505
190 34
191 192
191 629
192 374
193 194
193 591
194 602
195 72
195 196
196 310
197 183
197 198
198 520
199 200
199 225
200 666
201 174
201 202
202 132
203 204
203 767
204 651
205 206
205 434
206 21
207 208
207 673
208 318
209 210
209 660
210 270
211 212
211 369
212 303
213 191
213 214
214 697
215 216
215 692
216 813
217 177
217 218
218 552
219 83
219 220
220 488
221 222
221 547
222 119
223 224
223 640
224 308
225 226
225 761
226 58
227 24
227 228
228 779
229 228
229 230
230 175
231 232
231 595
232 616
233 234
233 252
234 314
235 236
235 763
236 758
237 238
237 273
238 540
239 240
239 362
240 717
241 242
241 419
242 16
243 244
243 341
244 739
245 122
245 246
246 51
247 248
247 619
248 778
249 250
249 558
250 623
251 252
251 579
252 583
253 254
253 266
254 322
255 256
255 285
256 46
257 258
257 279
258 214
259 260
259 559
260 110
261 262
261 798
262 276
263 139
263 264
264 628
265 266
265 611
266 348
267 248
267 268
268 476
269 86
269 270
270 608
271 272
271 550
272 20
273 105
273 274
274 742
275 6
275 276
276 588
277 278
277 417
278 104
279 280
279 325
280 306
281 199
281 282
282 351
283 284
283 795
284 118
285 111
285 286
286 319
287 288
287 523
288 187
289 290
289 781
290 621
291 292
291 672
292 578
293 294
293 603
294 485
295 296
295 463
296 182
297 107
297 298
298 61
299 300
299 753
300 5
301 302
301 381
302 70
303 304
303 392
304 814
305 159
305 306
306 388
307 250
307 308
308 356
309 144
309 310
310 655
311 312
311 656
312 94
313 314
313 515
314 346
315 316
315 812
316 284
317 318
317 737
318 272
319 320
319 440
320 278
321 322
321 532
322 14
323 193
323 324
324 195
325 217
325 326
326 361
327 328
327 786
328 88
329 330
329 379
330 120
331 332
331 548
332 590
333 334
333 487
334 180
335 269
335 336
336 426
337 338
337 469
338 764
339 293
339 340
340 723
341 342
341 576
342 126
343 43
343 344
344 473
345 346
345 789
346 506
347 307
347 348
348 358
349 350
349 667
350 424
351 235
351 352
352 22
353 15
353 354
354 324
355 356
355 787
356 254
357 358
357 573
358 724
359 360
359 453
360 551
361 362
361 663
362 805
363 364
363 617
364 446
365 245
365 366
366 776
367 271
367 368
368 350
369 64
369 370
370 367
371 90
371 372
372 334
373 374
373 401
374 240
375 376
375 567
376 315
377 35
377 378
378 734
379 380
379 557
380 69
381 382
381 659
382 275
383 384
383 630
384 483
385 386
385 534
386 312
387 388
387 721
388 594
389 390
389 441
390 36
391 373
391 392
392 332
393 292
393 394
394 224
395 396
395 708
396 542
397 239
397 398
398 436
399 400
399 720
400 450
401 402
401 538
402 327
403 77
403 404
404 785
405 406
405 526
406 238
407 408
407 484
408 472
409 410
409 691
410 610
411 412
411 524
412 508
413 414
413 635
414 100
415 47
415 416
416 141
417 17
417 418
418 54
419 420
419 618
420 502
421 251
421 422
422 79
423 424
423 791
424 253
425 426
425 713
426 749
427 359
427 428
428 577
429 430
429 746
430 226
431 33
431 432
432 106
433 434
433 601
434 661
435 73
435 436
436 97
437 438
437 803
438 459
439 229
439 440
440 718
441 197
441 442
442 690
443 444
443 751
444 82
445 38
445 446
446 18
447 63
447 448
448 733
449 304
449 450
450 800
451 283
451 452
452 490
453 454
453 783
454 155
455 133
455 456
456 156
457 458
457 648
458 600
459 460
459 510
460 664
461 462
461 597
462 613
463 179
463 464
464 340
465 466
465 693
466 700
467 468
467 518
468 766
469 299
469 470
470 612
471 472
471 605
472 474
473 474
473 554
474 1
475 113
475 476
476 607
477 478
477 653
478 572
479 383
479 480
480 74
481 147
481 482
482 26
483 241
483 484
484 456
485 486
485 537
486 638
487 488
487 632
488 311
489 490
489 649
490 553
491 5
491 492
492 338
493 326
493 494
494 460
495 347
495 496
496 190
497 85
497 498
498 123
499 500
499 773
500 512
501 502
501 671
502 637
503 377
503 504
504 501
505 481
505 506
506 320
507 287
507 508
508 511
509 510
509 741
510 395
511 512
511 777
512 466
513 514
513 521
514 27
515 249
515 516
516 211
517 518
517 633
518 604
519 520
519 722
520 170
521 167
521 522
522 784
523 10
523 524
524 809
525 371
525 526
526 570
527 87
527 528
528 134
529 530
529 711
530 631
531 461
531 532
532 256
533 382
533 534
534 462
535 429
535 536
536 152
537 538
537 549
538 237
539 403
539 540
540 522
541 542
541 615
542 68
543 243
543 544
544 59
545 546
545 641
546 164
547 447
547 548
548 409
549 375
549 550
550 695
551 552
551 678
552 399
553 528
553 554
554 482
555 516
555 556
556 380
557 558
557 681
558 517
559 291
559 560
560 365
561 415
561 562
562 555
563 465
563 564
564 246
565 566
565 801
566 60
567 385
567 568
568 564
569 497
569 570
570 302
571 572
571 774
572 406
573 194
573 574
574 418
575 223
575 576
576 169
577 201
577 578
578 627
579 93
579 580
580 470
581 227
581 582
582 8
583 514
583 584
584 343
585 331
585 586
586 728
587 458
587 588
588 806
589 590
589 646
590 586
591 443
591 592
592 499
593 451
593 594
594 57
595 596
595 793
596 683
597 489
597 598
598 363
599 244
599 600
600 67
601 602
601 788
602 738
603 7
603 604
604 360
605 135
605 606
606 731
607 149
607 608
608 560
609 298
609 610
610 706
611 612
611 745
612 587
613 189
613 614
614 181
615 471
615 616
616 138
617 387
617 618
618 676
619 19
619 620
620 760
621 606
621 622
622 546
623 624
623 696
624 496
625 102
625 626
626 386
627 37
627 628
628 352
629 339
629 630
630 129
631 172
631 632
632 161
633 427
633 634
634 131
635 636
635 701
636 756
637 205
637 638
638 445
639 640
639 772
640 662
641 582
641 642
642 128
643 544
643 644
644 732
645 563
645 646
646 807
647 504
647 648
648 99
649 503
649 650
650 30
651 301
651 652
652 39
653 421
653 654
654 669
655 130
655 656
656 44
657 295
657 658
658 378
659 531
659 660
660 389
661 414
661 662
662 398
663 390
663 664
664 218
665 455
665 666
666 372
667 9
667 668
668 78
669 543
669 670
670 151
671 509
671 672
672 792
673 527
673 674
674 562
675 507
675 676
676 494
677 137
677 678
678 726
679 89
679 680
680 647
681 209
681 682
682 3
683 468
683 684
684 208
685 255
685 686
686 449
687 91
687 688
688 345
689 49
689 690
690 368
691 530
691 692
692 416
693 677
693 694
694 719
695 81
695 696
696 192
697 569
697 698
698 76
699 215
699 700
700 160
701 258
701 702
702 13
703 439
703 704
704 762
705 115
705 706
706 407
707 305
707 708
708 714
709 694
709 710
710 232
711 674
711 712
712 335
713 712
713 714
714 500
715 716
715 790
716 178
717 718
717 769
718 710
719 467
719 720
720 114
721 529
721 722
722 173
723 585
723 724
724 316
725 634
725 726
726 148
727 28
727 728
728 66
729 355
729 730
730 206
731 333
731 732
732 684
733 109
733 734
734 794
735 622
735 736
736 186
737 25
737 738
738 704
739 101
739 740
740 166
741 321
741 742
742 486
743 491
743 744
744 454
745 609
745 746
746 808
747 730
747 748
748 688
749 686
749 750
750 639
751 153
751 752
752 536
753 127
753 754
754 533
755 116
755 756
756 184
757 545
757 758
758 48
759 442
759 760
760 736
761 300
761 762
762 52
763 404
763 764
764 286
765 290
765 766
766 410
767 157
767 768
768 92
769 556
769 770
770 405
771 411
771 772
772 810
773 222
773 774
774 729
775 668
775 776
776 384
777 146
777 778
778 580
779 10
779 780
780 230
781 782
781 796
782 142
783 281
783 784
784 402
785 598
785 786
786 357
787 670
787 788
788 519
789 168
789 790
790 364
791 665
791 792
792 702
793 296
793 794
794 644
795 23
795 796
796 495
797 204
797 798
798 200
799 584
799 800
800 428
801 95
801 802
802 727
803 802
803 804
804 448
805 464
805 806
806 478
807 397
807 808
808 620
809 353
809 810
810 747
811 699
811 812
812 29
813 575
813 814
814 438
