0 631
0 795
3 335
3 635
4 621
4 698
5 765
6 772
7 353
7 439
8 274
8 455
9 388
10 447
11 282
11 648
13 763
13 779
15 334
15 379
17 229
17 592
19 107
19 237
21 744
21 773
23 24
23 737
24 366
25 26
25 540
26 232
27 28
27 417
28 723
29 19
29 30
30 104
31 32
31 115
32 23
33 34
33 187
34 457
35 36
35 467
36 436
37 38
37 280
38 228
39 40
39 380
40 556
41 42
41 392
42 702
43 44
43 199
44 114
45 46
45 338
46 808
47 48
47 573
48 685
49 50
49 547
50 502
51 52
51 394
52 262
53 54
53 740
54 138
55 56
55 348
56 84
57 58
57 116
58 20
59 60
59 87
60 549
61 62
61 432
62 298
63 64
63 517
64 190
65 66
65 787
66 739
67 3
67 68
68 106
69 33
69 70
70 302
71 72
71 179
72 63
73 74
73 632
74 381
75 76
75 607
76 134
77 78
77 443
78 240
79 80
79 536
80 610
81 82
81 277
82 489
83 84
83 408
84 528
85 86
85 643
86 666
87 88
87 797
88 398
89 90
89 589
90 700
91 92
91 93
92 291
93 94
93 681
94 119
95 96
95 405
96 703
97 98
97 641
98 514
99 100
99 691
100 448
101 102
101 562
102 247
103 14
103 104
104 341
105 106
105 633
106 748
107 108
107 487
108 311
109 110
109 461
110 683
111 112
111 545
112 618
113 114
113 770
114 578
115 116
115 712
116 60
117 118
117 331
118 53
119 120
119 805
120 39
121 122
121 583
122 660
123 124
123 601
124 498
125 126
125 403
126 764
127 128
127 678
128 701
129 128
129 130
130 478
131 132
131 236
132 437
133 134
133 661
134 2
135 131
135 136
136 80
137 138
137 606
138 682
139 140
139 778
140 596
141 142
141 255
142 568
143 144
143 171
144 159
145 146
145 555
146 616
147 148
147 615
148 585
149 150
149 656
150 538
151 152
151 449
152 474
153 154
153 581
154 708
155 156
155 246
156 442
157 158
157 771
158 637
159 160
159 209
160 118
161 162
161 227
162 654
163 164
163 761
164 561
165 166
165 749
166 124
167 168
167 283
168 565
169 170
169 760
170 175
171 172
171 362
172 261
173 174
173 522
174 148
175 176
175 525
176 358
177 89
177 178
178 485
179 180
179 423
180 560
181 182
181 692
182 554
183 184
183 210
184 201
185 17
185 186
186 345
187 188
187 529
188 790
189 190
189 355
190 206
191 192
191 402
192 70
193 194
193 321
194 638
195 196
195 777
196 667
197 198
197 495
198 378
199 200
199 658
200 252
201 49
201 202
202 718
203 204
203 623
204 687
205 206
205 365
206 558
207 57
207 208
208 111
209 210
209 613
210 103
211 212
211 626
212 216
213 214
213 769
214 314
215 74
215 216
216 782
217 151
217 218
218 133
219 220
219 411
220 36
221 183
221 222
222 226
223 224
223 313
224 192
225 226
225 327
226 370
227 67
227 228
228 552
229 230
229 400
230 524
231 232
231 789
232 16
233 234
233 539
234 150
235 236
235 387
236 287
237 238
237 767
238 470
239 240
239 634
240 696
241 167
241 242
242 385
243 48
243 244
244 598
245 246
245 328
246 12
247 248
247 383
248 473
249 59
249 250
250 604
251 205
251 252
252 238
253 254
253 326
254 102
255 256
255 336
256 212
257 258
257 451
258 567
259 260
259 410
260 579
261 262
261 622
262 38
263 264
263 477
264 344
265 266
265 373
266 450
267 66
267 268
268 724
269 158
269 270
270 445
271 272
271 721
272 320
273 5
273 274
274 173
275 276
275 791
276 730
277 99
277 278
278 113
279 65
279 280
280 580
281 282
281 465
282 756
283 284
283 293
284 339
285 286
285 480
286 220
287 288
287 413
288 646
289 290
289 310
290 342
291 77
291 292
292 734
293 294
293 636
294 434
295 296
295 559
296 322
297 298
297 397
298 551
299 193
299 300
300 662
301 302
301 810
302 264
303 304
303 793
304 110
305 31
305 306
306 750
307 260
307 308
308 18
309 310
309 563
310 518
311 309
311 312
312 422
313 259
313 314
314 628
315 316
315 729
316 136
317 318
317 347
318 566
319 219
319 320
320 677
321 322
321 576
322 751
323 161
323 324
324 155
325 197
325 326
326 82
327 328
327 515
328 785
329 235
329 330
330 799
331 297
331 332
332 34
333 98
333 334
334 792
335 336
335 603
336 376
337 184
337 338
338 640
339 340
339 612
340 202
341 342
341 720
342 396
343 344
343 542
344 139
345 230
345 346
346 40
347 123
347 348
348 266
349 350
349 593
350 699
351 352
351 766
352 507
353 129
353 354
354 557
355 231
355 356
356 570
357 358
357 775
358 742
359 360
359 505
360 42
361 91
361 362
362 352
363 364
363 391
364 194
365 366
365 399
366 101
367 368
367 605
368 94
369 370
369 809
370 786
371 372
371 543
372 130
373 374
373 496
374 169
375 376
375 630
376 86
377 253
377 378
378 122
379 380
379 694
380 727
381 382
381 520
382 674
383 285
383 384
384 54
385 386
385 509
386 188
387 388
387 707
388 215
389 43
389 390
390 753
391 392
391 575
392 249
393 279
393 394
394 452
395 396
395 794
396 798
397 398
397 513
398 146
399 400
399 415
400 426
401 79
401 402
402 453
403 404
403 731
404 213
405 406
405 651
406 292
407 408
407 759
408 574
409 4
409 410
410 484
411 207
411 412
412 571
413 108
413 414
414 597
415 198
415 416
416 550
417 418
417 466
418 296
419 420
419 521
420 278
421 92
421 422
422 351
423 424
423 655
424 156
425 426
425 803
426 10
427 428
427 745
428 804
429 416
429 430
430 37
431 432
431 619
432 752
433 434
433 783
434 244
435 303
435 436
436 300
437 438
437 553
438 308
439 440
439 679
440 384
441 442
441 719
442 294
443 242
443 444
444 178
445 446
445 462
446 374
447 418
447 448
448 806
449 95
449 450
450 743
451 5
451 452
452 375
453 454
453 668
454 587
455 96
455 456
456 768
457 316
457 458
458 44
459 135
459 460
460 591
461 462
461 479
462 705
463 464
463 652
464 704
465 466
465 714
466 420
467 468
467 813
468 469
469 221
469 470
470 501
471 181
471 472
472 263
473 356
473 474
474 428
475 364
475 476
476 256
477 301
477 478
478 324
479 480
479 499
480 446
481 47
481 482
482 186
483 484
483 695
484 796
485 250
485 486
486 172
487 419
487 488
488 258
489 490
489 713
490 164
491 75
491 492
492 463
493 389
493 494
494 706
495 85
495 496
496 337
497 393
497 498
498 318
499 319
499 500
500 758
501 100
501 502
502 440
503 90
503 504
504 382
505 435
505 506
506 76
507 127
507 508
508 288
509 239
509 510
510 22
511 223
511 512
512 738
513 241
513 514
514 802
515 361
515 516
516 368
517 137
517 518
518 476
519 520
519 671
520 444
521 271
521 522
522 584
523 524
523 663
524 120
525 526
525 537
526 746
527 528
527 627
528 140
529 530
529 710
530 9
531 532
531 811
532 162
533 305
533 534
534 807
535 325
535 536
536 407
537 538
537 577
538 588
539 329
539 540
540 586
541 427
541 542
542 684
543 333
543 544
544 788
545 189
545 546
546 493
547 548
547 659
548 126
549 550
549 670
550 508
551 500
551 552
552 438
553 554
553 665
554 800
555 556
555 715
556 290
557 558
557 572
558 350
559 208
559 560
560 275
561 141
561 562
562 814
563 481
563 564
564 32
565 195
565 566
566 357
567 121
567 568
568 624
569 570
569 680
570 68
571 572
571 617
572 224
573 35
573 574
574 204
575 576
575 689
576 269
577 578
577 754
578 152
579 170
579 580
580 62
581 582
581 611
582 26
583 535
583 584
584 11
585 586
585 595
586 78
587 222
587 588
588 45
589 295
589 590
590 73
591 592
591 657
592 340
593 145
593 594
594 653
595 490
595 596
596 526
597 304
597 598
598 10
599 83
599 600
600 776
601 330
601 602
602 315
603 81
603 604
604 160
605 523
605 606
606 431
607 530
607 608
608 726
609 306
609 610
610 180
611 612
611 709
612 267
613 590
613 614
614 284
615 491
615 616
616 486
617 512
617 618
618 360
619 609
619 620
620 218
621 105
621 622
622 424
623 109
623 624
624 276
625 626
625 733
626 185
627 519
627 628
628 732
629 630
629 669
630 639
631 21
631 632
632 30
633 359
633 634
634 468
635 349
635 636
636 233
637 147
637 638
638 664
639 640
639 774
640 248
641 642
641 649
642 406
643 497
643 644
644 582
645 214
645 646
646 142
647 71
647 648
648 717
649 125
649 650
650 307
651 273
651 652
652 430
653 654
653 741
654 332
655 168
655 656
656 286
657 132
657 658
658 421
659 369
659 660
660 24
661 404
661 662
662 736
663 243
663 664
664 425
665 516
665 666
666 27
667 527
667 668
668 564
669 602
669 670
670 154
671 203
671 672
672 28
673 8
673 674
674 386
675 676
675 711
676 163
677 51
677 678
678 390
679 680
679 747
680 401
681 217
681 682
682 1
683 672
683 684
684 6
685 460
685 686
686 458
687 55
687 688
688 88
689 433
689 690
690 191
691 541
691 692
692 693
693 409
693 694
694 644
695 13
695 696
696 620
697 153
697 698
698 317
699 686
699 700
700 608
701 9
701 702
702 650
703 690
703 704
704 642
705 251
705 706
706 211
707 697
707 708
708 346
709 257
709 710
710 511
711 441
711 712
712 281
713 625
713 714
714 472
715 165
715 716
716 61
717 174
717 718
718 176
719 7
719 720
720 548
721 722
721 755
722 234
723 343
723 724
724 722
725 56
725 726
726 200
727 492
727 728
728 182
729 177
729 730
730 762
731 629
731 732
732 494
733 225
733 734
734 64
735 546
735 736
736 482
737 738
737 812
738 614
739 534
739 740
740 112
741 412
741 742
742 456
743 72
743 744
744 728
745 471
745 746
746 506
747 363
747 748
748 600
749 377
749 750
750 299
751 429
751 752
752 510
753 354
753 754
754 645
755 756
755 801
756 41
757 533
757 758
758 780
759 459
759 760
760 143
761 599
761 762
762 149
763 764
763 781
764 464
765 569
765 766
766 414
767 196
767 768
768 454
769 532
769 770
770 270
771 97
771 772
772 25
773 29
773 774
774 784
775 395
775 776
776 58
777 483
777 778
778 144
779 6
779 780
780 503
781 367
781 782
782 52
783 488
783 784
784 531
785 265
785 786
786 289
787 245
787 788
788 676
789 735
789 790
790 50
791 254
791 792
792 475
793 117
793 794
794 15
795 675
795 796
796 673
797 544
797 798
798 268
799 312
799 800
800 46
801 323
801 802
802 757
803 688
803 804
804 725
805 157
805 806
806 504
807 166
807 808
808 716
809 371
809 810
810 272
811 69
811 812
812 594
813 647
813 814
814 372
