0 272
0 513
1 209
1 443
3 33
3 735
4 97
4 321
6 705
5 149
7 455
7 623
9 106
8 412
8 805
10 794
13 233
13 237
15 42
15 189
17 245
17 811
19 402
19 736
21 284
21 460
23 24
23 357
24 339
25 26
25 669
26 413
27 28
27 427
28 769
29 30
29 657
30 204
31 32
31 433
32 124
33 34
33 417
34 603
35 36
35 522
36 734
37 38
37 135
38 479
39 40
39 79
40 134
41 42
41 523
42 201
43 44
43 498
44 198
45 46
45 411
46 9
47 48
47 175
48 507
49 50
49 692
50 185
51 52
51 192
52 155
53 54
53 590
54 378
55 56
55 295
56 492
57 58
57 775
58 27
59 60
59 684
60 630
61 62
61 646
62 802
63 64
63 217
64 421
65 66
65 714
66 347
67 37
67 68
68 681
69 70
69 550
70 518
71 72
71 158
72 490
73 74
73 465
74 497
75 76
75 85
76 298
77 78
77 723
78 733
79 80
79 488
80 419
81 82
81 694
82 422
83 84
83 484
84 220
85 86
85 531
86 358
87 24
87 88
88 574
89 90
89 578
90 788
91 92
91 555
92 774
93 94
93 166
94 16
95 96
95 718
96 668
97 98
97 533
98 436
99 100
99 271
100 362
101 102
101 305
102 65
103 104
103 556
104 232
105 106
105 562
106 251
107 108
107 587
108 26
109 110
109 641
110 205
111 59
111 112
112 343
113 114
113 336
114 238
115 116
115 301
116 598
117 118
117 483
118 242
119 120
119 615
120 662
121 122
121 156
122 230
123 124
123 142
124 280
125 126
125 333
126 739
127 128
127 568
128 690
129 130
129 709
130 178
131 98
131 132
132 14
133 134
133 639
134 94
135 136
135 365
136 70
137 138
137 720
138 354
139 140
139 157
140 69
141 142
141 785
142 809
143 144
143 292
144 541
145 146
145 759
146 266
147 148
147 755
148 444
149 150
149 322
150 240
151 152
151 712
152 780
153 154
153 601
154 387
155 131
155 156
156 44
157 158
157 589
158 539
159 30
159 160
160 212
161 162
161 426
162 614
163 164
163 351
164 770
165 166
165 247
166 400
167 99
167 168
168 268
169 170
169 345
170 644
171 172
171 431
172 12
173 36
173 174
174 360
175 176
175 789
176 416
177 178
177 611
178 634
179 137
179 180
180 95
181 182
181 391
182 754
183 184
183 584
184 458
185 186
185 552
186 728
187 188
187 597
188 664
189 190
189 276
190 90
191 192
191 382
192 154
193 194
193 547
194 491
195 196
195 297
196 55
197 169
197 198
198 283
199 161
199 200
200 214
201 202
201 765
202 326
203 87
203 204
204 254
205 206
205 316
206 82
207 208
207 277
208 515
209 210
209 510
210 32
211 212
211 439
212 632
213 64
213 214
214 534
215 216
215 282
216 676
217 218
217 741
218 579
219 195
219 220
220 463
221 222
221 329
222 273
223 224
223 341
224 188
225 226
225 369
226 370
227 228
227 300
228 281
229 230
229 376
230 191
231 108
231 232
232 501
233 234
233 678
234 168
235 83
235 236
236 451
237 206
237 238
238 464
239 240
239 787
240 495
241 111
241 242
242 183
243 244
243 249
244 227
245 246
245 377
246 778
247 248
247 367
248 600
249 250
249 441
250 658
251 226
251 252
252 200
253 211
253 254
254 344
255 256
255 710
256 798
257 258
257 352
258 726
259 260
259 703
260 144
261 262
261 685
262 414
263 264
263 773
264 779
265 266
265 325
266 248
267 268
267 506
268 430
269 270
269 686
270 56
271 272
271 655
272 731
273 126
273 274
274 264
275 276
275 449
276 262
277 278
277 309
278 350
279 280
279 289
280 182
281 282
281 812
282 312
283 284
283 767
284 486
285 286
285 751
286 1
287 288
287 545
288 13
289 290
289 573
290 193
291 292
291 371
292 777
293 294
293 450
294 744
295 296
295 671
296 766
297 107
297 298
298 71
299 300
299 629
300 8
301 302
301 525
302 604
303 109
303 304
304 394
305 5
305 306
306 591
307 54
307 308
308 114
309 129
309 310
310 701
311 41
311 312
312 250
313 314
313 580
314 43
315 316
315 334
316 194
317 101
317 318
318 635
319 320
319 368
320 537
321 322
321 435
322 585
323 324
323 667
324 197
325 326
325 446
326 39
327 328
327 768
328 784
329 330
329 361
330 437
331 318
331 332
332 392
333 334
333 648
334 652
335 336
335 559
336 756
337 338
337 395
338 565
339 340
339 472
340 130
341 235
341 342
342 758
343 344
343 663
344 554
345 223
345 346
346 80
347 246
347 348
348 10
349 350
349 697
350 47
351 15
351 352
352 138
353 354
353 776
354 470
355 356
355 397
356 682
357 181
357 358
358 244
359 360
359 653
360 442
361 153
361 362
362 796
363 122
363 364
364 332
365 304
365 366
366 2
367 368
367 561
368 582
369 370
369 799
370 52
371 372
371 717
372 50
373 374
373 481
374 804
375 376
375 526
376 792
377 338
377 378
378 592
379 224
379 380
380 120
381 382
381 407
382 478
383 81
383 384
384 10
385 29
385 386
386 567
387 252
387 388
388 162
389 53
389 390
390 296
391 392
391 605
392 440
393 143
393 394
394 607
395 335
395 396
396 505
397 171
397 398
398 448
399 400
399 516
400 20
401 402
401 618
402 93
403 68
403 404
404 807
405 139
405 406
406 274
407 408
407 719
408 96
409 410
409 621
410 672
411 412
411 447
412 424
413 290
413 414
414 452
415 324
415 416
416 654
417 403
417 418
418 167
419 420
419 469
420 520
421 260
421 422
422 660
423 243
423 424
424 62
425 426
425 675
426 7
427 428
427 617
428 100
429 415
429 430
430 152
431 432
431 489
432 456
433 434
433 791
434 628
435 89
435 436
436 66
437 386
437 438
438 420
439 440
439 742
440 432
441 442
441 577
442 210
443 231
443 444
444 512
445 337
445 446
446 471
447 448
447 689
448 275
449 19
449 450
450 86
451 452
451 763
452 102
453 253
453 454
454 258
455 456
455 706
456 215
457 458
457 482
458 22
459 222
459 460
460 330
461 17
461 462
462 612
463 346
463 464
464 128
465 119
465 466
466 674
467 383
467 468
468 353
469 176
469 470
470 454
471 472
471 647
472 808
473 474
473 786
474 715
475 476
475 625
476 588
477 278
477 478
478 602
479 474
479 480
480 748
481 287
481 482
482 670
483 484
483 551
484 698
485 31
485 486
486 494
487 385
487 488
488 702
489 490
489 499
490 257
491 492
491 743
492 40
493 494
493 790
494 390
495 429
495 496
496 118
497 498
497 711
498 216
499 331
499 500
500 84
501 76
501 502
502 564
503 425
503 504
504 622
505 485
505 506
506 320
507 110
507 508
508 364
509 393
509 510
510 700
511 34
511 512
512 666
513 423
513 514
514 319
515 399
515 516
516 51
517 67
517 518
518 616
519 520
519 683
520 570
521 117
521 522
522 373
523 524
523 633
524 563
525 221
525 526
526 48
527 196
527 528
528 608
529 530
529 708
530 267
531 165
531 532
532 116
533 57
533 534
534 366
535 536
535 725
536 174
537 538
537 730
538 327
539 540
539 783
540 315
541 147
541 542
542 263
543 544
543 747
544 732
545 546
545 583
546 159
547 389
547 548
548 500
549 25
549 550
550 642
551 552
551 801
552 524
553 554
553 738
554 340
555 477
555 556
556 286
557 3
557 558
558 761
559 560
559 643
560 293
561 487
561 562
562 103
563 564
563 749
564 536
565 462
565 566
566 746
567 508
567 568
568 650
569 570
569 586
570 596
571 115
571 572
572 328
573 409
573 574
574 696
575 279
575 576
576 75
577 63
577 578
578 213
579 163
579 580
580 408
581 398
581 582
582 609
583 584
583 813
584 800
585 6
585 586
586 6
587 517
587 588
588 123
589 590
589 699
590 737
591 241
591 592
592 566
593 311
593 594
594 35
595 519
595 596
596 184
597 598
597 753
598 203
599 78
599 600
600 380
601 602
601 651
602 132
603 148
603 604
604 638
605 199
605 606
606 750
607 49
607 608
608 288
609 461
609 610
610 722
611 105
611 612
612 814
613 614
613 649
614 572
615 434
615 616
616 379
617 535
617 618
618 261
619 560
619 620
620 558
621 291
621 622
622 4
623 571
623 624
624 538
625 265
625 626
626 104
627 576
627 628
628 141
629 630
629 659
630 540
631 151
631 632
632 18
633 61
633 634
634 342
635 636
635 640
636 610
637 638
637 695
638 384
639 543
639 640
640 569
641 613
641 642
642 476
643 644
643 677
644 187
645 418
645 646
646 323
647 648
647 687
648 91
649 650
649 713
650 9
651 58
651 652
652 511
653 654
653 727
654 764
655 656
655 795
656 680
657 396
657 658
658 308
659 660
659 752
660 255
661 637
661 662
662 11
663 21
663 664
664 716
665 666
665 797
666 428
667 453
667 668
668 401
669 303
669 670
670 127
671 475
671 672
672 170
673 23
673 674
674 46
675 269
675 676
676 480
677 678
677 781
678 72
679 5
679 680
680 528
681 285
681 682
682 388
683 355
683 684
684 594
685 229
685 686
686 468
687 125
687 688
688 599
689 661
689 690
690 438
691 259
691 692
692 527
693 225
693 694
694 459
695 696
695 782
696 793
697 73
697 698
698 693
699 493
699 700
700 673
701 77
701 702
702 28
703 445
703 704
704 310
705 177
705 706
706 529
707 405
707 708
708 112
709 145
709 710
710 530
711 38
711 712
712 636
713 691
713 714
714 724
715 466
715 716
716 160
717 509
717 718
718 626
719 349
719 720
720 457
721 74
721 722
722 314
723 521
723 724
724 294
725 45
725 726
726 406
727 410
727 728
728 656
729 374
729 730
730 121
731 503
731 732
732 679
733 150
733 734
734 496
735 575
735 736
736 359
737 236
737 738
738 619
739 553
739 740
740 762
741 239
741 742
742 299
743 744
743 806
744 356
745 532
745 746
746 363
747 627
747 748
748 140
749 750
749 803
750 473
751 704
751 752
752 688
753 467
753 754
754 772
755 219
755 756
756 771
757 544
757 758
758 348
759 645
759 760
760 218
761 740
761 762
762 92
763 180
763 764
764 375
765 548
765 766
766 190
767 624
767 768
768 113
769 729
769 770
770 234
771 307
771 772
772 620
773 760
773 774
774 256
775 133
775 776
776 208
777 549
777 778
778 186
779 631
779 780
780 270
781 207
781 782
782 593
783 721
783 784
784 404
785 757
785 786
786 179
787 557
787 788
788 810
789 317
789 790
790 595
791 381
791 792
792 136
793 313
793 794
794 172
795 504
795 796
796 542
797 306
797 798
798 146
799 665
799 800
800 60
801 707
801 802
802 173
803 514
803 804
804 88
805 372
805 806
806 745
807 164
807 808
808 228
809 502
809 810
810 302
811 202
811 812
812 546
813 581
813 814
814 606
