0 745
0 805
1 5
1 679
3 513
3 599
5 348
4 455
4 638
6 332
9 35
9 361
10 408
10 556
11 681
12 540
13 481
13 741
15 306
15 648
17 281
17 465
19 209
19 493
21 521
21 775
23 24
23 53
24 36
25 26
25 127
26 232
27 28
27 358
28 143
29 30
29 51
30 596
31 32
31 357
32 165
33 34
33 688
34 587
35 36
35 549
36 602
37 38
37 744
38 242
39 34
39 40
40 37
41 42
41 295
42 95
43 44
43 579
44 280
45 46
45 470
46 669
47 48
47 177
48 137
49 50
49 247
50 271
51 52
51 284
52 560
53 32
53 54
54 391
55 56
55 500
56 158
57 58
57 525
58 803
59 60
59 411
60 694
61 62
61 811
62 2
63 64
63 505
64 279
65 66
65 225
66 149
67 68
67 461
68 764
69 70
69 798
70 343
71 72
71 319
72 116
73 74
73 613
74 383
75 76
75 511
76 159
77 78
77 352
78 592
79 80
79 410
80 372
81 58
81 82
82 228
83 84
83 205
84 653
85 86
85 439
86 469
87 88
87 254
88 778
89 90
89 632
90 17
91 92
91 457
92 15
93 94
93 634
94 355
95 96
95 585
96 288
97 98
97 235
98 56
99 100
99 760
100 624
101 102
101 747
102 609
103 104
103 195
104 672
105 106
105 111
106 496
107 108
107 338
108 692
109 110
109 392
110 595
111 112
111 311
112 583
113 114
113 687
114 33
115 116
115 643
116 226
117 118
117 229
118 783
119 120
119 516
120 155
121 122
121 287
122 265
123 124
123 269
124 530
125 126
125 743
126 267
127 128
127 659
128 346
129 130
129 435
130 555
131 132
131 533
132 388
133 134
133 574
134 106
135 136
135 704
136 700
137 138
137 215
138 128
139 47
139 140
140 57
141 142
141 550
142 370
143 144
143 536
144 87
145 146
145 304
146 578
147 148
147 647
148 515
149 150
149 333
150 142
151 50
151 152
152 605
153 154
153 374
154 726
155 156
155 184
156 260
157 158
157 774
158 26
159 160
159 756
160 216
161 162
161 219
162 509
163 164
163 429
164 69
165 166
165 329
166 192
167 168
167 652
168 336
169 170
169 552
170 600
171 172
171 257
172 318
173 82
173 174
174 356
175 176
175 249
176 610
177 115
177 178
178 558
179 85
179 180
180 86
181 182
181 296
182 800
183 147
183 184
184 447
185 186
185 389
186 616
187 188
187 339
188 368
189 190
189 275
190 52
191 192
191 721
192 328
193 194
193 732
194 94
195 196
195 577
196 503
197 198
197 202
198 138
199 200
199 693
200 212
201 202
201 727
202 510
203 185
203 204
204 678
205 206
205 791
206 706
207 191
207 208
208 570
209 210
209 686
210 769
211 212
211 532
212 733
213 214
213 278
214 576
215 126
215 216
216 312
217 218
217 359
218 172
219 21
219 220
220 173
221 222
221 401
222 444
223 224
223 750
224 748
225 226
225 497
226 598
227 228
227 535
228 150
229 230
229 651
230 297
231 232
231 615
232 654
233 234
233 551
234 48
235 236
235 662
236 684
237 238
237 657
238 22
239 240
239 801
240 545
241 242
241 508
242 367
243 244
243 660
244 314
245 135
245 246
246 464
247 248
247 517
248 622
249 120
249 250
250 746
251 252
251 396
252 432
253 254
253 300
254 199
255 256
255 418
256 373
257 227
257 258
258 28
259 241
259 260
260 809
261 262
261 522
262 394
263 264
263 701
264 347
265 210
265 266
266 730
267 268
267 658
268 440
269 270
269 597
270 146
271 272
271 553
272 591
273 274
273 463
274 633
275 276
275 673
276 393
277 278
277 354
278 24
279 280
279 617
280 539
281 54
281 282
282 437
283 284
283 665
284 709
285 286
285 623
286 320
287 288
287 537
288 498
289 290
289 443
290 164
291 292
291 378
292 140
293 294
293 735
294 755
295 296
295 426
296 366
297 298
297 523
298 710
299 300
299 331
300 27
301 25
301 302
302 573
303 243
303 304
304 380
305 306
305 749
306 780
307 308
307 711
308 124
309 310
309 720
310 114
311 312
311 433
312 190
313 314
313 527
314 74
315 316
315 731
316 586
317 318
317 776
318 717
319 43
319 320
320 479
321 64
321 322
322 637
323 324
323 445
324 739
325 326
325 757
326 488
327 328
327 518
328 788
329 65
329 330
330 277
331 332
331 773
332 182
333 178
333 334
334 376
335 336
335 699
336 154
337 338
337 603
338 83
339 340
339 409
340 483
341 342
341 384
342 512
343 92
343 344
344 734
345 346
345 697
346 308
347 113
347 348
348 683
349 179
349 350
350 456
351 233
351 352
352 1
353 354
353 562
354 317
355 144
355 356
356 16
357 358
357 713
358 655
359 360
359 474
360 594
361 324
361 362
362 45
363 283
363 364
364 174
365 273
365 366
366 397
367 248
367 368
368 588
369 117
369 370
370 534
371 372
371 379
372 168
373 374
373 584
374 664
375 299
375 376
376 12
377 79
377 378
378 293
379 380
379 471
380 180
381 382
381 541
382 650
383 384
383 495
384 110
385 386
385 606
386 270
387 388
387 797
388 266
389 351
389 390
390 612
391 19
391 392
392 160
393 394
393 738
394 153
395 23
395 396
396 806
397 66
397 398
398 424
399 9
399 400
400 404
401 340
401 402
402 61
403 189
403 404
404 561
405 11
405 406
406 753
407 408
407 423
408 543
409 59
409 410
410 557
411 105
411 412
412 641
413 414
413 507
414 258
415 416
415 742
416 98
417 12
417 418
418 238
419 420
419 627
420 581
421 422
421 459
422 485
423 244
423 424
424 630
425 426
425 656
426 559
427 428
427 431
428 201
429 109
429 430
430 261
431 432
431 489
432 792
433 305
433 434
434 428
435 436
435 477
436 327
437 438
437 810
438 170
439 363
439 440
440 344
441 335
441 442
442 99
443 123
443 444
444 478
445 446
445 645
446 70
447 289
447 448
448 611
449 441
449 450
450 695
451 452
451 460
452 569
453 252
453 454
454 626
455 181
455 456
456 736
457 458
457 629
458 779
459 71
459 460
460 49
461 302
461 462
462 263
463 13
463 464
464 436
465 18
465 466
466 256
467 313
467 468
468 759
469 407
469 470
470 10
471 472
471 631
472 728
473 474
473 705
474 325
475 161
475 476
476 294
477 478
477 808
478 786
479 398
479 480
480 676
481 482
481 689
482 119
483 274
483 484
484 100
485 486
485 619
486 38
487 259
487 488
488 382
489 345
489 490
490 222
491 162
491 492
492 122
493 494
493 804
494 80
495 39
495 496
496 566
497 251
497 498
498 480
499 500
499 571
500 316
501 502
501 668
502 770
503 125
503 504
504 422
505 301
505 506
506 214
507 187
507 508
508 131
509 510
509 763
510 72
511 310
511 512
512 563
513 402
513 514
514 198
515 516
515 565
516 108
517 518
517 765
518 646
519 520
519 548
520 501
521 381
521 522
522 362
523 73
523 524
524 492
525 285
525 526
526 231
527 203
527 528
528 42
529 466
529 530
530 200
531 425
531 532
532 785
533 206
533 534
534 14
535 141
535 536
536 412
537 4
537 538
538 272
539 76
539 540
540 546
541 403
541 542
542 90
543 157
543 544
544 188
545 60
545 546
546 752
547 475
547 548
548 667
549 413
549 550
550 68
551 552
551 729
552 213
553 107
553 554
554 84
555 556
555 636
556 334
557 558
557 813
558 723
559 560
559 781
560 46
561 264
561 562
562 762
563 564
563 620
564 724
565 89
565 566
566 8
567 414
567 568
568 794
569 570
569 639
570 751
571 542
571 572
572 133
573 112
573 574
574 784
575 576
575 635
576 502
577 578
577 807
578 268
579 451
579 580
580 473
581 442
581 582
582 680
583 315
583 584
584 582
585 586
585 589
586 812
587 588
587 766
588 390
589 491
589 590
590 427
591 592
591 644
592 286
593 207
593 594
594 526
595 596
595 787
596 211
597 387
597 598
598 55
599 575
599 600
600 520
601 341
601 602
602 712
603 371
603 604
604 531
605 606
605 675
606 564
607 129
607 608
608 458
609 237
609 610
610 468
611 236
611 612
612 572
613 614
613 690
614 186
615 350
615 616
616 529
617 103
617 618
618 718
619 151
619 620
620 698
621 93
621 622
622 330
623 453
623 624
624 326
625 567
625 626
626 197
627 175
627 628
628 78
629 221
629 630
630 671
631 375
631 632
632 421
633 77
633 634
634 171
635 322
635 636
636 417
637 482
637 638
638 768
639 640
639 799
640 166
641 438
641 642
642 618
643 121
643 644
644 250
645 67
645 646
646 670
647 63
647 648
648 708
649 176
649 650
650 353
651 419
651 652
652 193
653 96
653 654
654 448
655 41
655 656
656 430
657 309
657 658
658 405
659 547
659 660
660 365
661 568
661 662
662 490
663 101
663 664
664 666
665 321
665 666
666 290
667 668
667 691
668 245
669 486
669 670
670 416
671 282
671 672
672 758
673 674
673 685
674 104
675 276
675 676
676 661
677 20
677 678
678 62
679 3
679 680
680 194
681 601
681 682
682 677
683 7
683 684
684 696
685 337
685 686
686 538
687 75
687 688
688 406
689 81
689 690
690 462
691 663
691 692
692 625
693 649
693 694
694 130
695 504
695 696
696 544
697 698
697 740
698 772
699 700
699 777
700 262
701 139
701 702
702 790
703 704
703 771
704 767
705 706
705 715
706 208
707 230
707 708
708 364
709 519
709 710
710 386
711 590
711 712
712 360
713 714
713 737
714 118
715 716
715 793
716 415
717 136
717 718
718 682
719 395
719 720
720 604
721 91
721 722
722 499
723 400
723 724
724 5
725 217
725 726
726 246
727 703
727 728
728 782
729 303
729 730
730 714
731 291
731 732
732 514
733 642
733 734
734 88
735 736
735 795
736 420
737 29
737 738
738 145
739 156
739 740
740 716
741 323
741 742
742 102
743 476
743 744
744 223
745 183
745 746
746 44
747 377
747 748
748 484
749 369
749 750
750 11
751 152
751 752
752 494
753 163
753 754
754 640
755 756
755 814
756 292
757 758
757 761
758 97
759 554
759 760
760 30
761 621
761 762
762 220
763 487
763 764
764 434
765 399
765 766
766 796
767 454
767 768
768 6
769 224
769 770
770 134
771 234
771 772
772 802
773 349
773 774
774 40
775 253
775 776
776 385
777 452
777 778
778 754
779 446
779 780
780 240
781 255
781 782
782 674
783 784
783 789
784 204
785 608
785 786
786 6
787 722
787 788
788 506
789 167
789 790
790 218
791 593
791 792
792 342
793 467
793 794
794 472
795 196
795 796
796 725
797 528
797 798
798 298
799 31
799 800
800 702
801 148
801 802
802 169
803 524
803 804
804 628
805 449
805 806
806 707
807 239
807 808
808 719
809 307
809 810
810 132
811 607
811 812
812 614
813 580
813 814
814 450
