0 631
0 689
1 3
1 41
3 239
3 461
4 284
4 363
5 698
6 268
9 65
9 338
10 77
10 542
12 330
11 289
13 121
13 791
15 111
15 424
17 108
17 218
19 245
19 439
21 743
21 780
23 24
23 91
24 118
25 26
25 467
26 59
27 28
27 629
28 16
29 30
29 143
30 654
31 32
31 249
32 48
33 34
33 748
34 756
35 36
35 347
36 261
37 38
37 78
38 17
39 40
39 99
40 311
41 42
41 385
42 431
43 44
43 133
44 296
45 46
45 320
46 396
47 48
47 714
48 129
49 50
49 302
50 27
51 52
51 567
52 370
53 54
53 207
54 712
55 56
55 626
56 168
57 58
57 508
58 270
59 60
59 269
60 462
61 62
61 83
62 11
63 64
63 138
64 188
65 66
65 797
66 40
67 68
67 151
68 736
69 70
69 713
70 204
71 72
71 457
72 498
73 74
73 711
74 472
75 76
75 682
76 331
77 78
77 678
78 642
79 80
79 206
80 575
81 82
81 413
82 757
83 84
83 317
84 591
85 86
85 723
86 106
87 88
87 778
88 695
89 90
89 101
90 145
91 92
91 735
92 254
93 94
93 787
94 340
95 96
95 770
96 158
97 98
97 447
98 176
99 100
99 407
100 276
101 102
101 594
102 478
103 104
103 688
104 94
105 106
105 421
106 619
107 108
107 344
108 120
109 110
109 602
110 702
111 112
111 226
112 199
113 114
113 387
114 491
115 116
115 229
116 733
117 118
117 501
118 90
119 120
119 162
120 537
121 122
121 374
122 758
123 124
123 574
124 564
125 126
125 749
126 193
127 128
127 795
128 588
129 130
129 559
130 358
131 132
131 655
132 134
133 134
133 475
134 8
135 136
135 586
136 67
137 138
137 611
138 606
139 140
139 509
140 98
141 142
141 647
142 666
143 36
143 144
144 364
145 146
145 809
146 166
147 148
147 637
148 547
149 150
149 662
150 368
151 152
151 565
152 604
153 154
153 737
154 550
155 156
155 528
156 767
157 9
157 158
158 486
159 160
159 327
160 674
161 162
161 667
162 61
163 164
163 411
164 165
165 166
165 639
166 672
167 168
167 343
168 675
169 170
169 211
170 281
171 172
171 187
172 742
173 24
173 174
174 240
175 176
175 679
176 701
177 15
177 178
178 322
179 180
179 800
180 310
181 182
181 551
182 378
183 184
183 394
184 273
185 186
185 293
186 645
187 188
187 750
188 649
189 190
189 399
190 81
191 192
191 659
192 79
193 194
193 805
194 617
195 123
195 196
196 504
197 198
197 319
198 541
199 200
199 614
200 130
201 202
201 599
202 446
203 204
203 573
204 699
205 206
205 643
206 746
207 208
207 661
208 806
209 210
209 297
210 198
211 212
211 556
212 252
213 214
213 794
214 638
215 216
215 449
216 6
217 218
217 244
218 46
219 220
219 668
220 246
221 222
221 793
222 804
223 224
223 539
224 764
225 226
225 380
226 28
227 117
227 228
228 382
229 230
229 741
230 105
231 232
231 722
232 420
233 234
233 402
234 775
235 236
235 601
236 159
237 238
237 609
238 92
239 240
239 299
240 522
241 189
241 242
242 623
243 51
243 244
244 529
245 246
245 569
246 761
247 248
247 773
248 326
249 250
249 709
250 412
251 97
251 252
252 294
253 153
253 254
254 410
255 256
255 315
256 630
257 258
257 641
258 308
259 260
259 729
260 328
261 119
261 262
262 610
263 264
263 627
264 582
265 266
265 369
266 511
267 268
267 483
268 487
269 233
269 270
270 354
271 125
271 272
272 526
273 274
273 762
274 228
275 276
275 535
276 122
277 262
277 278
278 554
279 280
279 703
280 558
281 282
281 398
282 316
283 284
283 473
284 5
285 259
285 286
286 798
287 288
287 784
288 146
289 290
289 426
290 650
291 62
291 292
292 324
293 82
293 294
294 658
295 127
295 296
296 752
297 161
297 298
298 355
299 300
299 356
300 751
301 190
301 302
302 71
303 116
303 304
304 428
305 306
305 657
306 593
307 308
307 747
308 685
309 310
309 445
310 256
311 49
311 312
312 236
313 314
313 549
314 691
315 316
315 450
316 414
317 318
317 715
318 533
319 320
319 783
320 730
321 195
321 322
322 406
323 32
323 324
324 648
325 326
325 765
326 400
327 328
327 463
328 266
329 85
329 330
330 546
331 332
331 728
332 772
333 334
333 409
334 653
335 336
335 615
336 23
337 338
337 680
338 12
339 340
339 365
340 208
341 342
341 375
342 74
343 344
343 589
344 790
345 255
345 346
346 202
347 348
347 525
348 422
349 112
349 350
350 107
351 352
351 571
352 584
353 354
353 417
354 337
355 356
355 671
356 579
357 358
357 532
358 14
359 56
359 360
360 142
361 312
361 362
362 89
363 364
363 367
364 557
365 366
365 697
366 621
367 368
367 635
368 52
369 232
369 370
370 348
371 257
371 372
372 25
373 215
373 374
374 250
375 318
375 376
376 86
377 378
377 788
378 20
379 380
379 796
380 568
381 115
381 382
382 503
383 139
383 384
384 221
385 201
385 386
386 288
387 388
387 438
388 76
389 314
389 390
390 225
391 219
391 392
392 811
393 394
393 777
394 290
395 396
395 416
396 692
397 264
397 398
398 132
399 126
399 400
400 476
401 402
401 433
402 263
403 404
403 745
404 12
405 391
405 406
406 644
407 33
407 408
408 305
409 47
409 410
410 72
411 412
411 545
412 597
413 414
413 555
414 321
415 42
415 416
416 684
417 227
417 418
418 500
419 420
419 694
420 45
421 359
421 422
422 812
423 424
423 612
424 670
425 373
425 426
426 174
427 66
427 428
428 656
429 283
429 430
430 102
431 432
431 605
432 652
433 234
433 434
434 388
435 4
435 436
436 260
437 372
437 438
438 184
439 440
439 470
440 477
441 442
441 495
442 271
443 209
443 444
444 510
445 237
445 446
446 464
447 419
447 448
448 418
449 450
449 523
450 295
451 452
451 721
452 287
453 243
453 454
454 18
455 124
455 456
456 95
457 458
457 663
458 182
459 460
459 581
460 536
461 339
461 462
462 164
463 351
463 464
464 136
465 156
465 466
466 618
467 468
467 595
468 518
469 349
469 470
470 361
471 472
471 590
472 718
473 26
473 474
474 708
475 10
475 476
476 808
477 325
477 478
478 96
479 141
479 480
480 272
481 185
481 482
482 455
483 58
483 484
484 531
485 401
485 486
486 782
487 488
487 492
488 490
489 408
489 490
490 404
491 492
491 560
492 170
493 494
493 607
494 282
495 285
495 496
496 157
497 498
497 505
498 494
499 19
499 500
500 177
501 502
501 802
502 744
503 504
503 734
504 379
505 247
505 506
506 196
507 392
507 508
508 592
509 510
509 625
510 222
511 100
511 512
512 390
513 267
513 514
514 242
515 371
515 516
516 810
517 171
517 518
518 481
519 147
519 520
520 313
521 507
521 522
522 632
523 31
523 524
524 769
525 29
525 526
526 727
527 303
527 528
528 304
529 87
529 530
530 430
531 471
531 532
532 803
533 149
533 534
534 720
535 110
535 536
536 636
537 538
537 771
538 580
539 251
539 540
540 217
541 542
541 799
542 624
543 63
543 544
544 192
545 183
545 546
546 740
547 548
547 716
548 205
549 543
549 550
550 598
551 155
551 552
552 104
553 484
553 554
554 502
555 53
555 556
556 469
557 216
557 558
558 474
559 220
559 560
560 6
561 562
561 585
562 353
563 534
563 564
564 434
565 238
565 566
566 482
567 568
567 719
568 292
569 393
569 570
570 194
571 210
571 572
572 248
573 381
573 574
574 732
575 186
575 576
576 760
577 578
577 739
578 152
579 520
579 580
580 454
581 258
581 582
582 30
583 584
583 622
584 686
585 441
585 586
586 39
587 60
587 588
588 726
589 485
589 590
590 131
591 350
591 592
592 180
593 443
593 594
594 700
595 163
595 596
596 423
597 43
597 598
598 75
599 70
599 600
600 169
601 602
601 665
602 103
603 499
603 604
604 458
605 606
605 725
606 88
607 366
607 608
608 2
609 13
609 610
610 175
611 383
611 612
612 93
613 415
613 614
614 548
615 279
615 616
616 37
617 514
617 618
618 160
619 600
619 620
620 576
621 527
621 622
622 73
623 362
623 624
624 583
625 479
625 626
626 683
627 452
627 628
628 706
629 191
629 630
630 342
631 632
631 779
632 768
633 524
633 634
634 651
635 577
635 636
636 54
637 435
637 638
638 64
639 640
639 717
640 200
641 286
641 642
642 389
643 173
643 644
644 572
645 336
645 646
646 512
647 489
647 648
648 22
649 538
649 650
650 178
651 652
651 724
652 587
653 265
653 654
654 150
655 34
655 656
656 154
657 203
657 658
658 345
659 57
659 660
660 140
661 425
661 662
662 167
663 519
663 664
664 466
665 35
665 666
666 280
667 517
667 668
668 801
669 670
669 755
670 660
671 459
671 672
672 44
673 224
673 674
674 506
675 544
675 676
676 628
677 633
677 678
678 705
679 253
679 680
680 468
681 496
681 682
682 113
683 403
683 684
684 480
685 686
685 792
686 360
687 298
687 688
688 731
689 690
689 763
690 179
691 114
691 692
692 346
693 223
693 694
694 453
695 231
695 696
696 813
697 135
697 698
698 50
699 384
699 700
700 291
701 212
701 702
702 553
703 704
703 753
704 690
705 429
705 706
706 530
707 341
707 708
708 456
709 710
709 807
710 570
711 38
711 712
712 646
713 497
713 714
714 309
715 515
715 716
716 677
717 144
717 718
718 7
719 241
719 720
720 334
721 69
721 722
722 405
723 306
723 724
724 465
725 726
725 774
726 616
727 673
727 728
728 814
729 451
729 730
730 669
731 275
731 732
732 11
733 521
733 734
734 704
735 436
735 736
736 789
737 613
737 738
738 352
739 740
739 759
740 608
741 442
741 742
742 563
743 488
743 744
744 664
745 540
745 746
746 109
747 1
747 748
748 235
749 681
749 750
750 197
751 427
751 752
752 620
753 307
753 754
754 766
755 213
755 756
756 781
757 323
757 758
758 440
759 376
759 760
760 460
761 448
761 762
762 80
763 137
763 764
764 172
765 710
765 766
766 357
767 768
767 776
768 696
769 437
769 770
770 386
771 332
771 772
772 278
773 774
773 785
774 707
775 55
775 776
776 444
777 300
777 778
778 634
779 561
779 780
780 274
781 493
781 782
782 84
783 603
783 784
784 562
785 335
785 786
786 397
787 5
787 788
788 786
789 21
789 790
790 640
791 693
791 792
792 301
793 329
793 794
794 513
795 181
795 796
796 214
797 333
797 798
798 230
799 148
799 800
800 377
801 596
801 802
802 395
803 566
803 804
804 552
805 687
805 806
806 676
807 277
807 808
808 578
809 128
809 810
810 738
811 432
811 812
812 516
813 754
813 814
814 68
