0 599
0 811
3 69
3 153
4 407
4 457
5 443
6 642
7 591
7 729
8 281
8 365
9 400
10 190
11 432
11 540
13 186
13 474
15 555
15 733
17 31
17 437
19 345
19 668
21 192
21 726
23 24
23 35
24 598
25 26
25 147
26 266
27 28
27 686
28 768
29 30
29 713
30 670
31 32
31 158
32 88
33 34
33 342
34 442
35 36
35 525
36 473
37 38
37 633
38 804
39 40
39 562
40 420
41 42
41 687
42 485
43 44
43 217
44 376
45 46
45 456
46 370
47 48
47 689
48 719
49 50
49 323
50 24
51 52
51 548
52 786
53 54
53 482
54 556
55 25
55 56
56 398
57 58
57 588
58 150
59 60
59 214
60 191
61 62
61 163
62 574
63 64
63 721
64 165
65 66
65 795
66 102
67 68
67 333
68 230
69 70
69 337
70 404
71 72
71 611
72 319
73 74
73 703
74 748
75 76
75 645
76 220
77 78
77 195
78 752
79 43
79 80
80 608
81 82
81 302
82 414
83 84
83 546
84 288
85 86
85 779
86 234
87 88
87 169
88 369
89 90
89 100
90 218
91 66
91 92
92 82
93 94
93 109
94 151
95 96
95 597
96 311
97 98
97 749
98 136
99 100
99 290
100 455
101 83
101 102
102 524
103 104
103 554
104 770
105 106
105 589
106 585
107 108
107 773
108 781
109 110
109 179
110 780
111 55
111 112
112 812
113 114
113 160
114 134
115 116
115 450
116 240
117 118
117 693
118 203
119 85
119 120
120 386
121 122
121 341
122 539
123 1
123 124
124 399
125 126
125 478
126 354
127 128
127 665
128 184
129 130
129 385
130 6
131 132
131 681
132 52
133 134
133 707
134 460
135 136
135 653
136 155
137 138
137 379
138 547
139 140
139 647
140 778
141 142
141 174
142 426
143 144
143 742
144 584
145 146
145 441
146 698
147 41
147 148
148 814
149 145
149 150
150 680
151 152
151 789
152 774
153 154
153 247
154 6
155 93
155 156
156 200
157 158
157 751
158 536
159 160
159 613
160 630
161 5
161 162
162 695
163 57
163 164
164 684
165 166
165 805
166 92
167 168
167 377
168 517
169 170
169 545
170 285
171 172
171 253
172 500
173 174
173 728
174 413
175 176
175 248
176 103
177 178
177 522
178 436
179 87
179 180
180 175
181 182
181 497
182 235
183 184
183 243
184 790
185 186
185 287
186 534
187 188
187 259
188 332
189 190
189 714
190 226
191 192
191 282
192 806
193 194
193 465
194 492
195 196
195 568
196 245
197 129
197 198
198 121
199 181
199 200
200 402
201 202
201 390
202 309
203 204
203 433
204 484
205 206
205 405
206 80
207 208
207 543
208 458
209 210
209 631
210 571
211 89
211 212
212 487
213 214
213 480
214 78
215 216
215 640
216 22
217 9
217 218
218 2
219 220
219 577
220 250
221 222
221 794
222 280
223 224
223 301
224 489
225 54
225 226
226 810
227 228
227 807
228 58
229 230
229 732
230 206
231 221
231 232
232 12
233 234
233 338
234 632
235 236
235 499
236 601
237 48
237 238
238 284
239 168
239 240
240 142
241 242
241 313
242 45
243 131
243 244
244 634
245 246
245 758
246 272
247 248
247 609
248 127
249 250
249 604
250 70
251 252
251 769
252 86
253 254
253 657
254 658
255 256
255 397
256 232
257 258
257 269
258 472
259 71
259 260
260 417
261 262
261 775
262 170
263 264
263 569
264 252
265 266
265 271
266 18
267 268
267 459
268 618
269 270
269 383
270 747
271 272
271 565
272 110
273 274
273 722
274 304
275 276
275 683
276 677
277 278
277 503
278 488
279 280
279 669
280 366
281 215
281 282
282 194
283 239
283 284
284 133
285 286
285 644
286 146
287 7
287 288
288 520
289 290
289 529
290 409
291 292
291 717
292 646
293 294
293 673
294 785
295 296
295 754
296 496
297 76
297 298
298 652
299 180
299 300
300 268
301 205
301 302
302 135
303 213
303 304
304 368
305 306
305 491
306 466
307 308
307 425
308 330
309 14
309 310
310 274
311 312
311 372
312 573
313 298
313 314
314 328
315 316
315 793
316 216
317 36
317 318
318 514
319 320
319 741
320 763
321 322
321 575
322 38
323 183
323 324
324 303
325 64
325 326
326 329
327 286
327 328
328 523
329 330
329 692
330 74
331 263
331 332
332 694
333 334
333 788
334 626
335 199
335 336
336 527
337 338
337 453
338 242
339 198
339 340
340 706
341 342
341 510
342 734
343 37
343 344
344 696
345 126
345 346
346 580
347 348
347 535
348 672
349 117
349 350
350 602
351 29
351 352
352 326
353 210
353 354
354 67
355 356
355 592
356 364
357 358
357 762
358 46
359 137
359 360
360 596
361 140
361 362
362 374
363 364
363 709
364 32
365 366
365 467
366 708
367 368
367 401
368 636
369 370
369 528
370 586
371 251
371 372
372 106
373 374
373 430
374 382
375 164
375 376
376 20
377 378
377 679
378 542
379 380
379 607
380 94
381 201
381 382
382 229
383 209
383 384
384 765
385 98
385 386
386 294
387 261
387 388
388 344
389 260
389 390
390 331
391 132
391 392
392 21
393 347
393 394
394 373
395 396
395 447
396 610
397 107
397 398
398 124
399 72
399 400
400 576
401 138
401 402
402 494
403 404
403 701
404 40
405 49
405 406
406 509
407 408
407 454
408 750
409 225
409 410
410 321
411 412
411 699
412 334
413 357
413 414
414 544
415 416
415 783
416 312
417 418
417 723
418 637
419 11
419 420
420 506
421 317
421 422
422 314
423 424
423 737
424 579
425 426
425 483
426 10
427 393
427 428
428 501
429 430
429 800
430 712
431 381
431 432
432 759
433 434
433 731
434 813
435 116
435 436
436 318
437 438
437 521
438 77
439 440
439 743
440 809
441 105
441 442
442 202
443 444
443 551
444 254
445 446
445 648
446 512
447 448
447 796
448 490
449 450
449 549
450 702
451 157
451 452
452 224
453 4
453 454
454 415
455 115
455 456
456 264
457 223
457 458
458 560
459 185
459 460
460 196
461 101
461 462
462 664
463 265
463 464
464 60
465 462
465 466
466 352
467 468
467 660
468 461
469 470
469 502
470 468
471 406
471 472
472 262
473 474
473 507
474 394
475 59
475 476
476 682
477 139
477 478
478 541
479 68
479 480
480 30
481 482
481 710
482 628
483 484
483 590
484 718
485 449
485 486
486 39
487 452
487 488
488 204
489 490
489 787
490 246
491 227
491 492
492 26
493 494
493 735
494 356
495 496
495 643
496 358
497 411
497 498
498 173
499 475
499 500
500 104
501 283
501 502
502 292
503 315
503 504
504 766
505 506
505 563
506 614
507 289
507 508
508 532
509 23
509 510
510 463
511 512
511 700
512 361
513 5
513 514
514 222
515 212
515 516
516 802
517 513
517 518
518 162
519 520
519 537
520 51
521 62
521 522
522 348
523 391
523 524
524 476
525 161
525 526
526 305
527 511
527 528
528 422
529 267
529 530
530 654
531 95
531 532
532 666
533 534
533 641
534 327
535 423
535 536
536 595
537 538
537 725
538 154
539 540
539 667
540 622
541 481
541 542
542 367
543 73
543 544
544 412
545 427
545 546
546 300
547 548
547 594
548 435
549 550
549 715
550 278
551 275
551 552
552 615
553 277
553 554
554 508
555 293
555 556
556 469
557 558
557 606
558 144
559 560
559 801
560 564
561 431
561 562
562 518
563 3
563 564
564 241
565 538
565 566
566 79
567 568
567 690
568 444
569 65
569 570
570 553
571 572
571 639
572 17
573 53
573 574
574 764
575 498
575 576
576 678
577 97
577 578
578 325
579 176
579 580
580 638
581 340
581 582
582 395
583 114
583 584
584 310
585 350
585 586
586 172
587 255
587 588
588 738
589 559
589 590
590 662
591 61
591 592
592 691
593 439
593 594
594 711
595 464
595 596
596 346
597 598
597 612
598 600
599 47
599 600
600 273
601 188
601 602
602 362
603 189
603 604
604 421
605 477
605 606
606 753
607 593
607 608
608 583
609 403
609 610
610 704
611 612
611 803
612 384
613 581
613 614
614 177
615 156
615 616
616 697
617 8
617 618
618 625
619 428
619 620
620 295
621 531
621 622
622 256
623 624
623 675
624 760
625 526
625 626
626 112
627 628
627 771
628 197
629 257
629 630
630 624
631 632
631 655
632 410
633 634
633 661
634 120
635 636
635 671
636 530
637 638
637 688
638 90
639 471
639 640
640 724
641 621
641 642
642 119
643 42
643 644
644 429
645 646
645 772
646 211
647 648
647 676
648 617
649 582
649 650
650 756
651 15
651 652
652 244
653 336
653 654
654 308
655 237
655 656
656 808
657 470
657 658
658 279
659 118
659 660
660 99
661 440
661 662
662 418
663 664
663 782
664 113
665 351
665 666
666 324
667 75
667 668
668 44
669 208
669 670
670 228
671 363
671 672
672 744
673 659
673 674
674 130
675 359
675 676
676 578
677 378
677 678
678 19
679 680
679 797
680 558
681 353
681 682
682 296
683 149
683 684
684 291
685 446
685 686
686 16
687 587
687 688
688 388
689 187
689 690
690 108
691 572
691 692
692 128
693 694
693 745
694 231
695 696
695 777
696 798
697 355
697 698
698 307
699 635
699 700
700 605
701 389
701 702
702 757
703 152
703 704
704 716
705 339
705 706
706 504
707 299
707 708
708 34
709 219
709 710
710 167
711 603
711 712
712 322
713 50
713 714
714 380
715 519
715 716
716 776
717 570
717 718
718 306
719 343
719 720
720 550
721 451
721 722
722 207
723 651
723 724
724 320
725 619
725 726
726 33
727 434
727 728
728 159
729 727
729 730
730 270
731 63
731 732
732 552
733 96
733 734
734 166
735 84
735 736
736 424
737 238
737 738
738 371
739 387
739 740
740 493
741 486
741 742
742 193
743 111
743 744
744 515
745 739
745 746
746 533
747 748
747 767
748 27
749 505
749 750
750 375
751 627
751 752
752 720
753 736
753 754
754 178
755 756
755 761
756 143
757 236
757 758
758 557
759 663
759 760
760 566
761 685
761 762
762 740
763 182
763 764
764 233
765 416
765 766
766 649
767 755
767 768
768 784
769 445
769 770
770 392
771 125
771 772
772 791
773 335
773 774
774 705
775 81
775 776
776 28
777 276
777 778
778 616
779 249
779 780
780 620
781 13
781 782
782 148
783 629
783 784
784 360
785 9
785 786
786 479
787 650
787 788
788 141
789 674
789 790
790 516
791 567
791 792
792 91
793 258
793 794
794 656
795 349
795 796
796 419
797 495
797 798
798 438
799 408
799 800
800 171
801 56
801 802
802 10
803 623
803 804
804 448
805 746
805 806
806 396
807 122
807 808
808 730
809 561
809 810
810 792
811 123
811 812
812 316
813 799
813 814
814 297
