0 313
0 457
1 551
1 717
3 144
3 681
4 210
4 231
6 380
5 702
7 259
7 639
8 340
8 634
9 203
10 78
13 89
13 120
15 316
15 671
17 325
17 443
19 215
19 263
21 456
21 544
23 24
23 733
24 499
25 26
25 208
26 756
27 28
27 332
28 607
29 30
29 171
30 108
31 32
31 477
32 411
33 34
33 749
34 230
35 36
35 527
36 642
37 38
37 738
38 239
39 40
39 327
40 684
41 42
41 384
42 71
43 44
43 646
44 212
45 46
45 614
46 398
47 48
47 509
48 150
49 50
49 479
50 689
51 52
51 547
52 198
53 54
53 552
54 577
55 56
55 787
56 537
57 58
57 181
58 675
59 23
59 60
60 88
61 62
61 775
62 341
63 64
63 105
64 77
65 66
65 297
66 329
67 68
67 655
68 310
69 70
69 160
70 468
71 72
71 542
72 142
73 74
73 555
74 459
75 76
75 475
76 216
77 78
77 372
78 636
79 80
79 462
80 401
81 82
81 432
82 320
83 82
83 84
84 391
85 86
85 517
86 172
87 88
87 597
88 158
89 90
89 735
90 716
91 92
91 436
92 690
93 94
93 419
94 644
95 96
95 635
96 204
97 98
97 373
98 60
99 100
99 494
100 83
101 102
101 708
102 643
103 74
103 104
104 264
105 106
105 493
106 540
107 108
107 521
108 720
109 110
109 415
110 277
111 112
111 585
112 711
113 114
113 741
114 360
115 116
115 693
116 736
117 73
117 118
118 533
119 120
119 205
120 55
121 122
121 247
122 326
123 124
123 193
124 138
125 126
125 221
126 112
127 128
127 440
128 232
129 4
129 130
130 590
131 32
131 132
132 656
133 134
133 731
134 792
135 136
135 737
136 336
137 46
137 138
138 268
139 140
139 423
140 273
141 142
141 743
142 782
143 107
143 144
144 433
145 146
145 229
146 187
147 148
147 709
148 796
149 150
149 481
150 428
151 28
151 152
152 195
153 38
153 154
154 50
155 156
155 801
156 685
157 158
157 502
158 200
159 160
159 254
160 338
161 162
161 739
162 168
163 119
163 164
164 595
165 57
165 166
166 58
167 125
167 168
168 460
169 170
169 217
170 410
171 172
171 288
172 652
173 174
173 780
174 20
175 121
175 176
176 124
177 115
177 178
178 106
179 180
179 371
180 814
181 155
181 182
182 278
183 184
183 670
184 751
185 186
185 321
186 760
187 188
187 381
188 762
189 190
189 522
190 450
191 192
191 267
192 698
193 194
193 629
194 280
195 122
195 196
196 69
197 198
197 645
198 284
199 156
199 200
200 664
201 202
201 613
202 437
203 204
203 599
204 615
205 206
205 513
206 272
207 208
207 630
208 688
209 210
209 416
210 219
211 212
211 305
212 592
213 214
213 294
214 632
215 216
215 682
216 374
217 218
217 299
218 153
219 220
219 611
220 323
221 63
221 222
222 279
223 159
223 224
224 427
225 226
225 425
226 454
227 67
227 228
228 386
229 189
229 230
230 539
231 232
231 712
232 799
233 110
233 234
234 188
235 236
235 318
236 86
237 238
237 424
238 728
239 240
239 773
240 234
241 242
241 516
242 180
243 244
243 750
244 430
245 246
245 453
246 451
247 183
247 248
248 289
249 39
249 250
250 673
251 213
251 252
252 6
253 194
253 254
254 572
255 256
255 287
256 164
257 258
257 746
258 534
259 260
259 767
260 241
261 262
261 417
262 128
263 264
263 568
264 9
265 266
265 561
266 700
267 268
267 418
268 480
269 270
269 785
270 598
271 272
271 777
272 766
273 274
273 448
274 331
275 17
275 276
276 530
277 246
277 278
278 258
279 103
279 280
280 396
281 141
281 282
282 661
283 113
283 284
284 176
285 286
285 605
286 795
287 201
287 288
288 301
289 290
289 525
290 484
291 35
291 292
292 394
293 9
293 294
294 5
295 282
295 296
296 127
297 27
297 298
298 295
299 300
299 783
300 260
301 302
301 696
302 627
303 304
303 562
304 266
305 306
305 697
306 546
307 146
307 308
308 399
309 310
309 395
310 447
311 312
311 397
312 556
313 87
313 314
314 774
315 316
315 426
316 609
317 318
317 343
318 589
319 202
319 320
320 66
321 322
321 465
322 442
323 196
323 324
324 352
325 1
325 326
326 40
327 328
327 793
328 500
329 330
329 356
330 706
331 332
331 608
332 14
333 162
333 334
334 214
335 336
335 638
336 311
337 338
337 528
338 6
339 291
339 340
340 10
341 123
341 342
342 34
343 344
343 569
344 806
345 346
345 748
346 412
347 348
347 606
348 408
349 350
349 377
350 56
351 352
351 518
352 238
353 84
353 354
354 392
355 199
355 356
356 130
357 358
357 385
358 94
359 360
359 563
360 62
361 245
361 362
362 109
363 36
363 364
364 529
365 235
365 366
366 550
367 243
367 368
368 674
369 163
369 370
370 44
371 372
371 626
372 363
373 374
373 554
374 807
375 376
375 559
376 526
377 15
377 378
378 764
379 380
379 668
380 406
381 257
381 382
382 812
383 359
383 384
384 729
385 111
385 386
386 431
387 388
387 488
388 182
389 59
389 390
390 582
391 392
391 798
392 92
393 21
393 394
394 810
395 396
395 623
396 503
397 330
397 398
398 388
399 72
399 400
400 596
401 402
401 740
402 16
403 7
403 404
404 776
405 406
405 574
406 538
407 408
407 757
408 602
409 410
409 705
410 333
411 412
411 620
412 514
413 312
413 414
414 348
415 365
415 416
416 351
417 418
417 666
418 190
419 211
419 420
420 683
421 422
421 495
422 114
423 424
423 659
424 588
425 426
425 715
426 25
427 428
427 508
428 274
429 367
429 430
430 91
431 432
431 446
432 307
433 434
433 805
434 145
435 184
435 436
436 402
437 393
437 438
438 405
439 132
439 440
440 358
441 178
441 442
442 52
443 93
443 444
444 81
445 446
445 491
446 248
447 448
447 723
448 770
449 41
449 450
450 730
451 452
451 813
452 298
453 454
453 763
454 102
455 131
455 456
456 140
457 421
457 458
458 531
459 434
459 460
460 593
461 462
461 506
462 95
463 464
463 745
464 800
465 466
465 651
466 192
467 177
467 468
468 116
469 129
469 470
470 473
471 472
471 721
472 545
473 134
473 474
474 648
475 13
475 476
476 207
477 165
477 478
478 489
479 480
479 637
480 804
481 357
481 482
482 175
483 30
483 484
484 179
485 281
485 486
486 136
487 100
487 488
488 710
489 490
489 586
490 80
491 492
491 686
492 487
493 227
493 494
494 699
495 275
495 496
496 96
497 498
497 755
498 600
499 255
499 500
500 296
501 3
501 502
502 672
503 470
503 504
504 152
505 506
505 523
506 47
507 508
507 753
508 619
509 483
509 510
510 270
511 512
511 576
512 732
513 514
513 583
514 206
515 516
515 794
516 520
517 228
517 518
518 788
519 361
519 520
520 335
521 522
521 802
522 543
523 524
523 663
524 429
525 253
525 526
526 464
527 528
527 631
528 191
529 530
529 624
530 2
531 532
531 676
532 768
533 490
533 534
534 622
535 422
535 536
536 758
537 455
537 538
538 276
539 540
539 578
540 353
541 51
541 542
542 379
543 19
543 544
544 166
545 546
545 724
546 594
547 149
547 548
548 669
549 471
549 550
550 304
551 463
551 552
552 24
553 261
553 554
554 133
555 61
555 556
556 784
557 237
557 558
558 98
559 560
559 691
560 303
561 445
561 562
562 85
563 564
563 587
564 233
565 566
565 765
566 610
567 568
567 742
568 560
569 570
569 797
570 703
571 404
571 572
572 342
573 362
573 574
574 558
575 532
575 576
576 292
577 578
577 803
578 43
579 452
579 580
580 334
581 355
581 582
582 779
583 584
583 771
584 603
585 586
585 679
586 482
587 497
587 588
588 486
589 18
589 590
590 658
591 249
591 592
592 226
593 382
593 594
594 174
595 596
595 601
596 438
597 598
597 759
598 262
599 575
599 600
600 441
601 602
601 786
602 496
603 604
603 628
604 224
605 541
605 606
606 752
607 564
607 608
608 256
609 225
609 610
610 33
611 492
611 612
612 654
613 614
613 687
614 308
615 376
615 616
616 157
617 389
617 618
618 364
619 579
619 620
620 754
621 265
621 622
622 306
623 75
623 624
624 466
625 143
625 626
626 251
627 315
627 628
628 223
629 65
629 630
630 76
631 375
631 632
632 12
633 413
633 634
634 173
635 524
635 636
636 242
637 161
637 638
638 449
639 344
639 640
640 250
641 642
641 809
642 346
643 604
643 644
644 148
645 409
645 646
646 701
647 553
647 648
648 79
649 302
649 650
650 118
651 407
651 652
652 154
653 222
653 654
654 354
655 656
655 747
656 300
657 390
657 658
658 808
659 97
659 660
660 368
661 662
661 718
662 474
663 664
663 707
664 511
665 501
665 666
666 139
667 29
667 668
668 240
669 167
669 670
670 349
671 657
671 672
672 137
673 345
673 674
674 618
675 676
675 772
676 476
677 678
677 744
678 22
679 467
679 680
680 45
681 507
681 682
682 662
683 369
683 684
684 347
685 197
685 686
686 135
687 317
687 688
688 90
689 220
689 690
690 680
691 505
691 692
692 366
693 694
693 727
694 236
695 339
695 696
696 271
697 621
697 698
698 378
699 383
699 700
700 512
701 314
701 702
702 694
703 565
703 704
704 337
705 37
705 706
706 328
707 708
707 722
708 649
709 584
709 710
710 252
711 581
711 712
712 591
713 444
713 714
714 387
715 716
715 789
716 510
717 31
717 718
718 186
719 625
719 720
720 49
721 126
721 722
722 617
723 719
723 724
724 324
725 185
725 726
726 769
727 726
727 728
728 322
729 633
729 730
730 170
731 420
731 732
732 11
733 573
733 734
734 472
735 570
735 736
736 244
737 169
737 738
738 117
739 485
739 740
740 293
741 469
741 742
742 48
743 403
743 744
744 439
745 746
745 791
746 42
747 549
747 748
748 677
749 750
749 811
750 5
751 101
751 752
752 370
753 567
753 754
754 640
755 535
755 756
756 653
757 8
757 758
758 70
759 269
759 760
760 515
761 548
761 762
762 414
763 695
763 764
764 580
765 68
765 766
766 616
767 478
767 768
768 713
769 761
769 770
770 678
771 53
771 772
772 778
773 309
773 774
774 504
775 647
775 776
776 26
777 283
777 778
778 104
779 435
779 780
780 286
781 650
781 782
782 64
783 519
783 784
784 209
785 665
785 786
786 714
787 151
787 788
788 319
789 557
789 790
790 692
791 725
791 792
792 54
793 571
793 794
794 350
795 641
795 796
796 536
797 218
797 798
798 290
799 704
799 800
800 734
801 285
801 802
802 99
803 566
803 804
804 400
805 667
805 806
806 147
807 612
807 808
808 498
809 781
809 810
810 790
811 458
811 812
812 10
813 461
813 814
814 660
