0 69
0 445
1 231
1 785
3 325
3 735
4 185
4 192
6 434
5 739
7 15
7 563
9 315
8 418
8 664
10 522
13 425
13 440
15 228
15 371
17 482
17 624
19 246
19 678
21 504
21 626
23 24
23 297
24 130
25 26
25 442
26 284
27 28
27 548
28 242
29 30
29 748
30 762
31 32
31 691
32 334
33 34
33 109
34 654
35 36
35 595
36 31
37 38
37 505
38 670
39 40
39 521
40 177
41 42
41 337
42 54
43 44
43 45
44 204
45 46
45 788
46 278
47 29
47 48
48 396
49 50
49 380
50 156
51 52
51 578
52 761
53 54
53 475
54 409
55 56
55 224
56 680
57 58
57 633
58 285
59 60
59 496
60 313
61 62
61 369
62 287
63 64
63 562
64 571
65 66
65 531
66 397
67 68
67 772
68 103
69 1
69 70
70 587
71 72
71 435
72 258
73 74
73 252
74 593
75 76
75 456
76 376
77 9
77 78
78 27
79 7
79 80
80 483
81 82
81 469
82 740
83 84
83 100
84 378
85 86
85 810
86 150
87 88
87 359
88 307
89 90
89 437
90 417
91 92
91 205
92 302
93 94
93 357
94 487
95 96
95 251
96 404
97 98
97 349
98 52
99 100
99 214
100 516
101 102
101 750
102 276
103 85
103 104
104 384
105 106
105 193
106 559
107 108
107 477
108 658
109 110
109 164
110 182
111 112
111 632
112 454
113 114
113 300
114 677
115 116
115 433
116 490
117 74
117 118
118 77
119 120
119 553
120 486
121 122
121 168
122 424
123 124
123 394
124 415
125 126
125 518
126 588
127 128
127 171
128 538
129 130
129 327
130 144
131 132
131 525
132 479
133 113
133 134
134 511
135 136
135 147
136 623
137 138
137 589
138 786
139 140
139 729
140 118
141 90
141 142
142 528
143 144
143 811
144 292
145 87
145 146
146 84
147 148
147 715
148 520
149 63
149 150
150 165
151 152
151 524
152 362
153 57
153 154
154 239
155 156
155 248
156 556
157 115
157 158
158 11
159 160
159 687
160 751
161 162
161 803
162 198
163 164
163 269
164 609
165 119
165 166
166 478
167 168
167 541
168 430
169 170
169 393
170 806
171 114
171 172
172 606
173 60
173 174
174 33
175 176
175 783
176 512
177 58
177 178
178 82
179 180
179 216
180 554
181 182
181 439
182 732
183 78
183 184
184 760
185 94
185 186
186 299
187 188
187 270
188 322
189 190
189 282
190 754
191 192
191 491
192 5
193 194
193 707
194 298
195 79
195 196
196 88
197 198
197 533
198 22
199 200
199 391
200 187
201 76
201 202
202 116
203 143
203 204
204 535
205 206
205 813
206 324
207 208
207 634
208 736
209 210
209 514
210 603
211 21
211 212
212 383
213 214
213 467
214 451
215 159
215 216
216 802
217 183
217 218
218 146
219 39
219 220
220 256
221 188
221 222
222 636
223 224
223 610
224 494
225 226
225 660
226 566
227 228
227 565
228 697
229 194
229 230
230 692
231 232
231 237
232 698
233 234
233 507
234 586
235 236
235 431
236 714
237 238
237 709
238 448
239 72
239 240
240 696
241 242
241 731
242 407
243 244
243 484
244 428
245 106
245 246
246 579
247 248
247 416
248 756
249 250
249 295
250 591
251 252
251 779
252 53
253 254
253 551
254 790
255 256
255 568
256 28
257 258
257 340
258 219
259 260
259 695
260 744
261 262
261 517
262 730
263 95
263 264
264 353
265 266
265 457
266 197
267 176
267 268
268 10
269 80
269 270
270 503
271 272
271 766
272 612
273 108
273 274
274 262
275 276
275 650
276 584
277 278
277 427
278 436
279 35
279 280
280 742
281 282
281 319
282 638
283 284
283 305
284 558
285 286
285 306
286 122
287 288
287 719
288 674
289 283
289 290
290 604
291 292
291 724
292 104
293 294
293 708
294 279
295 296
295 777
296 676
297 298
297 386
298 207
299 300
299 311
300 734
301 14
301 302
302 666
303 304
303 374
304 230
305 306
305 629
306 749
307 70
307 308
308 614
309 310
309 765
310 701
311 312
311 411
312 488
313 314
313 627
314 657
315 316
315 497
316 450
317 318
317 510
318 492
319 320
319 583
320 244
321 13
321 322
322 753
323 91
323 324
324 784
325 326
325 388
326 37
327 233
327 328
328 641
329 330
329 781
330 8
331 332
331 652
332 598
333 213
333 334
334 348
335 336
335 625
336 19
337 81
337 338
338 549
339 41
339 340
340 481
341 342
341 519
342 542
343 97
343 344
344 711
345 346
345 681
346 172
347 348
347 807
348 10
349 129
349 350
350 379
351 163
351 352
352 412
353 245
353 354
354 126
355 356
355 513
356 704
357 173
357 358
358 682
359 360
359 793
360 266
361 48
361 362
362 808
363 364
363 801
364 5
365 257
365 366
366 308
367 127
367 368
368 236
369 370
369 639
370 342
371 372
371 471
372 420
373 374
373 630
374 493
375 376
375 644
376 464
377 286
377 378
378 23
379 380
379 631
380 473
381 339
381 382
382 6
383 384
383 570
384 642
385 321
385 386
386 303
387 388
387 429
388 59
389 390
389 607
390 162
391 153
391 392
392 110
393 394
393 653
394 184
395 361
395 396
396 191
397 398
397 529
398 455
399 400
399 447
400 668
401 402
401 419
402 232
403 404
403 651
404 65
405 75
405 406
406 402
407 408
407 582
408 500
409 4
409 410
410 769
411 333
411 412
412 123
413 414
413 611
414 46
415 416
415 576
416 382
417 418
417 599
418 196
419 326
419 420
420 56
421 277
421 422
422 778
423 424
423 675
424 281
425 426
425 693
426 536
427 428
427 585
428 290
429 430
429 655
430 210
431 329
431 432
432 646
433 293
433 434
434 2
435 3
435 436
436 812
437 105
437 438
438 169
439 440
439 694
440 534
441 288
441 442
442 64
443 47
443 444
444 186
445 387
445 446
446 774
447 89
447 448
448 203
449 450
449 495
450 267
451 400
451 452
452 690
453 73
453 454
454 375
455 62
455 456
456 133
457 421
457 458
458 712
459 452
459 460
460 368
461 135
461 462
462 86
463 464
463 637
464 560
465 265
465 466
466 459
467 66
467 468
468 151
469 470
469 555
470 594
471 472
471 743
472 794
473 221
473 474
474 247
475 472
475 476
476 622
477 478
477 745
478 201
479 92
479 480
480 250
481 482
481 645
482 50
483 255
483 484
484 9
485 217
485 486
486 6
487 141
487 488
488 700
489 218
489 490
490 723
491 492
491 733
492 592
493 494
493 796
494 38
495 235
495 496
496 727
497 498
497 506
498 527
499 222
499 500
500 226
501 385
501 502
502 360
503 504
503 647
504 367
505 335
505 506
506 99
507 264
507 508
508 16
509 510
509 716
510 649
511 44
511 512
512 470
513 444
513 514
514 140
515 317
515 516
516 706
517 518
517 713
518 726
519 117
519 520
520 358
521 463
521 522
522 798
523 422
523 524
524 767
525 373
525 526
526 304
527 528
527 699
528 485
529 530
529 659
530 573
531 532
531 741
532 780
533 243
533 534
534 364
535 291
535 536
536 318
537 538
537 703
538 170
539 540
539 543
540 776
541 542
541 557
542 671
543 241
543 544
544 121
545 167
545 546
546 345
547 51
547 548
548 338
549 206
549 550
550 572
551 142
551 552
552 569
553 554
553 722
554 550
555 556
555 737
556 564
557 136
557 558
558 758
559 68
559 560
560 476
561 523
561 562
562 648
563 461
563 564
564 128
565 377
565 566
566 20
567 381
567 568
568 139
569 570
569 575
570 148
571 414
571 572
572 124
573 574
573 667
574 211
575 312
575 576
576 526
577 453
577 578
578 432
579 294
579 580
580 301
581 316
581 582
582 134
583 107
583 584
584 34
585 261
585 586
586 229
587 260
587 588
588 102
589 215
589 590
590 152
591 592
591 679
592 332
593 179
593 594
594 669
595 596
595 747
596 605
597 330
597 598
598 608
599 600
599 791
600 273
601 71
601 602
602 354
603 604
603 792
604 30
605 438
605 606
606 18
607 530
607 608
608 390
609 259
609 610
610 596
611 612
611 689
612 212
613 614
613 797
614 320
615 49
615 616
616 366
617 618
617 721
618 272
619 561
619 620
620 775
621 227
621 622
622 441
623 61
623 624
624 189
625 398
625 626
626 532
627 577
627 628
628 132
629 195
629 630
630 809
631 632
631 683
632 43
633 137
633 634
634 746
635 580
635 636
636 537
637 395
637 638
638 410
639 423
639 640
640 460
641 178
641 642
642 32
643 644
643 759
644 166
645 646
645 717
646 158
647 468
647 648
648 370
649 314
649 650
650 372
651 145
651 652
652 426
653 552
653 654
654 702
655 656
655 755
656 406
657 344
657 658
658 223
659 401
659 660
660 620
661 662
661 705
662 180
663 289
663 664
664 539
665 96
665 666
666 462
667 209
667 668
668 757
669 546
669 670
670 275
671 618
671 672
672 12
673 674
673 738
674 356
675 157
675 676
676 615
677 678
677 728
678 98
679 680
679 782
680 805
681 682
681 710
682 208
683 446
683 684
684 635
685 544
685 686
686 17
687 249
687 688
688 489
689 350
689 690
690 220
691 616
691 692
692 268
693 347
693 694
694 310
695 161
695 696
696 684
697 656
697 698
698 508
699 328
699 700
700 352
701 661
701 702
702 718
703 101
703 704
704 814
705 621
705 706
706 474
707 545
707 708
708 309
709 323
709 710
710 688
711 181
711 712
712 234
713 714
713 787
714 155
715 263
715 716
716 725
717 154
717 718
718 672
719 613
719 720
720 341
721 449
721 722
722 296
723 458
723 724
724 640
725 628
725 726
726 547
727 443
727 728
728 509
729 601
729 730
730 120
731 405
731 732
732 581
733 174
733 734
734 499
735 238
735 736
736 36
737 399
737 738
738 389
739 138
739 740
740 795
741 574
741 742
742 125
743 93
743 744
744 149
745 111
745 746
746 600
747 597
747 748
748 768
749 643
749 750
750 685
751 752
751 799
752 40
753 331
753 754
754 83
755 175
755 756
756 24
757 26
757 758
758 789
759 413
759 760
760 274
761 515
761 762
762 662
763 686
763 764
764 55
765 363
765 766
766 466
767 720
767 768
768 190
769 271
769 770
770 253
771 67
771 772
772 351
773 619
773 774
774 501
775 673
775 776
776 800
777 663
777 778
778 200
779 25
779 780
780 752
781 567
781 782
782 280
783 617
783 784
784 392
785 225
785 786
786 498
787 42
787 788
788 112
789 540
789 790
790 590
791 343
791 792
792 502
793 160
793 794
794 804
795 202
795 796
796 254
797 773
797 798
798 764
799 131
799 800
800 480
801 771
801 802
802 336
803 403
803 804
804 355
805 602
805 806
806 346
807 240
807 808
808 408
809 465
809 810
810 665
811 365
811 812
812 763
813 199
813 814
814 770
