0 132
0 575
1 387
1 439
3 55
3 371
4 201
4 635
5 15
6 532
7 143
7 253
9 252
9 332
11 88
10 86
10 149
12 504
15 261
15 558
17 738
17 758
19 56
19 761
21 685
21 719
23 24
23 287
24 460
25 26
25 511
26 686
27 28
27 669
28 106
29 1
29 30
30 198
31 32
31 136
32 301
33 34
33 763
34 621
35 36
35 584
36 297
37 38
37 509
38 208
39 40
39 313
40 744
41 42
41 567
42 166
43 44
43 52
44 428
45 46
45 644
46 475
47 48
47 127
48 442
49 50
49 516
50 403
51 52
51 402
52 79
53 54
53 317
54 526
55 56
55 733
56 762
57 58
57 499
58 508
59 60
59 518
60 231
61 62
61 67
62 289
63 64
63 543
64 419
65 66
65 495
66 235
67 25
67 68
68 406
69 70
69 251
70 454
71 50
71 72
72 102
73 74
73 449
74 752
75 76
75 459
76 218
77 78
77 712
78 665
79 80
79 627
80 688
81 82
81 756
82 139
83 84
83 547
84 12
85 86
85 591
86 11
87 88
87 747
88 576
89 90
89 811
90 310
91 92
91 189
92 54
93 94
93 204
94 276
95 96
95 254
96 385
97 98
97 339
98 789
99 100
99 798
100 790
101 102
101 674
102 614
103 104
103 233
104 374
105 106
105 273
106 320
107 108
107 791
108 645
109 110
109 267
110 706
111 65
111 112
112 468
113 114
113 165
114 540
115 116
115 117
116 730
117 118
117 441
118 26
119 120
119 177
120 305
121 122
121 743
122 641
123 124
123 537
124 440
125 126
125 473
126 512
127 128
127 172
128 472
129 130
129 259
130 661
131 132
131 723
132 134
133 134
133 691
134 277
135 136
135 679
136 481
137 138
137 190
138 78
139 58
139 140
140 294
141 142
141 808
142 554
143 144
143 642
144 510
145 126
145 146
146 188
147 148
147 533
148 113
149 150
149 560
150 700
151 152
151 569
152 68
153 154
153 579
154 370
155 156
155 759
156 464
157 158
157 615
158 34
159 160
159 263
160 662
161 75
161 162
162 230
163 10
163 164
164 24
165 27
165 166
166 256
167 168
167 213
168 228
169 170
169 399
170 545
171 39
171 172
172 429
173 174
173 247
174 474
175 176
175 637
176 6
177 178
177 687
178 624
179 180
179 477
180 72
181 7
181 182
182 565
183 108
183 184
184 552
185 186
185 600
186 94
187 188
187 703
188 668
189 190
189 749
190 727
191 192
191 279
192 799
193 5
193 194
194 813
195 196
195 649
196 612
197 198
197 352
198 192
199 200
199 785
200 573
201 202
201 491
202 47
203 204
203 541
204 555
205 180
205 206
206 666
207 151
207 208
208 503
209 210
209 557
210 272
211 61
211 212
212 8
213 214
213 595
214 238
215 216
215 520
216 112
217 218
217 319
218 496
219 220
219 623
220 646
221 36
221 222
222 779
223 224
223 534
224 466
225 226
225 775
226 184
227 228
227 416
228 100
229 230
229 780
230 236
231 232
231 377
232 398
233 234
233 735
234 714
235 164
235 236
236 394
237 217
237 238
238 463
239 21
239 240
240 764
241 242
241 389
242 767
243 244
243 629
244 702
245 63
245 246
246 312
247 12
247 248
248 616
249 239
249 250
250 76
251 252
251 351
252 195
253 254
253 333
254 220
255 256
255 638
256 185
257 258
257 657
258 782
259 260
259 787
260 658
261 262
261 551
262 93
263 264
263 539
264 118
265 242
265 266
266 222
267 268
267 781
268 530
269 270
269 527
270 622
271 272
271 360
272 344
273 35
273 274
274 585
275 276
275 722
276 324
277 278
277 731
278 675
279 280
279 308
280 323
281 282
281 724
282 776
283 284
283 505
284 689
285 286
285 654
286 9
287 11
287 288
288 380
289 290
289 338
290 92
291 162
291 292
292 480
293 294
293 316
294 224
295 119
295 296
296 173
297 169
297 298
298 408
299 29
299 300
300 157
301 57
301 302
302 586
303 89
303 304
304 384
305 306
305 458
306 750
307 225
307 308
308 99
309 310
309 601
310 774
311 69
311 312
312 167
313 314
313 769
314 170
315 316
315 613
316 303
317 318
317 766
318 13
319 315
319 320
320 355
321 322
321 497
322 407
323 324
323 805
324 243
325 326
325 673
326 95
327 196
327 328
328 365
329 91
329 330
330 116
331 255
331 332
332 400
333 285
333 334
334 583
335 194
335 336
336 258
337 338
337 708
338 732
339 41
339 340
340 610
341 342
341 742
342 66
343 32
343 344
344 372
345 346
345 809
346 640
347 348
347 373
348 604
349 350
349 713
350 574
351 268
351 352
352 138
353 354
353 544
354 546
355 356
355 701
356 783
357 358
357 453
358 300
359 360
359 757
360 710
361 37
361 362
362 356
363 364
363 631
364 611
365 22
365 366
366 271
367 368
367 729
368 31
369 370
369 563
370 87
371 372
371 599
372 212
373 374
373 415
374 381
375 125
375 376
376 90
377 378
377 605
378 158
379 380
379 692
380 656
381 46
381 382
382 664
383 133
383 384
384 650
385 386
385 426
386 240
387 388
387 625
388 506
389 123
389 390
390 594
391 207
391 392
392 793
393 394
393 448
394 620
395 396
395 718
396 346
397 347
397 398
398 438
399 101
399 400
400 163
401 402
401 633
402 561
403 45
403 404
404 288
405 406
405 784
406 244
407 396
407 408
408 469
409 410
409 672
410 382
411 412
411 437
412 200
413 141
413 414
414 602
415 171
415 416
416 342
417 418
417 771
418 737
419 420
419 704
420 318
421 422
421 501
422 140
423 221
423 424
424 53
425 426
425 659
426 596
427 314
427 428
428 214
429 281
429 430
430 500
431 161
431 432
432 328
433 17
433 434
434 746
435 436
435 655
436 488
437 40
437 438
438 154
439 440
439 529
440 383
441 257
441 442
442 807
443 59
443 444
444 634
445 227
445 446
446 522
447 448
447 485
448 804
449 115
449 450
450 280
451 401
451 452
452 814
453 454
453 681
454 788
455 456
455 589
456 290
457 245
457 458
458 122
459 144
459 460
460 110
461 378
461 462
462 340
463 386
463 464
464 698
465 181
465 466
466 806
467 468
467 515
468 693
469 153
469 470
470 422
471 472
471 514
472 64
473 269
473 474
474 648
475 443
475 476
476 410
477 478
477 566
478 471
479 480
479 619
480 550
481 482
481 559
482 582
483 484
483 812
484 678
485 148
485 486
486 14
487 427
487 488
488 542
489 490
489 592
490 349
491 492
491 519
492 711
493 43
493 494
494 734
495 73
495 496
496 291
497 498
497 564
498 694
499 124
499 500
500 412
501 298
501 502
502 16
503 97
503 504
504 684
505 5
505 506
506 465
507 293
507 508
508 647
509 367
509 510
510 525
511 359
511 512
512 266
513 152
513 514
514 414
515 33
515 516
516 588
517 518
517 581
518 424
519 435
519 520
520 109
521 522
521 740
522 796
523 306
523 524
524 748
525 84
525 526
526 492
527 528
527 777
528 28
529 530
529 810
530 363
531 392
531 532
532 696
533 423
533 534
534 568
535 536
535 709
536 652
537 538
537 739
538 343
539 540
539 607
540 456
541 489
541 542
542 187
543 391
543 544
544 455
545 546
545 754
546 598
547 548
547 680
548 524
549 493
549 550
550 2
551 284
551 552
552 513
553 209
553 554
554 626
555 150
555 556
556 322
557 51
557 558
558 120
559 38
559 560
560 60
561 562
561 803
562 452
563 425
563 564
564 83
565 566
565 628
566 502
567 193
567 568
568 246
569 137
569 570
570 548
571 121
571 572
572 751
573 205
573 574
574 304
575 249
575 576
576 174
577 311
577 578
578 179
579 580
579 606
580 630
581 571
581 582
582 82
583 395
583 584
584 707
585 572
585 586
586 479
587 588
587 797
588 19
589 202
589 590
590 336
591 592
591 683
592 278
593 549
593 594
594 670
595 270
595 596
596 77
597 598
597 705
598 420
599 553
599 600
600 262
601 590
601 602
602 250
603 3
603 604
604 226
605 450
605 606
606 434
607 70
607 608
608 156
609 329
609 610
610 562
611 98
611 612
612 362
613 457
613 614
614 309
615 361
615 616
616 632
617 49
617 618
618 690
619 483
619 620
620 292
621 490
621 622
622 80
623 603
623 624
624 587
625 369
625 626
626 570
627 494
627 628
628 417
629 282
629 630
630 74
631 191
631 632
632 484
633 634
633 660
634 274
635 538
635 636
636 792
637 159
637 638
638 725
639 111
639 640
640 327
641 216
641 642
642 337
643 644
643 715
644 20
645 142
645 646
646 486
647 405
647 648
648 197
649 330
649 650
650 802
651 178
651 652
652 248
653 265
653 654
654 145
655 656
655 697
656 210
657 155
657 658
658 397
659 609
659 660
660 358
661 507
661 662
662 186
663 104
663 664
664 608
665 30
665 666
666 44
667 498
667 668
668 800
669 670
669 760
670 366
671 219
671 672
672 331
673 237
673 674
674 283
675 676
675 682
676 786
677 409
677 678
678 462
679 307
679 680
680 275
681 467
681 682
682 379
683 684
683 745
684 444
685 345
685 686
686 716
687 182
687 688
688 753
689 653
689 690
690 203
691 105
691 692
692 71
693 321
693 694
694 62
695 129
695 696
696 128
697 215
697 698
698 354
699 639
699 700
700 413
701 296
701 702
702 478
703 676
703 704
704 404
705 531
705 706
706 556
707 353
707 708
708 720
709 23
709 710
710 536
711 470
711 712
712 350
713 714
713 755
714 376
715 48
715 716
716 476
717 718
717 801
718 795
719 85
719 720
720 741
721 577
721 722
722 433
723 724
723 728
724 430
725 18
725 726
726 523
727 593
727 728
728 451
729 175
729 730
730 431
731 732
731 736
732 81
733 695
733 734
734 721
735 445
735 736
736 348
737 618
737 738
738 364
739 135
739 740
740 223
741 286
741 742
742 521
743 717
743 744
744 528
745 517
745 746
746 482
747 302
747 748
748 176
749 375
749 750
750 535
751 461
751 752
752 146
753 229
753 754
754 6
755 341
755 756
756 446
757 388
757 758
758 260
759 651
759 760
760 103
761 418
761 762
762 487
763 671
763 764
764 183
765 617
765 766
766 436
767 211
767 768
768 168
769 447
769 770
770 390
771 335
771 772
772 778
773 295
773 774
774 636
775 299
775 776
776 667
777 597
777 778
778 726
779 334
779 780
780 42
781 782
781 794
782 96
783 578
783 784
784 768
785 325
785 786
786 160
787 199
787 788
788 107
789 677
789 790
790 232
791 699
791 792
792 264
793 131
793 794
794 147
795 130
795 796
796 772
797 4
797 798
798 368
799 234
799 800
800 206
801 241
801 802
802 770
803 773
803 804
804 580
805 411
805 806
806 432
807 421
807 808
808 326
809 643
809 810
810 357
811 663
811 812
812 114
813 765
813 814
814 393
