0 119
0 521
2 309
2 735
3 255
3 361
4 453
4 473
5 797
6 609
7 179
7 489
8 101
8 443
9 25
10 754
13 44
13 362
15 540
15 758
17 248
17 619
19 261
19 372
21 441
21 624
23 24
23 107
24 56
25 26
25 487
26 512
27 28
27 514
28 26
29 13
29 30
30 736
31 32
31 213
32 502
33 34
33 111
34 808
35 36
35 251
36 780
37 38
37 359
38 21
39 40
39 607
40 167
41 42
41 802
42 180
43 1
43 44
44 569
45 46
45 297
46 665
47 48
47 284
48 704
49 50
49 387
50 194
51 52
51 539
52 602
53 54
53 790
54 734
55 56
55 120
56 616
57 58
57 681
58 191
59 60
59 345
60 710
61 62
61 500
62 677
63 64
63 172
64 288
65 66
65 645
66 132
67 68
67 197
68 524
69 70
69 623
70 268
71 72
71 537
72 242
73 74
73 389
74 173
75 76
75 709
76 796
77 78
77 807
78 708
79 11
79 80
80 786
81 82
81 201
82 166
83 84
83 161
84 724
85 86
85 408
86 204
87 88
87 634
88 720
89 90
89 498
90 260
91 92
91 801
92 292
93 94
93 513
94 243
95 96
95 357
96 744
97 98
97 343
98 600
99 100
99 228
100 46
101 89
101 102
102 274
103 104
103 378
104 219
105 106
105 269
106 741
107 6
107 108
108 322
109 110
109 415
110 317
111 112
111 688
112 575
113 114
113 337
114 484
115 116
115 221
116 445
117 118
117 291
118 34
119 120
119 397
120 731
121 122
121 474
122 431
123 124
123 647
124 700
125 60
125 126
126 140
127 128
127 633
128 209
129 130
129 478
130 160
131 132
131 641
132 674
133 134
133 793
134 115
135 136
135 457
136 235
137 138
137 591
138 168
139 140
139 762
140 170
141 142
141 467
142 582
143 144
143 814
144 9
145 146
145 693
146 262
147 31
147 148
148 145
149 150
149 685
150 749
151 152
151 450
152 236
153 154
153 390
154 33
155 58
155 156
156 750
157 158
157 203
158 739
159 160
159 770
160 18
161 162
161 595
162 360
163 75
163 164
164 733
165 166
165 541
166 805
167 168
167 564
168 604
169 170
169 264
170 517
171 172
171 683
172 676
173 174
173 266
174 656
175 176
175 383
176 662
177 114
177 178
178 272
179 180
179 639
180 472
181 182
181 787
182 649
183 42
183 184
184 572
185 186
185 601
186 427
187 6
187 188
188 218
189 165
189 190
190 496
191 192
191 208
192 216
193 194
193 470
194 164
195 196
195 211
196 300
197 153
197 198
198 217
199 200
199 810
200 352
201 23
201 202
202 10
203 204
203 706
204 760
205 206
205 803
206 646
207 208
207 779
208 403
209 210
209 430
210 226
211 47
211 212
212 806
213 214
213 745
214 464
215 216
215 483
216 482
217 61
217 218
218 79
219 171
219 220
220 246
221 113
221 222
222 369
223 224
223 329
224 612
225 226
225 379
226 652
227 228
227 429
228 553
229 230
229 532
230 410
231 232
231 543
232 458
233 102
233 234
234 32
235 236
235 525
236 364
237 238
237 611
238 344
239 240
239 743
240 456
241 242
241 753
242 142
243 244
243 411
244 494
245 246
245 571
246 653
247 248
247 794
248 355
249 131
249 250
250 70
251 252
251 769
252 220
253 254
253 505
254 566
255 105
255 256
256 723
257 258
257 522
258 664
259 117
259 260
260 663
261 74
261 262
262 342
263 264
263 301
264 356
265 57
265 266
266 761
267 268
267 308
268 772
269 4
269 270
270 154
271 241
271 272
272 492
273 274
273 469
274 504
275 8
275 276
276 648
277 278
277 295
278 695
279 231
279 280
280 206
281 282
281 635
282 78
283 94
283 284
284 302
285 286
285 318
286 740
287 259
287 288
288 418
289 290
289 812
290 620
291 292
291 661
292 574
293 294
293 599
294 672
295 296
295 461
296 680
297 298
297 381
298 347
299 71
299 300
300 92
301 285
301 302
302 728
303 304
303 449
304 27
305 227
305 306
306 603
307 308
307 353
308 163
309 287
309 310
310 576
311 64
311 312
312 233
313 314
313 477
314 694
315 316
315 323
316 371
317 318
317 692
318 791
319 320
319 555
320 108
321 293
321 322
322 152
323 324
323 501
324 682
325 326
325 651
326 138
327 186
327 328
328 644
329 330
329 551
330 765
331 254
331 332
332 592
333 334
333 777
334 81
335 198
335 336
336 798
337 327
337 338
338 528
339 175
339 340
340 386
341 342
341 434
342 495
343 112
343 344
344 354
345 277
345 346
346 438
347 348
347 394
348 340
349 263
349 350
350 768
351 352
351 567
352 606
353 133
353 354
354 24
355 356
355 486
356 53
357 73
357 358
358 151
359 360
359 748
360 684
361 351
361 362
362 109
363 364
363 809
364 130
365 273
365 366
366 17
367 368
367 597
368 570
369 247
369 370
370 210
371 372
371 506
372 399
373 51
373 374
374 77
375 96
375 376
376 414
377 378
377 447
378 7
379 239
379 380
380 54
381 382
381 757
382 178
383 229
383 384
384 550
385 386
385 460
386 424
387 388
387 437
388 678
389 189
389 390
390 333
391 392
391 409
392 76
393 86
393 394
394 294
395 250
395 396
396 88
397 398
397 471
398 523
399 40
399 400
400 788
401 402
401 466
402 16
403 404
403 530
404 36
405 155
405 406
406 232
407 408
407 715
408 55
409 62
409 410
410 312
411 412
411 615
412 766
413 224
413 414
414 636
415 14
415 416
416 326
417 418
417 499
418 384
419 253
419 420
420 594
421 303
421 422
422 503
423 424
423 726
424 413
425 426
425 659
426 402
427 428
427 675
428 480
429 265
429 430
430 28
431 158
431 432
432 406
433 434
433 435
434 563
435 436
435 497
436 393
437 257
437 438
438 116
439 440
439 547
440 508
441 136
441 442
442 702
443 444
443 759
444 747
445 230
445 446
446 396
447 448
447 583
448 304
449 367
449 450
450 29
451 452
451 459
452 756
453 454
453 707
454 38
455 456
455 598
456 99
457 212
457 458
458 642
459 335
459 460
460 552
461 462
461 673
462 314
463 464
463 638
464 190
465 365
465 466
466 671
467 240
467 468
468 404
469 177
469 470
470 129
471 472
471 577
472 462
473 185
473 474
474 799
475 15
475 476
476 214
477 159
477 478
478 542
479 444
479 480
480 150
481 428
481 482
482 764
483 484
483 668
484 515
485 85
485 486
486 169
487 488
487 549
488 199
489 400
489 490
490 658
491 492
491 738
492 98
493 494
493 719
494 670
495 324
495 496
496 468
497 498
497 705
498 237
499 157
499 500
500 687
501 2
501 502
502 554
503 223
503 504
504 332
505 65
505 506
506 465
507 373
507 508
508 536
509 425
509 510
510 520
511 436
511 512
512 463
513 514
513 533
514 701
515 516
515 729
516 423
517 518
517 573
518 426
519 520
519 578
520 490
521 134
521 522
522 669
523 405
523 524
524 380
525 290
525 526
526 654
527 278
527 528
528 258
529 530
529 585
530 722
531 532
531 716
532 643
533 534
533 697
534 124
535 536
535 625
536 580
537 93
537 538
538 80
539 91
539 540
540 90
541 305
541 542
542 66
543 267
543 544
544 182
545 122
545 546
546 375
547 548
547 711
548 581
549 550
549 560
550 686
551 43
551 552
552 135
553 37
553 554
554 368
555 331
555 556
556 244
557 558
557 784
558 690
559 493
559 560
560 631
561 479
561 562
562 348
563 564
563 721
564 771
565 103
565 566
566 195
567 139
567 568
568 59
569 570
569 589
570 557
571 572
571 775
572 588
573 562
573 574
574 446
575 576
575 596
576 527
577 35
577 578
578 10
579 245
579 580
580 432
581 582
581 640
582 162
583 579
583 584
584 363
585 106
585 586
586 742
587 215
587 588
588 196
589 417
589 590
590 605
591 592
591 613
592 350
593 586
593 594
594 811
595 143
595 596
596 339
597 598
597 778
598 275
599 440
599 600
600 442
601 602
601 737
602 746
603 83
603 604
604 732
605 147
605 606
606 491
607 590
607 608
608 628
609 610
609 617
610 192
611 612
611 795
612 376
613 614
613 781
614 222
615 616
615 727
616 320
617 207
617 618
618 717
619 289
619 620
620 558
621 334
621 622
622 534
623 41
623 624
624 20
625 67
625 626
626 412
627 49
627 628
628 45
629 307
629 630
630 713
631 325
631 632
632 84
633 104
633 634
634 299
635 48
635 636
636 776
637 392
637 638
638 176
639 529
639 640
640 118
641 642
641 751
642 526
643 137
643 644
644 420
645 127
645 646
646 792
647 648
647 813
648 626
649 488
649 650
650 200
651 652
651 660
652 12
653 654
653 699
654 281
655 187
655 656
656 252
657 391
657 658
658 401
659 95
659 660
660 283
661 341
661 662
662 476
663 193
663 664
664 666
665 310
665 666
666 30
667 3
667 668
668 725
669 97
669 670
670 156
671 286
671 672
672 774
673 69
673 674
674 561
675 19
675 676
676 767
677 313
677 678
678 448
679 680
679 785
680 618
681 535
681 682
682 632
683 174
683 684
684 100
685 315
685 686
686 454
687 249
687 688
688 39
689 439
689 690
690 183
691 377
691 692
692 149
693 205
693 694
694 712
695 388
695 696
696 752
697 637
697 698
698 416
699 336
699 700
700 608
701 346
701 702
702 68
703 422
703 704
704 22
705 330
705 706
706 181
707 123
707 708
708 126
709 121
709 710
710 385
711 630
711 712
712 773
713 419
713 714
714 148
715 716
715 755
716 358
717 622
717 718
718 696
719 82
719 720
720 238
721 451
721 722
722 475
723 5
723 724
724 544
725 621
725 726
726 548
727 714
727 728
728 328
729 455
729 730
730 125
731 110
731 732
732 511
733 141
733 734
734 718
735 316
735 736
736 518
737 509
737 738
738 730
739 87
739 740
740 516
741 657
741 742
742 9
743 691
743 744
744 374
745 146
745 746
746 510
747 481
747 748
748 538
749 546
749 750
750 311
751 752
751 783
752 338
753 202
753 754
754 452
755 629
755 756
756 319
757 398
757 758
758 370
759 349
759 760
760 789
761 568
761 762
762 433
763 271
763 764
764 188
765 5
765 766
766 282
767 698
767 768
768 298
769 667
769 770
770 627
771 128
771 772
772 545
773 774
773 782
774 276
775 407
775 776
776 184
777 256
777 778
778 225
779 485
779 780
780 556
781 63
781 782
782 321
783 565
783 784
784 280
785 703
785 786
786 234
787 587
787 788
788 584
789 763
789 790
790 804
791 792
791 800
792 382
793 507
793 794
794 519
795 270
795 796
796 593
797 531
797 798
798 306
799 655
799 800
800 144
801 559
801 802
802 679
803 610
803 804
804 50
805 279
805 806
806 296
807 52
807 808
808 366
809 689
809 810
810 614
811 650
811 812
812 72
813 421
813 814
814 395
