0 445
0 713
3 366
3 787
4 70
4 344
6 96
5 298
7 555
7 722
8 113
8 143
9 19
10 504
11 475
11 584
13 14
13 389
15 128
15 469
17 72
17 656
19 100
19 778
21 432
21 456
23 24
23 659
24 767
25 26
25 636
26 564
27 28
27 596
28 329
29 30
29 711
30 352
31 32
31 779
32 534
33 34
33 725
34 739
35 36
35 290
36 79
37 38
37 697
38 802
39 40
39 73
40 558
41 42
41 49
42 274
43 44
43 418
44 41
45 46
45 189
46 615
47 40
47 48
48 429
49 50
49 314
50 606
51 52
51 340
52 512
53 54
53 515
54 359
55 56
55 638
56 222
57 58
57 71
58 29
59 60
59 790
60 568
61 62
61 714
62 641
63 64
63 132
64 664
65 66
65 501
66 490
67 68
67 683
68 768
69 70
69 613
70 524
71 7
71 72
72 478
73 74
73 583
74 364
75 76
75 382
76 147
77 78
77 237
78 774
79 80
79 652
80 452
81 82
81 594
82 108
83 31
83 84
84 571
85 86
85 488
86 118
87 88
87 212
88 756
89 90
89 677
90 471
91 92
91 333
92 95
93 94
93 97
94 551
95 96
95 211
96 63
97 98
97 427
98 485
99 100
99 589
100 358
101 75
101 102
102 346
103 104
103 800
104 292
105 106
105 746
106 192
107 108
107 306
108 510
109 110
109 246
110 442
111 112
111 629
112 163
113 114
113 461
114 770
115 5
115 116
116 30
117 118
117 751
118 616
119 120
119 399
120 204
121 122
121 801
122 348
123 124
123 706
124 543
125 126
125 592
126 247
127 128
127 617
128 307
129 130
129 303
130 813
131 132
131 635
132 322
133 109
133 134
134 310
135 136
135 375
136 698
137 47
137 138
138 570
139 57
139 140
140 574
141 142
141 495
142 769
143 144
143 361
144 754
145 146
145 747
146 672
147 148
147 590
148 182
149 150
149 335
150 202
151 152
151 565
152 330
153 154
153 665
154 724
155 156
155 752
156 228
157 158
157 712
158 464
159 130
159 160
160 176
161 162
161 453
162 3
163 164
163 781
164 604
165 166
165 185
166 572
167 168
167 186
168 416
169 170
169 345
170 249
171 122
171 172
172 142
173 174
173 547
174 743
175 176
175 705
176 700
177 146
177 178
178 18
179 180
179 655
180 411
181 182
181 207
182 434
183 184
183 405
184 85
185 186
185 745
186 342
187 188
187 716
188 419
189 190
189 771
190 68
191 192
191 633
192 134
193 194
193 741
194 554
195 196
195 588
196 105
197 65
197 198
198 433
199 200
199 263
200 294
201 53
201 202
202 378
203 204
203 682
204 708
205 124
205 206
206 436
207 208
207 351
208 704
209 210
209 229
210 765
211 212
211 783
212 462
213 214
213 354
214 455
215 216
215 347
216 796
217 218
217 250
218 780
219 220
219 417
220 748
221 222
221 350
222 412
223 224
223 474
224 157
225 226
225 567
226 447
227 228
227 257
228 431
229 161
229 230
230 740
231 232
231 271
232 394
233 62
233 234
234 668
235 236
235 343
236 526
237 238
237 467
238 603
239 240
239 675
240 45
241 203
241 242
242 694
243 244
243 703
244 168
245 177
245 246
246 224
247 248
247 421
248 614
249 238
249 250
250 520
251 252
251 273
252 720
253 89
253 254
254 233
255 256
255 729
256 138
257 258
257 391
258 315
259 260
259 645
260 542
261 262
261 406
262 410
263 264
263 734
264 680
265 123
265 266
266 383
267 169
267 268
268 337
269 270
269 331
270 654
271 272
271 676
272 811
273 274
273 577
274 372
275 171
275 276
276 552
277 223
277 278
278 64
279 88
279 280
280 332
281 151
281 282
282 193
283 35
283 284
284 21
285 286
285 448
286 808
287 288
287 609
288 476
289 183
289 290
290 518
291 292
291 377
292 449
293 173
293 294
294 566
295 187
295 296
296 544
297 289
297 298
298 116
299 300
299 660
300 426
301 162
301 302
302 422
303 253
303 304
304 794
305 125
305 306
306 386
307 308
307 667
308 466
309 310
309 749
310 562
311 101
311 312
312 318
313 117
313 314
314 248
315 316
315 400
316 402
317 201
317 318
318 269
319 320
319 793
320 718
321 322
321 625
322 284
323 251
323 324
324 496
325 326
325 753
326 653
327 328
327 460
328 732
329 9
329 330
330 258
331 200
331 332
332 308
333 334
333 339
334 126
335 239
335 336
336 556
337 112
337 338
338 300
339 340
339 373
340 611
341 342
341 789
342 396
343 344
343 587
344 612
345 346
345 376
346 626
347 348
347 691
348 688
349 350
349 632
350 296
351 61
351 352
352 736
353 354
353 669
354 639
355 219
355 356
356 181
357 358
357 646
358 150
359 127
359 360
360 441
361 213
361 362
362 444
363 291
363 364
364 540
365 366
365 483
366 6
367 154
367 368
368 772
369 370
369 413
370 473
371 372
371 443
372 548
373 374
373 437
374 52
375 376
375 634
376 657
377 378
377 733
378 686
379 313
379 380
380 78
381 325
381 382
382 479
383 60
383 384
384 2
385 23
385 386
386 528
387 131
387 388
388 649
389 145
389 390
390 644
391 69
391 392
392 231
393 104
393 394
394 210
395 179
395 396
396 94
397 77
397 398
398 275
399 139
399 400
400 301
401 402
401 597
402 86
403 119
403 404
404 559
405 406
405 684
406 288
407 408
407 439
408 454
409 410
409 492
410 598
411 390
411 412
412 194
413 414
413 637
414 465
415 416
415 763
416 620
417 341
417 418
418 195
419 420
419 679
420 494
421 9
421 422
422 220
423 424
423 573
424 695
425 164
425 426
426 25
427 159
427 428
428 438
429 10
429 430
430 285
431 423
431 432
432 666
433 336
433 434
434 242
435 436
435 553
436 66
437 438
437 681
438 338
439 440
439 521
440 560
441 442
441 717
442 221
443 16
443 444
444 601
445 446
445 527
446 546
447 103
447 448
448 167
449 230
449 450
450 56
451 111
451 452
452 525
453 379
453 454
454 580
455 319
455 456
456 550
457 227
457 458
458 761
459 287
459 460
460 50
461 170
461 462
462 775
463 464
463 721
464 692
465 311
465 466
466 782
467 55
467 468
468 545
469 84
469 470
470 582
471 362
471 472
472 678
473 474
473 487
474 312
475 256
475 476
476 687
477 478
477 533
478 578
479 480
479 513
480 254
481 482
481 671
482 586
483 484
483 610
484 619
485 38
485 486
486 538
487 488
487 795
488 486
489 302
489 490
490 742
491 272
491 492
492 575
493 494
493 517
494 458
495 496
495 530
496 87
497 388
497 498
498 662
499 93
499 500
500 158
501 356
501 502
502 136
503 36
503 504
504 710
505 243
505 506
506 328
507 508
507 581
508 650
509 13
509 510
510 304
511 512
511 804
512 766
513 514
513 585
514 561
515 321
515 516
516 602
517 83
517 518
518 491
519 54
519 520
520 42
521 403
521 522
522 549
523 524
523 785
524 277
525 259
525 526
526 750
527 141
527 528
528 663
529 530
529 777
530 477
531 532
531 803
532 408
533 267
533 534
534 198
535 536
535 642
536 4
537 180
537 538
538 786
539 282
539 540
540 279
541 349
541 542
542 788
543 480
543 544
544 276
545 10
545 546
546 43
547 46
547 548
548 327
549 506
549 550
550 730
551 266
551 552
552 90
553 205
553 554
554 806
555 401
555 556
556 760
557 558
557 647
558 297
559 560
559 693
560 415
561 148
561 562
562 102
563 564
563 631
564 184
565 566
565 599
566 107
567 507
567 568
568 360
569 385
569 570
570 225
571 370
571 572
572 685
573 468
573 574
574 264
575 576
575 719
576 144
577 39
577 578
578 5
579 51
579 580
580 764
581 457
581 582
582 482
583 37
583 584
584 149
585 326
585 586
586 190
587 588
587 707
588 758
589 209
589 590
590 74
591 523
591 592
592 607
593 519
593 594
594 805
595 99
595 596
596 689
597 598
597 791
598 374
599 459
599 600
600 261
601 172
601 602
602 286
603 604
603 618
604 776
605 92
605 606
606 628
607 188
607 608
608 241
609 451
609 610
610 690
611 563
611 612
612 428
613 614
613 643
614 32
615 309
615 616
616 232
617 293
617 618
618 627
619 446
619 620
620 357
621 215
621 622
622 252
623 26
623 624
624 497
625 407
625 626
626 622
627 628
627 797
628 260
629 305
629 630
630 135
631 380
631 632
632 156
633 295
633 634
634 245
635 81
635 636
636 174
637 323
637 638
638 737
639 240
639 640
640 17
641 440
641 642
642 216
643 605
643 644
644 450
645 28
645 646
646 798
647 153
647 648
648 395
649 398
649 650
650 728
651 579
651 652
652 48
653 353
653 654
654 500
655 404
655 656
656 792
657 355
657 658
658 773
659 8
659 660
660 503
661 662
661 755
662 178
663 489
663 664
664 812
665 165
665 666
666 470
667 668
667 759
668 472
669 670
669 757
670 22
671 630
671 672
672 651
673 661
673 674
674 280
675 363
675 676
676 367
677 365
677 678
678 120
679 129
679 680
680 133
681 673
681 682
682 531
683 608
683 684
684 481
685 686
685 696
686 502
687 152
687 688
688 726
689 593
689 690
690 24
691 91
691 692
692 532
693 694
693 731
694 511
695 196
695 696
696 206
697 698
697 701
698 82
699 255
699 700
700 420
701 702
701 715
702 537
703 704
703 723
704 160
705 557
705 706
706 283
707 11
707 708
708 670
709 175
709 710
710 435
711 110
711 712
712 508
713 369
713 714
714 484
715 235
715 716
716 621
717 115
717 718
718 166
719 76
719 720
720 702
721 722
721 799
722 27
723 591
723 724
724 541
725 709
725 726
726 320
727 387
727 728
728 262
729 493
729 730
730 1
731 80
731 732
732 814
733 699
733 734
734 424
735 600
735 736
736 762
737 509
737 738
738 155
739 648
739 740
740 371
741 738
741 742
742 208
743 98
743 744
744 106
745 381
745 746
746 214
747 33
747 748
748 217
749 529
749 750
750 244
751 505
751 752
752 67
753 414
753 754
754 20
755 463
755 756
756 218
757 595
757 758
758 535
759 658
759 760
760 226
761 409
761 762
762 140
763 735
763 764
764 6
765 766
765 810
766 270
767 768
767 807
768 744
769 674
769 770
770 316
771 324
771 772
772 278
773 393
773 774
774 334
775 299
775 776
776 12
777 281
777 778
778 268
779 191
779 780
780 58
781 392
781 782
782 236
783 784
783 809
784 368
785 317
785 786
786 384
787 536
787 788
788 430
789 121
789 790
790 727
791 569
791 792
792 624
793 44
793 794
794 516
795 265
795 796
796 522
797 59
797 798
798 514
799 397
799 800
800 640
801 197
801 802
802 199
803 15
803 804
804 114
805 499
805 806
806 784
807 137
807 808
808 576
809 539
809 810
810 498
811 425
811 812
812 234
813 34
813 814
814 623
