0 56
0 777
2 50
2 90
3 443
3 527
5 574
4 556
4 676
6 786
9 63
9 367
10 299
10 723
11 264
12 790
13 661
13 680
15 558
15 710
17 657
17 727
19 516
19 542
21 247
21 743
23 24
23 451
24 414
25 26
25 559
26 246
27 28
27 371
28 378
29 30
29 679
30 796
31 32
31 603
32 425
33 15
33 34
34 278
35 36
35 561
36 709
37 38
37 745
38 718
39 40
39 687
40 288
41 42
41 84
42 761
43 44
43 644
44 708
45 46
45 670
46 119
47 48
47 338
48 510
49 50
49 455
50 664
51 52
51 91
52 99
53 19
53 54
54 272
55 56
55 650
56 764
57 58
57 511
58 376
59 60
59 135
60 225
61 62
61 794
62 808
63 64
63 570
64 180
65 66
65 488
66 716
67 68
67 580
68 615
69 70
69 345
70 508
71 72
71 576
72 461
73 74
73 765
74 688
75 76
75 263
76 200
77 78
77 547
78 408
79 25
79 80
80 490
81 82
81 641
82 498
83 84
83 789
84 298
85 86
85 320
86 662
87 88
87 344
88 564
89 12
89 90
90 410
91 92
91 131
92 77
93 69
93 94
94 311
95 96
95 673
96 381
97 98
97 689
98 325
99 100
99 173
100 11
101 102
101 118
102 114
103 104
103 289
104 484
105 106
105 446
106 528
107 108
107 611
108 46
109 110
109 406
110 610
111 112
111 548
112 671
113 114
113 171
114 152
115 116
115 286
116 464
117 118
117 529
118 363
119 85
119 120
120 390
121 122
121 373
122 497
123 124
123 731
124 276
125 40
125 126
126 598
127 128
127 733
128 158
129 130
129 735
130 730
131 132
131 715
132 566
133 134
133 677
134 658
135 136
135 195
136 774
137 138
137 188
138 668
139 140
139 393
140 537
141 142
141 419
142 234
143 61
143 144
144 436
145 105
145 146
146 337
147 59
147 148
148 466
149 150
149 519
150 316
151 152
151 467
152 128
153 154
153 342
154 130
155 156
155 562
156 684
157 158
157 517
158 472
159 160
159 360
160 13
161 162
161 194
162 550
163 164
163 606
164 649
165 166
165 333
166 291
167 168
167 231
168 153
169 157
169 170
170 427
171 172
171 593
172 104
173 174
173 223
174 249
175 123
175 176
176 400
177 178
177 634
178 22
179 109
179 180
180 14
181 21
181 182
182 468
183 184
183 655
184 53
185 181
185 186
186 106
187 129
187 188
188 221
189 190
189 348
190 215
191 192
191 569
192 728
193 23
193 194
194 137
195 196
195 505
196 552
197 155
197 198
198 500
199 200
199 387
200 164
201 202
201 369
202 620
203 204
203 629
204 752
205 67
205 206
206 770
207 208
207 493
208 267
209 210
209 237
210 614
211 212
211 482
212 220
213 214
213 683
214 168
215 32
215 216
216 418
217 218
217 275
218 102
219 220
219 699
220 206
221 222
221 522
222 438
223 224
223 706
224 353
225 226
225 355
226 656
227 228
227 769
228 324
229 17
229 230
230 273
231 162
231 232
232 277
233 234
233 280
234 70
235 191
235 236
236 726
237 238
237 494
238 260
239 240
239 632
240 370
241 242
241 557
242 143
243 244
243 530
244 572
245 246
245 361
246 477
247 149
247 248
248 244
249 250
249 422
250 800
251 163
251 252
252 354
253 42
253 254
254 62
255 175
255 256
256 463
257 258
257 801
258 198
259 205
259 260
260 456
261 262
261 704
262 804
263 264
263 775
264 296
265 266
265 514
266 279
267 268
267 567
268 450
269 209
269 270
270 778
271 272
271 643
272 622
273 274
273 669
274 540
275 276
275 729
276 4
277 278
277 814
278 219
279 274
279 280
280 594
281 282
281 618
282 754
283 284
283 435
284 6
285 39
285 286
286 504
287 288
287 317
288 434
289 290
289 577
290 806
291 292
291 613
292 26
293 167
293 294
294 700
295 296
295 609
296 303
297 298
297 553
298 541
299 300
299 327
300 785
301 302
301 475
302 217
303 139
303 304
304 654
305 306
305 328
306 126
307 308
307 352
308 64
309 310
309 515
310 65
311 301
311 312
312 591
313 314
313 439
314 492
315 316
315 693
316 469
317 36
317 318
318 34
319 320
319 437
320 384
321 319
321 322
322 248
323 324
323 481
324 640
325 326
325 571
326 724
327 96
327 328
328 675
329 330
329 405
330 127
331 78
331 332
332 750
333 334
333 648
334 720
335 35
335 336
336 192
337 338
337 491
338 638
339 37
339 340
340 216
341 147
341 342
342 788
343 344
343 705
344 792
345 201
345 346
346 224
347 343
347 348
348 663
349 350
349 582
350 628
351 97
351 352
352 243
353 159
353 354
354 762
355 356
355 746
356 377
357 125
357 358
358 584
359 341
359 360
360 242
361 362
361 585
362 146
363 116
363 364
364 218
365 366
365 460
366 486
367 339
367 368
368 736
369 370
369 741
370 269
371 372
371 513
372 470
373 207
373 374
374 430
375 52
375 376
376 608
377 366
377 378
378 420
379 287
379 380
380 753
381 382
381 442
382 86
383 384
383 531
384 208
385 199
385 386
386 625
387 388
387 601
388 71
389 81
389 390
390 734
391 392
391 458
392 232
393 394
393 502
394 520
395 396
395 711
396 534
397 398
397 783
398 523
399 101
399 400
400 48
401 402
401 803
402 739
403 404
403 811
404 596
405 406
405 597
406 332
407 408
407 809
408 177
409 410
409 421
410 190
411 80
411 412
412 772
413 414
413 694
414 314
415 386
415 416
416 496
417 68
417 418
418 358
419 271
419 420
420 250
421 183
421 422
422 204
423 29
423 424
424 518
425 426
425 642
426 66
427 428
427 526
428 238
429 283
429 430
430 626
431 74
431 432
432 30
433 434
433 448
434 306
435 111
435 436
436 568
437 92
437 438
438 82
439 440
439 701
440 533
441 151
441 442
442 270
443 124
443 444
444 55
445 446
445 793
446 581
447 448
447 465
448 546
449 27
449 450
450 8
451 403
451 452
452 240
453 156
453 454
454 751
455 456
455 697
456 722
457 458
457 682
458 749
459 255
459 460
460 483
461 113
461 462
462 28
463 464
463 812
464 433
465 466
465 599
466 391
467 281
467 468
468 600
469 222
469 470
470 364
471 472
471 791
472 305
473 474
473 480
474 807
475 476
475 703
476 214
477 402
477 478
478 174
479 409
479 480
480 315
481 482
481 573
482 170
483 142
483 484
484 356
485 486
485 521
486 336
487 488
487 773
488 6
489 490
489 617
490 185
491 492
491 627
492 426
493 494
493 721
494 41
495 496
495 756
496 212
497 498
497 506
498 536
499 49
499 500
500 308
501 75
501 502
502 453
503 479
503 504
504 555
505 203
505 506
506 165
507 508
507 719
508 176
509 178
509 510
510 120
511 112
511 512
512 415
513 227
513 514
514 646
515 516
515 725
516 578
517 211
517 518
518 612
519 503
519 520
520 258
521 522
521 696
522 133
523 140
523 524
524 228
525 282
525 526
526 382
527 528
527 660
528 583
529 93
529 530
530 589
531 251
531 532
532 544
533 471
533 534
534 284
535 73
535 536
536 169
537 2
537 538
538 476
539 145
539 540
540 253
541 542
541 647
542 236
543 544
543 695
544 322
545 546
545 763
546 440
547 539
547 548
548 302
549 379
549 550
550 394
551 235
551 552
552 441
553 554
553 623
554 60
555 389
555 556
556 524
557 404
557 558
558 748
559 347
559 560
560 310
561 562
561 633
562 674
563 564
563 757
564 16
565 132
565 566
566 179
567 395
567 568
568 432
569 570
569 771
570 290
571 572
571 738
572 357
573 47
573 574
574 202
575 576
575 587
576 760
577 182
577 578
578 592
579 575
579 580
580 685
581 407
581 582
582 233
583 326
583 584
584 293
585 241
585 586
586 454
587 121
587 588
588 45
589 304
589 590
590 398
591 107
591 592
592 76
593 594
593 652
594 98
595 507
595 596
596 667
597 598
597 653
598 396
599 259
599 600
600 11
601 94
601 602
602 79
603 604
603 702
604 388
605 411
605 606
606 795
607 184
607 608
608 416
609 401
609 610
610 780
611 423
611 612
612 138
613 614
613 776
614 340
615 485
615 616
616 166
617 51
617 618
618 543
619 474
619 620
620 254
621 622
621 798
622 495
623 413
623 624
624 226
625 213
625 626
626 18
627 628
627 747
628 365
629 257
629 630
630 266
631 605
631 632
632 297
633 431
633 634
634 196
635 636
635 737
636 307
637 256
637 638
638 150
639 295
639 640
640 392
641 239
641 642
642 3
643 385
643 644
644 72
645 545
645 646
646 636
647 648
647 781
648 374
649 525
649 650
650 717
651 245
651 652
652 122
653 551
653 654
654 89
655 656
655 805
656 7
657 329
657 658
658 312
659 660
659 755
660 323
661 590
661 662
662 110
663 645
663 664
664 399
665 331
665 666
666 294
667 44
667 668
668 758
669 321
669 670
670 473
671 187
671 672
672 744
673 375
673 674
674 334
675 1
675 676
676 428
677 43
677 678
678 372
679 262
679 680
680 766
681 115
681 682
682 292
683 616
683 684
684 12
685 686
685 810
686 779
687 9
687 688
688 631
689 265
689 690
690 134
691 300
691 692
692 478
693 630
693 694
694 161
695 637
695 696
696 588
697 83
697 698
698 5
699 586
699 700
700 144
701 330
701 702
702 103
703 602
703 704
704 452
705 359
705 706
706 10
707 708
707 759
708 95
709 193
709 710
710 87
711 380
711 712
712 38
713 635
713 714
714 57
715 595
715 716
716 268
717 712
717 718
718 172
719 535
719 720
720 362
721 714
721 722
722 560
723 346
723 724
724 532
725 285
725 726
726 368
727 713
727 728
728 424
729 579
729 730
730 782
731 732
731 742
732 54
733 417
733 734
734 88
735 707
735 736
736 20
737 487
737 738
738 457
739 189
739 740
740 252
741 141
741 742
742 659
743 621
743 744
744 313
745 229
745 746
746 136
747 748
747 767
748 691
749 565
749 750
750 732
751 698
751 752
752 666
753 160
753 754
754 148
755 549
755 756
756 538
757 639
757 758
758 58
759 459
759 760
760 554
761 512
761 762
762 624
763 764
763 768
764 678
765 309
765 766
766 210
767 349
767 768
768 690
769 383
769 770
770 154
771 772
771 797
772 651
773 335
773 774
774 351
775 672
775 776
776 509
777 489
777 778
778 686
779 31
779 780
780 186
781 563
781 782
782 692
783 501
783 784
784 607
785 318
785 786
786 462
787 117
787 788
788 5
789 665
789 790
790 108
791 784
791 792
792 350
793 681
793 794
794 261
795 100
795 796
796 802
797 787
797 798
798 397
799 604
799 800
800 24
801 445
801 802
802 740
803 799
803 804
804 449
805 230
805 806
806 197
807 33
807 808
808 444
809 429
809 810
810 412
811 812
811 813
812 447
813 499
813 814
814 619
