0 9
0 647
1 141
1 612
3 315
3 677
4 707
4 713
5 319
6 108
9 249
9 405
10 97
10 596
11 513
12 237
13 12
13 498
15 16
15 205
17 99
17 126
19 572
19 633
21 38
21 584
23 24
23 387
24 250
25 26
25 671
26 618
27 28
27 111
28 229
29 30
29 761
30 214
31 32
31 749
32 193
33 34
33 680
34 50
35 36
35 579
36 560
37 38
37 807
38 154
39 40
39 278
40 762
41 42
41 361
42 659
43 44
43 467
44 720
45 46
45 649
46 548
47 48
47 222
48 90
49 50
49 580
50 284
51 52
51 687
52 398
53 22
53 54
54 356
55 56
55 461
56 92
57 58
57 745
58 73
59 60
59 367
60 735
61 62
61 811
62 66
63 64
63 797
64 323
65 66
65 201
66 784
67 68
67 196
68 135
69 70
69 351
70 525
71 72
71 406
72 699
73 74
73 769
74 182
75 76
75 223
76 812
77 1
77 78
78 550
79 80
79 666
80 74
81 82
81 595
82 586
83 84
83 195
84 708
85 86
85 485
86 518
87 11
87 88
88 301
89 90
89 409
90 228
91 92
91 265
92 750
93 94
93 378
94 746
95 96
95 765
96 213
97 98
97 709
98 696
99 100
99 373
100 731
101 102
101 429
102 544
103 104
103 329
104 748
105 106
105 752
106 814
107 108
107 112
108 19
109 110
109 785
110 375
111 112
111 407
112 110
113 114
113 537
114 259
115 29
115 116
116 510
117 118
117 169
118 810
119 120
119 437
120 18
121 122
121 358
122 114
123 124
123 289
124 15
125 126
125 433
126 346
127 128
127 423
128 533
129 130
129 568
130 599
131 132
131 164
132 307
133 134
133 483
134 283
135 136
135 604
136 8
137 138
137 277
138 403
139 140
139 788
140 776
141 4
141 142
142 155
143 127
143 144
144 501
145 146
145 621
146 620
147 49
147 148
148 766
149 63
149 150
150 128
151 152
151 221
152 332
153 6
153 154
154 587
155 156
155 392
156 730
157 158
157 778
158 218
159 133
159 160
160 147
161 162
161 538
162 654
163 41
163 164
164 653
165 166
165 257
166 443
167 55
167 168
168 207
169 89
169 170
170 546
171 143
171 172
172 489
173 174
173 540
174 252
175 176
175 393
176 787
177 178
177 521
178 424
179 180
179 663
180 325
181 157
181 182
182 755
183 184
183 385
184 282
185 109
185 186
186 248
187 188
187 798
188 783
189 35
189 190
190 94
191 192
191 800
192 446
193 37
193 194
194 376
195 196
195 565
196 5
197 198
197 460
198 511
199 6
199 200
200 194
201 202
201 261
202 739
203 204
203 655
204 68
205 113
205 206
206 208
207 208
207 428
208 316
209 210
209 679
210 425
211 212
211 413
212 438
213 214
213 279
214 512
215 216
215 551
216 349
217 218
217 660
218 492
219 220
219 463
220 529
221 65
221 222
222 199
223 224
223 662
224 380
225 226
225 377
226 374
227 228
227 240
228 643
229 230
229 439
230 420
231 232
231 379
232 792
233 234
233 419
234 26
235 159
235 236
236 743
237 238
237 255
238 320
239 240
239 549
240 476
241 146
241 242
242 782
243 244
243 729
244 59
245 87
245 246
246 79
247 248
247 414
248 736
249 250
249 431
250 692
251 43
251 252
252 187
253 161
253 254
254 610
255 183
255 256
256 632
257 64
257 258
258 712
259 260
259 558
260 156
261 52
261 262
262 640
263 264
263 601
264 137
265 266
265 369
266 25
267 231
267 268
268 796
269 107
269 270
270 328
271 272
271 390
272 770
273 150
273 274
274 202
275 191
275 276
276 547
277 278
277 469
278 70
279 280
279 657
280 241
281 282
281 636
282 555
283 284
283 465
284 747
285 286
285 803
286 410
287 288
287 741
288 690
289 290
289 303
290 186
291 234
291 292
292 396
293 294
293 457
294 46
295 69
295 296
296 435
297 298
297 804
298 738
299 300
299 570
300 494
301 12
301 302
302 806
303 10
303 304
304 129
305 306
305 802
306 577
307 118
307 308
308 224
309 81
309 310
310 254
311 312
311 597
312 442
313 314
313 522
314 801
315 306
315 316
316 292
317 318
317 715
318 119
319 72
319 320
320 681
321 322
321 614
322 582
323 324
323 535
324 764
325 326
325 455
326 575
327 328
327 773
328 556
329 330
329 503
330 138
331 171
331 332
332 710
333 173
333 334
334 232
335 336
335 629
336 641
337 264
337 338
338 83
339 340
339 689
340 262
341 342
341 364
342 496
343 344
343 780
344 352
345 117
345 346
346 24
347 348
347 637
348 215
349 341
349 350
350 515
351 352
351 727
352 516
353 354
353 665
354 667
355 174
355 356
356 368
357 317
357 358
358 163
359 360
359 427
360 57
361 251
361 362
362 471
363 93
363 364
364 733
365 366
365 573
366 631
367 271
367 368
368 298
369 185
369 370
370 495
371 286
371 372
372 382
373 374
373 668
374 344
375 376
375 661
376 554
377 378
377 719
378 609
379 380
379 813
380 140
381 372
381 382
382 394
383 384
383 672
384 462
385 386
385 395
386 728
387 388
387 569
388 3
389 243
389 390
390 500
391 392
391 519
392 333
393 394
393 441
394 216
395 61
395 396
396 644
397 175
397 398
398 281
399 131
399 400
400 430
401 402
401 732
402 526
403 158
403 404
404 253
405 149
405 406
406 273
407 103
407 408
408 721
409 365
409 410
410 350
411 412
411 756
412 238
413 121
413 414
414 757
415 337
415 416
416 517
417 418
417 678
418 650
419 420
419 777
420 295
421 345
421 422
422 417
423 424
423 717
424 539
425 426
425 670
426 514
427 428
427 468
428 448
429 21
429 430
430 162
431 432
431 559
432 269
433 336
433 434
434 340
435 198
435 436
436 506
437 438
437 789
438 44
439 362
439 440
440 330
441 363
441 442
442 452
443 335
443 444
444 734
445 272
445 446
446 648
447 130
447 448
448 5
449 450
449 711
450 168
451 452
451 528
452 204
453 388
453 454
454 370
455 311
455 456
456 120
457 421
457 458
458 166
459 460
459 477
460 280
461 462
461 490
462 536
463 357
463 464
464 742
465 399
465 466
466 100
467 468
467 786
468 176
469 470
469 567
470 2
471 472
471 716
472 639
473 422
473 474
474 302
475 476
475 553
476 591
477 478
477 635
478 304
479 416
479 480
480 704
481 482
481 744
482 258
483 484
483 581
484 17
485 486
485 613
486 287
487 488
487 524
488 530
489 144
489 490
490 473
491 492
491 809
492 324
493 226
493 494
494 86
495 98
495 496
496 404
497 445
497 498
498 481
499 500
499 674
500 305
501 502
501 683
502 450
503 245
503 504
504 227
505 220
505 506
506 7
507 124
507 508
508 408
509 313
509 510
510 418
511 210
511 512
512 14
513 139
513 514
514 694
515 268
515 516
516 116
517 115
517 518
518 270
519 453
519 520
520 136
521 522
521 753
522 134
523 524
523 676
524 36
525 508
525 526
526 62
527 528
527 718
528 543
529 47
529 530
530 724
531 532
531 664
532 598
533 276
533 534
534 523
535 397
535 536
536 244
537 355
537 538
538 217
539 540
539 552
540 507
541 318
541 542
542 230
543 148
543 544
544 170
545 132
545 546
546 794
547 122
547 548
548 78
549 550
549 593
550 600
551 552
551 763
552 466
553 338
553 554
554 181
555 67
555 556
556 53
557 386
557 558
558 701
559 267
559 560
560 638
561 562
561 617
562 290
563 84
563 564
564 497
565 566
565 651
566 236
567 28
567 568
568 590
569 491
569 570
570 56
571 91
571 572
572 714
573 189
573 574
574 331
575 197
575 576
576 758
577 76
577 578
578 688
579 165
579 580
580 123
581 160
581 582
582 440
583 343
583 584
584 557
585 586
585 627
586 737
587 588
587 759
588 706
589 590
589 615
590 402
591 592
591 603
592 106
593 566
593 594
594 698
595 177
595 596
596 611
597 33
597 598
598 774
599 600
599 669
600 562
601 266
601 602
602 310
603 604
603 722
604 474
605 211
605 606
606 576
607 77
607 608
608 142
609 285
609 610
610 40
611 574
611 612
612 767
613 321
613 614
614 594
615 145
615 616
616 493
617 618
617 726
618 472
619 400
619 620
620 534
621 75
621 622
622 314
623 58
623 624
624 48
625 247
625 626
626 348
627 293
627 628
628 652
629 179
629 630
630 754
631 632
631 723
632 260
633 178
633 634
634 805
635 571
635 636
636 751
637 13
637 638
638 366
639 300
639 640
640 520
641 630
641 642
642 619
643 588
643 644
644 54
645 153
645 646
646 206
647 203
647 648
648 454
649 312
649 650
650 532
651 479
651 652
652 725
653 239
653 654
654 444
655 656
655 771
656 488
657 200
657 658
658 563
659 96
659 660
660 412
661 31
661 662
662 95
663 605
663 664
664 702
665 209
665 666
666 625
667 668
667 793
668 233
669 642
669 670
670 564
671 458
671 672
672 167
673 23
673 674
674 34
675 246
675 676
676 700
677 678
677 695
678 703
679 475
679 680
680 645
681 682
681 686
682 105
683 607
683 684
684 32
685 451
685 686
686 578
687 219
687 688
688 256
689 690
689 790
690 606
691 309
691 692
692 447
693 449
693 694
694 242
695 125
695 696
696 808
697 698
697 705
698 308
699 297
699 700
700 480
701 299
701 702
702 85
703 505
703 704
704 426
705 504
705 706
706 275
707 608
707 708
708 192
709 11
709 710
710 342
711 80
711 712
712 682
713 714
713 795
714 371
715 263
715 716
716 359
717 415
717 718
718 151
719 27
719 720
720 42
721 101
721 722
722 531
723 401
723 724
724 152
725 509
725 726
726 212
727 589
727 728
728 685
729 487
729 730
730 288
731 326
731 732
732 760
733 542
733 734
734 502
735 334
735 736
736 470
737 738
737 768
738 20
739 697
739 740
740 104
741 102
741 742
742 45
743 499
743 744
744 656
745 746
745 775
746 274
747 354
747 748
748 296
749 360
749 750
750 434
751 432
751 752
752 30
753 673
753 754
754 799
755 411
755 756
756 190
757 294
757 758
758 482
759 693
759 760
760 634
761 762
761 791
762 486
763 484
763 764
764 592
765 188
765 766
766 622
767 82
767 768
768 623
769 391
769 770
770 602
771 585
771 772
772 646
773 347
773 774
774 456
775 88
775 776
776 384
777 778
777 781
778 71
779 381
779 780
780 684
781 545
781 782
782 772
783 583
783 784
784 291
785 51
785 786
786 235
787 527
787 788
788 339
789 628
789 790
790 327
791 172
791 792
792 658
793 675
793 794
794 184
795 180
795 796
796 39
797 459
797 798
798 626
799 383
799 800
800 389
801 561
801 802
802 478
803 541
803 804
804 464
805 60
805 806
806 436
807 624
807 808
808 322
809 225
809 810
810 779
811 353
811 812
812 740
813 691
813 814
814 616
