0 534
0 585
1 165
1 517
3 195
3 351
5 584
4 518
4 760
6 170
9 255
9 657
10 30
10 621
11 625
12 466
13 213
13 440
15 150
15 803
17 183
17 319
19 217
19 492
21 50
21 659
23 24
23 138
24 649
25 26
25 487
26 235
27 28
27 563
28 557
29 30
29 637
30 438
31 32
31 309
32 687
33 34
33 573
34 665
35 36
35 464
36 202
37 38
37 200
38 677
39 9
39 40
40 265
41 35
41 42
42 710
43 44
43 587
44 318
45 46
45 652
46 248
47 48
47 531
48 410
49 50
49 753
50 68
51 52
51 107
52 228
53 54
53 60
54 460
55 56
55 607
56 540
57 58
57 151
58 450
59 60
59 321
60 388
61 62
61 205
62 777
63 64
63 396
64 234
65 66
65 605
66 666
67 68
67 622
68 102
69 70
69 86
70 232
71 72
71 641
72 428
73 74
73 747
74 689
75 76
75 609
76 807
77 78
77 286
78 158
79 80
79 441
80 277
81 82
81 509
82 524
83 84
83 800
84 446
85 86
85 452
86 493
87 88
87 152
88 448
89 90
89 717
90 512
91 92
91 280
92 89
93 94
93 562
94 218
95 96
95 721
96 480
97 49
97 98
98 765
99 100
99 132
100 698
101 102
101 154
102 748
103 104
103 581
104 46
105 106
105 443
106 227
107 108
107 223
108 618
109 110
109 328
110 610
111 93
111 112
112 397
113 114
113 523
114 420
115 116
115 624
116 186
117 118
117 733
118 160
119 120
119 667
120 237
121 122
121 395
122 690
123 124
123 802
124 552
125 106
125 126
126 207
127 10
127 128
128 728
129 76
129 130
130 7
131 132
131 459
132 16
133 134
133 708
134 84
135 11
135 136
136 71
137 138
137 434
138 196
139 140
139 189
140 51
141 142
141 282
142 692
143 53
143 144
144 788
145 146
145 399
146 240
147 148
147 347
148 595
149 150
149 683
150 171
151 152
151 805
152 749
153 154
153 307
154 293
155 156
155 746
156 740
157 12
157 158
158 193
159 160
159 498
160 339
161 25
161 162
162 499
163 164
163 529
164 104
165 166
165 583
166 409
167 168
167 695
168 14
169 29
169 170
170 340
171 172
171 759
172 435
173 174
173 779
174 365
175 176
175 451
176 520
177 169
177 178
178 116
179 83
179 180
180 117
181 182
181 343
182 180
183 31
183 184
184 597
185 186
185 719
186 6
187 188
187 259
188 284
189 190
189 577
190 72
191 192
191 327
192 99
193 194
193 411
194 678
195 126
195 196
196 370
197 198
197 287
198 640
199 200
199 579
200 423
201 202
201 264
202 416
203 204
203 567
204 629
205 206
205 257
206 510
207 208
207 623
208 353
209 210
209 297
210 691
211 212
211 497
212 59
213 214
213 413
214 483
215 127
215 216
216 192
217 218
217 349
218 490
219 220
219 260
220 734
221 222
221 500
222 100
223 81
223 224
224 757
225 156
225 226
226 801
227 228
227 701
228 488
229 210
229 230
230 580
231 137
231 232
232 52
233 234
233 311
234 432
235 236
235 555
236 418
237 141
237 238
238 742
239 240
239 713
240 392
241 242
241 470
242 586
243 244
243 669
244 709
245 246
245 422
246 442
247 248
247 371
248 316
249 250
249 527
250 465
251 177
251 252
252 613
253 254
253 407
254 813
255 256
255 574
256 48
257 91
257 258
258 315
259 260
259 263
260 449
261 262
261 693
262 639
263 264
263 337
264 323
265 266
265 361
266 98
267 268
267 383
268 111
269 270
269 437
270 88
271 272
271 729
272 469
273 15
273 274
274 429
275 74
275 276
276 570
277 37
277 278
278 208
279 153
279 280
280 155
281 282
281 317
282 391
283 284
283 809
284 5
285 286
285 417
286 226
287 288
287 547
288 643
289 199
289 290
290 808
291 292
291 426
292 134
293 294
293 355
294 718
295 296
295 425
296 110
297 39
297 298
298 272
299 103
299 300
300 668
301 302
301 711
302 752
303 304
303 342
304 675
305 306
305 679
306 291
307 308
307 421
308 47
309 310
309 551
310 119
311 312
311 696
312 382
313 245
313 314
314 648
315 316
315 537
316 270
317 318
317 647
318 38
319 185
319 320
320 519
321 322
321 565
322 334
323 216
323 324
324 112
325 222
325 326
326 403
327 328
327 379
328 654
329 274
329 330
330 590
331 19
331 332
332 606
333 261
333 334
334 670
335 300
335 336
336 588
337 338
337 635
338 526
339 246
339 340
340 596
341 342
341 781
342 511
343 344
343 415
344 143
345 73
345 346
346 92
347 298
347 348
348 722
349 350
349 731
350 784
351 322
351 352
352 715
353 354
353 769
354 688
355 356
355 681
356 754
357 358
357 463
358 8
359 360
359 789
360 28
361 249
361 362
362 128
363 364
363 591
364 543
365 366
365 402
366 123
367 345
367 368
368 414
369 370
369 785
370 336
371 372
371 660
372 582
373 87
373 374
374 546
375 4
375 376
376 67
377 144
377 378
378 790
379 369
379 380
380 400
381 382
381 404
382 412
383 214
383 384
384 525
385 386
385 603
386 611
387 388
387 481
388 197
389 45
389 390
390 66
391 62
391 392
392 56
393 13
393 394
394 294
395 203
395 396
396 122
397 398
397 664
398 656
399 400
399 475
400 535
401 320
401 402
402 212
403 404
403 676
404 559
405 406
405 743
406 5
407 55
407 408
408 795
409 406
409 410
410 312
411 221
411 412
412 114
413 131
413 414
414 386
415 416
415 445
416 256
417 251
417 418
418 761
419 163
419 420
420 358
421 422
421 489
422 541
423 424
423 653
424 485
425 301
425 426
426 344
427 428
427 568
428 115
429 352
429 430
430 792
431 278
431 432
432 146
433 373
433 434
434 484
435 362
435 436
436 744
437 438
437 554
438 120
439 440
439 472
440 168
441 405
441 442
442 560
443 101
443 444
444 94
445 446
445 506
446 702
447 389
447 448
448 646
449 273
449 450
450 314
451 17
451 452
452 139
453 149
453 454
454 566
455 456
455 739
456 797
457 458
457 530
458 229
459 460
459 553
460 332
461 462
461 617
462 642
463 241
463 464
464 564
465 385
465 466
466 333
467 96
467 468
468 167
469 341
469 470
470 756
471 121
471 472
472 738
473 474
473 604
474 454
475 173
475 476
476 194
477 478
477 806
478 243
479 480
479 775
480 798
481 147
481 482
482 125
483 26
483 484
484 736
485 486
485 716
486 20
487 262
487 488
488 431
489 490
489 787
490 697
491 233
491 492
492 812
493 58
493 494
494 636
495 496
495 645
496 632
497 271
497 498
498 730
499 313
499 500
500 478
501 75
501 502
502 496
503 140
503 504
504 201
505 310
505 506
506 533
507 508
507 576
508 6
509 239
509 510
510 750
511 191
511 512
512 372
513 184
513 514
514 178
515 516
515 661
516 558
517 78
517 518
518 556
519 419
519 520
520 204
521 433
521 522
522 608
523 524
523 658
524 626
525 526
525 634
526 726
527 528
527 707
528 766
529 530
529 727
530 502
531 457
531 532
532 616
533 534
533 783
534 444
535 471
535 536
536 732
537 495
537 538
538 507
539 540
539 751
540 593
541 542
541 768
542 85
543 544
543 778
544 356
545 546
545 601
546 424
547 224
547 548
548 458
549 65
549 550
550 220
551 552
551 767
552 476
553 187
553 554
554 148
555 513
555 556
556 538
557 1
557 558
558 725
559 560
559 694
560 166
561 176
561 562
562 430
563 44
563 564
564 468
565 164
565 566
566 628
567 295
567 568
568 324
569 570
569 720
570 706
571 456
571 572
572 130
573 175
573 574
574 43
575 113
575 576
576 771
577 575
577 578
578 276
579 453
579 580
580 70
581 367
581 582
582 360
583 584
583 686
584 550
585 209
585 586
586 704
587 588
587 745
588 504
589 536
589 590
590 376
591 561
591 592
592 515
593 188
593 594
594 782
595 335
595 596
596 36
597 598
597 735
598 363
599 182
599 600
600 516
601 33
601 602
602 810
603 161
603 604
604 799
605 545
605 606
606 655
607 482
607 608
608 473
609 610
609 699
610 786
611 159
611 612
612 682
613 244
613 614
614 772
615 97
615 616
616 129
617 27
617 618
618 491
619 306
619 620
620 572
621 622
621 776
622 381
623 624
623 672
624 594
625 308
625 626
626 762
627 628
627 638
628 292
629 135
629 630
630 179
631 57
631 632
632 763
633 136
633 634
634 467
635 289
635 636
636 230
637 331
637 638
638 755
639 329
639 640
640 2
641 32
641 642
642 325
643 644
643 662
644 508
645 267
645 646
646 77
647 162
647 648
648 447
649 42
649 650
650 793
651 250
651 652
652 303
653 21
653 654
654 394
655 368
655 656
656 700
657 40
657 658
658 712
659 105
659 660
660 215
661 589
661 662
662 252
663 664
663 705
664 22
665 211
665 666
666 24
667 615
667 668
668 80
669 3
669 670
670 375
671 54
671 672
672 612
673 494
673 674
674 64
675 676
675 811
676 774
677 539
677 678
678 630
679 521
679 680
680 238
681 69
681 682
682 390
683 145
683 684
684 174
685 231
685 686
686 599
687 532
687 688
688 674
689 219
689 690
690 592
691 82
691 692
692 354
693 694
693 773
694 124
695 514
695 696
696 650
697 198
697 698
698 18
699 299
699 700
700 338
701 602
701 702
702 673
703 108
703 704
704 384
705 326
705 706
706 427
707 501
707 708
708 364
709 436
709 710
710 302
711 253
711 712
712 377
713 181
713 714
714 12
715 462
715 716
716 814
717 283
717 718
718 544
719 61
719 720
720 290
721 133
721 722
722 804
723 503
723 724
724 269
725 109
725 726
726 620
727 281
727 728
728 378
729 346
729 730
730 268
731 225
731 732
732 157
733 600
733 734
734 770
735 401
735 736
736 63
737 279
737 738
738 366
739 737
739 740
740 627
741 34
741 742
742 780
743 744
743 791
744 254
745 79
745 746
746 651
747 479
747 748
748 578
749 247
749 750
750 288
751 380
751 752
752 764
753 542
753 754
754 118
755 357
755 756
756 461
757 304
757 758
758 350
759 505
759 760
760 95
761 206
761 762
762 242
763 685
763 764
764 439
765 619
765 766
766 633
767 741
767 768
768 275
769 142
769 770
770 190
771 772
771 796
772 548
773 477
773 774
774 41
775 455
775 776
776 285
777 598
777 778
778 408
779 387
779 780
780 644
781 359
781 782
782 398
783 724
783 784
784 614
785 305
785 786
786 680
787 631
787 788
788 23
789 258
789 790
790 236
791 684
791 792
792 172
793 374
793 794
794 486
795 758
795 796
796 571
797 671
797 798
798 348
799 528
799 800
800 296
801 11
801 802
802 569
803 723
803 804
804 663
805 549
805 806
806 266
807 90
807 808
808 330
809 393
809 810
810 714
811 522
811 812
812 794
813 703
813 814
814 474
