0 45
0 607
1 165
1 797
3 265
3 489
4 237
4 715
5 350
6 93
7 519
7 561
9 658
8 465
8 678
10 536
13 285
13 670
15 483
15 732
17 151
17 473
19 381
19 562
21 384
21 582
23 24
23 742
24 200
25 26
25 300
26 269
27 28
27 387
28 80
29 30
29 717
30 129
31 32
31 634
32 576
33 34
33 695
34 484
35 36
35 421
36 101
37 38
37 278
38 500
39 40
39 625
40 595
41 42
41 557
42 552
43 44
43 141
44 578
45 46
45 321
46 352
47 48
47 373
48 788
49 50
49 257
50 684
51 52
51 139
52 511
53 54
53 105
54 740
55 56
55 526
56 406
57 58
57 605
58 456
59 60
59 181
60 666
61 62
61 82
62 780
63 64
63 341
64 690
65 66
65 459
66 314
67 68
67 450
68 408
69 70
69 657
70 796
71 72
71 221
72 291
73 74
73 598
74 275
75 76
75 514
76 781
77 78
77 756
78 718
79 80
79 803
80 426
81 82
81 435
82 566
83 84
83 180
84 193
85 86
85 682
86 745
87 28
87 88
88 482
89 86
89 90
90 133
91 92
91 371
92 246
93 87
93 94
94 183
95 96
95 210
96 593
97 98
97 501
98 407
99 100
99 521
100 810
101 102
101 697
102 252
103 104
103 515
104 529
105 106
105 340
106 621
107 108
107 507
108 453
109 7
109 110
110 659
111 112
111 167
112 89
113 114
113 130
114 783
115 116
115 268
116 626
117 118
117 616
118 344
119 120
119 499
120 589
121 122
121 522
122 363
123 124
123 388
124 128
125 126
125 793
126 641
127 128
127 349
128 606
129 130
129 145
130 160
131 5
131 132
132 372
133 134
133 643
134 225
135 136
135 624
136 354
137 138
137 191
138 544
139 140
139 391
140 39
141 142
141 480
142 67
143 144
143 362
144 307
145 146
145 644
146 212
147 148
147 441
148 710
149 150
149 725
150 736
151 152
151 286
152 40
153 154
153 433
154 124
155 57
155 156
156 94
157 158
157 774
158 224
159 108
159 160
160 539
161 162
161 403
162 567
163 3
163 164
164 414
165 166
165 401
166 771
167 168
167 323
168 750
169 170
169 559
170 791
171 172
171 399
172 13
173 174
173 254
174 628
175 176
175 186
176 525
177 178
177 614
178 460
179 48
179 180
180 420
181 182
181 361
182 694
183 184
183 540
184 258
185 186
185 255
186 90
187 188
187 446
188 184
189 190
189 761
190 773
191 38
191 192
192 32
193 194
193 661
194 648
195 196
195 689
196 467
197 198
197 303
198 366
199 200
199 814
200 698
201 202
201 757
202 305
203 204
203 671
204 279
205 206
205 504
206 50
207 208
207 813
208 338
209 210
209 727
210 631
211 212
211 792
212 226
213 214
213 611
214 523
215 216
215 296
216 342
217 218
217 378
218 488
219 201
219 220
220 427
221 222
221 389
222 492
223 224
223 588
224 635
225 226
225 416
226 738
227 15
227 228
228 146
229 211
229 230
230 691
231 207
231 232
232 422
233 234
233 808
234 636
235 43
235 236
236 398
237 140
237 238
238 703
239 240
239 733
240 174
241 242
241 289
242 400
243 203
243 244
244 719
245 122
245 246
246 177
247 248
247 693
248 20
249 112
249 250
250 299
251 252
251 784
252 512
253 10
253 254
254 652
255 256
255 564
256 721
257 258
257 541
258 216
259 260
259 646
260 208
261 262
261 461
262 256
263 204
263 264
264 714
265 171
265 266
266 430
267 268
267 798
268 376
269 270
269 551
270 649
271 272
271 313
272 6
273 274
273 322
274 75
275 194
275 276
276 310
277 91
277 278
278 776
279 280
279 583
280 113
281 282
281 753
282 12
283 31
283 284
284 782
285 205
285 286
286 600
287 288
287 702
288 610
289 290
289 741
290 358
291 46
291 292
292 11
293 227
293 294
294 95
295 282
295 296
296 668
297 298
297 318
298 502
299 300
299 802
300 312
301 123
301 302
302 144
303 195
303 304
304 577
305 215
305 306
306 677
307 308
307 716
308 276
309 251
309 310
310 466
311 312
311 675
312 150
313 111
313 314
314 404
315 316
315 546
316 284
317 318
317 334
318 386
319 41
319 320
320 464
321 71
321 322
322 29
323 324
323 517
324 418
325 326
325 660
326 329
327 328
327 475
328 270
329 330
329 768
330 24
331 332
331 565
332 6
333 334
333 491
334 532
335 189
335 336
336 170
337 338
337 667
338 72
339 340
339 509
340 651
341 135
341 342
342 458
343 344
343 493
344 9
345 346
345 468
346 679
347 348
347 801
348 116
349 70
349 350
350 311
351 352
351 755
352 114
353 354
353 619
354 247
355 17
355 356
356 36
357 253
357 358
358 688
359 348
359 360
360 88
361 362
361 615
362 417
363 364
363 405
364 317
365 366
365 431
366 687
367 364
367 368
368 665
369 370
369 639
370 424
371 262
371 372
372 724
373 239
373 374
374 52
375 376
375 763
376 775
377 83
377 378
378 97
379 380
379 495
380 772
381 234
381 382
382 534
383 188
383 384
384 436
385 386
385 602
386 154
387 388
387 655
388 497
389 390
389 542
390 192
391 147
391 392
392 374
393 394
393 429
394 153
395 396
395 591
396 23
397 398
397 470
398 56
399 400
399 739
400 30
401 109
401 402
402 62
403 293
403 404
404 476
405 397
405 406
406 308
407 408
407 749
408 548
409 357
409 410
410 18
411 8
411 412
412 2
413 414
413 701
414 199
415 416
415 592
416 9
417 418
417 496
418 125
419 159
419 420
420 355
421 422
421 554
422 627
423 424
423 765
424 394
425 426
425 553
426 786
427 324
427 428
428 228
429 430
429 734
430 432
431 432
431 686
432 223
433 162
433 434
434 558
435 436
435 711
436 471
437 232
437 438
438 419
439 440
439 518
440 442
441 442
441 451
442 748
443 444
443 569
444 81
445 63
445 446
446 613
447 448
447 709
448 790
449 450
449 726
450 674
451 35
451 452
452 4
453 454
453 633
454 807
455 456
455 490
456 747
457 368
457 458
458 662
459 460
459 549
460 164
461 462
461 545
462 447
463 301
463 464
464 396
465 85
465 466
466 222
467 287
467 468
468 767
469 119
469 470
470 155
471 359
471 472
472 78
473 345
473 474
474 272
475 437
475 476
476 581
477 478
477 537
478 580
479 438
479 480
480 494
481 99
481 482
482 428
483 445
483 484
484 190
485 486
485 713
486 573
487 283
487 488
488 486
489 217
489 490
490 799
491 339
491 492
492 676
493 494
493 645
494 64
495 496
495 599
496 26
497 498
497 685
498 568
499 413
499 500
500 271
501 197
501 502
502 751
503 54
503 504
504 638
505 196
505 506
506 762
507 69
507 508
508 385
509 510
509 603
510 297
511 351
511 512
512 236
513 514
513 528
514 704
515 505
515 516
516 735
517 395
517 518
518 173
519 107
519 520
520 380
521 522
521 787
522 758
523 524
523 653
524 457
525 526
525 527
526 218
527 375
527 528
528 277
529 53
529 530
530 640
531 532
531 729
532 524
533 534
533 637
534 260
535 536
535 795
536 510
537 120
537 538
538 242
539 274
539 540
540 292
541 185
541 542
542 149
543 479
543 544
544 498
545 98
545 546
546 811
547 390
547 548
548 752
549 267
549 550
550 478
551 552
551 804
552 513
553 163
553 554
554 455
555 556
555 584
556 705
557 558
557 744
558 760
559 333
559 560
560 241
561 562
561 585
562 423
563 485
563 564
564 663
565 469
565 566
566 290
567 568
567 654
568 76
569 231
569 570
570 516
571 261
571 572
572 746
573 574
573 629
574 316
575 25
575 576
576 696
577 179
577 578
578 622
579 580
579 806
580 100
581 281
581 582
582 766
583 47
583 584
584 410
585 377
585 586
586 596
587 172
587 588
588 712
589 288
589 590
590 440
591 454
591 592
592 434
593 590
593 594
594 328
595 302
595 596
596 156
597 598
597 769
598 214
599 600
599 604
600 572
601 51
601 602
602 65
603 601
603 604
604 304
605 336
605 606
606 295
607 425
607 608
608 356
609 110
609 610
610 115
611 166
611 612
612 42
613 337
613 614
614 294
615 616
615 731
616 213
617 332
617 618
618 61
619 620
619 785
620 187
621 449
621 622
622 233
623 49
623 624
624 369
625 612
625 626
626 206
627 563
627 628
628 474
629 587
629 630
630 632
631 608
631 632
632 506
633 634
633 681
634 230
635 320
635 636
636 472
637 638
637 669
638 19
639 263
639 640
640 409
641 642
641 730
642 280
643 575
643 644
644 96
645 560
645 646
646 273
647 555
647 648
648 383
649 618
649 650
650 722
651 79
651 652
652 520
653 249
653 654
654 700
655 1
655 656
656 138
657 161
657 658
658 330
659 365
659 660
660 647
661 245
661 662
662 309
663 533
663 664
664 630
665 412
665 666
666 777
667 668
667 723
668 126
669 670
669 759
670 264
671 672
671 737
672 202
673 136
673 674
674 240
675 168
675 676
676 132
677 481
677 678
678 531
679 680
679 754
680 574
681 609
681 682
682 175
683 684
683 706
684 360
685 571
685 686
686 37
687 444
687 688
688 650
689 331
689 690
690 620
691 692
691 743
692 556
693 220
693 694
694 656
695 104
695 696
696 157
697 266
697 698
698 21
699 353
699 700
700 10
701 306
701 702
702 327
703 92
703 704
704 68
705 142
705 706
706 148
707 33
707 708
708 570
709 508
709 710
710 393
711 5
711 712
712 617
713 543
713 714
714 415
715 716
715 720
716 250
717 229
717 718
718 680
719 535
719 720
720 809
721 77
721 722
722 182
723 452
723 724
724 764
725 219
725 726
726 503
727 121
727 728
728 812
729 34
729 730
730 134
731 243
731 732
732 209
733 335
733 734
734 547
735 597
735 736
736 477
737 27
737 738
738 60
739 623
739 740
740 176
741 235
741 742
742 550
743 58
743 744
744 325
745 343
745 746
746 579
747 55
747 748
748 326
749 443
749 750
750 84
751 238
751 752
752 118
753 106
753 754
754 800
755 411
755 756
756 794
757 59
757 758
758 103
759 131
759 760
760 346
761 244
761 762
762 178
763 143
763 764
764 315
765 683
765 766
766 448
767 487
767 768
768 642
769 370
769 770
770 16
771 462
771 772
772 44
773 708
773 774
774 530
775 538
775 776
776 382
777 22
777 778
778 248
779 298
779 780
780 14
781 74
781 782
782 728
783 594
783 784
784 102
785 392
785 786
786 664
787 127
787 788
788 805
789 158
789 790
790 586
791 259
791 792
792 347
793 198
793 794
794 439
795 699
795 796
796 169
797 672
797 798
798 137
799 463
799 800
800 402
801 692
801 802
802 789
803 73
803 804
804 673
805 707
805 806
806 319
807 379
807 808
808 779
809 66
809 810
810 367
811 770
811 812
812 778
813 117
813 814
814 152
