0 473
0 797
2 179
2 335
3 228
3 689
5 543
4 55
4 410
6 614
9 49
9 139
10 607
10 773
12 659
11 411
13 241
13 421
15 352
15 639
17 376
17 654
19 408
19 444
21 161
21 252
23 24
23 548
24 744
25 26
25 407
26 199
27 11
27 28
28 282
29 30
29 603
30 136
31 32
31 99
32 314
33 34
33 176
34 419
35 36
35 810
36 67
37 38
37 680
38 198
39 40
39 516
40 627
41 42
41 395
42 426
43 44
43 265
44 606
45 46
45 474
46 370
47 48
47 535
48 174
49 50
49 441
50 6
51 52
51 798
52 724
53 54
53 527
54 326
55 56
55 386
56 741
57 58
57 224
58 126
59 60
59 355
60 37
61 62
61 367
62 66
63 64
63 669
64 591
65 66
65 677
66 512
67 68
67 587
68 398
69 70
69 283
70 762
71 72
71 81
72 7
73 12
73 74
74 401
75 41
75 76
76 438
77 78
77 597
78 748
79 80
79 700
80 454
81 82
81 789
82 91
83 84
83 529
84 675
85 86
85 132
86 216
87 88
87 172
88 430
89 90
89 479
90 578
91 92
91 530
92 502
93 94
93 451
94 146
95 96
95 586
96 258
97 98
97 106
98 384
99 100
99 777
100 483
101 102
101 289
102 534
103 104
103 303
104 778
105 94
105 106
106 160
107 108
107 571
108 44
109 83
109 110
110 612
111 38
111 112
112 346
113 114
113 225
114 615
115 116
115 701
116 294
117 118
117 764
118 165
119 120
119 599
120 292
121 122
121 557
122 488
123 124
123 542
124 768
125 126
125 679
126 116
127 128
127 630
128 260
129 130
129 437
130 12
131 132
131 505
132 409
133 86
133 134
134 184
135 136
135 698
136 779
137 138
137 697
138 609
139 140
139 311
140 208
141 10
141 142
142 379
143 144
143 263
144 390
145 146
145 725
146 133
147 148
147 723
148 752
149 150
149 433
150 400
151 107
151 152
152 525
153 154
153 621
154 298
155 156
155 661
156 362
157 23
157 158
158 422
159 141
159 160
160 636
161 162
161 707
162 450
163 109
163 164
164 381
165 166
165 392
166 119
167 168
167 202
168 4
169 170
169 217
170 552
171 172
171 301
172 745
173 174
173 273
174 628
175 176
175 704
176 471
177 178
177 324
178 90
179 180
179 341
180 212
181 182
181 308
182 459
183 184
183 380
184 478
185 186
185 243
186 681
187 138
187 188
188 270
189 190
189 653
190 510
191 192
191 377
192 794
193 194
193 751
194 221
195 3
195 196
196 56
197 198
197 231
198 786
199 5
199 200
200 550
201 202
201 350
202 325
203 127
203 204
204 385
205 206
205 509
206 316
207 208
207 481
208 604
209 210
209 498
210 356
211 22
211 212
212 402
213 214
213 287
214 105
215 216
215 358
216 806
217 25
217 218
218 182
219 193
219 220
220 383
221 222
221 645
222 485
223 224
223 299
224 633
225 226
225 780
226 330
227 228
227 406
228 244
229 230
229 302
230 596
231 232
231 585
232 618
233 234
233 418
234 735
235 236
235 572
236 782
237 143
237 238
238 102
239 240
239 399
240 445
241 114
241 242
242 561
243 177
243 244
244 465
245 101
245 246
246 307
247 248
247 674
248 650
249 181
249 250
250 742
251 159
251 252
252 75
253 254
253 800
254 156
255 256
255 541
256 277
257 258
257 333
258 206
259 260
259 785
260 348
261 262
261 563
262 347
263 63
263 264
264 194
265 27
265 266
266 344
267 79
267 268
268 18
269 270
269 448
270 754
271 207
271 272
272 183
273 274
273 767
274 812
275 276
275 804
276 439
277 278
277 511
278 814
279 280
279 617
280 461
281 103
281 282
282 796
283 125
283 284
284 52
285 286
285 389
286 566
287 288
287 791
288 728
289 239
289 290
290 521
291 292
291 315
292 600
293 294
293 537
294 788
295 296
295 641
296 490
297 298
297 772
298 546
299 300
299 759
300 562
301 169
301 302
302 491
303 304
303 665
304 702
305 306
305 554
306 144
307 76
307 308
308 714
309 310
309 750
310 813
311 53
311 312
312 642
313 257
313 314
314 329
315 316
315 605
316 200
317 318
317 405
318 568
319 148
319 320
320 480
321 186
321 322
322 92
323 123
323 324
324 647
325 24
325 326
326 230
327 328
327 393
328 522
329 17
329 330
330 540
331 332
331 507
332 558
333 334
333 455
334 520
335 153
335 336
336 756
337 338
337 442
338 190
339 340
339 731
340 34
341 342
341 805
342 623
343 344
343 616
344 774
345 346
345 414
346 78
347 348
347 760
348 306
349 350
349 734
350 187
351 166
351 352
352 388
353 354
353 766
354 494
355 356
355 368
356 336
357 358
357 545
358 710
359 360
359 524
360 514
361 135
361 362
362 590
363 364
363 372
364 611
365 366
365 765
366 229
367 131
367 368
368 464
369 370
369 634
370 73
371 39
371 372
372 427
373 204
373 374
374 343
375 376
375 683
376 195
377 378
377 531
378 506
379 118
379 380
380 775
381 382
381 387
382 429
383 384
383 547
384 746
385 386
385 619
386 560
387 256
387 388
388 312
389 390
389 753
390 286
391 392
391 569
392 232
393 394
393 672
394 504
395 197
395 396
396 253
397 111
397 398
398 108
399 400
399 685
400 334
401 402
401 687
402 644
403 60
403 404
404 48
405 297
405 406
406 662
407 408
407 549
408 357
409 410
409 584
410 622
411 412
411 807
412 649
413 414
413 711
414 88
415 167
415 416
416 291
417 418
417 695
418 14
419 285
419 420
420 46
421 145
421 422
422 227
423 185
423 424
424 318
425 426
425 682
426 648
427 219
427 428
428 82
429 373
429 430
430 501
431 70
431 432
432 338
433 163
433 434
434 664
435 279
435 436
436 588
437 438
437 593
438 43
439 440
439 755
440 254
441 255
441 442
442 149
443 444
443 533
444 188
445 192
445 446
446 802
447 448
447 517
448 678
449 61
449 450
450 247
451 452
451 487
452 369
453 454
453 729
454 443
455 251
455 456
456 536
457 458
457 803
458 709
459 460
459 692
460 189
461 259
461 462
462 213
463 464
463 476
464 64
465 382
465 466
466 278
467 468
467 795
468 152
469 271
469 470
470 416
471 472
471 808
472 556
473 261
473 474
474 274
475 476
475 503
476 598
477 191
477 478
478 180
479 173
479 480
480 722
481 361
481 482
482 205
483 484
483 538
484 5
485 486
485 670
486 304
487 89
487 488
488 781
489 74
489 490
490 718
491 492
491 771
492 425
493 8
493 494
494 250
495 458
495 496
496 353
497 462
497 498
498 738
499 140
499 500
500 532
501 209
501 502
502 403
503 504
503 564
504 790
505 506
505 515
506 595
507 171
507 508
508 238
509 510
509 631
510 120
511 512
511 686
512 730
513 514
513 626
514 655
515 323
515 516
516 793
517 518
517 589
518 500
519 520
519 811
520 35
521 522
521 684
522 54
523 147
523 524
524 15
525 97
525 526
526 210
527 151
527 528
528 272
529 366
529 530
530 712
531 423
531 532
532 620
533 130
533 534
534 28
535 536
535 635
536 19
537 538
537 657
538 364
539 540
539 608
540 582
541 542
541 761
542 391
543 58
543 544
544 134
545 374
545 546
546 269
547 548
547 691
548 713
549 413
549 550
550 275
551 420
551 552
552 2
553 293
553 554
554 51
555 310
555 556
556 320
557 332
557 558
558 492
559 142
559 560
560 486
561 266
561 562
562 656
563 449
563 564
564 696
565 553
565 566
566 394
567 365
567 568
568 284
569 77
569 570
570 175
571 475
571 572
572 551
573 59
573 574
574 436
575 576
575 720
576 215
577 267
577 578
578 47
579 222
579 580
580 85
581 32
581 582
582 624
583 121
583 584
584 242
585 586
585 758
586 470
587 588
587 787
588 717
589 590
589 783
590 20
591 581
591 592
592 658
593 233
593 594
594 637
595 354
595 596
596 98
597 305
597 598
598 223
599 375
599 600
600 404
601 447
601 602
602 570
603 604
603 719
604 809
605 456
605 606
606 50
607 608
607 671
608 594
609 610
609 706
610 236
611 280
611 612
612 703
613 84
613 614
614 493
615 164
615 616
616 694
617 618
617 749
618 743
619 620
619 708
620 168
621 622
621 666
622 6
623 300
623 624
624 378
625 519
625 626
626 495
627 214
627 628
628 466
629 327
629 630
630 317
631 632
631 733
632 122
633 539
633 634
634 80
635 201
635 636
636 226
637 36
637 638
638 360
639 573
639 640
640 62
641 642
641 763
642 412
643 21
643 644
644 328
645 469
645 646
646 13
647 567
647 648
648 218
649 650
649 660
650 432
651 117
651 652
652 340
653 446
653 654
654 268
655 319
655 656
656 496
657 9
657 658
658 154
659 660
659 705
660 602
661 662
661 757
662 652
663 203
663 664
664 776
665 651
665 666
666 397
667 668
667 770
668 472
669 313
669 670
670 583
671 672
671 721
672 351
673 453
673 674
674 11
675 463
675 676
676 646
677 678
677 799
678 690
679 240
679 680
680 576
681 457
681 682
682 113
683 684
683 737
684 508
685 686
685 693
686 129
687 667
687 688
688 16
689 434
689 690
690 276
691 245
691 692
692 349
693 629
693 694
694 42
695 565
695 696
696 625
697 559
697 698
698 747
699 435
699 700
700 235
701 155
701 702
702 484
703 523
703 704
704 424
705 632
705 706
706 345
707 708
707 715
708 95
709 579
709 710
710 638
711 31
711 712
712 601
713 482
713 714
714 359
715 699
715 716
716 452
717 248
717 718
718 211
719 93
719 720
720 162
721 722
721 739
722 526
723 724
723 732
724 688
725 513
725 726
726 26
727 417
727 728
728 555
729 322
729 730
730 610
731 237
731 732
732 57
733 575
733 734
734 440
735 592
735 736
736 262
737 663
737 738
738 740
739 29
739 740
740 96
741 288
741 742
742 574
743 295
743 744
744 40
745 246
745 746
746 640
747 100
747 748
748 72
749 337
749 750
750 178
751 137
751 752
752 580
753 716
753 754
754 68
755 290
755 756
756 544
757 643
757 758
758 371
759 264
759 760
760 196
761 331
761 762
762 249
763 321
763 764
764 87
765 339
765 766
766 736
767 363
767 768
768 673
769 65
769 770
770 726
771 33
771 772
772 676
773 769
773 774
774 792
775 220
775 776
776 415
777 71
777 778
778 30
779 499
779 780
780 45
781 170
781 782
782 1
783 157
783 784
784 431
785 497
785 786
786 489
787 577
787 788
788 112
789 110
789 790
790 460
791 396
791 792
792 296
793 104
793 794
794 158
795 69
795 796
796 342
797 727
797 798
798 115
799 613
799 800
800 281
801 234
801 802
802 468
803 528
803 804
804 801
805 784
805 806
806 518
807 150
807 808
808 309
809 124
809 810
810 467
811 477
811 812
812 428
813 128
813 814
814 668
