0 1
0 449
2 39
2 671
3 86
3 129
4 473
4 530
5 458
6 74
8 90
8 722
9 622
9 688
10 127
10 701
11 50
12 455
15 64
15 229
17 284
17 328
19 120
19 334
21 494
21 638
23 24
23 408
24 508
25 26
25 265
26 636
27 28
27 731
28 11
29 30
29 527
30 333
31 25
31 32
32 66
33 34
33 517
34 425
35 36
35 811
36 115
37 38
37 257
38 450
39 40
39 617
40 536
41 42
41 165
42 203
43 18
43 44
44 216
45 46
45 134
46 124
47 48
47 356
48 502
49 50
49 164
50 772
51 52
51 748
52 668
53 54
53 463
54 336
55 56
55 747
56 597
57 58
57 313
58 420
59 56
59 60
60 350
61 62
61 322
62 495
63 64
63 170
64 790
65 66
65 375
66 319
67 68
67 783
68 379
69 70
69 259
70 513
71 72
71 85
72 94
73 74
73 145
74 252
75 76
75 467
76 606
77 78
77 135
78 367
79 80
79 705
80 561
81 82
81 413
82 490
83 84
83 531
84 169
85 86
85 757
86 362
87 88
87 393
88 541
89 90
89 698
90 385
91 92
91 765
92 268
93 94
93 777
94 694
95 81
95 96
96 614
97 98
97 289
98 42
99 100
99 103
100 324
101 8
101 102
102 796
103 104
103 481
104 725
105 106
105 364
106 222
107 108
107 443
108 807
109 110
109 549
110 14
111 112
111 761
112 151
113 114
113 326
114 44
115 116
115 416
116 240
117 118
117 579
118 535
119 120
119 471
120 808
121 122
121 814
122 414
123 124
123 686
124 562
125 126
125 472
126 758
127 26
127 128
128 608
129 130
129 191
130 524
131 132
131 633
132 602
133 134
133 487
134 223
135 136
135 578
136 154
137 138
137 723
138 488
139 140
139 302
140 437
141 142
141 803
142 676
143 144
143 179
144 122
145 146
145 801
146 538
147 148
147 603
148 543
149 150
149 263
150 559
151 152
151 274
152 242
153 154
153 749
154 358
155 156
155 323
156 766
157 158
157 630
158 372
159 160
159 697
160 345
161 153
161 162
162 685
163 164
163 545
164 288
165 166
165 710
166 388
167 168
167 217
168 431
169 170
169 673
170 209
171 172
171 551
172 6
173 174
173 539
174 558
175 176
175 793
176 485
177 178
177 523
178 648
179 137
179 180
180 142
181 182
181 387
182 128
183 184
183 785
184 567
185 186
185 750
186 632
187 172
187 188
188 248
189 71
189 190
190 503
191 192
191 745
192 700
193 59
193 194
194 376
195 196
195 307
196 366
197 198
197 598
198 460
199 200
199 411
200 292
201 202
201 719
202 146
203 43
203 204
204 7
205 206
205 236
206 196
207 208
207 300
208 498
209 210
209 681
210 442
211 212
211 231
212 787
213 214
213 247
214 610
215 216
215 354
216 106
217 184
217 218
218 344
219 220
219 297
220 54
221 87
221 222
222 200
223 224
223 355
224 604
225 226
225 651
226 422
227 228
227 493
228 9
229 230
229 264
230 512
231 77
231 232
232 712
233 234
233 273
234 29
235 75
235 236
236 744
237 11
237 238
238 540
239 35
239 240
240 707
241 242
241 271
242 446
243 31
243 244
244 794
245 189
245 246
246 655
247 248
247 714
248 338
249 250
249 564
250 649
251 33
251 252
252 601
253 254
253 641
254 593
255 256
255 581
256 348
257 140
257 258
258 206
259 260
259 713
260 194
261 262
261 680
262 812
263 264
263 658
264 132
265 177
265 266
266 505
267 268
267 571
268 98
269 270
269 373
270 466
271 80
271 272
272 283
273 274
273 378
274 174
275 276
275 409
276 663
277 278
277 286
278 16
279 251
279 280
280 352
281 282
281 403
282 764
283 61
283 284
284 516
285 286
285 486
286 40
287 68
287 288
288 12
289 290
289 314
290 804
291 292
291 800
292 48
293 294
293 621
294 149
295 171
295 296
296 664
297 298
297 418
298 492
299 300
299 730
300 351
301 302
301 391
302 183
303 304
303 475
304 12
305 306
305 340
306 220
307 308
307 365
308 619
309 287
309 310
310 360
311 102
311 312
312 518
313 314
313 509
314 600
315 316
315 510
316 684
317 318
317 339
318 369
319 320
319 690
320 150
321 322
321 525
322 607
323 53
323 324
324 675
325 326
325 566
326 769
327 328
327 635
328 47
329 82
329 330
330 692
331 332
331 623
332 70
333 334
333 660
334 296
335 336
335 702
336 285
337 338
337 405
338 215
339 27
339 340
340 667
341 342
341 457
342 260
343 21
343 344
344 374
345 346
345 563
346 232
347 32
347 348
348 708
349 190
349 350
350 19
351 119
351 352
352 202
353 354
353 574
354 92
355 325
355 356
356 396
357 89
357 358
358 230
359 79
359 360
360 327
361 362
361 737
362 238
363 364
363 759
364 245
365 121
365 366
366 770
367 368
367 739
368 218
369 370
369 407
370 46
371 279
371 372
372 282
373 123
373 374
374 682
375 376
375 433
376 246
377 378
377 669
378 489
379 380
379 587
380 37
381 332
381 382
382 114
383 2
383 384
384 740
385 386
385 447
386 491
387 388
387 548
388 110
389 390
389 402
390 210
391 317
391 392
392 318
393 266
393 394
394 312
395 396
395 591
396 544
397 398
397 406
398 272
399 400
399 573
400 192
401 243
401 402
402 118
403 404
403 577
404 228
405 211
405 406
406 399
407 143
407 408
408 15
409 410
409 689
410 417
411 412
411 477
412 353
413 156
413 414
414 148
415 416
415 611
416 691
417 418
417 468
418 112
419 108
419 420
420 798
421 233
421 422
422 157
423 424
423 629
424 546
425 304
425 426
426 695
427 310
427 428
428 628
429 55
429 430
430 424
431 384
431 432
432 496
433 173
433 434
434 306
435 436
435 625
436 316
437 207
437 438
438 185
439 107
439 440
440 38
441 254
441 442
442 504
443 444
443 813
444 555
445 446
445 726
446 188
447 448
447 751
448 724
449 401
449 450
450 34
451 452
451 586
452 432
453 454
453 678
454 480
455 456
455 637
456 180
457 458
457 582
458 186
459 212
459 460
460 258
461 111
461 462
462 415
463 321
463 464
464 735
465 253
465 466
466 28
467 468
467 553
468 583
469 363
469 470
470 213
471 41
471 472
472 479
473 331
473 474
474 436
475 451
475 476
476 752
477 95
477 478
478 743
479 434
479 480
480 640
481 482
481 729
482 429
483 235
483 484
484 727
485 361
485 486
486 703
487 488
487 506
488 771
489 490
489 585
490 330
491 193
491 492
492 594
493 141
493 494
494 390
495 182
495 496
496 58
497 498
497 556
498 452
499 500
499 647
500 542
501 502
501 592
502 298
503 267
503 504
504 278
505 461
505 506
506 160
507 508
507 774
508 428
509 91
509 510
510 575
511 512
511 775
512 650
513 199
513 514
514 308
515 516
515 677
516 144
517 227
517 518
518 532
519 109
519 520
520 397
521 421
521 522
522 60
523 524
523 643
524 584
525 78
525 526
526 371
527 412
527 528
528 52
529 530
529 780
530 305
531 532
531 533
532 736
533 519
533 534
534 453
535 536
535 557
536 62
537 299
537 538
538 459
539 540
539 767
540 616
541 17
541 542
542 572
543 544
543 670
544 290
545 529
545 546
546 595
547 67
547 548
548 57
549 389
549 550
550 810
551 315
551 552
552 101
553 499
553 554
554 244
555 501
555 556
556 784
557 155
557 558
558 10
559 560
559 789
560 204
561 430
561 562
562 256
563 249
563 564
564 195
565 295
565 566
566 791
567 568
567 755
568 178
569 570
569 709
570 176
571 572
571 609
572 754
573 349
573 574
574 792
575 576
575 732
576 370
577 69
577 578
578 83
579 357
579 580
580 343
581 576
581 582
582 237
583 511
583 584
584 514
585 586
585 773
586 181
587 588
587 645
588 187
589 281
589 590
590 72
591 139
591 592
592 612
593 438
593 594
594 5
595 113
595 596
596 665
597 590
597 598
598 400
599 600
599 799
600 588
601 552
601 602
602 733
603 359
603 604
604 528
605 521
605 606
606 225
607 335
607 608
608 5
609 610
609 639
610 341
611 250
611 612
612 63
613 175
613 614
614 224
615 478
615 616
616 277
617 133
617 618
618 166
619 347
619 620
620 683
621 622
621 693
622 763
623 380
623 624
624 706
625 293
625 626
626 613
627 410
627 628
628 500
629 565
629 630
630 456
631 419
631 632
632 497
633 634
633 718
634 618
635 627
635 636
636 138
637 444
637 638
638 720
639 261
639 640
640 346
641 589
641 642
642 711
643 161
643 644
644 715
645 646
645 781
646 96
647 648
647 762
648 423
649 392
649 650
650 88
651 441
651 652
652 214
653 654
653 805
654 778
655 580
655 656
656 158
657 626
657 658
658 484
659 654
659 660
660 696
661 99
661 662
662 226
663 596
663 664
664 394
665 666
665 760
666 398
667 168
667 668
668 368
669 435
669 670
670 280
671 526
671 672
672 24
673 568
673 674
674 786
675 383
675 676
676 656
677 167
677 678
678 522
679 93
679 680
680 386
681 682
681 738
682 208
683 470
683 684
684 320
685 569
685 686
686 797
687 3
687 688
688 201
689 100
689 690
690 631
691 554
691 692
692 782
693 162
693 694
694 615
695 696
695 704
696 534
697 537
697 698
698 716
699 303
699 700
700 440
701 507
701 702
702 270
703 464
703 704
704 30
705 599
705 706
706 198
707 131
707 708
708 311
709 104
709 710
710 679
711 570
711 712
712 205
713 395
713 714
714 746
715 221
715 716
716 445
717 105
717 718
718 742
719 329
719 720
720 768
721 722
721 809
722 476
723 219
723 724
724 662
725 159
725 726
726 337
727 515
727 728
728 125
729 301
729 730
730 469
731 644
731 732
732 721
733 136
733 734
734 624
735 736
735 788
736 454
737 738
737 795
738 234
739 275
739 740
740 51
741 309
741 742
742 269
743 45
743 744
744 802
745 427
745 746
746 728
747 147
747 748
748 255
749 750
749 779
750 65
751 36
751 752
752 116
753 4
753 754
754 666
755 482
755 756
756 49
757 657
757 758
758 776
759 465
759 760
760 672
761 483
761 762
762 439
763 652
763 764
764 22
765 753
765 766
766 6
767 687
767 768
768 448
769 659
769 770
770 550
771 276
771 772
772 13
773 741
773 774
774 520
775 97
775 776
776 560
777 84
777 778
778 756
779 547
779 780
780 653
781 117
781 782
782 197
783 661
783 784
784 426
785 239
785 786
786 291
787 788
787 806
788 674
789 646
789 790
790 634
791 642
791 792
792 23
793 73
793 794
794 404
795 130
795 796
796 382
797 462
797 798
798 20
799 605
799 800
800 152
801 294
801 802
802 262
803 699
803 804
804 620
805 377
805 806
806 734
807 241
807 808
808 474
809 381
809 810
810 342
811 717
811 812
812 126
813 163
813 814
814 76
