0 33
0 475
2 635
2 733
3 437
3 579
5 13
4 313
4 317
6 428
9 499
9 659
10 37
10 450
12 104
11 189
13 291
13 357
15 102
15 246
17 245
17 604
19 220
19 371
21 449
21 515
23 24
23 686
24 726
25 26
25 425
26 271
27 28
27 316
28 630
29 30
29 668
30 572
31 32
31 268
32 717
33 34
33 647
34 219
35 36
35 605
36 77
37 38
37 69
38 336
39 40
39 399
40 152
41 42
41 473
42 49
43 44
43 794
44 774
45 46
45 298
46 584
47 48
47 496
48 266
49 50
49 530
50 58
51 52
51 649
52 522
53 54
53 121
54 290
55 56
55 272
56 205
57 58
57 792
58 646
59 60
59 382
60 724
61 62
61 645
62 422
63 64
63 421
64 760
65 66
65 447
66 754
67 68
67 414
68 468
69 70
69 105
70 107
71 72
71 561
72 488
73 74
73 781
74 706
75 21
75 76
76 528
77 78
77 442
78 314
79 80
79 549
80 517
81 82
81 348
82 566
83 46
83 84
84 732
85 86
85 257
86 796
87 88
87 509
88 696
89 90
89 195
90 439
91 92
91 123
92 330
93 94
93 321
94 516
95 96
95 535
96 92
97 98
97 240
98 478
99 100
99 288
100 360
101 102
101 691
102 808
103 104
103 168
104 719
105 106
105 417
106 202
107 108
107 783
108 518
109 110
109 306
110 300
111 112
111 643
112 752
113 114
113 779
114 746
115 116
115 319
116 720
117 2
117 118
118 534
119 120
119 788
120 12
121 25
121 122
122 415
123 124
123 445
124 133
125 126
125 492
126 198
127 128
127 462
128 589
129 130
129 179
130 527
131 132
131 769
132 83
133 134
133 137
134 683
135 136
135 578
136 68
137 138
137 489
138 762
139 140
139 791
140 709
141 142
141 588
142 545
143 144
143 564
144 486
145 146
145 757
146 188
147 52
147 148
148 114
149 150
149 307
150 704
151 152
151 739
152 236
153 154
153 204
154 394
155 55
155 156
156 648
157 158
157 345
158 284
159 131
159 160
160 285
161 162
161 624
162 484
163 164
163 755
164 441
165 146
165 166
166 329
167 168
167 335
168 155
169 87
169 170
170 136
171 172
171 525
172 368
173 174
173 721
174 748
175 101
175 176
176 295
177 79
177 178
178 626
179 180
179 277
180 273
181 182
181 608
182 7
183 4
183 184
184 31
185 186
185 671
186 227
187 188
187 802
188 408
189 147
189 190
190 344
191 71
191 192
192 446
193 194
193 623
194 154
195 196
195 249
196 474
197 198
197 583
198 452
199 200
199 652
200 536
201 202
201 253
202 32
203 204
203 597
204 56
205 206
205 501
206 612
207 208
207 243
208 682
209 210
209 523
210 736
211 151
211 212
212 594
213 214
213 359
214 14
215 111
215 216
216 558
217 218
217 800
218 761
219 12
219 220
220 50
221 222
221 308
222 292
223 19
223 224
224 651
225 226
225 229
226 338
227 228
227 283
228 397
229 141
229 230
230 30
231 108
231 232
232 343
233 98
233 234
234 34
235 29
235 236
236 426
237 238
237 595
238 627
239 240
239 403
240 159
241 109
241 242
242 62
243 70
243 244
244 260
245 233
245 246
246 82
247 244
247 248
248 256
249 164
249 250
250 677
251 39
251 252
252 367
253 254
253 379
254 311
255 174
255 256
256 407
257 258
257 656
258 27
259 260
259 477
260 61
261 262
261 297
262 685
263 264
263 701
264 660
265 209
265 266
266 326
267 234
267 268
268 16
269 270
269 636
270 767
271 272
271 735
272 282
273 274
273 729
274 601
275 176
275 276
276 569
277 259
277 278
278 750
279 280
279 785
280 18
281 282
281 634
282 88
283 284
283 621
284 322
285 286
285 483
286 512
287 36
287 288
288 768
289 290
289 551
290 466
291 292
291 376
292 224
293 197
293 294
294 772
295 296
295 400
296 560
297 139
297 298
298 568
299 178
299 300
300 76
301 302
301 465
302 740
303 206
303 304
304 435
305 306
305 365
306 798
307 267
307 308
308 432
309 310
309 355
310 185
311 312
311 600
312 208
313 314
313 438
314 106
315 316
315 533
316 255
317 264
317 318
318 510
319 320
319 744
320 538
321 322
321 463
322 193
323 214
323 324
324 8
325 326
325 728
326 122
327 328
327 423
328 806
329 11
329 330
330 650
331 332
331 620
332 708
333 334
333 638
334 346
335 293
335 336
336 110
337 338
337 350
338 38
339 119
339 340
340 500
341 5
341 342
342 100
343 73
343 344
344 714
345 346
345 653
346 349
347 177
347 348
348 35
349 350
349 590
350 718
351 223
351 352
352 775
353 354
353 751
354 366
355 356
355 787
356 75
357 320
357 358
358 324
359 360
359 487
360 698
361 265
361 362
362 654
363 364
363 385
364 323
365 163
365 366
366 548
367 352
367 368
368 6
369 213
369 370
370 672
371 372
371 789
372 482
373 374
373 457
374 766
375 376
375 598
376 15
377 378
377 491
378 303
379 380
379 571
380 248
381 382
381 617
382 727
383 93
383 384
384 658
385 144
385 386
386 362
387 261
387 388
388 124
389 390
389 741
390 289
391 127
391 392
392 580
393 394
393 472
394 582
395 396
395 809
396 448
397 203
397 398
398 374
399 400
399 577
400 497
401 270
401 402
402 337
403 404
403 611
404 524
405 406
405 531
406 216
407 43
407 408
408 64
409 347
409 410
410 710
411 412
411 547
412 675
413 327
413 414
414 404
415 416
415 574
416 286
417 418
417 639
418 454
419 420
419 480
420 172
421 422
421 807
422 476
423 424
423 680
424 221
425 135
425 426
426 406
427 67
427 428
428 716
429 409
429 430
430 275
431 312
431 432
432 364
433 434
433 557
434 797
435 218
435 436
436 86
437 370
437 438
438 505
439 440
439 663
440 302
441 442
441 670
442 103
443 444
443 540
444 592
445 180
445 446
446 773
447 413
447 448
448 242
449 450
449 700
450 41
451 53
451 452
452 504
453 433
453 454
454 420
455 456
455 687
456 723
457 334
457 458
458 814
459 451
459 460
460 776
461 462
461 676
462 166
463 464
463 615
464 118
465 466
465 529
466 705
467 468
467 616
468 162
469 196
469 470
470 363
471 453
471 472
472 763
473 11
473 474
474 45
475 387
475 476
476 182
477 478
477 641
478 391
479 419
479 480
480 655
481 120
481 482
482 692
483 395
483 484
484 226
485 486
485 596
486 384
487 488
487 498
488 183
489 217
489 490
490 40
491 128
491 492
492 148
493 157
493 494
494 230
495 381
495 496
496 380
497 247
497 498
498 210
499 239
499 500
500 661
501 94
501 502
502 250
503 287
503 504
504 770
505 276
505 506
506 304
507 508
507 778
508 456
509 507
509 510
510 54
511 142
511 512
512 556
513 514
513 640
514 458
515 353
515 516
516 65
517 354
517 518
518 470
519 520
519 603
520 742
521 522
521 667
522 784
523 524
523 749
524 546
525 315
525 526
526 340
527 173
527 528
528 418
529 405
529 530
530 514
531 129
531 532
532 565
533 51
533 534
534 72
535 536
535 599
536 758
537 538
537 805
538 294
539 140
539 540
540 228
541 542
541 642
542 593
543 201
543 544
544 299
545 443
545 546
546 199
547 548
547 679
548 410
549 550
549 581
550 662
551 258
551 552
552 187
553 361
553 554
554 393
555 556
555 813
556 606
557 280
557 558
558 610
559 508
559 560
560 57
561 10
561 562
562 502
563 564
563 688
564 434
565 566
565 674
566 730
567 568
567 703
568 734
569 570
569 737
570 759
571 211
571 572
572 60
573 574
573 795
574 550
575 576
575 629
576 6
577 578
577 637
578 279
579 580
579 811
580 74
581 582
581 689
582 115
583 584
583 625
584 693
585 479
585 586
586 42
587 225
587 588
588 539
589 562
589 590
590 138
591 215
591 592
592 192
593 594
593 666
594 764
595 596
595 619
596 622
597 553
597 598
598 494
599 375
599 600
600 803
601 602
601 799
602 333
603 274
603 604
604 555
605 186
605 606
606 576
607 519
607 608
608 573
609 238
609 610
610 713
611 191
611 612
612 609
613 9
613 614
614 156
615 171
615 616
616 455
617 47
617 618
618 328
619 113
619 620
620 697
621 622
621 747
622 143
623 184
623 624
624 160
625 383
625 626
626 722
627 575
627 628
628 694
629 341
629 630
630 678
631 150
631 632
632 812
633 301
633 634
634 125
635 310
635 636
636 80
637 91
637 638
638 17
639 369
639 640
640 485
641 351
641 642
642 544
643 607
643 644
644 339
645 646
645 771
646 20
647 648
647 777
648 200
649 591
649 650
650 436
651 628
651 652
652 782
653 543
653 654
654 222
655 467
655 656
656 665
657 658
657 690
658 756
659 97
659 660
660 521
661 471
661 662
662 22
663 461
663 664
664 358
665 158
665 666
666 810
667 668
667 790
668 541
669 252
669 670
670 63
671 672
671 715
672 412
673 587
673 674
674 134
675 263
675 676
676 695
677 567
677 678
678 780
679 429
679 680
680 377
681 331
681 682
682 552
683 90
683 684
684 241
685 686
685 745
686 440
687 688
687 699
688 66
689 117
689 690
690 116
691 692
691 731
692 664
693 231
693 694
694 170
695 237
695 696
696 614
697 554
697 698
698 296
699 700
699 738
700 3
701 493
701 702
702 490
703 5
703 704
704 618
705 278
705 706
706 684
707 84
707 708
708 212
709 430
709 710
710 153
711 669
711 712
712 332
713 631
713 714
714 402
715 169
715 716
716 342
717 28
717 718
718 112
719 161
719 720
720 392
721 378
721 722
722 181
723 95
723 724
724 765
725 309
725 726
726 586
727 559
727 728
728 711
729 537
729 730
730 165
731 262
731 732
732 503
733 673
733 734
734 23
735 145
735 736
736 743
737 89
737 738
738 495
739 644
739 740
740 281
741 459
741 742
742 681
743 602
743 744
744 513
745 207
745 746
746 126
747 269
747 748
748 1
749 356
749 750
750 657
751 26
751 752
752 786
753 570
753 754
754 431
755 725
755 756
756 416
757 585
757 758
758 24
759 149
759 760
760 396
761 232
761 762
762 398
763 373
763 764
764 386
765 444
765 766
766 753
767 388
767 768
768 44
769 389
769 770
770 506
771 167
771 772
772 632
773 526
773 774
774 542
775 132
775 776
776 712
777 613
777 778
778 81
779 780
779 801
780 563
781 520
781 782
782 48
783 411
783 784
784 235
785 786
785 793
786 99
787 511
787 788
788 464
789 251
789 790
790 254
791 633
791 792
792 372
793 401
793 794
794 78
795 469
795 796
796 427
797 96
797 798
798 460
799 305
799 800
800 481
801 130
801 802
802 194
803 532
803 804
804 318
805 175
805 806
806 390
807 707
807 808
808 85
809 702
809 810
810 804
811 325
811 812
812 424
813 59
813 814
814 190
