0 113
0 303
3 103
3 773
4 385
4 705
6 157
5 445
7 232
7 505
8 106
8 508
10 642
9 598
11 147
11 301
13 415
13 631
15 249
15 300
17 222
17 435
19 141
19 452
21 91
21 707
23 24
23 579
24 220
25 26
25 279
26 718
27 28
27 199
28 346
29 30
29 761
30 461
31 3
31 32
32 266
33 34
33 125
34 616
35 36
35 354
36 666
37 38
37 47
38 34
39 40
39 223
40 353
41 42
41 437
42 722
43 44
43 75
44 800
45 46
45 809
46 422
47 48
47 407
48 728
49 50
49 479
50 84
51 52
51 701
52 69
53 54
53 614
54 208
55 56
55 71
56 633
57 58
57 104
58 286
59 9
59 60
60 343
61 62
61 558
62 428
63 64
63 66
64 679
65 66
65 734
66 406
67 68
67 753
68 696
69 70
69 295
70 133
71 72
71 327
72 680
73 74
73 138
74 409
75 76
75 473
76 277
77 78
77 335
78 214
79 68
79 80
80 810
81 82
81 658
82 270
83 84
83 683
84 150
85 86
85 647
86 146
87 88
87 259
88 671
89 90
89 358
90 618
91 92
91 687
92 326
93 94
93 377
94 180
95 24
95 96
96 770
97 98
97 173
98 531
99 100
99 297
100 167
101 102
101 684
102 542
103 104
103 739
104 267
105 106
105 417
106 9
107 108
107 206
108 89
109 110
109 309
110 50
111 112
111 757
112 316
113 114
113 247
114 65
115 102
115 116
116 269
117 118
117 225
118 171
119 39
119 120
120 556
121 122
121 715
122 238
123 33
123 124
124 210
125 126
125 543
126 475
127 128
127 221
128 791
129 40
129 130
130 448
131 98
131 132
132 262
133 134
133 248
134 657
135 136
135 597
136 759
137 5
137 138
138 794
139 140
139 804
140 95
141 100
141 142
142 516
143 144
143 752
144 697
145 42
145 146
146 368
147 148
147 289
148 527
149 150
149 439
150 719
151 152
151 743
152 224
153 154
153 587
154 245
155 156
155 205
156 370
157 158
157 227
158 129
159 160
159 469
160 570
161 162
161 494
162 736
163 161
163 164
164 131
165 166
165 363
166 663
167 168
167 447
168 535
169 170
169 706
170 285
171 172
171 336
172 386
173 174
173 703
174 194
175 176
175 292
176 1
177 88
177 178
178 756
179 180
179 777
180 90
181 182
181 602
182 786
183 184
183 308
184 788
185 186
185 278
186 82
187 25
187 188
188 418
189 190
189 755
190 648
191 192
191 451
192 635
193 194
193 318
194 364
195 196
195 239
196 251
197 198
197 375
198 457
199 21
199 200
200 73
201 202
201 790
202 183
203 204
203 640
204 378
205 206
205 423
206 371
207 208
207 765
208 412
209 27
209 210
210 237
211 200
211 212
212 762
213 214
213 695
214 384
215 216
215 768
216 758
217 218
217 607
218 32
219 220
219 774
220 293
221 51
221 222
222 145
223 224
223 779
224 321
225 226
225 317
226 178
227 85
227 228
228 322
229 230
229 802
230 600
231 232
231 562
232 323
233 234
233 244
234 28
235 236
235 612
236 134
237 238
237 656
238 304
239 240
239 507
240 374
241 242
241 763
242 539
243 244
243 792
244 673
245 246
245 682
246 660
247 119
247 248
248 659
249 250
249 595
250 112
251 252
251 672
252 692
253 254
253 325
254 114
255 17
255 256
256 711
257 258
257 807
258 184
259 260
259 483
260 394
261 262
261 299
262 274
263 264
263 408
264 478
265 266
265 313
266 188
267 268
267 551
268 143
269 270
269 492
270 528
271 272
271 287
272 310
273 274
273 814
274 592
275 276
275 373
276 230
277 107
277 278
278 674
279 280
279 495
280 644
281 282
281 332
282 732
283 130
283 284
284 26
285 286
285 554
286 526
287 211
287 288
288 622
289 198
289 290
290 555
291 264
291 292
292 550
293 174
293 294
294 427
295 296
295 610
296 190
297 61
297 298
298 347
299 300
299 619
300 361
301 158
301 302
302 356
303 128
303 304
304 302
305 306
305 727
306 16
307 57
307 308
308 49
309 256
309 310
310 735
311 312
311 486
312 582
313 314
313 625
314 196
315 316
315 769
316 185
317 318
317 601
318 691
319 126
319 320
320 726
321 322
321 538
322 604
323 41
323 324
324 38
325 326
325 609
326 488
327 328
327 589
328 576
329 6
329 330
330 605
331 332
331 693
332 634
333 334
333 481
334 776
335 329
335 336
336 667
337 338
337 651
338 181
339 291
339 340
340 186
341 342
341 639
342 517
343 228
343 344
344 281
345 346
345 560
346 62
347 348
347 379
348 324
349 350
349 780
350 685
351 142
351 352
352 676
353 354
353 402
354 421
355 19
355 356
356 500
357 358
357 567
358 714
359 360
359 733
360 472
361 362
361 778
362 236
363 364
363 395
364 426
365 366
365 496
366 192
367 290
367 368
368 362
369 311
369 370
370 563
371 372
371 390
372 282
373 374
373 577
374 628
375 376
375 717
376 391
377 378
377 613
378 132
379 380
379 399
380 268
381 382
381 433
382 115
383 384
383 694
384 738
385 386
385 458
386 702
387 388
387 471
388 260
389 390
389 401
390 215
391 31
391 392
392 764
393 94
393 394
394 686
395 396
395 745
396 649
397 45
397 398
398 350
399 400
399 485
400 382
401 402
401 699
402 127
403 388
403 404
404 783
405 406
405 501
406 637
407 123
407 408
408 23
409 400
409 410
410 284
411 412
411 498
412 462
413 8
413 414
414 312
415 357
415 416
416 552
417 418
417 561
418 503
419 99
419 420
420 252
421 168
421 422
422 372
423 424
423 677
424 624
425 426
425 578
426 96
427 14
427 428
428 342
429 430
429 487
430 730
431 432
431 747
432 331
433 398
433 434
434 156
435 436
435 465
436 724
437 438
437 798
438 46
439 440
439 466
440 585
441 283
441 442
442 723
443 37
443 444
444 10
445 446
445 737
446 296
447 242
447 448
448 166
449 77
449 450
450 414
451 255
451 452
452 83
453 411
453 454
454 116
455 44
455 456
456 668
457 443
457 458
458 135
459 207
459 460
460 441
461 462
461 630
462 599
463 229
463 464
464 446
465 265
465 466
466 623
467 105
467 468
468 700
469 470
469 793
470 760
471 472
471 751
472 621
473 419
473 474
474 101
475 476
475 653
476 431
477 463
477 478
478 253
479 480
479 591
480 742
481 4
481 482
482 559
483 273
483 484
484 784
485 459
485 486
486 530
487 305
487 488
488 233
489 490
489 547
490 646
491 110
491 492
492 404
493 355
493 494
494 524
495 149
495 496
496 627
497 498
497 593
498 643
499 500
499 690
500 444
501 502
501 803
502 520
503 454
503 504
504 36
505 124
505 506
506 533
507 508
507 523
508 519
509 510
509 748
510 58
511 512
511 573
512 344
513 497
513 514
514 499
515 456
515 516
516 438
517 518
517 650
518 81
519 397
519 520
520 491
521 522
521 571
522 754
523 524
523 787
524 572
525 334
525 526
526 276
527 528
527 725
528 240
529 530
529 596
530 502
531 351
531 532
532 10
533 429
533 534
534 796
535 59
535 536
536 216
537 341
537 538
538 137
539 490
539 540
540 176
541 314
541 542
542 716
543 544
543 615
544 521
545 111
545 546
546 54
547 67
547 548
548 564
549 152
549 550
550 319
551 151
551 552
552 2
553 52
553 554
554 670
555 235
555 556
556 548
557 558
557 603
558 209
559 307
559 560
560 474
561 153
561 562
562 380
563 271
563 564
564 766
565 121
565 566
566 806
567 450
567 568
568 664
569 70
569 570
570 568
571 29
571 572
572 712
573 574
573 652
574 392
575 468
575 576
576 204
577 493
577 578
578 163
579 275
579 580
580 470
581 365
581 582
582 434
583 217
583 584
584 713
585 586
585 746
586 22
587 588
587 789
588 164
589 337
589 590
590 425
591 92
591 592
592 698
593 594
593 689
594 608
595 338
595 596
596 565
597 557
597 598
598 594
599 600
599 654
600 812
601 581
601 602
602 460
603 359
603 604
604 246
605 430
605 606
606 78
607 387
607 608
608 122
609 298
609 610
610 638
611 136
611 612
612 30
613 202
613 614
614 369
615 513
615 616
616 139
617 74
617 618
618 632
619 620
619 749
620 87
621 148
621 622
622 606
623 6
623 624
624 182
625 11
625 626
626 781
627 628
627 775
628 160
629 189
629 630
630 509
631 56
631 632
632 12
633 79
633 634
634 108
635 511
635 636
636 280
637 117
637 638
638 140
639 243
639 640
640 367
641 48
641 642
642 540
643 644
643 681
644 532
645 197
645 646
646 187
647 76
647 648
648 626
649 60
649 650
650 504
651 195
651 652
652 383
653 436
653 654
654 655
655 35
655 656
656 234
657 512
657 658
658 522
659 424
659 660
660 720
661 213
661 662
662 740
663 360
663 664
664 675
665 159
665 666
666 80
667 258
667 668
668 416
669 13
669 670
670 366
671 420
671 672
672 393
673 219
673 674
674 514
675 515
675 676
676 636
677 477
677 678
678 484
679 170
679 680
680 704
681 165
681 682
682 348
683 684
683 795
684 250
685 686
685 710
686 169
687 537
687 688
688 440
689 453
689 690
690 534
691 330
691 692
692 381
693 218
693 694
694 569
695 349
695 696
696 584
697 201
697 698
698 212
699 489
699 700
700 179
701 405
701 702
702 272
703 665
703 704
704 432
705 155
705 706
706 345
707 5
707 708
708 772
709 575
709 710
710 669
711 712
711 767
712 294
713 580
713 714
714 306
715 442
715 716
716 536
717 718
717 799
718 172
719 720
719 808
720 86
721 722
721 741
722 611
723 7
723 724
724 750
725 529
725 726
726 288
727 620
727 728
728 193
729 254
729 730
730 64
731 678
731 732
732 352
733 661
733 734
734 506
735 731
735 736
736 546
737 449
737 738
738 617
739 241
739 740
740 688
741 482
741 742
742 811
743 231
743 744
744 18
745 376
745 746
746 782
747 315
747 748
748 455
749 629
749 750
750 93
751 721
751 752
752 328
753 55
753 754
754 120
755 709
755 756
756 154
757 389
757 758
758 574
759 144
759 760
760 226
761 586
761 762
762 20
763 333
763 764
764 396
765 583
765 766
766 588
767 261
767 768
768 813
769 53
769 770
770 72
771 97
771 772
772 476
773 774
773 801
774 413
775 776
775 797
776 544
777 549
777 778
778 464
779 645
779 780
780 545
781 662
781 782
782 641
783 525
783 784
784 480
785 177
785 786
786 320
787 43
787 788
788 744
789 790
789 805
790 118
791 340
791 792
792 553
793 263
793 794
794 403
795 339
795 796
796 203
797 15
797 798
798 175
799 191
799 800
800 410
801 257
801 802
802 109
803 729
803 804
804 590
805 771
805 806
806 510
807 467
807 808
808 785
809 708
809 810
810 566
811 162
811 812
812 518
813 63
813 814
814 541
