0 245
0 691
3 359
3 587
4 325
4 378
5 81
6 151
7 421
7 527
8 67
8 797
9 239
10 565
11 124
11 682
13 133
13 345
15 656
15 759
17 1
17 346
19 516
19 775
21 175
21 443
23 24
23 767
24 343
25 26
25 425
26 389
27 28
27 551
28 669
29 30
29 457
30 32
31 32
31 461
32 28
33 34
33 550
34 128
35 36
35 228
36 139
37 38
37 240
38 354
39 40
39 661
40 35
41 42
41 768
42 782
43 44
43 246
44 577
45 46
45 301
46 546
47 48
47 199
48 765
49 50
49 639
50 88
51 52
51 711
52 349
53 54
53 315
54 317
55 56
55 483
56 683
57 58
57 75
58 230
59 60
59 712
60 520
61 62
61 794
62 180
63 51
63 64
64 214
65 66
65 376
66 90
67 68
67 685
68 631
69 70
69 205
70 366
71 72
71 375
72 734
73 74
73 655
74 720
75 36
75 76
76 700
77 78
77 771
78 281
79 15
79 80
80 710
81 82
81 600
82 570
83 84
83 567
84 318
85 65
85 86
86 620
87 88
87 493
88 580
89 6
89 90
90 776
91 92
91 534
92 215
93 94
93 475
94 427
95 96
95 721
96 155
97 48
97 98
98 557
99 100
99 484
100 574
101 102
101 267
102 456
103 104
103 529
104 730
105 106
105 549
106 723
107 108
107 156
108 438
109 110
109 636
110 108
111 112
111 402
112 204
113 114
113 697
114 412
115 61
115 116
116 809
117 118
117 666
118 595
119 120
119 662
120 86
121 122
121 369
122 722
123 124
123 559
124 701
125 126
125 401
126 786
127 128
127 227
128 330
129 130
129 203
130 22
131 132
131 333
132 118
133 134
133 589
134 25
135 136
135 605
136 519
137 138
137 191
138 630
139 140
139 407
140 166
141 142
141 751
142 93
143 144
143 717
144 298
145 143
145 146
146 285
147 148
147 479
148 798
149 150
149 417
150 777
151 152
151 394
152 300
153 154
153 747
154 779
155 98
155 156
156 37
157 158
157 651
158 601
159 95
159 160
160 741
161 162
161 344
162 176
163 164
163 168
164 503
165 17
165 166
166 446
167 168
167 624
168 368
169 114
169 170
170 20
171 172
171 753
172 374
173 174
173 615
174 665
175 176
175 633
176 404
177 174
177 178
178 464
179 180
179 650
180 326
181 182
181 609
182 792
183 184
183 799
184 320
185 186
185 727
186 681
187 188
187 509
188 424
189 190
189 347
190 686
191 192
191 481
192 806
193 194
193 643
194 236
195 196
195 418
196 42
197 198
197 367
198 45
199 200
199 268
200 224
201 202
201 331
202 789
203 204
203 476
204 352
205 206
205 441
206 432
207 208
207 506
208 714
209 210
209 623
210 477
211 212
211 339
212 238
213 214
213 573
214 145
215 80
215 216
216 312
217 83
217 218
218 103
219 220
219 812
220 234
221 222
221 264
222 480
223 210
223 224
224 310
225 226
225 393
226 4
227 228
227 465
228 262
229 186
229 230
230 324
231 232
231 795
232 373
233 234
233 362
234 338
235 187
235 236
236 802
237 71
237 238
238 58
239 240
239 763
240 448
241 242
241 703
242 530
243 206
243 244
244 292
245 246
245 413
246 590
247 248
247 780
248 221
249 144
249 250
250 732
251 94
251 252
252 248
253 254
253 474
254 733
255 256
255 647
256 718
257 258
257 355
258 70
259 207
259 260
260 659
261 262
261 447
262 657
263 132
263 264
264 715
265 266
265 492
266 220
267 7
267 268
268 673
269 270
269 629
270 258
271 272
271 807
272 728
273 53
273 274
274 621
275 3
275 276
276 814
277 259
277 278
278 726
279 280
279 379
280 120
281 282
281 744
282 303
283 121
283 284
284 737
285 136
285 286
286 694
287 288
287 813
288 119
289 290
289 625
290 263
291 254
291 292
292 255
293 164
293 294
294 684
295 289
295 296
296 116
297 78
297 298
298 449
299 91
299 300
300 672
301 302
301 397
302 618
303 304
303 597
304 436
305 135
305 306
306 273
307 308
307 341
308 632
309 310
309 553
310 2
311 312
311 454
312 211
313 314
313 515
314 350
315 316
315 473
316 73
317 318
317 547
318 532
319 153
319 320
320 194
321 146
321 322
322 184
323 324
323 608
324 748
325 326
325 652
326 360
327 171
327 328
328 628
329 330
329 750
330 582
331 332
331 442
332 784
333 87
333 334
334 429
335 336
335 773
336 280
337 338
337 591
338 138
339 340
339 742
340 800
341 297
341 342
342 257
343 344
343 603
344 504
345 346
345 679
346 544
347 237
347 348
348 579
349 350
349 581
350 523
351 352
351 468
352 110
353 354
353 535
354 616
355 226
355 356
356 696
357 242
357 358
358 16
359 353
359 360
360 525
361 362
361 637
362 433
363 5
363 364
364 674
365 366
365 381
366 82
367 368
367 439
368 31
369 309
369 370
370 62
371 372
371 752
372 502
373 225
373 374
374 384
375 244
375 376
376 501
377 277
377 378
378 512
379 380
379 383
380 253
381 382
381 642
382 60
383 198
383 384
384 251
385 13
385 386
386 122
387 388
387 491
388 584
389 390
389 599
390 648
391 380
391 392
392 602
393 394
393 458
394 201
395 149
395 396
396 41
397 305
397 398
398 11
399 400
399 667
400 102
401 160
401 402
402 676
403 170
403 404
404 430
405 406
405 566
406 154
407 408
407 588
408 556
409 302
409 410
410 182
411 159
411 412
412 564
413 414
413 563
414 6
415 109
415 416
416 50
417 43
417 418
418 398
419 420
419 760
420 99
421 422
421 586
422 272
423 424
423 467
424 131
425 426
425 707
426 316
427 64
427 428
428 332
429 69
429 430
430 382
431 395
431 432
432 265
433 434
433 738
434 266
435 321
435 436
436 66
437 141
437 438
438 444
439 440
439 513
440 123
441 442
441 554
442 470
443 444
443 749
444 364
445 308
445 446
446 736
447 311
447 448
448 286
449 450
449 769
450 610
451 452
451 704
452 434
453 387
453 454
454 488
455 23
455 456
456 612
457 79
457 458
458 638
459 460
459 804
460 416
461 162
461 462
462 57
463 39
463 464
464 538
465 466
465 507
466 299
467 468
467 709
468 692
469 63
469 470
470 450
471 472
471 561
472 689
473 474
473 785
474 77
475 399
475 476
476 787
477 97
477 478
478 451
479 435
479 480
480 18
481 274
481 482
482 592
483 484
483 619
484 645
485 486
485 571
486 250
487 488
487 528
488 181
489 490
489 801
490 340
491 9
491 492
492 487
493 494
493 754
494 695
495 496
495 688
496 510
497 104
497 498
498 460
499 283
499 500
500 764
501 290
501 502
502 12
503 275
503 504
504 112
505 335
505 506
506 518
507 106
507 508
508 500
509 510
509 585
510 304
511 24
511 512
512 545
513 514
513 653
514 284
515 89
515 516
516 428
517 213
517 518
518 761
519 218
519 520
520 314
521 229
521 522
522 614
523 14
523 524
524 200
525 74
525 526
526 323
527 528
527 781
528 607
529 530
529 562
530 810
531 5
531 532
532 497
533 485
533 534
534 406
535 536
535 626
536 568
537 183
537 538
538 92
539 322
539 540
540 358
541 208
541 542
542 392
543 544
543 660
544 770
545 419
545 546
546 698
547 517
547 548
548 508
549 486
549 550
550 217
551 552
551 778
552 482
553 142
553 554
554 386
555 440
555 556
556 522
557 558
557 617
558 270
559 463
559 560
560 613
561 562
561 699
562 724
563 564
563 793
564 68
565 56
565 566
566 163
567 405
567 568
568 521
569 137
569 570
570 212
571 555
571 572
572 167
573 569
573 574
574 252
575 113
575 576
576 336
577 233
577 578
578 147
579 27
579 580
580 496
581 582
581 739
582 222
583 584
583 690
584 524
585 586
585 593
586 287
587 52
587 588
588 542
589 391
589 590
590 288
591 8
591 592
592 196
593 101
593 594
594 30
595 596
595 663
596 713
597 598
597 740
598 19
599 531
599 600
600 126
601 602
601 675
602 34
603 44
603 604
604 410
605 606
605 791
606 772
607 49
607 608
608 708
609 572
609 610
610 668
611 533
611 612
612 575
613 614
613 788
614 140
615 9
615 616
616 576
617 543
617 618
618 658
619 620
619 757
620 72
621 431
621 622
622 678
623 29
623 624
624 426
625 626
625 743
626 291
627 628
627 745
628 148
629 627
629 630
630 716
631 632
631 706
632 107
633 511
633 634
634 598
635 235
635 636
636 127
637 638
637 641
638 489
639 223
639 640
640 664
641 611
641 642
642 129
643 209
643 644
644 130
645 594
645 646
646 680
647 150
647 648
648 498
649 219
649 650
650 165
651 241
651 652
652 249
653 654
653 811
654 46
655 656
655 719
656 466
657 134
657 658
658 606
659 365
659 660
660 459
661 319
661 662
662 307
663 348
663 664
664 169
665 269
665 666
666 371
667 415
667 668
668 539
669 634
669 670
670 541
671 158
671 672
672 702
673 55
673 674
674 478
675 437
675 676
676 38
677 157
677 678
678 558
679 193
679 680
680 390
681 84
681 682
682 216
683 232
683 684
684 152
685 686
685 755
686 762
687 105
687 688
688 125
689 690
689 796
690 161
691 537
691 692
692 276
693 455
693 694
694 372
695 396
695 696
696 408
697 698
697 725
698 640
699 329
699 700
700 422
701 490
701 702
702 604
703 279
703 704
704 357
705 596
705 706
706 420
707 705
707 708
708 583
709 231
709 710
710 758
711 514
711 712
712 243
713 644
713 714
714 256
715 716
715 766
716 462
717 59
717 718
718 388
719 342
719 720
720 654
721 635
721 722
722 10
723 47
723 724
724 117
725 471
725 726
726 111
727 411
727 728
728 622
729 363
729 730
730 646
731 729
731 732
732 790
733 734
733 735
734 746
735 377
735 736
736 808
737 10
737 738
738 40
739 54
739 740
740 85
741 453
741 742
742 294
743 334
743 744
744 260
745 560
745 746
746 247
747 115
747 748
748 670
749 649
749 750
750 472
751 469
751 752
752 351
753 505
753 754
754 173
755 327
755 756
756 452
757 495
757 758
758 271
759 306
759 760
760 313
761 731
761 762
762 282
763 400
763 764
764 177
765 548
765 766
766 756
767 197
767 768
768 328
769 296
769 770
770 370
771 772
771 803
772 190
773 188
773 774
774 189
775 536
775 776
776 278
777 26
777 778
778 179
779 356
779 780
780 403
781 693
781 782
782 445
783 361
783 784
784 202
785 33
785 786
786 578
787 172
787 788
788 805
789 526
789 790
790 195
791 783
791 792
792 552
793 185
793 794
794 671
795 337
795 796
796 385
797 21
797 798
798 414
799 687
799 800
800 76
801 293
801 802
802 192
803 295
803 804
804 409
805 261
805 806
806 178
807 96
807 808
808 540
809 774
809 810
810 100
811 423
811 812
812 677
813 499
813 814
814 494
