0 311
0 388
1 279
1 714
3 144
3 247
5 548
4 362
4 759
6 86
9 180
9 181
10 223
10 229
12 774
11 487
13 452
13 648
15 71
15 629
17 209
17 224
19 583
19 750
21 137
21 381
23 24
23 677
24 302
25 26
25 797
26 546
27 28
27 282
28 484
29 30
29 681
30 347
31 32
31 539
32 775
33 34
33 424
34 18
35 36
35 341
36 131
37 38
37 108
38 492
39 40
39 425
40 187
41 42
41 441
42 364
43 44
43 166
44 754
45 46
45 231
46 414
47 48
47 519
48 555
49 50
49 121
50 578
51 52
51 563
52 658
53 54
53 283
54 197
55 56
55 661
56 84
57 58
57 481
58 728
59 60
59 142
60 72
61 62
61 731
62 716
63 64
63 73
64 796
65 66
65 256
66 740
67 68
67 524
68 270
69 70
69 476
70 427
71 72
71 387
72 74
73 74
73 423
74 152
75 76
75 195
76 538
77 78
77 761
78 798
79 80
79 140
80 124
81 82
81 801
82 688
83 84
83 345
84 157
85 86
85 800
86 772
87 88
87 408
88 94
89 90
89 267
90 444
91 92
91 265
92 188
93 94
93 395
94 736
95 96
95 321
96 611
97 98
97 162
98 558
99 100
99 777
100 383
101 102
101 580
102 732
103 104
103 545
104 348
105 106
105 749
106 25
107 108
107 657
108 445
109 110
109 269
110 432
111 112
111 243
112 114
113 114
113 227
114 624
115 80
115 116
116 13
117 75
117 118
118 428
119 120
119 135
120 454
121 122
121 490
122 579
123 124
123 479
124 608
125 126
125 786
126 676
127 128
127 465
128 410
129 130
129 623
130 509
131 102
131 132
132 5
133 134
133 641
134 359
135 136
135 165
136 234
137 138
137 178
138 77
139 123
139 140
140 531
141 54
141 142
142 512
143 144
143 183
144 218
145 146
145 605
146 344
147 148
147 802
148 493
149 150
149 537
150 607
151 152
151 711
152 722
153 154
153 725
154 115
155 156
155 421
156 220
157 158
157 718
158 194
159 147
159 160
160 766
161 162
161 459
162 38
163 164
163 393
164 614
165 166
165 662
166 318
167 168
167 619
168 771
169 170
169 807
170 249
171 172
171 541
172 458
173 174
173 369
174 755
175 176
175 790
176 300
177 139
177 178
178 462
179 180
179 399
180 615
181 182
181 485
182 275
183 89
183 184
184 525
185 186
185 331
186 806
187 188
187 584
188 776
189 190
189 205
190 794
191 156
191 192
192 55
193 194
193 366
194 640
195 196
195 272
196 561
197 198
197 744
198 810
199 57
199 200
200 328
201 202
201 781
202 161
203 204
203 673
204 14
205 206
205 737
206 557
207 208
207 585
208 59
209 160
209 210
210 254
211 212
211 469
212 596
213 214
213 685
214 12
215 216
215 271
216 765
217 218
217 255
218 128
219 220
219 373
220 79
221 222
221 699
222 372
223 224
223 237
224 634
225 226
225 600
226 46
227 228
227 697
228 1
229 216
229 230
230 603
231 232
231 245
232 643
233 234
233 354
234 104
235 95
235 236
236 225
237 238
237 360
238 764
239 240
239 486
240 93
241 242
241 419
242 582
243 64
243 244
244 326
245 219
245 246
246 599
247 248
247 377
248 720
249 70
249 250
250 702
251 252
251 463
252 6
253 254
253 631
254 130
255 256
255 659
256 416
257 258
257 397
258 730
259 117
259 260
260 277
261 262
261 507
262 298
263 9
263 264
264 559
265 151
265 266
266 119
267 268
267 357
268 389
269 53
269 270
270 292
271 272
271 370
272 153
273 274
273 567
274 371
275 276
275 403
276 803
277 278
277 542
278 748
279 280
279 464
280 652
281 282
281 741
282 762
283 39
283 284
284 30
285 261
285 286
286 336
287 288
287 604
288 8
289 290
289 617
290 382
291 292
291 706
292 132
293 259
293 294
294 522
295 126
295 296
296 639
297 298
297 411
298 751
299 300
299 768
300 238
301 302
301 339
302 510
303 304
303 535
304 717
305 6
305 306
306 198
307 304
307 308
308 734
309 85
309 310
310 378
311 312
311 549
312 179
313 263
313 314
314 695
315 52
315 316
316 684
317 318
317 793
318 356
319 320
319 569
320 168
321 192
321 322
322 552
323 324
323 782
324 564
325 326
325 712
326 258
327 48
327 328
328 758
329 330
329 779
330 671
331 332
331 587
332 110
333 189
333 334
334 642
335 336
335 553
336 809
337 217
337 338
338 301
339 340
339 618
340 307
341 342
341 667
342 678
343 344
343 422
344 692
345 289
345 346
346 724
347 297
347 348
348 770
349 350
349 516
350 431
351 352
351 609
352 21
353 24
353 354
354 814
355 356
355 376
356 228
357 184
357 358
358 705
359 360
359 453
360 317
361 362
361 575
362 483
363 206
363 364
364 138
365 327
365 366
366 496
367 368
367 375
368 654
369 370
369 591
370 581
371 372
371 700
372 574
373 351
373 374
374 286
375 67
375 376
376 571
377 4
377 378
378 98
379 276
379 380
380 22
381 382
381 554
382 391
383 230
383 384
384 266
385 23
385 386
386 28
387 388
387 598
388 2
389 82
389 390
390 656
391 330
391 392
392 346
393 47
393 394
394 689
395 396
395 708
396 448
397 398
397 594
398 543
399 29
399 400
400 325
401 202
401 402
402 7
403 215
403 404
404 690
405 203
405 406
406 729
407 163
407 408
408 374
409 68
409 410
410 392
411 355
411 412
412 406
413 136
413 414
414 626
415 109
415 416
416 101
417 418
417 438
418 440
419 337
419 420
420 627
421 407
421 422
422 251
423 214
423 424
424 530
425 213
425 426
426 644
427 61
427 428
428 625
429 405
429 430
430 62
431 112
431 432
432 386
433 434
433 597
434 528
435 436
435 620
436 562
437 438
437 621
438 480
439 196
439 440
440 210
441 442
441 710
442 418
443 444
443 593
444 616
445 287
445 446
446 204
447 448
447 778
448 402
449 150
449 450
450 310
451 452
451 670
452 190
453 333
453 454
454 566
455 350
455 456
456 434
457 26
457 458
458 514
459 274
459 460
460 520
461 462
461 723
462 601
463 133
463 464
464 518
465 49
465 466
466 665
467 290
467 468
468 646
469 470
469 497
470 390
471 472
471 606
472 221
473 474
473 811
474 494
475 303
475 476
476 435
477 314
477 478
478 417
479 149
479 480
480 595
481 471
481 482
482 763
483 484
483 572
484 404
485 486
485 683
486 588
487 37
487 488
488 602
489 490
489 694
490 515
491 461
491 492
492 200
493 494
493 743
494 633
495 496
495 799
496 148
497 365
497 498
498 340
499 10
499 500
500 686
501 502
501 805
502 239
503 504
503 536
504 332
505 185
505 506
506 60
507 313
507 508
508 322
509 334
509 510
510 570
511 415
511 512
512 342
513 409
513 514
514 90
515 503
515 516
516 159
517 252
517 518
518 36
519 520
519 701
520 672
521 273
521 522
522 11
523 174
523 524
524 83
525 319
525 526
526 281
527 11
527 528
528 33
529 530
529 560
530 280
531 329
531 532
532 707
533 182
533 534
534 808
535 433
535 536
536 495
537 538
537 551
538 804
539 523
539 540
540 498
541 349
541 542
542 679
543 544
543 668
544 592
545 207
545 546
546 242
547 548
547 753
548 680
549 550
549 577
550 544
551 173
551 552
552 636
553 478
553 554
554 222
555 264
555 556
556 613
557 558
557 713
558 34
559 560
559 769
560 172
561 127
561 562
562 651
563 439
563 564
564 470
565 260
565 566
566 125
567 568
567 693
568 738
569 491
569 570
570 610
571 572
571 664
572 442
573 367
573 574
574 565
575 113
575 576
576 532
577 155
577 578
578 76
579 320
579 580
580 622
581 343
581 582
582 78
583 170
583 584
584 232
585 429
585 586
586 16
587 588
587 709
588 262
589 590
589 733
590 446
591 592
591 719
592 675
593 291
593 594
594 193
595 547
595 596
596 739
597 105
597 598
598 653
599 199
599 600
600 698
601 447
601 602
602 164
603 361
603 604
604 401
605 606
605 637
606 791
607 294
607 608
608 316
609 177
609 610
610 295
611 508
611 612
612 430
613 614
613 628
614 482
615 501
615 616
616 65
617 186
617 618
618 632
619 81
619 620
620 134
621 363
621 622
622 500
623 99
623 624
624 788
625 412
625 626
626 306
627 309
627 628
628 756
629 394
629 630
630 3
631 489
631 632
632 747
633 556
633 634
634 244
635 368
635 636
636 296
637 475
637 638
638 118
639 513
639 640
640 474
641 253
641 642
642 502
643 506
643 644
644 27
645 250
645 646
646 92
647 96
647 648
648 504
649 100
649 650
650 674
651 467
651 652
652 590
653 141
653 654
654 111
655 384
655 656
656 56
657 41
657 658
658 284
659 472
659 660
660 120
661 398
661 662
662 795
663 315
663 664
664 106
665 87
665 666
666 426
667 335
667 668
668 767
669 103
669 670
670 241
671 630
671 672
672 299
673 211
673 674
674 233
675 663
675 676
676 457
677 19
677 678
678 235
679 680
679 691
680 568
681 31
681 682
682 50
683 669
683 684
684 175
685 686
685 745
686 752
687 91
687 688
688 655
689 17
689 690
690 44
691 12
691 692
692 323
693 145
693 694
694 129
695 649
695 696
696 420
697 573
697 698
698 783
699 385
699 700
700 257
701 521
701 702
702 40
703 66
703 704
704 116
705 706
705 773
706 191
707 708
707 742
708 612
709 533
709 710
710 171
711 473
711 712
712 42
713 466
713 714
714 660
715 436
715 716
716 58
717 122
717 718
718 288
719 505
719 720
720 88
721 722
721 787
722 746
723 167
723 724
724 735
725 511
725 726
726 212
727 69
727 728
728 529
729 236
729 730
730 248
731 352
731 732
732 460
733 696
733 734
734 5
735 305
735 736
736 792
737 738
737 780
738 278
739 240
739 740
740 534
741 146
741 742
742 413
743 15
743 744
744 208
745 451
745 746
746 666
747 748
747 757
748 97
749 285
749 750
750 20
751 540
751 752
752 455
753 169
753 754
754 158
755 143
755 756
756 226
757 635
757 758
758 396
759 589
759 760
760 456
761 43
761 762
762 704
763 380
763 764
764 586
765 443
765 766
766 450
767 268
767 768
768 645
769 770
769 785
770 517
771 353
771 772
772 726
773 437
773 774
774 550
775 527
775 776
776 308
777 312
777 778
778 201
779 51
779 780
780 379
781 682
781 782
782 576
783 526
783 784
784 703
785 45
785 786
786 715
787 788
787 813
788 324
789 35
789 790
790 650
791 499
791 792
792 176
793 358
793 794
794 468
795 63
795 796
796 400
797 798
797 812
798 647
799 32
799 800
800 154
801 721
801 802
802 687
803 477
803 804
804 784
805 727
805 806
806 789
807 293
807 808
808 488
809 107
809 810
810 760
811 449
811 812
812 338
813 246
813 814
814 638
