0 213
0 735
1 133
1 439
2 237
2 399
3 457
3 581
4 161
4 204
5 191
6 70
9 209
9 473
10 188
10 472
11 480
12 248
15 197
15 440
17 519
17 560
19 122
19 244
21 363
21 762
23 24
23 727
24 513
25 26
25 199
26 152
27 28
27 601
28 412
29 30
29 391
30 352
31 32
31 736
32 469
33 34
33 302
34 332
35 36
35 423
36 712
37 38
37 757
38 635
39 40
39 460
40 576
41 42
41 604
42 107
43 44
43 105
44 150
45 46
45 80
46 784
47 48
47 641
48 38
49 50
49 598
50 240
51 52
51 382
52 688
53 54
53 338
54 328
55 56
55 446
56 390
57 58
57 372
58 626
59 6
59 60
60 449
61 62
61 414
62 492
63 64
63 186
64 526
65 66
65 749
66 657
67 68
67 368
68 279
69 70
69 571
70 94
71 72
71 128
72 535
73 74
73 685
74 218
75 76
75 148
76 258
77 78
77 443
78 710
79 80
79 236
80 790
81 39
81 82
82 564
83 33
83 84
84 202
85 7
85 86
86 58
87 88
87 369
88 108
89 90
89 766
90 638
91 92
91 142
92 156
93 37
93 94
94 739
95 96
95 774
96 590
97 98
97 733
98 756
99 100
99 487
100 572
101 102
101 356
102 579
103 104
103 125
104 228
105 8
105 106
106 13
107 108
107 216
108 808
109 110
109 249
110 81
111 112
111 619
112 314
113 114
113 653
114 345
115 116
115 145
116 340
117 118
117 353
118 17
119 120
119 584
120 530
121 122
121 229
122 656
123 124
123 347
124 698
125 126
125 321
126 47
127 128
127 789
128 205
129 130
129 755
130 550
131 132
131 625
132 259
133 134
133 387
134 360
135 136
135 778
136 309
137 138
137 373
138 400
139 140
139 609
140 12
141 142
141 217
142 227
143 144
143 450
144 91
145 53
145 146
146 294
147 148
147 701
148 543
149 150
149 341
150 770
151 152
151 239
152 764
153 154
153 280
154 634
155 156
155 529
156 278
157 158
157 788
158 32
159 5
159 160
160 61
161 162
161 648
162 397
163 164
163 336
164 496
165 120
165 166
166 238
167 83
167 168
168 78
169 170
169 448
170 726
171 172
171 556
172 559
173 49
173 174
174 55
175 176
175 331
176 362
177 178
177 434
178 748
179 180
179 771
180 306
181 6
181 182
182 765
183 43
183 184
184 62
185 186
185 705
186 317
187 188
187 611
188 300
189 190
189 355
190 452
191 136
191 192
192 11
193 36
193 194
194 709
195 137
195 196
196 206
197 198
197 378
198 100
199 92
199 200
200 178
201 202
201 555
202 200
203 204
203 281
204 811
205 206
205 313
206 424
207 208
207 512
208 741
209 210
209 263
210 534
211 212
211 257
212 16
213 214
213 593
214 617
215 34
215 216
216 381
217 218
217 491
218 570
219 220
219 707
220 149
221 222
221 665
222 740
223 224
223 783
224 758
225 1
225 226
226 729
227 221
227 228
228 668
229 230
229 437
230 690
231 232
231 595
232 592
233 75
233 234
234 96
235 236
235 421
236 482
237 3
237 238
238 613
239 240
239 456
240 222
241 242
241 365
242 104
243 244
243 495
244 296
245 246
245 734
246 488
247 177
247 248
248 312
249 250
249 527
250 318
251 118
251 252
252 234
253 254
253 266
254 403
255 18
255 256
256 805
257 111
257 258
258 130
259 260
259 678
260 411
261 110
261 262
262 622
263 264
263 621
264 250
265 266
265 777
266 10
267 268
267 366
268 144
269 41
269 270
270 752
271 9
271 272
272 406
273 274
273 717
274 14
275 276
275 664
276 772
277 278
277 533
278 272
279 280
279 767
280 247
281 282
281 597
282 30
283 284
283 324
284 662
285 286
285 416
286 310
287 288
287 307
288 537
289 290
289 799
290 616
291 292
291 506
292 350
293 294
293 436
294 666
295 296
295 759
296 588
297 2
297 298
298 540
299 300
299 569
300 28
301 302
301 637
302 562
303 304
303 478
304 642
305 253
305 306
306 608
307 308
307 429
308 112
309 85
309 310
310 169
311 312
311 612
312 184
313 314
313 561
314 393
315 316
315 528
316 536
317 318
317 813
318 82
319 320
319 511
320 566
321 157
321 322
322 413
323 324
323 432
324 417
325 117
325 326
326 803
327 328
327 761
328 587
329 330
329 632
330 521
331 332
331 696
332 138
333 159
333 334
334 274
335 336
335 731
336 21
337 338
337 677
338 645
339 287
339 340
340 798
341 189
341 342
342 483
343 344
343 703
344 46
345 346
345 367
346 494
347 251
347 348
348 195
349 350
349 754
350 596
351 352
351 508
352 357
353 185
353 354
354 565
355 356
355 787
356 201
357 254
357 358
358 516
359 172
359 360
360 113
361 15
361 362
362 715
363 364
363 750
364 655
365 366
365 485
366 518
367 368
367 545
368 293
369 319
369 370
370 277
371 65
371 372
372 329
373 5
373 374
374 303
375 376
375 426
376 168
377 325
377 378
378 474
379 380
379 725
380 269
381 88
381 382
382 410
383 268
383 384
384 19
385 386
385 791
386 686
387 327
387 388
388 389
389 390
389 711
390 52
391 392
391 633
392 568
393 246
393 394
394 116
395 396
395 573
396 551
397 398
397 501
398 99
399 400
399 663
400 522
401 207
401 402
402 210
403 404
403 441
404 676
405 406
405 479
406 140
407 132
407 408
408 351
409 410
409 605
410 498
411 412
411 806
412 600
413 414
413 792
414 599
415 416
415 737
416 267
417 418
417 629
418 51
419 420
419 773
420 699
421 385
421 422
422 323
423 361
423 424
424 76
425 426
425 509
426 768
427 428
427 689
428 776
429 430
429 722
430 170
431 171
431 432
432 165
433 434
433 481
434 162
435 436
435 721
436 459
437 438
437 693
438 245
439 101
439 440
440 316
441 322
441 442
442 618
443 444
443 583
444 682
445 386
445 446
446 539
447 448
447 610
448 392
449 54
449 450
450 743
451 452
451 557
452 691
453 86
453 454
454 502
455 297
455 456
456 231
457 458
457 745
458 467
459 187
459 460
460 591
461 462
461 747
462 98
463 464
463 515
464 702
465 466
465 684
466 284
467 271
467 468
468 420
469 470
469 807
470 262
471 155
471 472
472 224
473 67
473 474
474 546
475 77
475 476
476 458
477 431
477 478
478 215
479 377
479 480
480 242
481 482
481 525
482 220
483 370
483 484
484 89
485 486
485 779
486 153
487 488
487 694
488 654
489 490
489 650
490 681
491 97
491 492
492 442
493 494
493 639
494 484
495 283
495 496
496 282
497 498
497 782
498 728
499 500
499 669
500 196
501 330
501 502
502 658
503 315
503 504
504 176
505 93
505 506
506 445
507 151
507 508
508 607
509 510
509 520
510 463
511 396
511 512
512 523
513 230
513 514
514 582
515 516
515 738
516 308
517 518
517 674
518 652
519 520
519 746
520 45
521 398
521 522
522 42
523 63
523 524
524 342
525 79
525 526
526 742
527 119
527 528
528 447
529 29
529 530
530 401
531 532
531 615
532 56
533 129
533 534
534 180
535 427
535 536
536 364
537 538
537 679
538 127
539 540
539 628
540 212
541 419
541 542
542 179
543 182
543 544
544 547
545 103
545 546
546 575
547 375
547 548
548 687
549 134
549 550
550 192
551 468
551 552
552 190
553 175
553 554
554 812
555 203
555 556
556 623
557 31
557 558
558 444
559 560
559 706
560 255
561 507
561 562
562 160
563 260
563 564
564 84
565 566
565 667
566 404
567 4
567 568
568 24
569 570
569 720
570 394
571 476
571 572
572 454
573 124
573 574
574 194
575 285
575 576
576 500
577 408
577 578
578 558
579 577
579 580
580 114
581 181
581 582
582 630
583 141
583 584
584 407
585 115
585 586
586 12
587 275
587 588
588 64
589 544
589 590
590 428
591 35
591 592
592 700
593 225
593 594
594 273
595 123
595 596
596 563
597 574
597 598
598 193
599 600
599 661
600 320
601 214
601 602
602 126
603 163
603 604
604 23
605 433
605 606
606 299
607 608
607 671
608 383
609 610
609 763
610 261
611 208
611 612
612 232
613 614
613 810
614 744
615 219
615 616
616 673
617 477
617 618
618 716
619 493
619 620
620 90
621 405
621 622
622 154
623 624
623 647
624 814
625 211
625 626
626 461
627 465
627 628
628 486
629 453
629 630
630 554
631 109
631 632
632 44
633 371
633 634
634 376
635 264
635 636
636 462
637 638
637 801
638 704
639 553
639 640
640 489
641 422
641 642
642 388
643 644
643 651
644 402
645 603
645 646
646 549
647 131
647 648
648 348
649 379
649 650
650 415
651 652
651 713
652 730
653 333
653 654
654 292
655 291
655 656
656 692
657 510
657 658
658 680
659 60
659 660
660 548
661 662
661 780
662 174
663 664
663 796
664 27
665 66
665 666
666 346
667 223
667 668
668 106
669 670
669 785
670 644
671 580
671 672
672 464
673 578
673 674
674 40
675 305
675 676
676 660
677 339
677 678
678 395
679 335
679 680
680 719
681 552
681 682
682 48
683 594
683 684
684 670
685 59
685 686
686 354
687 688
687 804
688 794
689 167
689 690
690 589
691 692
691 800
692 606
693 265
693 694
694 451
695 288
695 696
696 631
697 73
697 698
698 57
699 359
699 700
700 504
701 646
701 702
702 718
703 531
703 704
704 517
705 71
705 706
706 301
707 87
707 708
708 344
709 68
709 710
710 760
711 532
711 712
712 586
713 270
713 714
714 374
715 640
715 716
716 334
717 337
717 718
718 349
719 418
719 720
720 358
721 343
721 722
722 697
723 72
723 724
724 25
725 139
725 726
726 290
727 289
727 728
728 298
729 541
729 730
730 95
731 585
731 732
732 102
733 471
733 734
734 627
735 736
735 809
736 793
737 256
737 738
738 802
739 732
739 740
740 624
741 173
741 742
742 470
743 499
743 744
744 20
745 746
745 753
746 380
747 524
747 748
748 276
749 750
749 795
750 538
751 235
751 752
752 781
753 751
753 754
754 490
755 164
755 756
756 252
757 643
757 758
758 158
759 724
759 760
760 636
761 695
761 762
762 69
763 226
763 764
764 614
765 497
765 766
766 74
767 675
767 768
768 438
769 425
769 770
770 602
771 233
771 772
772 304
773 567
773 774
774 11
775 286
775 776
776 26
777 409
777 778
778 241
779 649
779 780
780 542
781 147
781 782
782 503
783 708
783 784
784 166
785 311
785 786
786 466
787 135
787 788
788 769
789 22
789 790
790 183
791 435
791 792
792 723
793 198
793 794
794 620
795 455
795 796
796 121
797 786
797 798
798 295
799 326
799 800
800 384
801 505
801 802
802 50
803 659
803 804
804 430
805 775
805 806
806 146
807 514
807 808
808 672
809 475
809 810
810 143
811 683
811 812
812 714
813 243
813 814
814 797
