0 314
0 793
1 246
1 393
3 255
3 744
4 437
4 448
5 284
6 258
9 461
9 611
10 415
10 621
11 515
12 273
13 351
13 519
15 569
15 620
17 250
17 482
19 94
19 688
21 782
21 814
23 24
23 759
24 224
25 26
25 673
26 5
27 28
27 327
28 584
29 30
29 97
30 598
31 32
31 291
32 214
33 34
33 734
34 241
35 36
35 366
36 135
37 38
37 133
38 552
39 40
39 533
40 344
41 42
41 369
42 614
43 44
43 630
44 193
45 46
45 780
46 803
47 48
47 75
48 332
49 50
49 73
50 131
51 52
51 132
52 428
53 54
53 79
54 78
55 56
55 262
56 283
57 58
57 179
58 12
59 60
59 164
60 247
61 62
61 159
62 674
63 64
63 173
64 649
65 66
65 693
66 740
67 68
67 633
68 622
69 35
69 70
70 724
71 72
71 229
72 429
73 74
73 143
74 667
75 76
75 761
76 260
77 78
77 121
78 444
79 27
79 80
80 365
81 82
81 563
82 178
83 84
83 749
84 50
85 86
85 668
86 646
87 88
87 352
88 111
89 90
89 560
90 413
91 58
91 92
92 418
93 94
93 264
94 571
95 96
95 122
96 4
97 98
97 788
98 362
99 100
99 259
100 202
101 102
101 556
102 726
103 104
103 392
104 516
105 29
105 106
106 464
107 65
107 108
108 769
109 110
109 347
110 775
111 112
111 308
112 197
113 114
113 446
114 414
115 116
115 200
116 550
117 118
117 233
118 6
119 120
119 684
120 594
121 122
121 479
122 319
123 124
123 181
124 615
125 105
125 126
126 509
127 128
127 672
128 632
129 130
129 663
130 723
131 132
131 791
132 265
133 134
133 320
134 808
135 136
135 590
136 454
137 138
137 341
138 537
139 140
139 653
140 699
141 142
141 169
142 275
143 144
143 389
144 618
145 88
145 146
146 456
147 148
147 303
148 93
149 150
149 306
150 328
151 152
151 423
152 33
153 154
153 736
154 438
155 156
155 201
156 172
157 158
157 297
158 354
159 160
159 483
160 243
161 162
161 535
162 691
163 164
163 451
164 613
165 166
165 647
166 336
167 17
167 168
168 317
169 68
169 170
170 704
171 25
171 172
172 6
173 174
173 398
174 293
175 176
175 528
176 656
177 178
177 272
178 287
179 180
179 298
180 506
181 182
181 467
182 449
183 184
183 280
184 770
185 186
185 378
186 634
187 11
187 188
188 781
189 190
189 568
190 474
191 192
191 700
192 508
193 194
193 210
194 572
195 196
195 476
196 28
197 198
197 804
198 106
199 200
199 773
200 687
201 202
201 787
202 406
203 204
203 562
204 472
205 206
205 765
206 127
207 208
207 623
208 698
209 210
209 237
210 382
211 212
211 545
212 114
213 214
213 731
214 345
215 113
215 216
216 221
217 218
217 263
218 729
219 220
219 355
220 57
221 222
221 470
222 158
223 224
223 227
224 644
225 226
225 353
226 551
227 228
227 504
228 134
229 103
229 230
230 156
231 232
231 626
232 458
233 234
233 543
234 436
235 209
235 236
236 812
237 238
237 501
238 162
239 80
239 240
240 487
241 242
241 802
242 776
243 244
243 496
244 578
245 246
245 661
246 417
247 248
247 677
248 126
249 250
249 548
250 648
251 252
251 480
252 289
253 254
253 462
254 343
255 256
255 380
256 43
257 258
257 326
258 304
259 260
259 737
260 703
261 262
261 359
262 602
263 264
263 363
264 807
265 266
265 696
266 766
267 268
267 629
268 205
269 270
269 532
270 746
271 223
271 272
272 370
273 183
273 274
274 608
275 276
275 754
276 286
277 278
277 779
278 536
279 187
279 280
280 41
281 217
281 282
282 681
283 284
283 718
284 7
285 286
285 595
286 544
287 288
287 658
288 195
289 290
289 305
290 796
291 292
291 407
292 710
293 294
293 785
294 129
295 296
295 592
296 185
297 298
297 587
298 794
299 300
299 541
300 194
301 302
301 553
302 558
303 304
303 397
304 92
305 306
305 322
306 337
307 308
307 801
308 276
309 310
309 377
310 206
311 211
311 312
312 685
313 10
313 314
314 72
315 47
315 316
316 670
317 145
317 318
318 52
319 320
319 399
320 477
321 322
321 339
322 576
323 324
323 412
324 692
325 199
325 326
326 234
327 226
327 328
328 416
329 311
329 330
330 631
331 147
331 332
332 596
333 313
333 334
334 128
335 204
335 336
336 248
337 338
337 346
338 140
339 340
339 505
340 712
341 342
341 475
342 310
343 344
343 809
344 450
345 168
345 346
346 136
347 165
347 348
348 98
349 350
349 763
350 784
351 352
351 639
352 84
353 95
353 354
354 348
355 215
355 356
356 281
357 51
357 358
358 510
359 360
359 431
360 146
361 77
361 362
362 236
363 364
363 805
364 682
365 278
365 366
366 651
367 171
367 368
368 19
369 370
369 789
370 152
371 372
371 640
372 22
373 374
373 385
374 85
375 357
375 376
376 14
377 378
377 575
378 228
379 83
379 380
380 203
381 382
381 743
382 5
383 384
383 425
384 637
385 235
385 386
386 714
387 239
387 388
388 579
389 390
389 435
390 107
391 49
391 392
392 240
393 271
393 394
394 654
395 87
395 396
396 452
397 157
397 398
398 141
399 279
399 400
400 329
401 402
401 757
402 340
403 404
403 557
404 30
405 53
405 406
406 554
407 142
407 408
408 295
409 410
409 708
410 522
411 412
411 619
412 756
413 15
413 414
414 86
415 416
415 489
416 74
417 418
417 739
418 752
419 219
419 420
420 323
421 422
421 539
422 109
423 225
423 424
424 690
425 177
425 426
426 774
427 428
427 665
428 334
429 430
429 513
430 375
431 432
431 655
432 512
433 434
433 675
434 570
435 174
435 436
436 138
437 438
437 549
438 374
439 440
439 468
440 610
441 442
441 605
442 24
443 444
443 486
444 318
445 391
445 446
446 777
447 119
447 448
448 288
449 390
449 450
450 530
451 383
451 452
452 408
453 454
453 588
454 652
455 155
455 456
456 463
457 167
457 458
458 212
459 460
459 555
460 410
461 445
461 462
462 715
463 464
463 810
464 144
465 361
465 466
466 100
467 151
467 468
468 753
469 81
469 470
470 426
471 472
471 531
472 2
473 474
473 666
474 430
475 476
475 727
476 26
477 253
477 478
478 442
479 13
479 480
480 473
481 482
481 758
482 296
483 484
483 764
484 751
485 433
485 486
486 270
487 207
487 488
488 582
489 123
489 490
490 798
491 492
491 617
492 302
493 494
493 638
494 376
495 496
495 585
496 604
497 402
497 498
498 650
499 12
499 500
500 443
501 502
501 523
502 249
503 504
503 706
504 484
505 16
505 506
506 8
507 508
507 797
508 500
509 230
509 510
510 242
511 512
511 730
512 580
513 381
513 514
514 150
515 516
515 732
516 627
517 518
517 593
518 384
519 82
519 520
520 108
521 522
521 603
522 176
523 524
523 573
524 312
525 120
525 526
526 190
527 315
527 528
528 679
529 530
529 738
530 118
531 403
531 532
532 31
533 420
533 534
534 616
535 63
535 536
536 662
537 216
537 538
538 274
539 540
539 705
540 396
541 254
541 542
542 44
543 401
543 544
544 69
545 422
545 546
546 439
547 527
547 548
548 481
549 550
549 799
550 394
551 220
551 552
552 565
553 89
553 554
554 307
555 331
555 556
556 680
557 507
557 558
558 607
559 485
559 560
560 124
561 45
561 562
562 806
563 11
563 564
564 244
565 566
565 717
566 772
567 182
567 568
568 534
569 570
569 768
570 338
571 572
571 735
572 432
573 574
573 767
574 309
575 576
575 709
576 371
577 110
577 578
578 722
579 117
579 580
580 498
581 99
581 582
582 66
583 584
583 597
584 266
585 388
585 586
586 760
587 373
587 588
588 606
589 466
589 590
590 188
591 421
591 592
592 360
593 427
593 594
594 728
595 387
595 596
596 192
597 115
597 598
598 48
599 586
599 600
600 64
601 62
601 602
602 494
603 604
603 657
604 1
605 517
605 606
606 457
607 434
607 608
608 20
609 610
609 762
610 745
611 612
611 795
612 218
613 400
613 614
614 713
615 447
615 616
616 660
617 547
617 618
618 372
619 163
619 620
620 3
621 161
621 622
622 641
623 624
623 694
624 56
625 23
625 626
626 257
627 628
627 813
628 222
629 59
629 630
630 511
631 632
631 748
632 116
633 491
633 634
634 256
635 153
635 636
636 170
637 160
637 638
638 149
639 471
639 640
640 34
641 91
641 642
642 492
643 184
643 644
644 76
645 18
645 646
646 664
647 175
647 648
648 635
649 238
649 650
650 488
651 102
651 652
652 342
653 356
653 654
654 790
655 656
655 747
656 358
657 658
657 711
658 104
659 139
659 660
660 32
661 333
661 662
662 294
663 561
663 664
664 566
665 666
665 669
666 321
667 668
667 792
668 542
669 670
669 783
670 38
671 67
671 672
672 55
673 581
673 674
674 689
675 189
675 676
676 70
677 453
677 678
678 386
679 503
679 680
680 778
681 469
681 682
682 546
683 659
683 684
684 716
685 686
685 741
686 232
687 208
687 688
688 514
689 148
689 690
690 409
691 90
691 692
692 564
693 71
693 694
694 591
695 493
695 696
696 196
697 441
697 698
698 750
699 624
699 700
700 404
701 330
701 702
702 599
703 538
703 704
704 628
705 671
705 706
706 101
707 282
707 708
708 497
709 39
709 710
710 642
711 9
711 712
712 316
713 714
713 720
714 460
715 567
715 716
716 524
717 269
717 718
718 526
719 625
719 720
720 440
721 231
721 722
722 180
723 395
723 724
724 335
725 521
725 726
726 42
727 285
727 728
728 800
729 364
729 730
730 636
731 732
731 786
732 405
733 368
733 734
734 559
735 701
735 736
736 702
737 459
737 738
738 525
739 583
739 740
740 54
741 574
741 742
742 198
743 411
743 744
744 350
745 21
745 746
746 645
747 725
747 748
748 529
749 750
749 811
750 60
751 46
751 752
752 577
753 733
753 754
754 589
755 213
755 756
756 268
757 349
757 758
758 299
759 367
759 760
760 301
761 267
761 762
762 478
763 764
763 771
764 252
765 600
765 766
766 191
767 245
767 768
768 251
769 61
769 770
770 290
771 130
771 772
772 676
773 137
773 774
774 154
775 678
775 776
776 324
777 683
777 778
778 495
779 465
779 780
780 37
781 186
781 782
782 686
783 455
783 784
784 721
785 697
785 786
786 125
787 379
787 788
788 277
789 518
789 790
790 112
791 601
791 792
792 300
793 261
793 794
794 325
795 719
795 796
796 742
797 707
797 798
798 609
799 612
799 800
800 424
801 540
801 802
802 36
803 96
803 804
804 40
805 755
805 806
806 166
807 502
807 808
808 292
809 499
809 810
810 490
811 419
811 812
812 695
813 520
813 814
814 643
