0 9
0 657
2 44
2 461
3 589
3 616
5 728
4 475
4 543
6 701
9 10
9 418
10 321
10 729
12 722
11 172
13 196
13 374
15 51
15 672
17 417
17 767
19 599
19 612
21 389
21 472
23 24
23 415
24 19
25 26
25 590
26 702
27 28
27 468
28 542
29 30
29 161
30 789
31 32
31 342
32 394
33 34
33 656
34 348
35 36
35 454
36 289
37 38
37 442
38 110
39 40
39 435
40 783
41 42
41 781
42 84
43 44
43 678
44 344
45 46
45 738
46 206
47 48
47 149
48 399
49 2
49 50
50 353
51 52
51 611
52 159
53 54
53 139
54 198
55 56
55 569
56 603
57 58
57 655
58 521
59 60
59 177
60 269
61 62
61 181
62 585
63 64
63 796
64 726
65 66
65 750
66 94
67 68
67 462
68 370
69 70
69 711
70 734
71 72
71 647
72 452
73 74
73 283
74 256
75 76
75 553
76 8
77 78
77 266
78 455
79 80
79 340
80 150
81 82
81 313
82 696
83 84
83 625
84 380
85 86
85 404
86 142
87 88
87 257
88 292
89 90
89 363
90 48
91 92
91 694
92 247
93 94
93 225
94 402
95 96
95 731
96 7
97 98
97 324
98 178
99 100
99 680
100 620
101 102
101 145
102 197
103 104
103 788
104 200
105 106
105 698
106 327
107 108
107 294
108 790
109 110
109 386
110 334
111 112
111 409
112 6
113 114
113 524
114 600
115 116
115 570
116 638
117 118
117 497
118 710
119 24
119 120
120 683
121 122
121 428
122 813
123 21
123 124
124 593
125 126
125 155
126 302
127 128
127 211
128 808
129 130
129 534
130 432
131 132
131 330
132 318
133 134
133 608
134 278
135 136
135 674
136 108
137 138
137 465
138 812
139 140
139 511
140 604
141 142
141 274
142 724
143 144
143 588
144 580
145 146
145 770
146 446
147 148
147 478
148 758
149 150
149 733
150 251
151 152
151 810
152 692
153 29
153 154
154 310
155 156
155 509
156 439
157 158
157 772
158 470
159 141
159 160
160 360
161 162
161 291
162 187
163 164
163 331
164 227
165 166
165 766
166 304
167 168
167 369
168 392
169 5
169 170
170 519
171 172
171 773
172 12
173 174
173 303
174 453
175 176
175 265
176 92
177 178
177 188
178 760
179 180
179 673
180 293
181 182
181 659
182 232
183 101
183 184
184 763
185 186
185 341
186 440
187 188
187 484
188 311
189 182
189 190
190 68
191 117
191 192
192 127
193 194
193 201
194 410
195 196
195 481
196 660
197 198
197 320
198 516
199 200
199 299
200 22
201 202
201 349
202 11
203 204
203 688
204 352
205 206
205 755
206 494
207 208
207 814
208 346
209 210
209 343
210 332
211 103
211 212
212 135
213 214
213 467
214 609
215 216
215 425
216 486
217 218
217 526
218 233
219 171
219 220
220 517
221 222
221 259
222 528
223 224
223 441
224 482
225 226
225 347
226 641
227 106
227 228
228 364
229 40
229 230
230 95
231 120
231 232
232 508
233 234
233 388
234 30
235 74
235 236
236 540
237 238
237 756
238 458
239 240
239 490
240 706
241 242
241 507
242 210
243 244
243 574
244 86
245 236
245 246
246 658
247 130
247 248
248 224
249 250
249 488
250 300
251 45
251 252
252 804
253 254
253 319
254 618
255 15
255 256
256 317
257 258
257 391
258 288
259 260
259 329
260 522
261 245
261 262
262 577
263 264
263 322
264 281
265 266
265 436
266 464
267 89
267 268
268 79
269 207
269 270
270 651
271 272
271 307
272 718
273 274
273 571
274 663
275 276
275 743
276 85
277 278
277 633
278 416
279 280
279 539
280 104
281 70
281 282
282 252
283 280
283 284
284 761
285 209
285 286
286 406
287 218
287 288
288 336
289 290
289 644
290 147
291 292
291 597
292 160
293 294
293 405
294 598
295 81
295 296
296 4
297 298
297 479
298 88
299 300
299 776
300 784
301 241
301 302
302 732
303 304
303 419
304 737
305 184
305 306
306 681
307 123
307 308
308 421
309 310
309 463
310 180
311 32
311 312
312 156
313 314
313 448
314 358
315 316
315 375
316 443
317 318
317 791
318 215
319 320
319 629
320 752
321 309
321 322
322 640
323 324
323 759
324 109
325 23
325 326
326 143
327 60
327 328
328 75
329 330
329 355
330 556
331 33
331 332
332 113
333 334
333 635
334 146
335 111
335 336
336 806
337 179
337 338
338 114
339 340
339 769
340 447
341 342
341 473
342 639
343 344
343 483
344 308
345 306
345 346
346 323
347 348
347 393
348 531
349 350
349 566
350 628
351 352
351 359
352 98
353 354
353 667
354 707
355 356
355 777
356 764
357 358
357 623
358 382
359 213
359 360
360 136
361 174
361 362
362 205
363 364
363 697
364 112
365 195
365 366
366 107
367 71
367 368
368 762
369 122
369 370
370 480
371 69
371 372
372 685
373 223
373 374
374 548
375 376
375 745
376 514
377 378
377 666
378 720
379 165
379 380
380 170
381 53
381 382
382 290
383 384
383 778
384 412
385 386
385 449
386 554
387 388
387 721
388 59
389 73
389 390
390 134
391 392
391 730
392 1
393 255
393 394
394 450
395 396
395 605
396 622
397 93
397 398
398 77
399 66
399 400
400 686
401 39
401 402
402 474
403 41
403 404
404 506
405 406
405 798
406 664
407 55
407 408
408 586
409 410
409 747
410 63
411 412
411 809
412 16
413 379
413 414
414 154
415 414
415 416
416 682
417 418
417 557
418 555
419 420
419 787
420 124
421 377
421 422
422 390
423 424
423 476
424 76
425 411
425 426
426 532
427 428
427 607
428 643
429 50
429 430
430 690
431 295
431 432
432 231
433 204
433 434
434 186
435 436
435 551
436 671
437 49
437 438
438 316
439 338
439 440
440 202
441 219
441 442
442 498
443 444
443 665
444 102
445 446
445 601
446 80
447 448
447 587
448 365
449 163
449 450
450 350
451 297
451 452
452 558
453 337
453 454
454 626
455 90
455 456
456 632
457 285
457 458
458 203
459 460
459 636
460 125
461 220
461 462
462 545
463 464
463 627
464 492
465 466
465 573
466 670
467 468
467 739
468 684
469 105
469 470
470 234
471 472
471 491
472 653
473 387
473 474
474 735
475 217
475 476
476 594
477 478
477 552
478 34
479 480
479 549
480 270
481 260
481 482
482 662
483 484
483 581
484 216
485 486
485 751
486 487
487 18
487 488
488 396
489 490
489 572
490 166
491 132
491 492
492 229
493 244
493 494
494 614
495 214
495 496
496 222
497 131
497 498
498 376
499 500
499 561
500 372
501 502
501 505
502 716
503 504
503 646
504 584
505 506
505 753
506 169
507 221
507 508
508 669
509 151
509 510
510 456
511 451
511 512
512 133
513 514
513 687
514 5
515 516
515 799
516 11
517 518
517 689
518 144
519 238
519 520
520 28
521 351
521 522
522 250
523 433
523 524
524 564
525 526
525 654
526 356
527 528
527 705
528 780
529 530
529 679
530 61
531 12
531 532
532 650
533 534
533 567
534 408
535 248
535 536
536 596
537 444
537 538
538 126
539 119
539 540
540 471
541 542
541 645
542 298
543 254
543 544
544 802
545 43
545 546
546 368
547 326
547 548
548 550
549 430
549 550
550 504
551 173
551 552
552 495
553 460
553 554
554 87
555 279
555 556
556 703
557 541
557 558
558 167
559 533
559 560
560 258
561 562
561 568
562 312
563 362
563 564
564 96
565 427
565 566
566 529
567 235
567 568
568 261
569 267
569 570
570 749
571 572
571 811
572 563
573 574
573 621
574 138
575 576
575 591
576 676
577 547
577 578
578 792
579 286
579 580
580 228
581 582
581 661
582 503
583 499
583 584
584 714
585 262
585 586
586 578
587 82
587 588
588 272
589 485
589 590
590 630
591 25
591 592
592 434
593 594
593 637
594 535
595 273
595 596
596 518
597 501
597 598
598 546
599 305
599 600
600 212
601 264
601 602
602 208
603 604
603 691
604 38
605 606
605 774
606 78
607 339
607 608
608 794
609 610
609 771
610 424
611 3
611 612
612 631
613 64
613 614
614 240
615 57
615 616
616 6
617 58
617 618
618 403
619 620
619 704
620 118
621 622
621 649
622 97
623 624
623 712
624 493
625 99
625 626
626 366
627 371
627 628
628 793
629 630
629 717
630 742
631 632
631 746
632 803
633 315
633 634
634 249
635 284
635 636
636 287
637 345
637 638
638 675
639 62
639 640
640 116
641 613
641 642
642 422
643 559
643 644
644 438
645 646
645 695
646 121
647 583
647 648
648 544
649 185
649 650
650 754
651 602
651 652
652 648
653 193
653 654
654 37
655 176
655 656
656 115
657 437
657 658
658 426
659 660
659 744
660 652
661 662
661 741
662 194
663 413
663 664
664 624
665 72
665 666
666 727
667 668
667 719
668 768
669 634
669 670
670 140
671 137
671 672
672 765
673 381
673 674
674 523
675 513
675 676
676 592
677 420
677 678
678 786
679 183
679 680
680 489
681 129
681 682
682 42
683 510
683 684
684 100
685 400
685 686
686 525
687 230
687 688
688 242
689 175
689 690
690 199
691 263
691 692
692 538
693 694
693 805
694 785
695 457
695 696
696 398
697 401
697 698
698 530
699 164
699 700
700 152
701 520
701 702
702 502
703 615
703 704
704 496
705 271
705 706
706 536
707 466
707 708
708 168
709 710
709 795
710 14
711 373
711 712
712 579
713 296
713 714
714 282
715 27
715 716
716 610
717 718
717 775
718 54
719 367
719 720
720 512
721 385
721 722
722 354
723 619
723 724
724 575
725 700
725 726
726 740
727 328
727 728
728 748
729 699
729 730
730 562
731 314
731 732
732 148
733 36
733 734
734 723
735 325
735 736
736 500
737 192
737 738
738 725
739 275
739 740
740 46
741 595
741 742
742 782
743 243
743 744
744 157
745 395
745 746
746 779
747 693
747 748
748 642
749 65
749 750
750 617
751 709
751 752
752 477
753 35
753 754
754 708
755 91
755 756
756 189
757 429
757 758
758 246
759 13
759 760
760 357
761 268
761 762
762 31
763 83
763 764
764 226
765 582
765 766
766 333
767 253
767 768
768 277
769 335
769 770
770 52
771 606
771 772
772 459
773 774
773 801
774 361
775 668
775 776
776 153
777 778
777 797
778 190
779 56
779 780
780 469
781 67
781 782
782 576
783 47
783 784
784 423
785 445
785 786
786 383
787 17
787 788
788 128
789 162
789 790
790 560
791 757
791 792
792 800
793 20
793 794
794 237
795 515
795 796
796 384
797 565
797 798
798 713
799 527
799 800
800 378
801 301
801 802
802 736
803 239
803 804
804 715
805 407
805 806
806 26
807 537
807 808
808 158
809 431
809 810
810 276
811 191
811 812
812 397
813 807
813 814
814 677
