0 151
0 633
3 440
3 453
4 314
4 753
6 272
5 754
7 371
7 786
8 473
8 675
9 661
10 455
11 142
11 728
13 328
13 520
15 293
15 323
17 283
17 332
19 166
19 267
21 185
21 787
23 24
23 654
24 37
25 26
25 482
26 550
27 28
27 67
28 462
29 30
29 655
30 316
31 32
31 814
32 610
33 34
33 676
34 484
35 36
35 383
36 140
37 38
37 374
38 467
39 40
39 187
40 292
41 42
41 345
42 597
43 44
43 700
44 168
45 46
45 321
46 666
47 48
47 511
48 248
49 50
49 769
50 552
51 52
51 233
52 479
53 54
53 525
54 626
55 56
55 723
56 131
57 58
57 801
58 331
59 60
59 477
60 116
61 62
61 135
62 577
63 64
63 485
64 9
65 66
65 395
66 417
67 68
67 714
68 359
69 70
69 414
70 156
71 72
71 560
72 589
73 74
73 465
74 46
75 27
75 76
76 749
77 55
77 78
78 500
79 80
79 376
80 301
81 82
81 206
82 208
83 84
83 281
84 122
85 86
85 241
86 261
87 79
87 88
88 558
89 90
89 348
90 402
91 92
91 237
92 689
93 94
93 439
94 372
95 96
95 782
96 657
97 98
97 411
98 394
99 100
99 645
100 249
101 62
101 102
102 336
103 104
103 685
104 275
105 106
105 244
106 608
107 108
107 305
108 798
109 110
109 207
110 312
111 112
111 503
112 524
113 114
113 617
114 743
115 15
115 116
116 422
117 118
117 269
118 710
119 120
119 541
120 415
121 122
121 741
122 287
123 124
123 235
124 280
125 126
125 285
126 756
127 128
127 807
128 730
129 130
129 697
130 486
131 132
131 772
132 380
133 134
133 563
134 42
135 136
135 745
136 334
137 138
137 169
138 161
139 105
139 140
140 634
141 101
141 142
142 364
143 144
143 659
144 130
145 146
145 202
146 382
147 119
147 148
148 719
149 150
149 613
150 238
151 7
151 152
152 65
153 154
153 163
154 360
155 156
155 481
156 247
157 158
157 167
158 250
159 160
159 790
160 630
161 162
161 706
162 478
163 113
163 164
164 222
165 166
165 535
166 431
167 168
167 183
168 750
169 170
169 333
170 636
171 172
171 757
172 548
173 174
173 704
174 290
175 77
175 176
176 34
177 178
177 389
178 450
179 180
179 672
180 784
181 89
181 182
182 427
183 184
183 702
184 544
185 186
185 561
186 74
187 188
187 437
188 684
189 190
189 740
190 50
191 192
191 694
192 162
193 194
193 471
194 112
195 196
195 614
196 611
197 198
197 720
198 92
199 200
199 567
200 604
201 202
201 547
202 75
203 204
203 392
204 792
205 206
205 767
206 200
207 208
207 318
208 400
209 160
209 210
210 494
211 25
211 212
212 309
213 214
213 289
214 698
215 216
215 218
216 274
217 218
217 388
218 29
219 84
219 220
220 282
221 159
221 222
222 239
223 224
223 766
224 188
225 226
225 375
226 687
227 228
227 320
228 102
229 230
229 632
230 277
231 98
231 232
232 774
233 120
233 234
234 695
235 236
235 363
236 752
237 70
237 238
238 502
239 231
239 240
240 403
241 242
241 270
242 358
243 244
243 771
244 378
245 133
245 246
246 648
247 248
247 459
248 350
249 250
249 335
250 5
251 252
251 397
252 419
253 254
253 725
254 354
255 256
255 405
256 638
257 88
257 258
258 81
259 260
259 758
260 48
261 262
261 708
262 674
263 209
263 264
264 476
265 266
265 667
266 361
267 268
267 797
268 703
269 270
269 716
270 123
271 100
271 272
272 686
273 274
273 762
274 172
275 276
275 424
276 442
277 90
277 278
278 612
279 280
279 327
280 432
281 282
281 682
282 230
283 284
283 660
284 276
285 205
285 286
286 2
287 252
287 288
288 775
289 290
289 505
290 506
291 292
291 540
292 690
293 294
293 713
294 584
295 296
295 398
296 579
297 47
297 298
298 246
299 165
299 300
300 96
301 148
301 302
302 468
303 304
303 777
304 607
305 306
305 349
306 109
307 308
307 521
308 104
309 310
309 663
310 568
311 312
311 761
312 258
313 72
313 314
314 556
315 19
315 316
316 631
317 318
317 603
318 456
319 320
319 651
320 337
321 322
321 532
322 260
323 324
323 781
324 538
325 271
325 326
326 768
327 328
327 522
328 755
329 330
329 539
330 489
331 332
331 656
332 232
333 334
333 557
334 51
335 3
335 336
336 158
337 13
337 338
338 1
339 38
339 340
340 370
341 342
341 572
342 652
343 344
343 366
344 733
345 346
345 425
346 412
347 171
347 348
348 407
349 150
349 350
350 379
351 352
351 495
352 190
353 354
353 647
354 355
355 356
355 793
356 339
357 358
357 621
358 474
359 226
359 360
360 6
361 362
361 591
362 601
363 364
363 386
364 732
365 73
365 366
366 624
367 155
367 368
368 268
369 319
369 370
370 773
371 353
371 372
372 504
373 374
373 598
374 722
375 153
375 376
376 592
377 378
377 463
378 356
379 236
379 380
380 18
381 193
381 382
382 554
383 351
383 384
384 487
385 386
385 637
386 734
387 388
387 813
388 199
389 390
389 653
390 808
391 303
391 392
392 195
393 85
393 394
394 384
395 396
395 551
396 78
397 362
397 398
398 562
399 322
399 400
400 154
401 257
401 402
402 658
403 39
403 404
404 58
405 99
405 406
406 86
407 59
407 408
408 66
409 410
409 499
410 242
411 31
411 412
412 308
413 343
413 414
414 497
415 346
415 416
416 573
417 256
417 418
418 779
419 420
419 688
420 178
421 49
421 422
422 32
423 326
423 424
424 416
425 121
425 426
426 692
427 428
427 810
428 132
429 170
429 430
430 788
431 43
431 432
432 586
433 434
433 744
434 373
435 149
435 436
436 724
437 438
437 811
438 593
439 137
439 440
440 802
441 442
441 715
442 146
443 410
443 444
444 220
445 446
445 585
446 778
447 385
447 448
448 444
449 450
449 609
450 110
451 286
451 452
452 180
453 454
453 616
454 404
455 215
455 456
456 302
457 14
457 458
458 184
459 460
459 518
460 726
461 298
461 462
462 341
463 464
463 683
464 227
465 466
465 717
466 483
467 197
467 468
468 662
469 470
469 729
470 496
471 8
471 472
472 399
473 474
473 533
474 680
475 144
475 476
476 534
477 478
477 711
478 780
479 24
479 480
480 543
481 315
481 482
482 569
483 484
483 699
484 434
485 413
485 486
486 393
487 340
487 488
488 40
489 490
489 599
490 531
491 433
491 492
492 5
493 177
493 494
494 588
495 496
495 571
496 528
497 83
497 498
498 606
499 87
499 500
500 580
501 421
501 502
502 189
503 217
503 504
504 796
505 506
505 701
506 628
507 368
507 508
508 213
509 175
509 510
510 114
511 512
511 553
512 618
513 273
513 514
514 627
515 300
515 516
516 54
517 191
517 518
518 583
519 520
519 646
520 546
521 147
521 522
522 391
523 125
523 524
524 396
525 254
525 526
526 23
527 265
527 528
528 664
529 33
529 530
530 6
531 311
531 532
532 44
533 534
533 671
534 458
535 212
535 536
536 219
537 279
537 538
538 369
539 365
539 540
540 587
541 542
541 759
542 582
543 428
543 544
544 126
545 97
545 546
546 390
547 367
547 548
548 60
549 527
549 550
550 10
551 203
551 552
552 94
553 63
553 554
554 602
555 445
555 556
556 605
557 558
557 785
558 35
559 430
559 560
560 803
561 562
561 581
562 108
563 330
563 564
564 224
565 566
565 791
566 742
567 377
567 568
568 45
569 570
569 693
570 460
571 447
571 572
572 438
573 4
573 574
574 491
575 457
575 576
576 176
577 266
577 578
578 17
579 580
579 678
580 639
581 61
581 582
582 324
583 584
583 705
584 516
585 141
585 586
586 470
587 493
587 588
588 718
589 136
589 590
590 760
591 26
591 592
592 69
593 296
593 594
594 620
595 596
595 642
596 264
597 598
597 737
598 216
599 600
599 789
600 770
601 602
601 681
602 210
603 179
603 604
604 408
605 606
605 712
606 406
607 299
607 608
608 451
609 501
609 610
610 278
611 139
611 612
612 418
613 513
613 614
614 56
615 20
615 616
616 95
617 618
617 677
618 310
619 555
619 620
620 128
621 622
621 649
622 576
623 549
623 624
624 192
625 53
625 626
626 11
627 628
627 640
628 665
629 262
629 630
630 738
631 542
631 632
632 596
633 225
633 634
634 284
635 636
635 799
636 679
637 152
637 638
638 263
639 514
639 640
640 174
641 64
641 642
642 436
643 157
643 644
644 10
645 490
645 646
646 673
647 329
647 648
648 423
649 68
649 650
650 795
651 259
651 652
652 106
653 115
653 654
654 670
655 656
655 747
656 650
657 204
657 658
658 574
659 173
659 660
660 526
661 662
661 691
662 228
663 117
663 664
664 12
665 234
665 666
666 36
667 211
667 668
668 707
669 625
669 670
670 71
671 129
671 672
672 198
673 674
673 805
674 223
675 201
675 676
676 76
677 678
677 721
678 194
679 291
679 680
680 575
681 181
681 682
682 229
683 545
683 684
684 590
685 464
685 686
686 294
687 644
687 688
688 578
689 138
689 690
690 594
691 347
691 692
692 480
693 441
693 694
694 641
695 696
695 806
696 186
697 517
697 698
698 342
699 700
699 709
700 615
701 243
701 702
702 111
703 537
703 704
704 103
705 145
705 706
706 570
707 669
707 708
708 488
709 91
709 710
710 472
711 536
711 712
712 196
713 469
713 714
714 809
715 429
715 716
716 435
717 381
717 718
718 530
719 304
719 720
720 595
721 21
721 722
722 22
723 619
723 724
724 317
725 726
725 739
726 475
727 448
727 728
728 124
729 409
729 730
730 420
731 352
731 732
732 214
733 565
733 734
734 164
735 461
735 736
736 498
737 251
737 738
738 800
739 245
739 740
740 240
741 57
741 742
742 426
743 182
743 744
744 804
745 635
745 746
746 449
747 325
747 748
748 510
749 746
749 750
750 751
751 735
751 752
752 727
753 748
753 754
754 82
755 134
755 756
756 16
757 344
757 758
758 52
759 253
759 760
760 492
761 9
761 762
762 313
763 221
763 764
764 401
765 643
765 766
766 28
767 519
767 768
768 143
769 512
769 770
770 454
771 466
771 772
772 668
773 107
773 774
774 731
775 600
775 776
776 564
777 255
777 778
778 736
779 696
779 780
780 452
781 387
781 782
782 764
783 529
783 784
784 338
785 623
785 786
786 307
787 763
787 788
788 306
789 507
789 790
790 30
791 523
791 792
792 295
793 783
793 794
794 776
795 629
795 796
796 127
797 93
797 798
798 566
799 508
799 800
800 443
801 509
801 802
802 80
803 622
803 804
804 794
805 357
805 806
806 559
807 515
807 808
808 812
809 297
809 810
810 288
811 118
811 812
812 446
813 765
813 814
814 41
