0 439
0 461
3 235
3 677
4 196
4 594
6 398
5 388
7 511
7 793
8 567
8 706
9 311
10 709
11 295
11 798
13 222
13 606
15 8
15 63
17 164
17 619
19 201
19 785
21 82
21 217
23 24
23 85
24 172
25 26
25 324
26 149
27 28
27 479
28 731
29 30
29 114
30 505
31 32
31 571
32 142
33 34
33 175
34 160
35 36
35 668
36 522
37 38
37 406
38 592
39 40
39 182
40 385
41 25
41 42
42 118
43 44
43 155
44 174
45 46
45 698
46 666
47 48
47 681
48 462
49 50
49 425
50 226
51 52
51 449
52 459
53 54
53 257
54 590
55 56
55 313
56 34
57 58
57 159
58 66
59 60
59 121
60 86
61 62
61 210
62 803
63 64
63 243
64 100
65 58
65 66
66 552
67 68
67 701
68 682
69 70
69 329
70 750
71 72
71 315
72 241
73 74
73 359
74 378
75 31
75 76
76 253
77 28
77 78
78 185
79 80
79 565
80 9
81 82
81 585
82 570
83 84
83 501
84 685
85 86
85 301
86 487
87 88
87 652
88 604
89 90
89 477
90 499
91 92
91 110
92 410
93 94
93 770
94 572
95 96
95 615
96 334
97 98
97 219
98 689
99 100
99 716
100 586
101 102
101 318
102 693
103 27
103 104
104 534
105 81
105 106
106 758
107 108
107 755
108 493
109 110
109 588
110 578
111 112
111 325
112 92
113 114
113 268
114 240
115 116
115 613
116 812
117 118
117 721
118 64
119 120
119 671
120 9
121 122
121 374
122 469
123 124
123 739
124 429
125 126
125 245
126 140
127 128
127 441
128 583
129 130
129 753
130 414
131 132
131 153
132 314
133 134
133 352
134 526
135 136
135 635
136 608
137 138
137 805
138 147
139 140
139 626
140 124
141 60
141 142
142 116
143 144
143 161
144 789
145 146
145 751
146 780
147 148
147 340
148 48
149 150
149 386
150 514
151 152
151 783
152 287
153 154
153 284
154 553
155 156
155 195
156 416
157 132
157 158
158 68
159 160
159 810
160 734
161 162
161 809
162 700
163 164
163 769
164 513
165 166
165 293
166 743
167 76
167 168
168 470
169 170
169 525
170 290
171 172
171 249
172 426
173 174
173 627
174 630
175 176
175 228
176 642
177 47
177 178
178 696
179 180
179 247
180 754
181 182
181 350
182 566
183 184
183 801
184 32
185 186
185 199
186 180
187 188
187 317
188 126
189 190
189 707
190 591
191 192
191 298
192 788
193 194
193 465
194 387
195 167
195 196
196 683
197 198
197 529
198 205
199 200
199 779
200 357
201 202
201 347
202 216
203 204
203 440
204 730
205 206
205 397
206 11
207 71
207 208
208 12
209 210
209 547
210 213
211 212
211 766
212 584
213 50
213 214
214 569
215 216
215 777
216 727
217 218
217 579
218 79
219 51
219 220
220 648
221 193
221 222
222 480
223 224
223 595
224 1
225 226
225 663
226 65
227 228
227 657
228 394
229 188
229 230
230 726
231 200
231 232
232 401
233 234
233 267
234 96
235 236
235 752
236 448
237 238
237 294
238 184
239 6
239 240
240 509
241 242
241 495
242 360
243 244
243 775
244 341
245 83
245 246
246 336
247 135
247 248
248 381
249 250
249 327
250 423
251 252
251 523
252 19
253 146
253 254
254 212
255 256
255 749
256 302
257 258
257 533
258 286
259 260
259 497
260 289
261 262
261 390
262 285
263 264
263 646
264 428
265 207
265 266
266 447
267 268
267 455
268 757
269 270
269 691
270 516
271 101
271 272
272 252
273 274
273 684
274 506
275 276
275 299
276 26
277 278
277 500
278 20
279 280
279 283
280 328
281 144
281 282
282 450
283 284
283 611
284 367
285 286
285 476
286 494
287 288
287 339
288 710
289 290
289 653
290 784
291 292
291 597
292 77
293 179
293 294
294 266
295 59
295 296
296 310
297 255
297 298
298 421
299 300
299 395
300 678
301 93
301 302
302 134
303 304
303 492
304 274
305 306
305 444
306 686
307 104
307 308
308 348
309 43
309 310
310 356
311 250
311 312
312 233
313 189
313 314
314 713
315 316
315 813
316 69
317 223
317 318
318 29
319 320
319 537
320 73
321 322
321 369
322 370
323 324
323 649
324 383
325 309
325 326
326 277
327 328
327 345
328 323
329 330
329 333
330 53
331 332
331 337
332 800
333 334
333 376
334 804
335 292
335 336
336 326
337 338
337 503
338 176
339 340
339 519
340 589
341 16
341 342
342 46
343 344
343 765
344 94
345 346
345 661
346 5
347 139
347 348
348 304
349 227
349 350
350 670
351 154
351 352
352 554
353 251
353 354
354 62
355 308
355 356
356 746
357 109
357 358
358 718
359 111
359 360
360 162
361 362
361 531
362 430
363 335
363 364
364 728
365 366
365 466
366 446
367 272
367 368
368 768
369 291
369 370
370 622
371 122
371 372
372 232
373 321
373 374
374 664
375 376
375 453
376 365
377 378
377 452
378 338
379 244
379 380
380 601
381 78
381 382
382 708
383 384
383 799
384 74
385 386
385 436
386 392
387 388
387 415
388 108
389 165
389 390
390 128
391 392
391 667
392 238
393 394
393 695
394 166
395 396
395 763
396 808
397 398
397 541
398 748
399 368
399 400
400 796
401 402
401 629
402 88
403 404
403 484
404 774
405 209
405 406
406 281
407 191
407 408
408 90
409 410
409 620
410 488
411 131
411 412
412 99
413 242
413 414
414 759
415 87
415 416
416 355
417 55
417 418
418 756
419 354
419 420
420 6
421 422
421 504
422 535
423 424
423 680
424 400
425 10
425 426
426 273
427 152
427 428
428 234
429 430
429 650
430 322
431 432
431 451
432 521
433 177
433 434
434 117
435 436
435 532
436 136
437 438
437 679
438 194
439 440
439 771
440 699
441 442
441 551
442 270
443 444
443 658
444 4
445 57
445 446
446 44
447 107
447 448
448 229
449 15
449 450
450 471
451 375
451 452
452 13
453 454
453 457
454 722
455 33
455 456
456 560
457 458
457 781
458 647
459 113
459 460
460 306
461 373
461 462
462 795
463 464
463 744
464 660
465 466
465 641
466 636
467 468
467 618
468 732
469 470
469 776
470 712
471 472
471 645
472 150
473 105
473 474
474 258
475 45
475 476
476 474
477 24
477 478
478 738
479 480
479 542
480 475
481 482
481 644
482 18
483 484
483 633
484 80
485 433
485 486
486 130
487 186
487 488
488 14
489 490
489 772
490 669
491 353
491 492
492 141
493 494
493 623
494 170
495 496
495 517
496 202
497 72
497 498
498 807
499 181
499 500
500 276
501 248
501 502
502 454
503 504
503 577
504 697
505 506
505 512
506 806
507 98
507 508
508 303
509 510
509 632
510 676
511 512
511 527
512 463
513 472
513 514
514 520
515 183
515 516
516 138
517 458
517 518
518 211
519 520
519 562
520 482
521 522
521 705
522 37
523 524
523 609
524 178
525 399
525 526
526 640
527 279
527 528
528 271
529 530
529 617
530 89
531 148
531 532
532 2
533 305
533 534
534 481
535 536
535 764
536 600
537 187
537 538
538 246
539 540
539 638
540 256
541 542
541 621
542 672
543 544
543 703
544 261
545 473
545 546
546 404
547 548
547 687
548 106
549 23
549 550
550 438
551 539
551 552
552 654
553 389
553 554
554 576
555 123
555 556
556 714
557 558
557 811
558 405
559 445
559 560
560 263
561 129
561 562
562 5
563 564
563 599
564 275
565 566
565 637
566 540
567 280
567 568
568 220
569 570
569 575
570 556
571 225
571 572
572 422
573 574
573 767
574 288
575 576
575 702
576 574
577 61
577 578
578 420
579 151
579 580
580 204
581 137
581 582
582 419
583 330
583 584
584 478
585 555
585 586
586 112
587 351
587 588
588 41
589 590
589 674
590 264
591 371
591 592
592 56
593 115
593 594
594 346
595 550
595 596
596 733
597 437
597 598
598 206
599 21
599 600
600 362
601 602
601 614
602 624
603 40
603 604
604 262
605 606
605 724
606 760
607 67
607 608
608 741
609 563
609 610
610 42
611 119
611 612
612 602
613 312
613 614
614 802
615 382
615 616
616 536
617 393
617 618
618 715
619 412
619 620
620 364
621 622
621 723
622 158
623 190
623 624
624 296
625 197
625 626
626 278
627 17
627 628
628 39
629 630
629 740
630 361
631 145
631 632
632 342
633 587
633 634
634 358
635 489
635 636
636 407
637 265
637 638
638 467
639 269
639 640
640 38
641 417
641 642
642 628
643 491
643 644
644 704
645 259
645 646
646 659
647 648
647 673
648 424
649 490
649 650
650 717
651 95
651 652
652 507
653 598
653 654
654 380
655 35
655 656
656 616
657 203
657 658
658 593
659 427
659 660
660 762
661 655
661 662
662 725
663 664
663 787
664 797
665 607
665 666
666 460
667 171
667 668
668 747
669 363
669 670
670 52
671 431
671 672
672 379
673 297
673 674
674 409
675 103
675 676
676 344
677 573
677 678
678 544
679 7
679 680
680 49
681 157
681 682
682 332
683 456
683 684
684 169
685 442
685 686
686 384
687 485
687 688
688 778
689 320
689 690
690 603
691 549
691 692
692 510
693 631
693 694
694 790
695 564
695 696
696 208
697 530
697 698
698 546
699 625
699 700
700 508
701 702
701 814
702 486
703 102
703 704
704 239
705 688
705 706
706 349
707 528
707 708
708 502
709 710
709 791
710 402
711 230
711 712
712 468
713 483
713 714
714 22
715 282
715 716
716 343
717 718
717 773
718 377
719 391
719 720
720 737
721 198
721 722
722 331
723 36
723 724
724 30
725 125
725 726
726 612
727 413
727 728
728 634
729 411
729 730
730 236
731 432
731 732
732 568
733 734
733 792
734 254
735 10
735 736
736 561
737 548
737 738
738 711
739 319
739 740
740 745
741 54
741 742
742 610
743 260
743 744
744 580
745 418
745 746
746 435
747 557
747 748
748 192
749 662
749 750
750 133
751 719
751 752
752 316
753 173
753 754
754 307
755 675
755 756
756 582
757 372
757 758
758 692
759 720
759 760
760 224
761 214
761 762
762 366
763 127
763 764
764 84
765 596
765 766
766 156
767 498
767 768
768 91
769 581
769 770
770 559
771 215
771 772
772 143
773 496
773 774
774 464
775 237
775 776
776 408
777 163
777 778
778 75
779 735
779 780
780 396
781 643
781 782
782 651
783 729
783 784
784 742
785 218
785 786
786 515
787 434
787 788
788 761
789 403
789 790
790 736
791 443
791 792
792 300
793 120
793 794
794 231
795 656
795 796
796 524
797 3
797 798
798 690
799 545
799 800
800 518
801 558
801 802
802 794
803 605
803 804
804 538
805 221
805 806
806 70
807 639
807 808
808 694
809 665
809 810
810 782
811 786
811 812
812 168
813 543
813 814
814 97
