0 55
0 419
1 141
1 367
3 5
3 113
4 63
4 472
5 648
6 236
7 211
7 739
8 131
8 745
9 750
10 430
13 221
13 443
15 299
15 749
17 107
17 663
19 798
19 813
21 425
21 731
23 24
23 325
24 10
25 26
25 359
26 208
27 28
27 735
28 9
29 30
29 336
30 765
31 32
31 517
32 318
33 34
33 180
34 188
35 36
35 537
36 102
37 38
37 49
38 812
39 40
39 283
40 258
41 42
41 104
42 158
43 44
43 578
44 436
45 37
45 46
46 407
47 48
47 111
48 698
49 50
49 380
50 526
51 52
51 470
52 582
53 54
53 711
54 192
55 56
55 89
56 302
57 58
57 552
58 316
59 60
59 760
60 574
61 62
61 535
62 730
63 64
63 427
64 95
65 66
65 335
66 235
67 68
67 695
68 12
69 70
69 345
70 460
71 72
71 639
72 265
73 74
73 78
74 538
75 76
75 313
76 557
77 78
77 148
78 802
79 80
79 159
80 118
81 82
81 117
82 351
83 84
83 467
84 721
85 86
85 423
86 670
87 88
87 365
88 707
89 90
89 757
90 172
91 92
91 656
92 673
93 94
93 424
94 32
95 96
95 747
96 697
97 98
97 653
98 528
99 100
99 209
100 210
101 102
101 570
102 243
103 104
103 115
104 413
105 106
105 585
106 637
107 108
107 689
108 704
109 110
109 658
110 275
111 112
111 789
112 234
113 114
113 227
114 404
115 116
115 709
116 279
117 118
117 139
118 42
119 6
119 120
120 354
121 122
121 479
122 73
123 124
123 200
124 212
125 126
125 759
126 452
127 128
127 554
128 504
129 130
129 646
130 787
131 132
131 401
132 35
133 134
133 761
134 173
135 136
135 412
136 266
137 138
137 431
138 461
139 140
139 667
140 690
141 142
141 633
142 766
143 20
143 144
144 727
145 146
145 795
146 586
147 148
147 214
148 16
149 150
149 340
150 398
151 8
151 152
152 803
153 154
153 215
154 595
155 156
155 659
156 612
157 158
157 403
158 654
159 160
159 437
160 324
161 162
161 453
162 397
163 164
163 315
164 298
165 166
165 701
166 174
167 168
167 777
168 714
169 170
169 281
170 372
171 172
171 607
172 256
173 147
173 174
174 246
175 176
175 628
176 160
177 178
177 583
178 448
179 180
179 333
180 788
181 182
181 693
182 569
183 184
183 510
184 737
185 171
185 186
186 635
187 61
187 188
188 128
189 123
189 190
190 323
191 87
191 192
192 614
193 194
193 198
194 738
195 196
195 758
196 715
197 103
197 198
198 728
199 200
199 743
200 675
201 202
201 579
202 57
203 204
203 679
204 308
205 27
205 206
206 573
207 208
207 433
208 475
209 210
209 462
210 598
211 186
211 212
212 568
213 214
213 432
214 168
215 216
215 409
216 245
217 218
217 497
218 576
219 220
219 588
220 797
221 222
221 343
222 700
223 224
223 241
224 708
225 226
225 242
226 657
227 93
227 228
228 321
229 230
229 415
230 330
231 232
231 317
232 294
233 234
233 660
234 428
235 236
235 251
236 381
237 238
237 796
238 559
239 1
239 240
240 521
241 21
241 242
242 98
243 41
243 244
244 792
245 17
245 246
246 771
247 248
247 548
248 489
249 250
249 780
250 74
251 252
251 469
252 80
253 58
253 254
254 464
255 256
255 729
256 338
257 237
257 258
258 220
259 195
259 260
260 511
261 262
261 605
262 149
263 264
263 451
264 794
265 266
265 600
266 718
267 109
267 268
268 417
269 100
269 270
270 682
271 272
271 277
272 327
273 274
273 541
274 396
275 40
275 276
276 274
277 278
277 502
278 706
279 280
279 577
280 567
281 46
281 282
282 445
283 284
283 645
284 36
285 286
285 603
286 112
287 3
287 288
288 754
289 290
289 805
290 540
291 110
291 292
292 784
293 34
293 294
294 468
295 296
295 769
296 322
297 162
297 298
298 213
299 300
299 668
300 672
301 302
301 391
302 291
303 304
303 687
304 740
305 31
305 306
306 193
307 308
307 782
308 127
309 310
309 366
310 358
311 191
311 312
312 293
313 207
313 314
314 206
315 201
315 316
316 285
317 318
317 474
318 410
319 71
319 320
320 488
321 322
321 634
322 736
323 324
323 558
324 625
325 205
325 326
326 643
327 26
327 328
328 119
329 330
329 616
330 722
331 267
331 332
332 594
333 169
333 334
334 402
335 336
335 339
336 363
337 238
337 338
338 702
339 19
339 340
340 202
341 239
341 342
342 555
343 344
343 356
344 68
345 152
345 346
346 684
347 219
347 348
348 459
349 69
349 350
350 300
351 352
351 744
352 692
353 354
353 520
354 691
355 301
355 356
356 543
357 358
357 369
358 562
359 50
359 360
360 446
361 216
361 362
362 776
363 116
363 364
364 454
365 366
365 694
366 155
367 185
367 368
368 306
369 370
369 669
370 800
371 372
371 629
372 373
373 374
373 726
374 666
375 328
375 376
376 292
377 378
377 507
378 503
379 181
379 380
380 696
381 244
381 382
382 550
383 331
383 384
384 781
385 386
385 587
386 764
387 271
387 388
388 290
389 383
389 390
390 15
391 223
391 392
392 371
393 394
393 527
394 480
395 396
395 734
396 394
397 398
397 630
398 756
399 400
399 677
400 59
401 387
401 402
402 18
403 114
403 404
404 421
405 348
405 406
406 295
407 189
407 408
408 636
409 410
409 450
410 774
411 337
411 412
412 326
413 247
413 414
414 22
415 347
415 416
416 533
417 65
417 418
418 226
419 420
419 545
420 678
421 153
421 422
422 134
423 287
423 424
424 81
425 426
425 623
426 542
427 428
427 733
428 494
429 150
429 430
430 388
431 432
431 717
432 778
433 434
433 534
434 466
435 389
435 436
436 269
437 303
437 438
438 606
439 248
439 440
440 518
441 88
441 442
442 560
443 444
443 767
444 622
445 446
445 680
446 230
447 138
447 448
448 434
449 422
449 450
450 525
451 452
451 806
452 804
453 454
453 799
454 129
455 456
455 723
456 536
457 353
457 458
458 66
459 460
459 564
460 531
461 197
461 462
462 44
463 320
463 464
464 60
465 39
465 466
466 304
467 468
467 751
468 254
469 99
469 470
470 665
471 472
471 661
472 498
473 474
473 793
474 763
475 132
475 476
476 250
477 125
477 478
478 77
479 342
479 480
480 732
481 97
481 482
482 546
483 341
483 484
484 688
485 263
485 486
486 2
487 151
487 488
488 641
489 405
489 490
490 382
491 400
491 492
492 779
493 375
493 494
494 310
495 183
495 496
496 165
497 319
497 498
498 5
499 500
499 655
500 276
501 64
501 502
502 807
503 485
503 504
504 38
505 272
505 506
506 608
507 508
507 631
508 53
509 144
509 510
510 753
511 512
511 755
512 6
513 101
513 514
514 122
515 253
515 516
516 662
517 182
517 518
518 478
519 520
519 649
520 601
521 522
521 752
522 218
523 524
523 713
524 278
525 411
525 526
526 418
527 528
527 575
528 484
529 378
529 530
530 75
531 52
531 532
532 514
533 377
533 534
534 54
535 184
535 536
536 166
537 538
537 671
538 376
539 457
539 540
540 772
541 120
541 542
542 642
543 268
543 544
544 249
545 393
545 546
546 179
547 399
547 548
548 482
549 550
549 561
550 170
551 79
551 552
552 611
553 529
553 554
554 288
555 440
555 556
556 24
557 222
557 558
558 408
559 225
559 560
560 785
561 86
561 562
562 9
563 491
563 564
564 14
565 23
565 566
566 473
567 82
567 568
568 522
569 289
569 570
570 429
571 572
571 790
572 133
573 493
573 574
574 644
575 483
575 576
576 232
577 578
577 599
578 651
579 580
579 647
580 556
581 284
581 582
582 532
583 228
583 584
584 270
585 586
585 703
586 62
587 481
587 588
588 584
589 307
589 590
590 140
591 332
591 592
592 652
593 297
593 594
594 553
595 596
595 617
596 90
597 598
597 619
598 515
599 203
599 600
600 43
601 501
601 602
602 499
603 547
603 604
604 626
605 105
605 606
606 775
607 7
607 608
608 362
609 438
609 610
610 48
611 143
611 612
612 233
613 262
613 614
614 204
615 30
615 616
616 770
617 492
617 618
618 76
619 163
619 620
620 808
621 56
621 622
622 509
623 379
623 624
624 566
625 374
625 626
626 486
627 477
627 628
628 495
629 84
629 630
630 175
631 551
631 632
632 260
633 471
633 634
634 92
635 636
635 801
636 94
637 406
637 638
638 500
639 549
639 640
640 136
641 516
641 642
642 329
643 91
643 644
644 724
645 385
645 646
646 664
647 196
647 648
648 814
649 309
649 650
650 350
651 565
651 652
652 156
653 523
653 654
654 286
655 96
655 656
656 563
657 591
657 658
658 746
659 465
659 660
660 273
661 311
661 662
662 252
663 449
663 664
664 25
665 154
665 666
666 618
667 668
667 725
668 386
669 621
669 670
670 187
671 672
671 705
672 121
673 674
673 791
674 146
675 130
675 676
676 296
677 571
677 678
678 590
679 597
679 680
680 334
681 487
681 682
682 683
683 609
683 684
684 11
685 360
685 686
686 10
687 602
687 688
688 45
689 444
689 690
690 596
691 28
691 692
692 240
693 145
693 694
694 257
695 83
695 696
696 135
697 392
697 698
698 632
699 700
699 810
700 524
701 106
701 702
702 442
703 613
703 704
704 638
705 167
705 706
706 676
707 593
707 708
708 420
709 67
709 710
710 157
711 255
711 712
712 506
713 47
713 714
714 456
715 539
715 716
716 512
717 13
717 718
718 716
719 137
719 720
720 620
721 458
721 722
722 686
723 610
723 724
724 370
725 4
725 726
726 190
727 349
727 728
728 496
729 305
729 730
730 762
731 259
731 732
732 264
733 627
733 734
734 51
735 416
735 736
736 124
737 738
737 809
738 463
739 519
739 740
740 748
741 395
741 742
742 783
743 435
743 744
744 368
745 746
745 811
746 414
747 229
747 748
748 231
749 178
749 750
750 33
751 455
751 752
752 70
753 741
753 754
754 544
755 685
755 756
756 439
757 758
757 773
758 85
759 361
759 760
760 161
761 364
761 762
762 490
763 604
763 764
764 176
765 699
765 766
766 177
767 357
767 768
768 224
769 194
769 770
770 282
771 312
771 772
772 476
773 355
773 774
774 346
775 592
775 776
776 581
777 384
777 778
778 314
779 615
779 780
780 505
781 742
781 782
782 720
783 280
783 784
784 786
785 426
785 786
786 344
787 164
787 788
788 674
789 719
789 790
790 710
791 589
791 792
792 126
793 390
793 794
794 768
795 199
795 796
796 72
797 217
797 798
798 261
799 441
799 800
800 650
801 29
801 802
802 108
803 712
803 804
804 624
805 681
805 806
806 142
807 572
807 808
808 580
809 513
809 810
810 508
811 530
811 812
812 352
813 447
813 814
814 640
