0 305
0 635
3 189
3 389
4 267
4 290
6 455
5 187
7 172
7 692
8 24
8 767
10 90
9 259
11 582
11 674
13 26
13 149
15 312
15 490
17 509
17 535
19 378
19 659
21 348
21 631
23 24
23 441
24 139
25 26
25 132
26 401
27 28
27 704
28 552
29 30
29 352
30 300
31 32
31 519
32 392
33 34
33 205
34 188
35 36
35 165
36 6
37 38
37 181
38 782
39 40
39 597
40 302
41 42
41 652
42 216
43 44
43 96
44 701
45 46
45 466
46 66
47 48
47 270
48 260
49 50
49 683
50 298
51 52
51 301
52 710
53 21
53 54
54 210
55 56
55 122
56 571
57 58
57 233
58 553
59 60
59 231
60 534
61 62
61 806
62 443
63 64
63 446
64 154
65 66
65 241
66 22
67 68
67 678
68 481
69 70
69 266
70 192
71 72
71 567
72 280
73 74
73 572
74 223
75 76
75 222
76 169
77 78
77 662
78 252
79 80
79 500
80 508
81 82
81 798
82 714
83 84
83 538
84 467
85 86
85 493
86 424
87 88
87 354
88 102
89 90
89 372
90 336
91 92
91 544
92 649
93 94
93 221
94 802
95 96
95 548
96 647
97 98
97 337
98 416
99 100
99 479
100 133
101 48
101 102
102 748
103 104
103 717
104 291
105 106
105 790
106 2
107 108
107 410
108 482
109 110
109 459
110 209
111 10
111 112
112 658
113 114
113 549
114 320
115 91
115 116
116 39
117 118
117 593
118 323
119 120
119 668
120 83
121 122
121 727
122 239
123 124
123 274
124 170
125 126
125 633
126 522
127 128
127 546
128 234
129 130
129 334
130 113
131 40
131 132
132 702
133 7
133 134
134 30
135 67
135 136
136 105
137 138
137 331
138 501
139 140
139 349
140 186
141 119
141 142
142 201
143 144
143 402
144 586
145 143
145 146
146 166
147 148
147 532
148 799
149 33
149 150
150 286
151 152
151 431
152 598
153 154
153 268
154 755
155 17
155 156
156 230
157 158
157 559
158 414
159 160
159 605
160 296
161 162
161 356
162 695
163 65
163 164
164 436
165 166
165 543
166 46
167 99
167 168
168 688
169 8
169 170
170 660
171 172
171 691
172 610
173 174
173 618
174 785
175 171
175 176
176 512
177 178
177 541
178 505
179 180
179 220
180 120
181 71
181 182
182 11
183 177
183 184
184 531
185 186
185 697
186 124
187 188
187 698
188 339
189 190
189 772
190 229
191 92
191 192
192 554
193 41
193 194
194 327
195 196
195 457
196 272
197 198
197 497
198 344
199 131
199 200
200 575
201 44
201 202
202 768
203 204
203 373
204 195
205 206
205 383
206 626
207 208
207 315
208 781
209 210
209 418
210 655
211 212
211 374
212 600
213 118
213 214
214 426
215 216
215 581
216 547
217 218
217 275
218 562
219 220
219 369
220 766
221 222
221 583
222 395
223 224
223 370
224 190
225 226
225 303
226 444
227 75
227 228
228 786
229 156
229 230
230 591
231 232
231 413
232 134
233 234
233 636
234 294
235 236
235 385
236 80
237 238
237 427
238 163
239 240
239 311
240 138
241 242
241 677
242 116
243 244
243 399
244 747
245 180
245 246
246 12
247 248
247 450
248 740
249 250
249 579
250 84
251 252
251 345
252 795
253 254
253 435
254 439
255 256
255 319
256 86
257 258
257 812
258 34
259 260
259 480
260 648
261 262
261 749
262 516
263 54
263 264
264 112
265 200
265 266
266 627
267 268
267 711
268 656
269 270
269 297
270 93
271 272
271 564
272 50
273 274
273 725
274 38
275 276
275 341
276 20
277 278
277 723
278 498
279 178
279 280
280 588
281 282
281 360
282 279
283 284
283 814
284 332
285 286
285 521
286 524
287 288
287 405
288 620
289 61
289 290
290 442
291 292
291 347
292 164
293 294
293 359
294 82
295 296
295 813
296 152
297 53
297 298
298 69
299 300
299 764
300 308
301 302
301 557
302 167
303 121
303 304
304 639
305 306
305 689
306 686
307 253
307 308
308 247
309 310
309 769
310 357
311 312
311 685
312 43
313 217
313 314
314 97
315 161
315 316
316 503
317 318
317 624
318 720
319 320
319 718
320 676
321 322
321 425
322 762
323 324
323 388
324 94
325 257
325 326
326 654
327 328
327 563
328 669
329 330
329 484
330 528
331 332
331 406
332 145
333 334
333 432
334 5
335 151
335 336
336 25
337 338
337 634
338 324
339 340
339 780
340 317
341 342
341 517
342 362
343 344
343 673
344 542
345 346
345 507
346 775
347 326
347 348
348 792
349 350
349 616
350 774
351 108
351 352
352 123
353 162
353 354
354 796
355 137
355 356
356 214
357 358
357 770
358 144
359 289
359 360
360 731
361 362
361 463
362 787
363 364
363 594
364 590
365 366
365 645
366 460
367 368
367 665
368 751
369 35
369 370
370 408
371 372
371 735
372 198
373 374
373 474
374 469
375 376
375 511
376 299
377 378
377 763
378 489
379 251
379 380
380 412
381 207
381 382
382 142
383 321
383 384
384 314
385 59
385 386
386 411
387 388
387 606
388 518
389 390
389 741
390 68
391 60
391 392
392 168
393 293
393 394
394 160
395 16
395 396
396 722
397 277
397 398
398 228
399 400
399 690
400 226
401 87
401 402
402 650
403 404
403 451
404 278
405 235
405 406
406 381
407 408
407 667
408 545
409 13
409 410
410 453
411 412
411 705
412 232
413 414
413 607
414 756
415 416
415 753
416 127
417 418
417 475
418 496
419 255
419 420
420 182
421 261
421 422
422 101
423 424
423 726
424 449
425 426
425 797
426 63
427 428
427 641
428 391
429 307
429 430
430 52
431 432
431 700
432 306
433 206
433 434
434 520
435 436
435 703
436 434
437 197
437 438
438 580
439 242
439 440
440 147
441 135
441 442
442 525
443 4
443 444
444 74
445 175
445 446
446 276
447 448
447 789
448 196
449 288
449 450
450 637
451 57
451 452
452 447
453 49
453 454
454 736
455 285
455 456
456 742
457 429
457 458
458 88
459 281
459 460
460 486
461 462
461 694
462 684
463 199
463 464
464 36
465 466
465 805
466 730
467 468
467 478
468 476
469 227
469 470
470 759
471 365
471 472
472 390
473 474
473 533
474 663
475 129
475 476
476 612
477 109
477 478
478 364
479 62
479 480
480 670
481 375
481 482
482 550
483 484
483 646
484 589
485 486
485 653
486 400
487 397
487 488
488 76
489 490
489 739
490 619
491 492
491 807
492 376
493 491
493 494
494 330
495 496
495 513
496 464
497 488
497 498
498 621
499 32
499 500
500 218
501 111
501 502
502 70
503 328
503 504
504 570
505 273
505 506
506 746
507 37
507 508
508 89
509 159
509 510
510 14
511 335
511 512
512 625
513 514
513 651
514 353
515 225
515 516
516 506
517 130
517 518
518 584
519 515
519 520
520 98
521 379
521 522
522 470
523 524
523 779
524 487
525 526
525 794
526 136
527 528
527 664
528 438
529 55
529 530
530 757
531 148
531 532
532 382
533 534
533 771
534 632
535 265
535 536
536 202
537 208
537 538
538 404
539 100
539 540
540 244
541 542
541 555
542 810
543 407
543 544
544 569
545 546
545 603
546 29
547 343
547 548
548 642
549 42
549 550
550 78
551 125
551 552
552 788
553 258
553 554
554 256
555 529
555 556
556 271
557 558
557 707
558 502
559 560
559 811
560 716
561 562
561 721
562 614
563 51
563 564
564 681
565 566
565 800
566 212
567 155
567 568
568 380
569 254
569 570
570 661
571 237
571 572
572 179
573 419
573 574
574 246
575 576
575 712
576 284
577 499
577 578
578 263
579 580
579 682
580 778
581 582
581 615
582 706
583 157
583 584
584 249
585 526
585 586
586 106
587 203
587 588
588 384
589 551
589 590
590 568
591 240
591 592
592 248
593 594
593 613
594 537
595 504
595 596
596 744
597 322
597 598
598 310
599 386
599 600
600 573
601 204
601 602
602 79
603 604
603 801
604 784
605 606
605 738
606 458
607 23
607 608
608 793
609 409
609 610
610 657
611 612
611 791
612 592
613 601
613 614
614 430
615 56
615 616
616 9
617 377
617 618
618 556
619 620
619 629
620 18
621 578
621 622
622 565
623 417
623 624
624 338
625 626
625 671
626 456
627 628
627 754
628 644
629 440
629 630
630 126
631 367
631 632
632 115
633 150
633 634
634 27
635 636
635 761
636 325
637 638
637 724
638 777
639 611
639 640
640 396
641 47
641 642
642 15
643 238
643 644
644 1
645 117
645 646
646 523
647 351
647 648
648 358
649 650
649 732
650 560
651 652
651 765
652 477
653 428
653 654
654 465
655 656
655 713
656 342
657 415
657 658
658 638
659 660
659 728
660 250
661 184
661 662
662 174
663 664
663 737
664 808
665 371
665 666
666 433
667 81
667 668
668 107
669 483
669 670
670 602
671 672
671 809
672 623
673 577
673 674
674 153
675 585
675 676
676 696
677 393
677 678
678 19
679 530
679 680
680 110
681 682
681 743
682 574
683 329
683 684
684 264
685 495
685 686
686 527
687 313
687 688
688 514
689 295
689 690
690 687
691 176
691 692
692 666
693 471
693 694
694 287
695 679
695 696
696 350
697 85
697 698
698 6
699 219
699 700
700 243
701 211
701 702
702 640
703 193
703 704
704 448
705 363
705 706
706 309
707 708
707 719
708 191
709 420
709 710
710 10
711 672
711 712
712 141
713 561
713 714
714 366
715 262
715 716
716 558
717 316
717 718
718 709
719 282
719 720
720 146
721 95
721 722
722 454
723 595
723 724
724 462
725 461
725 726
726 776
727 269
727 728
728 445
729 194
729 730
730 394
731 729
731 732
732 9
733 387
733 734
734 540
735 609
735 736
736 422
737 738
737 803
738 539
739 421
739 740
740 158
741 693
741 742
742 452
743 361
743 744
744 423
745 283
745 746
746 58
747 213
747 748
748 804
749 750
749 783
750 318
751 103
751 752
752 340
753 437
753 754
754 622
755 510
755 756
756 715
757 368
757 758
758 292
759 28
759 760
760 576
761 31
761 762
762 472
763 608
763 764
764 128
765 587
765 766
766 485
767 675
767 768
768 72
769 734
769 770
770 708
771 183
771 772
772 617
773 599
773 774
774 494
775 245
775 776
776 604
777 114
777 778
778 752
779 680
779 780
780 760
781 104
781 782
782 596
783 355
783 784
784 468
785 536
785 786
786 140
787 236
787 788
788 398
789 773
789 790
790 492
791 215
791 792
792 733
793 73
793 794
794 5
795 566
795 796
796 64
797 473
797 798
798 185
799 77
799 800
800 758
801 45
801 802
802 750
803 699
803 804
804 630
805 346
805 806
806 628
807 304
807 808
808 173
809 333
809 810
810 745
811 403
811 812
812 3
813 643
813 814
814 224
