0 273
0 567
3 23
3 497
4 345
4 689
5 693
6 739
7 128
7 354
8 563
8 576
9 294
10 142
11 254
11 569
13 386
13 654
15 41
15 811
17 404
17 678
19 592
19 711
21 184
21 266
23 24
23 506
24 465
25 26
25 629
26 740
27 28
27 812
28 236
29 30
29 560
30 564
31 32
31 622
32 480
33 34
33 376
34 502
35 36
35 227
36 491
37 38
37 217
38 579
39 40
39 85
40 34
41 36
41 42
42 111
43 44
43 719
44 79
45 46
45 805
46 302
47 48
47 218
48 468
49 5
49 50
50 356
51 52
51 777
52 396
53 54
53 599
54 100
55 56
55 255
56 118
57 58
57 424
58 394
59 60
59 181
60 152
61 62
61 779
62 446
63 64
63 748
64 320
65 66
65 264
66 14
67 68
67 175
68 163
69 70
69 587
70 588
71 72
71 346
72 462
73 74
73 773
74 758
75 76
75 661
76 214
77 78
77 315
78 619
79 80
79 471
80 204
81 82
81 141
82 119
83 84
83 679
84 486
85 86
85 362
86 244
87 88
87 411
88 459
89 90
89 626
90 756
91 92
91 335
92 495
93 94
93 425
94 402
95 96
95 176
96 519
97 98
97 209
98 489
99 100
99 793
100 618
101 102
101 233
102 797
103 104
103 675
104 544
105 106
105 305
106 673
107 108
107 790
108 250
109 25
109 110
110 286
111 112
111 713
112 33
113 114
113 524
114 278
115 116
115 434
116 702
117 118
117 490
118 102
119 120
119 580
120 440
121 122
121 267
122 108
123 66
123 124
124 268
125 126
125 732
126 81
127 128
127 766
128 13
129 130
129 415
130 778
131 132
131 240
132 554
133 134
133 659
134 317
135 27
135 136
136 173
137 138
137 313
138 730
139 15
139 140
140 235
141 142
141 662
142 352
143 144
143 743
144 400
145 146
145 753
146 725
147 148
147 219
148 648
149 150
149 545
150 806
151 152
151 341
152 450
153 154
153 353
154 710
155 156
155 612
156 355
157 126
157 158
158 222
159 160
159 485
160 708
161 162
161 327
162 724
163 164
163 332
164 608
165 166
165 780
166 282
167 168
167 269
168 557
169 170
169 624
170 772
171 172
171 663
172 383
173 174
173 813
174 796
175 176
175 199
176 432
177 178
177 323
178 298
179 180
179 775
180 802
181 167
181 182
182 747
183 52
183 184
184 674
185 186
185 389
186 414
187 188
187 292
188 614
189 190
189 382
190 672
191 192
191 533
192 628
193 194
193 768
194 124
195 196
195 647
196 224
197 198
197 504
198 1
199 200
199 245
200 809
201 202
201 731
202 28
203 204
203 754
204 698
205 206
205 795
206 297
207 208
207 230
208 448
209 210
209 589
210 130
211 212
211 787
212 472
213 214
213 477
214 456
215 216
215 360
216 194
217 200
217 218
218 633
219 220
219 303
220 561
221 9
221 222
222 584
223 60
223 224
224 516
225 226
225 752
226 375
227 105
227 228
228 630
229 230
229 531
230 565
231 77
231 232
232 657
233 131
233 234
234 776
235 135
235 236
236 88
237 238
237 520
238 94
239 240
239 537
240 670
241 242
241 800
242 178
243 127
243 244
244 755
245 246
245 403
246 357
247 248
247 265
248 239
249 250
249 803
250 212
251 252
251 785
252 6
253 254
253 476
254 213
255 256
255 781
256 57
257 231
257 258
258 762
259 260
259 535
260 117
261 262
261 391
262 690
263 264
263 438
264 241
265 266
265 687
266 98
267 159
267 268
268 704
269 251
269 270
270 467
271 220
271 272
272 581
273 274
273 416
274 96
275 221
275 276
276 185
277 262
277 278
278 310
279 280
279 568
280 289
281 282
281 501
282 202
283 284
283 445
284 350
285 253
285 286
286 72
287 288
287 575
288 80
289 290
289 458
290 206
291 292
291 559
292 437
293 294
293 444
294 660
295 296
295 372
296 668
297 298
297 676
298 92
299 232
299 300
300 325
301 302
301 655
302 529
303 304
303 573
304 549
305 93
305 306
306 123
307 308
307 319
308 709
309 29
309 310
310 56
311 312
311 697
312 82
313 195
313 314
314 436
315 316
315 427
316 228
317 270
317 318
318 309
319 320
319 571
320 122
321 164
321 322
322 682
323 324
323 667
324 279
325 326
325 717
326 314
327 328
327 367
328 686
329 330
329 681
330 398
331 243
331 332
332 132
333 272
333 334
334 109
335 336
335 738
336 442
337 338
337 808
338 390
339 165
339 340
340 210
341 337
341 342
342 408
343 344
343 593
344 322
345 246
345 346
346 226
347 348
347 604
348 328
349 350
349 637
350 89
351 352
351 405
352 290
353 354
353 723
354 609
355 110
355 356
356 656
357 358
357 522
358 541
359 360
359 451
360 407
361 362
361 443
362 523
363 364
363 542
364 550
365 35
365 366
366 782
367 368
367 741
368 788
369 329
369 370
370 188
371 372
371 572
372 129
373 3
373 374
374 534
375 44
375 376
376 58
377 378
377 786
378 84
379 380
379 553
380 528
381 382
381 691
382 552
383 17
383 384
384 574
385 386
385 695
386 276
387 388
387 751
388 644
389 390
389 737
390 750
391 392
391 605
392 90
393 86
393 394
394 431
395 177
395 396
396 744
397 398
397 749
398 722
399 151
399 400
400 136
401 365
401 402
402 50
403 229
403 404
404 333
405 406
405 771
406 216
407 38
407 408
408 680
409 410
409 721
410 387
411 412
411 635
412 540
413 76
413 414
414 417
415 140
415 416
416 103
417 418
417 547
418 312
419 116
419 420
420 120
421 422
421 582
422 9
423 424
423 761
424 433
425 426
425 769
426 378
427 428
427 603
428 794
429 189
429 430
430 26
431 91
431 432
432 536
433 434
433 705
434 435
435 145
435 436
436 684
437 438
437 683
438 784
439 440
439 623
440 760
441 252
441 442
442 664
443 104
443 444
444 586
445 24
445 446
446 31
447 401
447 448
448 699
449 450
449 505
450 277
451 371
451 452
452 186
453 55
453 454
454 597
455 193
455 456
456 155
457 458
457 736
458 774
459 460
459 515
460 148
461 462
461 463
462 412
463 4
463 464
464 10
465 466
465 665
466 598
467 468
467 712
468 706
469 470
469 591
470 807
471 144
471 472
472 392
473 179
473 474
474 69
475 171
475 476
476 296
477 478
477 669
478 190
479 423
479 480
480 641
481 349
481 482
482 339
483 162
483 484
484 764
485 474
485 486
486 68
487 295
487 488
488 420
489 490
489 627
490 324
491 492
491 617
492 384
493 59
493 494
494 578
495 496
495 814
496 330
497 257
497 498
498 759
499 71
499 500
500 430
501 326
501 502
502 2
503 457
503 504
504 284
505 506
505 625
506 49
507 508
507 590
508 160
509 187
509 510
510 18
511 512
511 646
512 198
513 426
513 514
514 63
515 154
515 516
516 804
517 518
517 727
518 611
519 520
519 716
520 466
521 522
521 729
522 483
523 494
523 524
524 746
525 260
525 526
526 418
527 399
527 528
528 22
529 138
529 530
530 428
531 453
531 532
532 169
533 473
533 534
534 359
535 536
535 649
536 610
537 308
537 538
538 215
539 492
539 540
540 280
541 285
541 542
542 500
543 544
543 745
544 700
545 291
545 546
546 75
547 548
547 632
548 512
549 421
549 550
550 40
551 207
551 552
552 6
553 554
553 651
554 32
555 180
555 556
556 527
557 261
557 558
558 203
559 454
559 560
560 718
561 51
561 562
562 166
563 556
563 564
564 526
565 149
565 566
566 30
567 568
567 789
568 62
569 570
569 763
570 83
571 479
571 572
572 631
573 574
573 645
574 137
575 225
575 576
576 223
577 578
577 595
578 101
579 107
579 580
580 634
581 582
581 783
582 258
583 97
583 584
584 338
585 248
585 586
586 54
587 588
587 607
588 798
589 590
589 767
590 499
591 583
591 592
592 146
593 482
593 594
594 363
595 311
595 596
596 503
597 61
597 598
598 134
599 183
599 600
600 596
601 12
601 602
602 696
603 133
603 604
604 397
605 606
605 701
606 358
607 293
607 608
608 530
609 610
609 810
610 613
611 334
611 612
612 601
613 488
613 614
614 157
615 510
615 616
616 548
617 161
617 618
618 602
619 288
619 620
620 566
621 343
621 622
622 703
623 172
623 624
624 374
625 626
625 765
626 10
627 287
627 628
628 348
629 275
629 630
630 192
631 247
631 632
632 460
633 263
633 634
634 344
635 469
635 636
636 514
637 238
637 638
638 113
639 331
639 640
640 274
641 507
641 642
642 112
643 487
643 644
644 158
645 646
645 653
646 7
647 42
647 648
648 306
649 301
649 650
650 208
651 652
651 770
652 143
653 43
653 654
654 39
655 67
655 656
656 636
657 153
657 658
658 21
659 475
659 660
660 47
661 662
661 791
662 211
663 99
663 664
664 48
665 45
665 666
666 237
667 668
667 720
668 543
669 182
669 670
670 377
671 551
671 672
672 150
673 361
673 674
674 380
675 74
675 676
676 174
677 281
677 678
678 508
679 600
679 680
680 78
681 419
681 682
682 714
683 429
683 684
684 422
685 121
685 686
686 340
687 461
687 688
688 728
689 652
689 690
690 481
691 168
691 692
692 538
693 694
693 715
694 511
695 271
695 696
696 555
697 493
697 698
698 478
699 546
699 700
700 558
701 37
701 702
702 316
703 464
703 704
704 388
705 706
705 707
706 616
707 532
707 708
708 196
709 5
709 710
710 642
711 410
711 712
712 413
713 11
713 714
714 336
715 539
715 716
716 518
717 640
717 718
718 621
719 671
719 720
720 801
721 585
721 722
722 342
723 650
723 724
724 733
725 156
725 726
726 484
727 147
727 728
728 64
729 347
729 730
730 606
731 577
731 732
732 677
733 205
733 734
734 688
735 249
735 736
736 8
737 106
737 738
738 20
739 73
739 740
740 638
741 439
741 742
742 792
743 304
743 744
744 685
745 300
745 746
746 197
747 658
747 748
748 234
749 87
749 750
750 70
751 470
751 752
752 666
753 643
753 754
754 393
755 318
755 756
756 498
757 509
757 758
758 364
759 368
759 760
760 16
761 447
761 762
762 115
763 351
763 764
764 525
765 373
765 766
766 521
767 385
767 768
768 139
769 449
769 770
770 799
771 283
771 772
772 125
773 19
773 774
774 562
775 307
775 776
776 369
777 395
777 778
778 370
779 299
779 780
780 742
781 517
781 782
782 379
783 366
783 784
784 65
785 639
785 786
786 53
787 692
787 788
788 452
789 191
789 790
790 594
791 201
791 792
792 513
793 259
793 794
794 170
795 757
795 796
796 406
797 496
797 798
798 620
799 381
799 800
800 726
801 455
801 802
802 570
803 46
803 804
804 615
805 441
805 806
806 734
807 694
807 808
808 321
809 256
809 810
810 735
811 95
811 812
812 409
813 242
813 814
814 114
