0 674
0 695
1 495
1 723
3 17
3 752
5 143
4 46
4 334
6 531
9 10
9 47
10 63
10 105
11 153
12 213
13 481
13 645
15 138
15 539
17 484
17 501
19 190
19 610
21 750
21 803
23 24
23 73
24 706
25 26
25 600
26 319
27 28
27 450
28 664
29 30
29 538
30 395
31 32
31 436
32 534
33 34
33 786
34 178
35 36
35 193
36 262
37 38
37 498
38 135
39 40
39 470
40 108
41 42
41 692
42 698
43 44
43 404
44 602
45 46
45 443
46 415
47 11
47 48
48 312
49 50
49 299
50 211
51 52
51 97
52 719
53 54
53 351
54 742
55 56
55 783
56 626
57 27
57 58
58 526
59 60
59 557
60 410
61 62
61 89
62 248
63 64
63 315
64 798
65 56
65 66
66 472
67 68
67 499
68 172
69 70
69 483
70 162
71 72
71 655
72 512
73 74
73 475
74 560
75 39
75 76
76 453
77 78
77 396
78 570
79 43
79 80
80 354
81 82
81 494
82 14
83 84
83 667
84 605
85 86
85 782
86 342
87 88
87 647
88 288
89 90
89 313
90 5
91 92
91 688
92 258
93 94
93 394
94 519
95 96
95 389
96 614
97 98
97 217
98 373
99 100
99 298
100 126
101 102
101 529
102 290
103 104
103 726
104 416
105 106
105 611
106 238
107 52
107 108
108 552
109 110
109 703
110 186
111 112
111 115
112 307
113 114
113 568
114 350
115 116
115 387
116 537
117 31
117 118
118 82
119 120
119 366
120 421
121 122
121 635
122 542
123 124
123 297
124 629
125 126
125 134
126 768
127 128
127 272
128 446
129 130
129 194
130 363
131 132
131 801
132 4
133 134
133 349
134 236
135 136
135 673
136 785
137 138
137 353
138 205
139 101
139 140
140 684
141 142
141 683
142 812
143 84
143 144
144 33
145 146
145 773
146 787
147 148
147 587
148 379
149 150
149 377
150 306
151 152
151 333
152 300
153 154
153 230
154 426
155 133
155 156
156 696
157 158
157 805
158 59
159 160
159 383
160 656
161 162
161 476
162 372
163 164
163 413
164 175
165 123
165 166
166 417
167 168
167 269
168 268
169 170
169 295
170 438
171 172
171 291
172 165
173 155
173 174
174 181
175 176
175 665
176 765
177 178
177 256
178 302
179 15
179 180
180 670
181 182
181 208
182 419
183 184
183 384
184 678
185 186
185 591
186 167
187 188
187 369
188 210
189 190
189 657
190 12
191 192
191 525
192 631
193 25
193 194
194 201
195 196
195 564
196 160
197 198
197 778
198 166
199 200
199 411
200 329
201 202
201 469
202 503
203 204
203 485
204 287
205 96
205 206
206 252
207 139
207 208
208 392
209 141
209 210
210 754
211 212
211 740
212 490
213 214
213 637
214 559
215 216
215 343
216 332
217 187
217 218
218 471
219 220
219 727
220 434
221 55
221 222
222 574
223 224
223 551
224 348
225 146
225 226
226 578
227 228
227 759
228 690
229 163
229 230
230 797
231 169
231 232
232 769
233 6
233 234
234 118
235 93
235 236
236 638
237 238
237 399
238 649
239 240
239 359
240 422
241 116
241 242
242 615
243 241
243 244
244 328
245 246
245 811
246 757
247 248
247 296
248 632
249 250
249 400
250 64
251 252
251 792
252 676
253 247
253 254
254 184
255 256
255 724
256 738
257 258
257 432
258 196
259 260
259 473
260 732
261 262
261 367
262 74
263 264
263 548
264 640
265 266
265 653
266 317
267 268
267 806
268 672
269 270
269 480
270 572
271 272
271 533
272 813
273 274
273 425
274 545
275 244
275 276
276 356
277 278
277 509
278 107
279 280
279 431
280 576
281 127
281 282
282 226
283 284
283 549
284 112
285 67
285 286
286 397
287 228
287 288
288 263
289 13
289 290
290 717
291 292
291 767
292 414
293 294
293 482
294 743
295 289
295 296
296 233
297 41
297 298
298 245
299 300
299 701
300 715
301 302
301 728
302 331
303 304
303 707
304 569
305 306
305 322
306 588
307 308
307 755
308 776
309 310
309 510
310 685
311 159
311 312
312 189
313 314
313 517
314 303
315 231
315 316
316 687
317 318
317 393
318 80
319 320
319 553
320 427
321 305
321 322
322 19
323 324
323 491
324 309
325 326
325 799
326 304
327 48
327 328
328 308
329 330
329 466
330 650
331 216
331 332
332 240
333 321
333 334
334 21
335 336
335 675
336 543
337 222
337 338
338 550
339 340
339 420
340 16
341 227
341 342
342 708
343 344
343 457
344 335
345 259
345 346
346 129
347 70
347 348
348 804
349 145
349 350
350 644
351 352
351 619
352 554
353 203
353 354
354 168
355 356
355 780
356 388
357 358
357 527
358 582
359 164
359 360
360 583
361 281
361 362
362 22
363 191
363 364
364 200
365 232
365 366
366 536
367 368
367 699
368 100
369 370
369 593
370 229
371 66
371 372
372 770
373 156
373 374
374 682
375 376
375 789
376 234
377 57
377 378
378 713
379 85
379 380
380 504
381 140
381 382
382 267
383 357
383 384
384 737
385 386
385 729
386 758
387 388
387 796
388 326
389 390
389 621
390 26
391 371
391 392
392 158
393 394
393 440
394 489
395 132
395 396
396 76
397 243
397 398
398 148
399 400
399 634
400 355
401 149
401 402
402 71
403 404
403 793
404 161
405 406
405 488
406 566
407 408
407 751
408 779
409 29
409 410
410 580
411 412
411 581
412 42
413 37
413 414
414 493
415 102
415 416
416 736
417 418
417 794
418 620
419 420
419 516
420 7
421 422
421 775
422 720
423 424
423 500
424 686
425 426
425 763
426 376
427 428
427 641
428 294
429 430
429 633
430 65
431 407
431 432
432 659
433 385
433 434
434 362
435 436
435 528
436 111
437 438
437 513
438 282
439 171
439 440
440 507
441 442
441 598
442 652
443 94
443 444
444 544
445 430
445 446
446 177
447 170
447 448
448 125
449 283
449 450
450 613
451 452
451 691
452 368
453 454
453 662
454 360
455 456
455 624
456 280
457 325
457 458
458 271
459 460
459 671
460 257
461 462
461 800
462 579
463 341
463 464
464 764
465 32
465 466
466 530
467 207
467 468
468 293
469 470
469 595
470 669
471 472
471 654
472 337
473 9
473 474
474 555
475 458
475 476
476 401
477 478
477 523
478 386
479 137
479 480
480 83
481 433
481 482
482 486
483 128
483 484
484 575
485 486
485 594
486 286
487 185
487 488
488 802
489 409
489 490
490 261
491 188
491 492
492 121
493 494
493 524
494 338
495 5
495 496
496 352
497 498
497 730
498 609
499 429
499 500
500 697
501 109
501 502
502 532
503 278
503 504
504 34
505 463
505 506
506 339
507 147
507 508
508 310
509 173
509 510
510 179
511 439
511 512
512 716
513 514
513 760
514 154
515 516
515 625
516 761
517 479
517 518
518 72
519 323
519 520
520 540
521 522
521 541
522 254
523 95
523 524
524 749
525 408
525 526
526 214
527 461
527 528
528 345
529 117
529 530
530 452
531 502
531 532
532 571
533 534
533 677
534 709
535 536
535 731
536 460
537 346
537 538
538 23
539 540
539 705
540 454
541 242
541 542
542 766
543 448
543 544
544 18
545 174
545 546
546 744
547 508
547 548
548 1
549 550
549 577
550 522
551 266
551 552
552 514
553 130
553 554
554 224
555 492
555 556
556 78
557 378
557 558
558 54
559 219
559 560
560 556
561 197
561 562
562 144
563 285
563 564
564 142
565 237
565 566
566 330
567 568
567 795
568 361
569 428
569 570
570 198
571 418
571 572
572 28
573 574
573 689
574 136
575 520
575 576
576 251
577 578
577 623
578 249
579 35
579 580
580 590
581 582
581 711
582 651
583 561
583 584
584 666
585 260
585 586
586 444
587 563
587 588
588 663
589 122
589 590
590 2
591 515
591 592
592 340
593 209
593 594
594 462
595 381
595 596
596 681
597 467
597 598
598 347
599 51
599 600
600 807
601 192
601 602
602 119
603 382
603 604
604 756
605 106
605 606
606 788
607 608
607 748
608 585
609 221
609 610
610 774
611 451
611 612
612 275
613 365
613 614
614 628
615 391
615 616
616 104
617 618
617 790
618 607
619 620
619 661
620 558
621 151
621 622
622 284
623 487
623 624
624 124
625 597
625 626
626 592
627 412
627 628
628 535
629 459
629 630
630 204
631 445
631 632
632 220
633 218
633 634
634 712
635 405
635 636
636 182
637 638
637 753
638 518
639 465
639 640
640 734
641 636
641 642
642 791
643 150
643 644
644 814
645 646
645 809
646 60
647 648
647 735
648 274
649 91
649 650
650 680
651 253
651 652
652 250
653 511
653 654
654 435
655 656
655 762
656 745
657 658
657 722
658 90
659 81
659 660
660 646
661 662
661 693
662 668
663 398
663 664
664 442
665 612
665 666
666 506
667 617
667 668
668 746
669 180
669 670
670 301
671 99
671 672
672 176
673 314
673 674
674 239
675 676
675 721
676 152
677 79
677 678
678 700
679 375
679 680
680 270
681 424
681 682
682 474
683 265
683 684
684 11
685 24
685 686
686 747
687 547
687 688
688 714
689 157
689 690
690 477
691 61
691 692
692 573
693 327
693 694
694 710
695 599
695 696
696 12
697 603
697 698
698 406
699 292
699 700
700 589
701 344
701 702
702 273
703 627
703 704
704 20
705 225
705 706
706 562
707 708
707 741
708 606
709 643
709 710
710 604
711 505
711 712
712 113
713 374
713 714
714 120
715 40
715 716
716 358
717 521
717 718
718 694
719 720
719 725
720 92
721 223
721 722
722 630
723 724
723 810
724 45
725 726
725 771
726 777
727 30
727 728
728 264
729 279
729 730
730 316
731 437
731 732
732 6
733 390
733 734
734 441
735 98
735 736
736 808
737 648
737 738
738 658
739 69
739 740
740 44
741 110
741 742
742 546
743 318
743 744
744 364
745 336
745 746
746 704
747 622
747 748
748 402
749 36
749 750
750 114
751 468
751 752
752 255
753 88
753 754
754 733
755 565
755 756
756 772
757 3
757 758
758 86
759 403
759 760
760 639
761 601
761 762
762 739
763 596
763 764
764 586
765 212
765 766
766 608
767 215
767 768
768 8
769 455
769 770
770 718
771 183
771 772
772 447
773 774
773 781
774 642
775 456
775 776
776 660
777 478
777 778
778 50
779 195
779 780
780 276
781 449
781 782
782 38
783 87
783 784
784 103
785 618
785 786
786 496
787 131
787 788
788 616
789 58
789 790
790 702
791 77
791 792
792 584
793 68
793 794
794 380
795 49
795 796
796 370
797 199
797 798
798 464
799 311
799 800
800 567
801 679
801 802
802 320
803 784
803 804
804 206
805 235
805 806
806 324
807 277
807 808
808 75
809 497
809 810
810 246
811 53
811 812
812 423
813 202
813 814
814 62
