0 87
0 425
1 439
1 669
2 579
2 645
3 50
3 784
4 68
4 718
5 482
6 658
9 379
9 465
11 354
10 25
10 117
12 191
15 121
15 472
17 381
17 569
19 474
19 618
21 277
21 454
23 24
23 189
24 54
25 26
25 670
26 691
27 28
27 500
28 621
29 30
29 44
30 446
31 32
31 195
32 614
33 34
33 510
34 521
35 36
35 675
36 672
37 38
37 501
38 698
39 40
39 717
40 158
41 42
41 162
42 422
43 44
43 639
44 806
45 46
45 494
46 499
47 48
47 221
48 676
49 13
49 50
50 172
51 52
51 515
52 799
53 54
53 410
54 807
55 56
55 203
56 349
57 58
57 469
58 506
59 60
59 683
60 412
61 62
61 566
62 204
63 49
63 64
64 150
65 66
65 263
66 484
67 68
67 227
68 261
69 70
69 95
70 329
71 72
71 503
72 611
73 74
73 450
74 306
75 76
75 562
76 311
77 78
77 498
78 278
79 80
79 719
80 433
81 82
81 504
82 502
83 84
83 604
84 293
85 1
85 86
86 617
87 88
87 783
88 127
89 90
89 268
90 414
91 92
91 139
92 495
93 94
93 218
94 201
95 96
95 393
96 496
97 98
97 477
98 551
99 100
99 751
100 380
101 102
101 223
102 35
103 104
103 192
104 696
105 106
105 752
106 774
107 108
107 171
108 327
109 110
109 295
110 384
111 112
111 629
112 346
113 114
113 303
114 237
115 91
115 116
116 427
117 118
117 487
118 553
119 120
119 179
120 684
121 122
121 401
122 369
123 124
123 587
124 272
125 126
125 781
126 434
127 128
127 602
128 135
129 130
129 555
130 319
131 132
131 419
132 154
133 125
133 134
134 285
135 22
135 136
136 174
137 138
137 281
138 232
139 140
139 244
140 749
141 142
141 745
142 286
143 144
143 153
144 747
145 38
145 146
146 550
147 148
147 686
148 186
149 150
149 665
150 395
151 152
151 231
152 376
153 132
153 154
154 595
155 131
155 156
156 211
157 158
157 404
158 399
159 160
159 533
160 534
161 162
161 408
162 197
163 164
163 756
164 420
165 166
165 509
166 809
167 147
167 168
168 616
169 108
169 170
170 650
171 92
171 172
172 89
173 174
173 710
174 287
175 176
175 530
176 513
177 176
177 178
178 514
179 180
179 423
180 309
181 182
181 725
182 363
183 184
183 661
184 479
185 186
185 620
186 60
187 188
187 746
188 734
189 190
189 447
190 782
191 192
191 377
192 489
193 152
193 194
194 728
195 196
195 383
196 790
197 198
197 466
198 222
199 200
199 627
200 547
201 202
201 648
202 750
203 204
203 693
204 753
205 206
205 589
206 334
207 208
207 646
208 371
209 210
209 475
210 606
211 212
211 638
212 680
213 214
213 744
214 765
215 43
215 216
216 409
217 218
217 663
218 797
219 24
219 220
220 270
221 222
221 464
222 546
223 224
223 525
224 339
225 226
225 571
226 7
227 119
227 228
228 600
229 230
229 568
230 707
231 15
231 232
232 175
233 48
233 234
234 187
235 236
235 803
236 333
237 238
237 583
238 202
239 240
239 314
240 331
241 73
241 242
242 209
243 244
243 609
244 129
245 59
245 246
246 437
247 248
247 613
248 762
249 124
249 250
250 345
251 82
251 252
252 622
253 254
253 549
254 367
255 169
255 256
256 228
257 258
257 269
258 304
259 11
259 260
260 460
261 79
261 262
262 592
263 264
263 405
264 323
265 137
265 266
266 159
267 268
267 544
268 386
269 270
269 703
270 83
271 272
271 716
272 643
273 274
273 298
274 442
275 276
275 767
276 596
277 236
277 278
278 19
279 267
279 280
280 598
281 133
281 282
282 637
283 284
283 706
284 63
285 65
285 286
286 368
287 64
287 288
288 372
289 290
289 591
290 486
291 28
291 292
292 788
293 70
293 294
294 112
295 165
295 296
296 430
297 298
297 541
298 572
299 300
299 576
300 659
301 140
301 302
302 554
303 304
303 667
304 320
305 306
305 773
306 512
307 308
307 581
308 292
309 76
309 310
310 400
311 312
311 332
312 435
313 99
313 314
314 687
315 29
315 316
316 42
317 116
317 318
318 780
319 320
319 468
320 794
321 2
321 322
322 641
323 324
323 416
324 360
325 326
325 757
326 505
327 155
327 328
328 812
329 330
329 708
330 644
331 332
331 406
332 166
333 334
333 507
334 769
335 336
335 766
336 358
337 338
337 593
338 535
339 340
339 448
340 814
341 262
341 342
342 245
343 104
343 344
344 558
345 143
345 346
346 428
347 47
347 348
348 603
349 160
349 350
350 813
351 352
351 390
352 6
353 74
353 354
354 594
355 149
355 356
356 715
357 358
357 615
358 328
359 360
359 531
360 80
361 93
361 362
362 30
363 275
363 364
364 628
365 366
365 415
366 5
367 368
367 712
368 748
369 205
369 370
370 51
371 347
371 372
372 230
373 183
373 374
374 768
375 233
375 376
376 16
377 173
377 378
378 714
379 113
379 380
380 294
381 101
381 382
382 289
383 118
383 384
384 256
385 46
385 386
386 142
387 388
387 455
388 678
389 141
389 390
390 96
391 392
391 586
392 246
393 394
393 539
394 102
395 318
395 396
396 14
397 216
397 398
398 375
399 11
399 400
400 120
401 397
401 402
402 168
403 241
403 404
404 483
405 271
405 406
406 739
407 243
407 408
408 146
409 410
409 459
410 56
411 412
411 488
412 374
413 12
413 414
414 688
415 392
415 416
416 623
417 418
417 517
418 235
419 181
419 420
420 219
421 86
421 422
422 552
423 424
423 633
424 451
425 426
425 443
426 110
427 428
427 480
428 580
429 364
429 430
430 798
431 307
431 432
432 126
433 434
433 516
434 351
435 436
435 453
436 758
437 438
437 741
438 378
439 440
439 805
440 456
441 21
441 442
442 556
443 444
443 755
444 662
445 180
445 446
446 105
447 208
447 448
448 88
449 450
449 721
450 727
451 280
451 452
452 251
453 325
453 454
454 182
455 456
455 634
456 338
457 417
457 458
458 421
459 445
459 460
460 366
461 462
461 787
462 196
463 464
463 543
464 343
465 466
465 811
466 742
467 468
467 743
468 77
469 213
469 470
470 524
471 206
471 472
472 348
473 474
473 737
474 72
475 461
475 476
476 326
477 122
477 478
478 411
479 480
479 605
480 220
481 9
481 482
482 536
483 242
483 484
484 264
485 486
485 679
486 36
487 488
487 523
488 224
489 198
489 490
490 519
491 492
491 709
492 45
493 312
493 494
494 720
495 40
495 496
496 764
497 239
497 498
498 161
499 458
499 500
500 84
501 85
501 502
502 791
503 504
503 567
504 350
505 506
505 666
506 520
507 10
507 508
508 365
509 510
509 736
510 356
511 512
511 700
512 254
513 290
513 514
514 106
515 193
515 516
516 601
517 518
517 673
518 795
519 32
519 520
520 274
521 478
521 522
522 344
523 524
523 582
524 810
525 526
525 559
526 565
527 481
527 528
528 34
529 53
529 530
530 12
531 308
531 532
532 511
533 457
533 534
534 574
535 388
535 536
536 426
537 538
537 730
538 52
539 200
539 540
540 610
541 403
541 542
542 190
543 544
543 585
544 130
545 424
545 546
546 800
547 548
547 561
548 731
549 497
549 550
550 81
551 552
551 564
552 144
553 138
553 554
554 429
555 491
555 556
556 226
557 398
557 558
558 396
559 407
559 560
560 258
561 255
561 562
562 27
563 564
563 763
564 62
565 566
565 785
566 23
567 476
567 568
568 578
569 164
569 570
570 20
571 373
571 572
572 444
573 574
573 771
574 599
575 576
575 636
576 385
577 362
577 578
578 18
579 580
579 786
580 128
581 582
581 685
582 776
583 584
583 722
584 145
585 586
585 713
586 97
587 107
587 588
588 490
589 279
589 590
590 796
591 114
591 592
592 418
593 449
593 594
594 660
595 518
595 596
596 170
597 493
597 598
598 738
599 94
599 600
600 310
601 602
601 808
602 682
603 604
603 701
604 324
605 389
605 606
606 740
607 387
607 608
608 394
609 225
609 610
610 249
611 57
611 612
612 624
613 526
613 614
614 90
615 616
615 705
616 336
617 305
617 618
618 340
619 607
619 620
620 608
621 382
621 622
622 288
623 624
623 630
624 804
625 432
625 626
626 8
627 31
627 628
628 652
629 630
629 801
630 260
631 467
631 632
632 69
633 134
633 634
634 729
635 636
635 653
636 217
637 266
637 638
638 529
639 640
639 697
640 178
641 317
641 642
642 522
643 98
643 644
644 259
645 646
645 689
646 75
647 632
647 648
648 540
649 650
649 656
650 210
651 357
651 652
652 590
653 563
653 654
654 655
655 597
655 656
656 322
657 4
657 658
658 248
659 660
659 726
660 732
661 115
661 662
662 148
663 123
663 664
664 651
665 151
665 666
666 485
667 199
667 668
668 462
669 109
669 670
670 359
671 647
671 672
672 316
673 674
673 694
674 100
675 342
675 676
676 649
677 55
677 678
678 625
679 441
679 680
680 352
681 584
681 682
682 545
683 684
683 760
684 58
685 297
685 686
686 41
687 688
687 704
688 252
689 690
689 711
690 188
691 577
691 692
692 302
693 37
693 694
694 619
695 212
695 696
696 668
697 431
697 698
698 664
699 250
699 700
700 370
701 532
701 702
702 792
703 33
703 704
704 548
705 3
705 706
706 779
707 5
707 708
708 695
709 247
709 710
710 761
711 575
711 712
712 528
713 355
713 714
714 778
715 716
715 759
716 315
717 240
717 718
718 214
719 157
719 720
720 282
721 631
721 722
722 299
723 654
723 724
724 66
725 215
725 726
726 61
727 67
727 728
728 78
729 291
729 730
730 560
731 723
731 732
732 177
733 537
733 734
734 770
735 527
735 736
736 39
737 635
737 738
738 234
739 657
739 740
740 702
741 733
741 742
742 438
743 677
743 744
744 538
745 735
745 746
746 789
747 296
747 748
748 470
749 265
749 750
750 754
751 671
751 752
752 557
753 413
753 754
754 273
755 337
755 756
756 253
757 111
757 758
758 690
759 313
759 760
760 692
761 762
761 772
762 626
763 17
763 764
764 793
765 542
765 766
766 26
767 674
767 768
768 276
769 300
769 770
770 452
771 301
771 772
772 185
773 341
773 774
774 238
775 473
775 776
776 156
777 440
777 778
778 330
779 391
779 780
780 103
781 184
781 782
782 724
783 775
783 784
784 283
785 321
785 786
786 573
787 207
787 788
788 194
789 508
789 790
790 402
791 167
791 792
792 6
793 353
793 794
794 136
795 681
795 796
796 777
797 492
797 798
798 284
799 436
799 800
800 642
801 361
801 802
802 640
803 71
803 804
804 229
805 463
805 806
806 163
807 335
807 808
808 612
809 699
809 810
810 588
811 257
811 812
812 802
813 471
813 814
814 570
