0 9
0 146
1 195
1 267
3 276
3 411
4 319
4 533
5 67
6 736
9 49
9 311
10 11
10 639
11 444
12 238
13 304
13 439
15 474
15 559
17 256
17 458
19 194
19 779
21 761
21 811
23 24
23 493
24 448
25 26
25 664
26 416
27 28
27 156
28 789
29 30
29 504
30 208
31 32
31 454
32 744
33 34
33 359
34 516
35 36
35 268
36 216
37 38
37 169
38 352
39 40
39 576
40 648
41 42
41 196
42 578
43 44
43 677
44 488
45 46
45 192
46 12
47 16
47 48
48 631
49 50
49 367
50 526
51 52
51 794
52 808
53 54
53 704
54 564
55 56
55 303
56 75
57 58
57 503
58 212
59 60
59 436
60 247
61 62
61 715
62 182
63 64
63 748
64 13
65 66
65 630
66 199
67 68
67 164
68 460
69 48
69 70
70 498
71 72
71 280
72 440
73 63
73 74
74 582
75 32
75 76
76 100
77 5
77 78
78 366
79 80
79 177
80 570
81 82
81 230
82 374
83 84
83 623
84 772
85 86
85 328
86 312
87 88
87 180
88 150
89 90
89 115
90 709
91 92
91 275
92 378
93 94
93 499
94 305
95 96
95 250
96 242
97 98
97 281
98 229
99 100
99 232
100 298
101 102
101 384
102 22
103 104
103 155
104 557
105 106
105 477
106 778
107 108
107 681
108 278
109 110
109 133
110 52
111 112
111 783
112 343
113 114
113 598
114 300
115 116
115 538
116 654
117 118
117 221
118 334
119 120
119 784
120 24
121 51
121 122
122 786
123 124
123 149
124 447
125 25
125 126
126 649
127 128
127 780
128 519
129 130
129 249
130 441
131 132
131 401
132 484
133 134
133 521
134 535
135 136
135 679
136 480
137 138
137 144
138 222
139 140
139 467
140 157
141 27
141 142
142 129
143 2
143 144
144 732
145 146
145 313
146 160
147 148
147 536
148 44
149 150
149 634
150 585
151 152
151 265
152 596
153 154
153 741
154 282
155 156
155 663
156 251
157 158
157 240
158 290
159 160
159 473
160 363
161 134
161 162
162 724
163 164
163 355
164 556
165 166
165 361
166 30
167 168
167 490
168 418
169 122
169 170
170 594
171 172
171 289
172 90
173 174
173 602
174 722
175 176
175 589
176 236
177 178
177 332
178 294
179 180
179 755
180 255
181 182
181 329
182 34
183 65
183 184
184 78
185 186
185 462
186 638
187 188
187 701
188 392
189 190
189 712
190 802
191 192
191 531
192 414
193 194
193 685
194 341
195 196
195 753
196 299
197 198
197 606
198 653
199 200
199 574
200 560
201 37
201 202
202 624
203 166
203 204
204 760
205 206
205 599
206 210
207 208
207 566
208 35
209 210
209 771
210 506
211 212
211 421
212 646
213 151
213 214
214 796
215 216
215 270
216 47
217 218
217 293
218 514
219 220
219 501
220 758
221 222
221 651
222 540
223 224
223 603
224 515
225 191
225 226
226 438
227 228
227 549
228 338
229 230
229 571
230 542
231 232
231 398
232 550
233 86
233 234
234 710
235 1
235 236
236 544
237 238
237 565
238 426
239 240
239 287
240 64
241 242
241 693
242 562
243 244
243 684
244 314
245 246
245 764
246 686
247 248
247 730
248 660
249 250
249 618
250 12
251 252
251 482
252 8
253 42
253 254
254 99
255 256
255 537
256 756
257 68
257 258
258 190
259 260
259 345
260 795
261 262
261 309
262 552
263 264
263 323
264 510
265 266
265 762
266 470
267 268
267 385
268 127
269 270
269 321
270 349
271 272
271 569
272 671
273 244
273 274
274 442
275 276
275 647
276 601
277 278
277 707
278 716
279 135
279 280
280 702
281 282
281 489
282 152
283 284
283 472
284 72
285 93
285 286
286 456
287 288
287 666
288 453
289 290
289 491
290 53
291 279
291 292
292 297
293 294
293 417
294 718
295 7
295 296
296 254
297 298
297 496
298 96
299 300
299 620
300 110
301 291
301 302
302 746
303 304
303 397
304 486
305 123
305 306
306 154
307 308
307 659
308 356
309 310
309 525
310 188
311 312
311 330
312 740
313 43
313 314
314 437
315 316
315 656
316 464
317 318
317 737
318 804
319 320
319 689
320 158
321 322
321 413
322 642
323 5
323 324
324 200
325 326
325 713
326 691
327 21
327 328
328 541
329 71
329 330
330 253
331 332
331 773
332 523
333 334
333 383
334 204
335 19
335 336
336 572
337 338
337 672
338 119
339 340
339 381
340 801
341 20
341 342
342 260
343 57
343 344
344 118
345 346
345 625
346 198
347 348
347 586
348 15
349 84
349 350
350 463
351 167
351 352
352 658
353 61
353 354
354 431
355 181
355 356
356 388
357 112
357 358
358 266
359 307
359 360
360 661
361 183
361 362
362 101
363 364
363 575
364 507
365 366
365 667
366 708
367 331
367 368
368 593
369 187
369 370
370 202
371 372
371 445
372 172
373 179
373 374
374 102
375 376
375 766
376 189
377 378
377 469
378 262
379 277
379 380
380 742
381 91
381 382
382 58
383 317
383 384
384 409
385 261
385 386
386 508
387 388
387 777
388 54
389 38
389 390
390 410
391 392
391 627
392 223
393 394
393 644
394 406
395 396
395 400
396 347
397 398
397 720
398 245
399 235
399 400
400 327
401 121
401 402
402 706
403 404
403 611
404 28
405 39
405 406
406 36
407 142
407 408
408 231
409 410
409 527
410 714
411 412
411 622
412 534
413 414
413 633
414 774
415 340
415 416
416 687
417 59
417 418
418 337
419 114
419 420
420 148
421 422
421 427
422 55
423 165
423 424
424 17
425 184
425 426
426 759
427 428
427 457
428 791
429 422
429 430
430 807
431 432
431 806
432 120
433 23
433 434
434 726
435 209
435 436
436 163
437 438
437 717
438 234
439 440
439 500
440 143
441 386
441 442
442 342
443 339
443 444
444 315
445 98
445 446
446 695
447 128
447 448
448 364
449 450
449 728
450 694
451 452
451 485
452 612
453 354
453 454
454 132
455 456
455 636
456 696
457 458
457 547
458 375
459 85
459 460
460 452
461 462
461 813
462 264
463 402
463 464
464 394
465 466
465 800
466 50
467 217
467 468
468 178
469 470
469 785
470 348
471 472
471 577
472 739
473 325
473 474
474 350
475 137
475 476
476 382
477 433
477 478
478 368
479 480
479 545
480 258
481 176
481 482
482 407
483 484
483 727
484 226
485 486
485 595
486 228
487 117
487 488
488 306
489 105
489 490
490 26
491 492
491 657
492 283
493 494
493 674
494 162
495 83
495 496
496 668
497 3
497 498
498 626
499 500
499 703
500 805
501 379
501 502
502 45
503 41
503 504
504 635
505 506
505 584
506 678
507 508
507 520
508 18
509 269
509 510
510 614
511 512
511 518
512 89
513 362
513 514
514 376
515 353
515 516
516 11
517 518
517 543
518 369
519 512
519 520
520 170
521 139
521 522
522 428
523 524
523 554
524 432
525 526
525 640
526 324
527 528
527 721
528 723
529 40
529 530
530 380
531 213
531 532
532 197
533 69
533 534
534 450
535 536
535 787
536 434
537 429
537 538
538 768
539 540
539 605
540 193
541 495
541 542
542 628
543 544
543 641
544 185
545 393
545 546
546 790
547 548
547 619
548 492
549 550
549 613
550 592
551 552
551 645
552 563
553 554
553 621
554 731
555 171
555 556
556 424
557 126
557 558
558 6
559 344
559 560
560 530
561 562
561 799
562 70
563 408
563 564
564 108
565 566
565 749
566 153
567 446
567 568
568 387
569 570
569 643
570 131
571 572
571 581
572 173
573 553
573 574
574 104
575 576
575 597
576 675
577 175
577 578
578 419
579 487
579 580
580 77
581 497
581 582
582 528
583 186
583 584
584 292
585 586
585 735
586 711
587 451
587 588
588 471
589 271
589 590
590 138
591 587
591 592
592 31
593 168
593 594
594 632
595 596
595 719
596 798
597 598
597 615
598 600
599 600
599 670
600 295
601 29
601 602
602 524
603 125
603 604
604 588
605 391
605 606
606 729
607 205
607 608
608 412
609 529
609 610
610 103
611 580
611 612
612 274
613 614
613 765
614 468
615 561
615 616
616 206
617 224
617 618
618 389
619 620
619 637
620 73
621 622
621 769
622 326
623 609
623 624
624 288
625 607
625 626
626 682
627 335
627 628
628 66
629 259
629 630
630 263
631 322
631 632
632 174
633 241
633 634
634 705
635 390
635 636
636 320
637 638
637 770
638 505
639 159
639 640
640 373
641 642
641 697
642 92
643 109
643 644
644 662
645 94
645 646
646 124
647 509
647 648
648 522
649 475
649 650
650 56
651 403
651 652
652 252
653 425
653 654
654 218
655 435
655 656
656 750
657 79
657 658
658 788
659 87
659 660
660 111
661 479
661 662
662 513
663 548
663 664
664 296
665 666
665 809
666 371
667 668
667 792
668 95
669 237
669 670
670 399
671 219
671 672
672 494
673 97
673 674
674 573
675 225
675 676
676 751
677 678
677 803
678 336
679 680
679 793
680 782
681 405
681 682
682 246
683 591
683 684
684 734
685 76
685 686
686 82
687 483
687 688
688 201
689 273
689 690
690 767
691 579
691 692
692 546
693 285
693 694
694 688
695 423
695 696
696 147
697 310
697 698
698 776
699 568
699 700
700 233
701 702
701 743
702 107
703 704
703 775
704 286
705 88
705 706
706 476
707 708
707 745
708 650
709 420
709 710
710 590
711 676
711 712
712 752
713 145
713 714
714 558
715 683
715 716
716 284
717 60
717 718
718 583
719 449
719 720
720 532
721 207
721 722
722 74
723 308
723 724
724 466
725 511
725 726
726 404
727 617
727 728
728 747
729 551
729 730
730 610
731 725
731 732
732 130
733 604
733 734
734 459
735 396
735 736
736 797
737 395
737 738
738 698
739 161
739 740
740 652
741 699
741 742
742 680
743 665
743 744
744 46
745 567
745 746
746 700
747 748
747 781
748 608
749 443
749 750
750 141
751 430
751 752
752 136
753 351
753 754
754 455
755 555
755 756
756 81
757 377
757 758
758 80
759 616
759 760
760 257
761 415
761 762
762 33
763 360
763 764
764 6
765 517
765 766
766 763
767 365
767 768
768 316
769 539
769 770
770 629
771 673
771 772
772 4
773 10
773 774
774 690
775 211
775 776
776 318
777 203
777 778
778 358
779 669
779 780
780 220
781 733
781 782
782 302
783 738
783 784
784 810
785 248
785 786
786 113
787 757
787 788
788 814
789 106
789 790
790 372
791 215
791 792
792 140
793 655
793 794
794 357
795 116
795 796
796 14
797 370
797 798
798 478
799 301
799 800
800 346
801 802
801 812
802 214
803 333
803 804
804 272
805 754
805 806
806 692
807 243
807 808
808 62
809 461
809 810
810 465
811 227
811 812
812 481
813 239
813 814
814 502
