0 45
0 734
1 577
1 681
3 143
3 779
5 525
4 389
4 803
6 566
9 46
9 713
10 174
10 190
12 788
11 100
13 323
13 367
15 152
15 457
17 150
17 335
19 126
19 153
21 631
21 695
23 24
23 82
24 764
25 26
25 101
26 293
27 28
27 164
28 660
29 30
29 53
30 516
31 32
31 33
32 663
33 34
33 699
34 618
35 36
35 578
36 473
37 38
37 435
38 480
39 40
39 518
40 662
41 42
41 168
42 221
43 44
43 559
44 125
45 46
45 61
46 259
47 48
47 755
48 617
49 50
49 303
50 158
51 52
51 229
52 630
53 1
53 54
54 385
55 56
55 107
56 134
57 58
57 378
58 703
59 60
59 130
60 348
61 62
61 117
62 611
63 64
63 291
64 736
65 66
65 197
66 661
67 68
67 373
68 282
69 70
69 471
70 496
71 72
71 177
72 370
73 74
73 347
74 220
75 9
75 76
76 607
77 78
77 172
78 460
79 80
79 765
80 48
81 82
81 170
82 363
83 84
83 659
84 171
85 86
85 625
86 565
87 88
87 725
88 454
89 90
89 191
90 352
91 92
91 420
92 530
93 94
93 391
94 96
95 96
95 776
96 704
97 98
97 533
98 180
99 100
99 144
100 798
101 102
101 310
102 300
103 104
103 295
104 560
105 106
105 333
106 664
107 108
107 466
108 23
109 110
109 463
110 440
111 112
111 157
112 651
113 114
113 132
114 122
115 116
115 773
116 814
117 75
117 118
118 273
119 120
119 270
120 289
121 122
121 206
122 201
123 124
123 231
124 5
125 15
125 126
126 292
127 128
127 225
128 398
129 130
129 342
130 176
131 132
131 217
132 361
133 134
133 777
134 620
135 111
135 136
136 377
137 138
137 477
138 422
139 140
139 640
140 686
141 136
141 142
142 424
143 133
143 144
144 785
145 146
145 507
146 103
147 148
147 624
148 260
149 150
149 642
150 770
151 152
151 469
152 669
153 154
153 601
154 720
155 156
155 639
156 264
157 158
157 708
158 438
159 160
159 439
160 436
161 162
161 397
162 745
163 164
163 199
164 316
165 30
165 166
166 787
167 168
167 284
168 210
169 170
169 241
170 543
171 172
171 244
172 262
173 174
173 767
174 80
175 176
175 232
176 307
177 178
177 547
178 12
179 180
179 668
180 52
181 182
181 346
182 56
183 184
183 379
184 140
185 146
185 186
186 592
187 85
187 188
188 710
189 36
189 190
190 186
191 192
191 673
192 410
193 194
193 563
194 589
195 196
195 495
196 238
197 198
197 498
198 404
199 200
199 731
200 37
201 202
201 656
202 18
203 204
203 780
204 390
205 206
205 353
206 159
207 71
207 208
208 116
209 210
209 434
210 692
211 212
211 744
212 712
213 214
213 327
214 806
215 59
215 216
216 564
217 218
217 647
218 576
219 196
219 220
220 425
221 222
221 268
222 394
223 224
223 739
224 722
225 55
225 226
226 406
227 228
227 561
228 119
229 230
229 648
230 2
231 232
231 275
232 249
233 234
233 627
234 32
235 236
235 585
236 747
237 47
237 238
238 688
239 240
239 554
240 758
241 242
241 309
242 685
243 244
243 524
244 298
245 246
245 365
246 751
247 248
247 606
248 34
249 88
249 250
250 645
251 252
251 677
252 198
253 254
253 485
254 408
255 184
255 256
256 12
257 258
257 593
258 769
259 260
259 691
260 810
261 227
261 262
262 188
263 95
263 264
264 763
265 266
265 278
266 26
267 265
267 268
268 481
269 270
269 667
270 430
271 236
271 272
272 715
273 93
273 274
274 5
275 276
275 511
276 684
277 97
277 278
278 802
279 280
279 429
280 274
281 282
281 354
282 671
283 284
283 697
284 812
285 286
285 637
286 54
287 288
287 479
288 768
289 222
289 290
290 790
291 292
291 567
292 742
293 294
293 581
294 409
295 245
295 296
296 487
297 298
297 707
298 586
299 300
299 570
300 332
301 131
301 302
302 672
303 287
303 304
304 456
305 306
305 804
306 318
307 155
307 308
308 108
309 257
309 310
310 135
311 312
311 759
312 22
313 314
313 628
314 548
315 316
315 447
316 147
317 243
317 318
318 509
319 320
319 588
320 256
321 322
321 514
322 650
323 123
323 324
324 778
325 228
325 326
326 596
327 28
327 328
328 58
329 154
329 330
330 674
331 226
331 332
332 396
333 334
333 382
334 724
335 336
335 556
336 252
337 255
337 338
338 344
339 286
339 340
340 670
341 342
341 622
342 568
343 344
343 532
344 388
345 129
345 346
346 212
347 205
347 348
348 412
349 350
349 467
350 405
351 352
351 465
352 680
353 29
353 354
354 417
355 66
355 356
356 202
357 358
357 443
358 127
359 234
359 360
360 230
361 362
361 573
362 553
363 128
363 364
364 604
365 366
365 557
366 521
367 368
367 740
368 374
369 370
369 801
370 738
371 372
371 411
372 320
373 366
373 374
374 113
375 312
375 376
376 591
377 106
377 378
378 142
379 380
379 619
380 121
381 369
381 382
382 582
383 277
383 384
384 488
385 49
385 386
386 209
387 83
387 388
388 216
389 390
389 641
390 540
391 179
391 392
392 112
393 394
393 453
394 250
395 396
395 741
396 77
397 311
397 398
398 91
399 400
399 508
400 486
401 402
401 727
402 414
403 404
403 418
404 42
405 406
405 546
406 306
407 408
407 445
408 646
409 215
409 410
410 536
411 412
411 413
412 772
413 207
413 414
414 24
415 416
415 587
416 81
417 418
417 517
418 317
419 175
419 420
420 654
421 124
421 422
422 372
423 67
423 424
424 666
425 426
425 756
426 455
427 301
427 428
428 181
429 261
429 430
430 431
431 432
431 608
432 60
433 251
433 434
434 613
435 386
435 436
436 356
437 62
437 438
438 105
439 187
439 440
440 138
441 267
441 442
442 322
443 79
443 444
444 754
445 437
445 446
446 796
447 448
447 549
448 795
449 450
449 800
450 421
451 76
451 452
452 204
453 21
453 454
454 65
455 305
455 456
456 472
457 458
457 679
458 716
459 392
459 460
460 572
461 462
461 634
462 328
463 401
463 464
464 428
465 441
465 466
466 808
467 145
467 468
468 675
469 325
469 470
470 537
471 472
471 643
472 57
473 376
473 474
474 314
475 296
475 476
476 748
477 478
477 512
478 632
479 237
479 480
480 27
481 482
481 797
482 446
483 165
483 484
484 182
485 223
485 486
486 552
487 137
487 488
488 657
489 63
489 490
490 338
491 43
491 492
492 371
493 494
493 799
494 183
495 211
495 496
496 545
497 173
497 498
498 345
499 195
499 500
500 541
501 290
501 502
502 160
503 395
503 504
504 809
505 506
505 711
506 7
507 4
507 508
508 494
509 120
509 510
510 98
511 87
511 512
512 757
513 500
513 514
514 775
515 114
515 516
516 166
517 518
517 732
518 690
519 515
519 520
520 330
521 285
521 522
522 208
523 294
523 524
524 41
525 156
525 526
526 178
527 528
527 602
528 334
529 86
529 530
530 402
531 399
531 532
532 687
533 349
533 534
534 616
535 193
535 536
536 676
537 538
537 719
538 11
539 540
539 807
540 403
541 542
541 579
542 89
543 492
543 544
544 811
545 253
545 546
546 336
547 548
547 623
548 575
549 427
549 550
550 426
551 141
551 552
552 218
553 554
553 746
554 326
555 13
555 556
556 99
557 558
557 678
558 513
559 383
559 560
560 74
561 266
561 562
562 497
563 489
563 564
564 102
565 151
565 566
566 240
567 368
567 568
568 461
569 375
569 570
570 603
571 450
571 572
572 148
573 551
573 574
574 609
575 321
575 576
576 324
577 279
577 578
578 380
579 531
579 580
580 636
581 288
581 582
582 544
583 357
583 584
584 621
585 339
585 586
586 72
587 558
587 588
588 110
589 590
589 597
590 40
591 213
591 592
592 538
593 73
593 594
594 470
595 64
595 596
596 364
597 598
597 723
598 752
599 387
599 600
600 629
601 602
601 760
602 351
603 359
603 604
604 750
605 92
605 606
606 8
607 419
607 608
608 594
609 610
609 728
610 476
611 612
611 793
612 782
613 189
613 614
614 730
615 233
615 616
616 718
617 109
617 618
618 90
619 161
619 620
620 522
621 569
621 622
622 242
623 25
623 624
624 792
625 299
625 626
626 534
627 276
627 628
628 753
629 462
629 630
630 714
631 337
631 632
632 44
633 634
633 781
634 644
635 636
635 683
636 721
637 283
637 638
638 246
639 219
639 640
640 689
641 464
641 642
642 329
643 407
643 644
644 17
645 355
645 646
646 542
647 269
647 648
648 6
649 650
649 658
650 78
651 595
651 652
652 655
653 654
653 805
654 194
655 263
655 656
656 20
657 451
657 658
658 474
659 660
659 784
660 280
661 444
661 662
662 239
663 416
663 664
664 384
665 550
665 666
666 432
667 615
667 668
668 696
669 612
669 670
670 598
671 308
671 672
672 331
673 674
673 726
674 706
675 248
675 676
676 482
677 3
677 678
678 341
679 626
679 680
680 14
681 682
681 783
682 185
683 527
683 684
684 584
685 343
685 686
686 452
687 235
687 688
688 38
689 690
689 698
690 167
691 381
691 692
692 610
693 694
693 735
694 484
695 633
695 696
696 729
697 599
697 698
698 580
699 700
699 737
700 6
701 483
701 702
702 574
703 340
703 704
704 526
705 539
705 706
706 458
707 555
707 708
708 791
709 702
709 710
710 694
711 682
711 712
712 786
713 714
713 733
714 789
715 519
715 716
716 468
717 459
717 718
718 510
719 652
719 720
720 39
721 665
721 722
722 94
723 139
723 724
724 192
725 69
725 726
726 504
727 84
727 728
728 528
729 281
729 730
730 51
731 583
731 732
732 717
733 701
733 734
734 493
735 475
735 736
736 749
737 393
737 738
738 302
739 740
739 771
740 19
741 115
741 742
742 271
743 433
743 744
744 638
745 746
745 774
746 448
747 149
747 748
748 501
749 750
749 794
750 600
751 70
751 752
752 442
753 118
753 754
754 162
755 35
755 756
756 529
757 523
757 758
758 247
759 315
759 760
760 350
761 104
761 762
762 653
763 68
763 764
764 11
765 743
765 766
766 313
767 415
767 768
768 693
769 766
769 770
770 400
771 562
771 772
772 590
773 449
773 774
774 254
775 776
775 813
776 203
777 491
777 778
778 502
779 635
779 780
780 503
781 499
781 782
782 16
783 163
783 784
784 31
785 258
785 786
786 700
787 224
787 788
788 360
789 490
789 790
790 520
791 50
791 792
792 649
793 423
793 794
794 200
795 605
795 796
796 506
797 10
797 798
798 478
799 169
799 800
800 705
801 297
801 802
802 614
803 505
803 804
804 304
805 358
805 806
806 571
807 762
807 808
808 214
809 362
809 810
810 709
811 535
811 812
812 272
813 761
813 814
814 319
