0 729
0 739
1 205
1 756
3 61
3 257
5 427
4 5
4 322
6 681
9 165
9 369
10 295
10 441
11 149
12 664
13 234
13 493
15 372
15 566
17 235
17 330
19 140
19 477
21 156
21 775
23 24
23 356
24 338
25 26
25 484
26 244
27 28
27 469
28 160
29 30
29 569
30 614
31 32
31 481
32 189
33 34
33 635
34 597
35 36
35 583
36 68
37 38
37 187
38 224
39 40
39 656
40 256
41 42
41 269
42 345
43 44
43 349
44 83
45 46
45 365
46 658
47 27
47 48
48 550
49 50
49 192
50 207
51 52
51 152
52 732
53 54
53 248
54 18
55 56
55 629
56 716
57 58
57 742
58 404
59 60
59 763
60 210
61 62
61 125
62 77
63 64
63 486
64 280
65 66
65 288
66 271
67 68
67 615
68 435
69 70
69 183
70 698
71 72
71 670
72 379
73 44
73 74
74 76
75 76
75 687
76 315
77 78
77 722
78 712
79 80
79 755
80 680
81 82
81 476
82 134
83 84
83 226
84 126
85 86
85 633
86 142
87 12
87 88
88 114
89 90
89 510
90 509
91 92
91 112
92 204
93 94
93 185
94 397
95 96
95 470
96 312
97 98
97 137
98 603
99 100
99 141
100 33
101 102
101 457
102 610
103 104
103 577
104 628
105 106
105 673
106 357
107 108
107 456
108 132
109 110
109 159
110 396
111 112
111 460
112 526
113 114
113 359
114 254
115 116
115 743
116 87
117 29
117 118
118 436
119 120
119 643
120 573
121 122
121 282
122 790
123 124
123 784
124 480
125 126
125 539
126 618
127 128
127 360
128 84
129 130
129 161
130 490
131 132
131 592
132 326
133 134
133 409
134 290
135 136
135 217
136 6
137 109
137 138
138 310
139 140
139 325
140 440
141 98
141 142
142 620
143 144
143 297
144 118
145 146
145 647
146 752
147 148
147 508
148 16
149 150
149 675
150 690
151 152
151 760
152 206
153 154
153 637
154 276
155 156
155 671
156 454
157 158
157 455
158 691
159 160
159 529
160 48
161 162
161 547
162 328
163 164
163 319
164 289
165 166
165 769
166 407
167 168
167 516
168 166
169 170
169 522
170 715
171 172
171 605
172 808
173 174
173 692
174 452
175 176
175 364
176 334
177 178
177 688
178 608
179 180
179 277
180 214
181 182
181 375
182 24
183 184
183 237
184 190
185 186
185 753
186 51
187 69
187 188
188 581
189 190
189 757
190 429
191 99
191 192
192 184
193 194
193 463
194 406
195 196
195 793
196 74
197 198
197 531
198 250
199 200
199 538
200 23
201 121
201 202
202 332
203 204
203 238
204 252
205 206
205 544
206 557
207 208
207 740
208 562
209 173
209 210
210 700
211 212
211 472
212 462
213 214
213 589
214 86
215 216
215 651
216 302
217 218
217 414
218 695
219 220
219 422
220 718
221 222
221 591
222 689
223 224
223 439
224 56
225 226
225 800
226 180
227 228
227 327
228 666
229 230
229 727
230 188
231 174
231 232
232 545
233 234
233 417
234 684
235 236
235 686
236 136
237 238
237 371
238 574
239 240
239 323
240 798
241 119
241 242
242 428
243 163
243 244
244 380
245 246
245 585
246 231
247 248
247 795
248 564
249 250
249 799
250 60
251 252
251 309
252 316
253 254
253 466
254 730
255 256
255 344
256 262
257 193
257 258
258 143
259 260
259 723
260 124
261 262
261 434
262 26
263 264
263 607
264 542
265 120
265 266
266 721
267 117
267 268
268 368
269 270
269 507
270 708
271 236
271 272
272 200
273 22
273 274
274 578
275 276
275 645
276 102
277 278
277 785
278 737
279 59
279 280
280 634
281 179
281 282
282 741
283 284
283 693
284 613
285 264
285 286
286 652
287 37
287 288
288 307
289 290
289 674
290 584
291 209
291 292
292 672
293 294
293 648
294 765
295 191
295 296
296 638
297 298
297 773
298 52
299 263
299 300
300 606
301 115
301 302
302 588
303 304
303 593
304 350
305 306
305 497
306 301
307 308
307 373
308 482
309 229
309 310
310 446
311 312
311 437
312 594
313 314
313 733
314 668
315 316
315 575
316 424
317 318
317 500
318 162
319 239
319 320
320 794
321 322
321 535
322 528
323 324
323 555
324 304
325 85
325 326
326 176
327 328
327 791
328 324
329 330
329 771
330 54
331 332
331 370
332 108
333 334
333 641
334 138
335 336
335 792
336 249
337 338
337 595
338 750
339 103
339 340
340 15
341 342
341 503
342 228
343 281
343 344
344 245
345 346
345 751
346 144
347 348
347 399
348 394
349 258
349 350
350 534
351 170
351 352
352 762
353 354
353 768
354 148
355 50
355 356
356 731
357 358
357 445
358 230
359 360
359 411
360 814
361 362
361 714
362 35
363 364
363 710
364 558
365 366
365 518
366 783
367 167
367 368
368 88
369 370
369 627
370 572
371 372
371 661
372 57
373 374
373 554
374 598
375 274
375 376
376 7
377 378
377 541
378 403
379 380
379 491
380 8
381 366
381 382
382 58
383 384
383 461
384 502
385 386
385 653
386 623
387 105
387 388
388 766
389 113
389 390
390 39
391 197
391 392
392 363
393 340
393 394
394 474
395 172
395 396
396 219
397 398
397 609
398 720
399 400
399 453
400 67
401 275
401 402
402 6
403 404
403 679
404 202
405 406
405 789
406 488
407 28
407 408
408 475
409 410
409 788
410 764
411 198
411 412
412 335
413 414
413 669
414 31
415 303
415 416
416 678
417 400
417 418
418 221
419 420
419 530
420 131
421 106
421 422
422 182
423 424
423 632
424 812
425 347
425 426
426 521
427 428
427 604
428 240
429 430
429 807
430 208
431 432
431 465
432 676
433 434
433 662
434 650
435 436
435 576
436 430
437 1
437 438
438 657
439 101
439 440
440 177
441 11
441 442
442 774
443 331
443 444
444 392
445 412
445 446
446 110
447 448
447 532
448 511
449 450
449 639
450 337
451 95
451 452
452 196
453 454
453 711
454 786
455 456
455 483
456 704
457 458
457 754
458 587
459 45
459 460
460 20
461 420
461 462
462 442
463 464
463 590
464 717
465 466
465 612
466 568
467 468
467 543
468 697
469 287
469 470
470 279
471 472
471 560
472 682
473 266
473 474
474 376
475 390
475 476
476 220
477 478
477 663
478 631
479 480
479 726
480 423
481 482
481 685
482 25
483 79
483 484
484 596
485 486
485 644
486 355
487 361
487 488
488 759
489 123
489 490
490 211
491 17
491 492
492 186
493 260
493 494
494 352
495 150
495 496
496 748
497 333
497 498
498 62
499 341
499 500
500 127
501 3
501 502
502 616
503 473
503 504
504 802
505 506
505 659
506 151
507 147
507 508
508 649
509 222
509 510
510 706
511 512
511 734
512 703
513 367
513 514
514 495
515 215
515 516
516 10
517 518
517 805
518 199
519 305
519 520
520 433
521 513
521 522
522 767
523 317
523 524
524 81
525 389
525 526
526 514
527 528
527 811
528 438
529 530
529 548
530 501
531 241
531 532
532 283
533 242
533 534
534 388
535 223
535 536
536 272
537 538
537 702
538 401
539 153
539 540
540 665
541 225
541 542
542 71
543 41
543 544
544 780
545 30
545 546
546 458
547 548
547 579
548 515
549 525
549 550
550 13
551 467
551 552
552 464
553 168
553 554
554 654
555 94
555 556
556 362
557 178
557 558
558 504
559 339
559 560
560 381
561 562
561 719
562 408
563 431
563 564
564 155
565 386
565 566
566 804
567 72
567 568
568 416
569 561
569 570
570 104
571 572
571 787
572 421
573 415
573 574
574 64
575 492
575 576
576 378
577 537
577 578
578 444
579 571
579 580
580 655
581 570
581 582
582 622
583 285
583 584
584 758
585 567
585 586
586 246
587 130
587 588
588 736
589 551
589 590
590 707
591 485
591 592
592 66
593 447
593 594
594 536
595 596
595 617
596 14
597 374
597 598
598 512
599 273
599 600
600 342
601 425
601 602
602 432
603 251
603 604
604 293
605 46
605 606
606 107
607 519
607 608
608 63
609 610
609 813
610 646
611 612
611 630
612 213
613 96
613 614
614 294
615 351
615 616
616 12
617 171
617 618
618 602
619 451
619 620
620 450
621 298
621 622
622 300
623 321
623 624
624 479
625 626
625 709
626 90
627 413
627 628
628 586
629 630
629 745
630 667
631 565
631 632
632 749
633 549
633 634
634 724
635 203
635 636
636 449
637 443
637 638
638 175
639 53
639 640
640 524
641 233
641 642
642 797
643 75
643 644
644 320
645 82
645 646
646 384
647 523
647 648
648 735
649 650
649 779
650 677
651 652
651 683
652 738
653 158
653 654
654 599
655 402
655 656
656 92
657 658
657 777
658 49
659 660
659 796
660 308
661 662
661 746
662 306
663 329
663 664
664 36
665 32
665 666
666 232
667 668
667 761
668 487
669 299
669 670
670 100
671 291
671 672
672 383
673 527
673 674
674 11
675 314
675 676
676 116
677 111
677 678
678 546
679 70
679 680
680 2
681 358
681 682
682 318
683 642
683 684
684 353
685 139
685 686
686 278
687 157
687 688
688 261
689 73
689 690
690 621
691 267
691 692
692 5
693 97
693 694
694 40
695 398
695 696
696 128
697 619
697 698
698 393
699 700
699 803
700 65
701 93
701 702
702 129
703 478
703 704
704 80
705 135
705 706
706 348
707 387
707 708
708 499
709 419
709 710
710 418
711 701
711 712
712 744
713 391
713 714
714 21
715 247
715 716
716 782
717 268
717 718
718 776
719 611
719 720
720 377
721 34
721 722
722 216
723 343
723 724
724 533
725 270
725 726
726 43
727 201
727 728
728 354
729 601
729 730
730 410
731 91
731 732
732 154
733 169
733 734
734 122
735 489
735 736
736 212
737 4
737 738
738 801
739 740
739 809
740 286
741 556
741 742
742 582
743 181
743 744
744 552
745 405
745 746
746 468
747 636
747 748
748 253
749 640
749 750
750 728
751 752
751 781
752 660
753 55
753 754
754 145
755 563
755 756
756 42
757 194
757 758
758 580
759 336
759 760
760 626
761 426
761 762
762 78
763 625
763 764
764 382
765 694
765 766
766 498
767 559
767 768
768 696
769 243
769 770
770 255
771 713
771 772
772 284
773 89
773 774
774 296
775 259
775 776
776 146
777 506
777 778
778 395
779 227
779 780
780 540
781 313
781 782
782 600
783 517
783 784
784 520
785 705
785 786
786 553
787 448
787 788
788 164
789 9
789 790
790 47
791 311
791 792
792 725
793 505
793 794
794 806
795 265
795 796
796 747
797 133
797 798
798 772
799 699
799 800
800 195
801 802
801 810
802 778
803 218
803 804
804 496
805 770
805 806
806 624
807 292
807 808
808 346
809 19
809 810
810 38
811 459
811 812
812 494
813 385
813 814
814 471
