0 203
0 609
1 124
1 628
3 463
3 473
4 150
4 290
5 98
6 561
9 251
9 385
10 127
10 427
12 188
11 157
13 351
13 544
15 775
15 782
17 210
17 428
19 231
19 262
21 5
21 94
23 24
23 199
24 222
25 26
25 191
26 784
27 10
27 28
28 630
29 30
29 103
30 301
31 32
31 440
32 136
33 34
33 283
34 636
35 36
35 723
36 585
37 38
37 731
38 30
39 40
39 335
40 452
41 42
41 558
42 86
43 44
43 349
44 91
45 46
45 134
46 42
47 38
47 48
48 701
49 50
49 524
50 312
51 52
51 671
52 483
53 54
53 515
54 622
55 56
55 799
56 278
57 58
57 506
58 114
59 60
59 717
60 20
61 62
61 495
62 741
63 64
63 484
64 336
65 66
65 536
66 44
67 68
67 497
68 510
69 70
69 727
70 192
71 55
71 72
72 679
73 11
73 74
74 377
75 76
75 303
76 486
77 78
77 387
78 500
79 80
79 548
80 568
81 82
81 118
82 104
83 84
83 179
84 95
85 86
85 625
86 296
87 88
87 197
88 673
89 90
89 223
90 569
91 92
91 442
92 208
93 94
93 119
94 350
95 96
95 478
96 8
97 56
97 98
98 441
99 100
99 443
100 689
101 102
101 430
102 358
103 104
103 359
104 460
105 100
105 106
106 370
107 108
107 602
108 742
109 110
109 184
110 46
111 112
111 326
112 674
113 89
113 114
114 402
115 116
115 570
116 106
117 118
117 667
118 453
119 120
119 797
120 583
121 122
121 762
122 514
123 124
123 769
124 388
125 126
125 771
126 317
127 128
127 465
128 71
129 130
129 135
130 239
131 132
131 313
132 557
133 134
133 149
134 394
135 136
135 639
136 498
137 138
137 341
138 457
139 140
139 330
140 449
141 142
141 368
142 53
143 144
143 501
144 64
145 146
145 596
146 116
147 148
147 485
148 549
149 150
149 321
150 21
151 152
151 739
152 599
153 154
153 236
154 411
155 66
155 156
156 78
157 158
157 367
158 653
159 140
159 160
160 311
161 162
161 522
162 556
163 164
163 507
164 529
165 166
165 761
166 79
167 168
167 678
168 182
169 170
169 770
170 69
171 172
171 513
172 459
173 174
173 221
174 356
175 34
175 176
176 699
177 178
177 183
178 396
179 105
179 180
180 492
181 182
181 360
182 458
183 184
183 733
184 750
185 186
185 287
186 738
187 188
187 642
188 279
189 190
189 589
190 68
191 192
191 357
192 416
193 194
193 791
194 756
195 147
195 196
196 446
197 198
197 252
198 148
199 117
199 200
200 401
201 81
201 202
202 161
203 204
203 645
204 594
205 206
205 277
206 398
207 133
207 208
208 807
209 210
209 631
210 54
211 166
211 212
212 174
213 164
213 214
214 115
215 87
215 216
216 646
217 169
217 218
218 76
219 220
219 373
220 668
221 194
221 222
222 643
223 224
223 265
224 476
225 226
225 743
226 206
227 228
227 792
228 122
229 185
229 230
230 403
231 232
231 798
232 420
233 234
233 657
234 623
235 236
235 371
236 99
237 153
237 238
238 165
239 240
239 505
240 474
241 242
241 295
242 59
243 244
243 271
244 621
245 246
245 806
246 334
247 248
247 509
248 220
249 250
249 275
250 90
251 252
251 391
252 274
253 235
253 254
254 58
255 256
255 363
256 448
257 258
257 273
258 812
259 75
259 260
260 632
261 262
261 690
262 308
263 257
263 264
264 17
265 266
265 439
266 282
267 113
267 268
268 640
269 270
269 550
270 19
271 272
271 580
272 84
273 274
273 535
274 675
275 276
275 748
276 720
277 9
277 278
278 794
279 280
279 695
280 729
281 282
281 521
282 644
283 284
283 637
284 801
285 286
285 491
286 488
287 288
287 662
288 572
289 290
289 691
290 212
291 180
291 292
292 656
293 294
293 753
294 611
295 296
295 437
296 620
297 298
297 597
298 289
299 300
299 423
300 531
301 302
301 479
302 249
303 304
303 555
304 768
305 12
305 306
306 48
307 131
307 308
308 534
309 310
309 638
310 736
311 312
311 680
312 772
313 314
313 575
314 18
315 316
315 404
316 96
317 247
317 318
318 477
319 320
319 496
320 276
321 322
321 435
322 606
323 324
323 787
324 264
325 326
325 565
326 780
327 237
327 328
328 438
329 195
329 330
330 372
331 332
331 433
332 215
333 334
333 626
334 412
335 270
335 336
336 713
337 338
337 726
338 703
339 307
339 340
340 586
341 29
341 342
342 421
343 344
343 493
344 80
345 346
345 693
346 576
347 348
347 408
348 57
349 132
349 350
350 466
351 14
351 352
352 97
353 354
353 683
354 379
355 356
355 543
356 800
357 193
357 358
358 472
359 360
359 777
360 711
361 362
361 665
362 374
363 219
363 364
364 361
365 146
365 366
366 714
367 368
367 811
368 130
369 370
369 593
370 760
371 207
371 372
372 635
373 374
373 747
374 121
375 376
375 719
376 546
377 160
377 378
378 400
379 229
379 380
380 722
381 382
381 608
382 200
383 285
383 384
384 6
385 386
385 813
386 759
387 388
387 677
388 754
389 390
389 456
390 708
391 392
391 591
392 567
393 394
393 779
394 725
395 3
395 396
396 682
397 398
397 802
398 616
399 400
399 706
400 340
401 101
401 402
402 776
403 31
403 404
404 436
405 93
405 406
406 347
407 189
407 408
408 280
409 407
409 410
410 764
411 412
411 648
412 619
413 414
413 778
414 240
415 416
415 696
416 562
417 314
417 418
418 16
419 420
419 774
420 804
421 422
421 698
422 159
423 424
423 563
424 267
425 426
425 618
426 176
427 428
427 592
428 144
429 171
429 430
430 663
431 432
431 571
432 381
433 230
433 434
434 324
435 436
435 783
436 471
437 343
437 438
438 793
439 440
439 749
440 386
441 399
441 442
442 734
443 444
443 475
444 669
445 413
445 446
446 716
447 448
447 516
448 266
449 450
449 629
450 588
451 452
451 564
452 566
453 454
453 697
454 72
455 41
455 456
456 451
457 175
457 458
458 228
459 460
459 660
460 650
461 196
461 462
462 426
463 464
463 672
464 256
465 466
465 525
466 306
467 468
467 617
468 178
469 470
469 685
470 187
471 472
471 528
472 242
473 474
473 757
474 344
475 244
475 476
476 788
477 478
477 745
478 82
479 480
479 773
480 737
481 362
481 482
482 530
483 332
483 484
484 318
485 238
485 486
486 664
487 488
487 715
488 110
489 139
489 490
490 26
491 492
491 633
492 88
493 494
493 533
494 60
495 467
495 496
496 323
497 498
497 573
498 604
499 500
499 755
500 686
501 305
501 502
502 603
503 109
503 504
504 752
505 15
505 506
506 24
507 508
507 641
508 670
509 261
509 510
510 704
511 425
511 512
512 365
513 1
513 514
514 417
515 154
515 516
516 328
517 39
517 518
518 688
519 225
519 520
520 366
521 522
521 547
522 542
523 524
523 554
524 6
525 364
525 526
526 574
527 490
527 528
528 108
529 331
529 530
530 4
531 532
531 607
532 107
533 534
533 545
534 481
535 233
535 536
536 128
537 538
537 765
538 712
539 540
539 710
540 170
541 542
541 814
542 245
543 544
543 809
544 431
545 546
545 661
546 190
547 548
547 659
548 541
549 422
549 550
550 553
551 552
551 676
552 432
553 482
553 554
554 217
555 480
555 556
556 767
557 151
557 558
558 552
559 181
559 560
560 744
561 333
561 562
562 254
563 405
563 564
564 158
565 566
565 795
566 376
567 568
567 584
568 540
569 539
569 570
570 523
571 172
571 572
572 559
573 11
573 574
574 342
575 281
575 576
576 598
577 415
577 578
578 320
579 580
579 786
580 25
581 582
581 590
582 454
583 137
583 584
584 28
585 586
585 810
586 232
587 588
587 681
588 204
589 209
589 590
590 649
591 211
591 592
592 241
593 487
593 594
594 227
595 67
595 596
596 424
597 12
597 598
598 384
599 512
599 600
600 654
601 602
601 709
602 382
603 604
603 613
604 234
605 606
605 803
606 286
607 65
607 608
608 634
609 205
609 610
610 168
611 519
611 612
612 746
613 33
613 614
614 658
615 300
615 616
616 310
617 595
617 618
618 163
619 348
619 620
620 790
621 13
621 622
622 578
623 141
623 624
624 462
625 123
625 626
626 560
627 327
627 628
628 319
629 455
629 630
630 461
631 201
631 632
632 152
633 337
633 634
634 517
635 263
635 636
636 375
637 638
637 763
638 5
639 429
639 640
640 74
641 489
641 642
642 143
643 644
643 758
644 732
645 646
645 781
646 538
647 469
647 648
648 434
649 395
649 650
650 2
651 145
651 652
652 250
653 600
653 654
654 155
655 414
655 656
656 494
657 658
657 785
658 22
659 255
659 660
660 322
661 339
661 662
662 526
663 216
663 664
664 156
665 47
665 666
666 389
667 499
667 668
668 392
669 36
669 670
670 728
671 537
671 672
672 309
673 464
673 674
674 808
675 32
675 676
676 284
677 409
677 678
678 579
679 680
679 796
680 624
681 253
681 682
682 612
683 51
683 684
684 655
685 353
685 686
686 700
687 652
687 688
688 468
689 167
689 690
690 615
691 410
691 692
692 694
693 581
693 694
694 50
695 651
695 696
696 52
697 698
697 766
698 269
699 294
699 700
700 380
701 288
701 702
702 7
703 258
703 704
704 291
705 325
705 706
706 447
707 85
707 708
708 292
709 23
709 710
710 260
711 712
711 730
712 418
713 714
713 718
714 102
715 243
715 716
716 508
717 92
717 718
718 202
719 302
719 720
720 268
721 329
721 722
722 740
723 707
723 724
724 338
725 705
725 726
726 198
727 49
727 728
728 692
729 173
729 730
730 614
731 393
731 732
732 390
733 502
733 734
734 684
735 345
735 736
736 518
737 511
737 738
738 63
739 177
739 740
740 186
741 126
741 742
742 445
743 352
743 744
744 397
745 378
745 746
746 316
747 35
747 748
748 298
749 129
749 750
750 666
751 61
751 752
752 70
753 43
753 754
754 111
755 37
755 756
756 520
757 213
757 758
758 504
759 355
759 760
760 248
761 587
761 762
762 527
763 297
763 764
764 577
765 77
765 766
766 805
767 40
767 768
768 272
769 73
769 770
770 532
771 120
771 772
772 162
773 751
773 774
774 369
775 62
775 776
776 112
777 27
777 778
778 142
779 721
779 780
780 354
781 627
781 782
782 789
783 125
783 784
784 582
785 83
785 786
786 470
787 735
787 788
788 605
789 315
789 790
790 304
791 224
791 792
792 346
793 406
793 794
794 503
795 647
795 796
796 444
797 601
797 798
798 687
799 551
799 800
800 450
801 383
801 802
802 724
803 138
803 804
804 226
805 259
805 806
806 610
807 246
807 808
808 702
809 419
809 810
810 214
811 45
811 812
812 218
813 299
813 814
814 293
