0 249
0 697
1 457
1 667
3 289
3 585
5 146
4 472
4 768
6 89
9 270
9 571
10 468
10 493
12 244
11 689
13 38
13 674
15 122
15 311
17 204
17 630
19 380
19 434
21 591
21 691
23 24
23 199
24 654
25 26
25 507
26 54
27 28
27 115
28 60
29 30
29 145
30 530
31 32
31 584
32 382
33 34
33 611
34 814
35 36
35 499
36 390
37 38
37 252
38 105
39 40
39 589
40 520
41 42
41 789
42 321
43 44
43 569
44 570
45 46
45 339
46 454
47 48
47 414
48 373
49 50
49 172
50 354
51 52
51 304
52 299
53 54
53 123
54 152
55 56
55 485
56 378
57 58
57 771
58 638
59 60
59 416
60 538
61 62
61 595
62 70
63 64
63 758
64 668
65 66
65 374
66 308
67 68
67 95
68 740
69 70
69 721
70 601
71 72
71 531
72 280
73 74
73 218
74 84
75 76
75 705
76 677
77 78
77 779
78 687
79 80
79 225
80 219
81 82
81 287
82 695
83 84
83 162
84 318
85 86
85 755
86 203
87 88
87 169
88 803
89 90
89 151
90 228
91 92
91 323
92 254
93 91
93 94
94 787
95 96
95 624
96 805
97 98
97 613
98 640
99 100
99 683
100 679
101 102
101 729
102 809
103 104
103 497
104 64
105 106
105 240
106 74
107 108
107 453
108 418
109 110
109 233
110 59
111 112
111 487
112 452
113 114
113 355
114 650
115 116
115 549
116 684
117 118
117 397
118 600
119 79
119 120
120 521
121 122
121 484
122 164
123 124
123 205
124 331
125 126
125 636
126 139
127 128
127 184
128 266
129 130
129 171
130 235
131 132
131 777
132 651
133 134
133 141
134 605
135 136
135 379
136 812
137 138
137 807
138 449
139 108
139 140
140 604
141 142
141 483
142 709
143 144
143 478
144 2
145 146
145 276
146 342
147 148
147 358
148 212
149 150
149 261
150 230
151 152
151 310
152 174
153 154
153 363
154 479
155 129
155 156
156 437
157 158
157 347
158 515
159 160
159 357
160 7
161 162
161 221
162 178
163 164
163 781
164 407
165 166
165 217
166 798
167 168
167 706
168 314
169 170
169 367
170 187
171 172
171 445
172 51
173 174
173 469
174 658
175 176
175 629
176 522
177 178
177 450
178 567
179 180
179 413
180 405
181 182
181 737
182 134
183 184
183 559
184 319
185 39
185 186
186 752
187 188
187 505
188 124
189 190
189 639
190 398
191 192
191 759
192 720
193 194
193 791
194 332
195 177
195 196
196 420
197 198
197 504
198 160
199 200
199 711
200 532
201 202
201 337
202 263
203 11
203 204
204 284
205 206
205 419
206 529
207 208
207 703
208 492
209 210
209 391
210 196
211 46
211 212
212 262
213 214
213 302
214 210
215 216
215 401
216 682
217 218
217 351
218 194
219 220
219 799
220 628
221 71
221 222
222 724
223 208
223 224
224 508
225 226
225 435
226 609
227 228
227 726
228 114
229 230
229 335
230 258
231 180
231 232
232 550
233 167
233 234
234 66
235 236
235 403
236 496
237 238
237 381
238 718
239 240
239 744
240 622
241 72
241 242
242 431
243 244
243 300
244 207
245 246
245 536
246 482
247 248
247 324
248 65
249 57
249 250
250 53
251 213
251 252
252 426
253 254
253 701
254 765
255 256
255 681
256 742
257 75
257 258
258 770
259 58
259 260
260 392
261 262
261 371
262 516
263 264
263 761
264 248
265 266
265 366
266 646
267 56
267 268
268 232
269 270
269 633
270 433
271 15
271 272
272 73
273 274
273 556
274 665
275 276
275 773
276 153
277 278
277 463
278 223
279 280
279 362
280 673
281 282
281 303
282 410
283 284
283 523
284 375
285 286
285 386
286 745
287 288
287 603
288 757
289 290
289 352
290 320
291 81
291 292
292 20
293 294
293 513
294 168
295 78
295 296
296 511
297 298
297 596
298 688
299 112
299 300
300 25
301 302
301 598
302 561
303 304
303 647
304 612
305 306
305 477
306 533
307 308
307 542
308 322
309 216
309 310
310 458
311 269
311 312
312 666
313 77
313 314
314 138
315 316
315 655
316 738
317 189
317 318
318 370
319 320
319 734
320 346
321 322
321 336
322 5
323 324
323 749
324 653
325 103
325 326
326 436
327 328
327 602
328 626
329 41
329 330
330 118
331 332
331 582
332 82
333 334
333 704
334 278
335 191
335 336
336 756
337 338
337 575
338 388
339 12
339 340
340 470
341 342
341 377
342 610
343 131
343 344
344 788
345 346
345 642
346 422
347 211
347 348
348 586
349 313
349 350
350 243
351 352
351 732
352 685
353 354
353 417
354 652
355 317
355 356
356 40
357 358
357 459
358 140
359 360
359 813
360 176
361 362
361 441
362 644
363 364
363 474
364 200
365 285
365 366
366 1
367 368
367 565
368 384
369 353
369 370
370 126
371 215
371 372
372 715
373 374
373 423
374 333
375 195
375 376
376 810
377 327
377 378
378 558
379 380
379 597
380 90
381 382
381 811
382 804
383 384
383 659
384 154
385 9
385 386
386 500
387 388
387 473
388 702
389 117
389 390
390 719
391 279
391 392
392 5
393 226
393 394
394 166
395 13
395 396
396 448
397 398
397 429
398 648
399 163
399 400
400 741
401 69
401 402
402 165
403 404
403 786
404 316
405 406
405 635
406 428
407 368
407 408
408 480
409 283
409 410
410 537
411 183
411 412
412 296
413 301
413 414
414 144
415 416
415 476
416 185
417 418
417 501
418 6
419 420
419 577
420 566
421 411
421 422
422 546
423 344
423 424
424 288
425 119
425 426
426 471
427 399
427 428
428 173
429 359
429 430
430 518
431 432
431 506
432 593
433 133
433 434
434 17
435 436
435 451
436 678
437 19
437 438
438 220
439 440
439 590
440 198
441 442
441 797
442 672
443 444
443 573
444 67
445 446
445 698
446 294
447 443
447 448
448 4
449 450
449 707
450 760
451 161
451 452
452 527
453 309
453 454
454 251
455 456
455 690
456 408
457 458
457 491
458 796
459 430
459 460
460 594
461 229
461 462
462 350
463 464
463 581
464 238
465 466
465 617
466 128
467 102
467 468
468 29
469 470
469 802
470 241
471 472
471 576
472 356
473 425
473 474
474 94
475 476
475 782
476 93
477 329
477 478
478 255
479 480
479 649
480 98
481 149
481 482
482 253
483 48
483 484
484 794
485 486
485 641
486 731
487 385
487 488
488 14
489 341
489 490
490 456
491 492
491 627
492 142
493 52
493 494
494 710
495 496
495 645
496 97
497 387
497 498
498 778
499 500
499 637
500 714
501 502
501 733
502 92
503 265
503 504
504 298
505 506
505 615
506 334
507 508
507 664
508 432
509 43
509 510
510 376
511 246
511 512
512 274
513 33
513 514
514 588
515 516
515 592
516 268
517 518
517 767
518 784
519 520
519 675
520 800
521 130
521 522
522 660
523 369
523 524
524 10
525 202
525 526
526 372
527 528
527 579
528 696
529 247
529 530
530 158
531 532
531 634
532 446
533 534
533 776
534 466
535 277
535 536
536 525
537 538
537 795
538 156
539 489
539 540
540 662
541 188
541 542
542 106
543 544
543 774
544 396
545 256
545 546
546 8
547 548
547 716
548 307
549 503
549 550
550 328
551 552
551 750
552 360
553 292
553 554
554 545
555 271
555 556
556 190
557 12
557 558
558 224
559 257
559 560
560 389
561 32
561 562
562 551
563 564
563 747
564 42
565 555
565 566
566 338
567 438
567 568
568 488
569 272
569 570
570 186
571 427
571 572
572 242
573 275
573 574
574 621
575 85
575 576
576 669
577 361
577 578
578 107
579 11
579 580
580 462
581 237
581 582
582 739
583 113
583 584
584 325
585 586
585 708
586 104
587 80
587 588
588 614
589 286
589 590
590 63
591 22
591 592
592 395
593 594
593 676
594 568
595 55
595 596
596 175
597 88
597 598
598 643
599 600
599 713
600 315
601 602
601 751
602 181
603 574
603 604
604 510
605 553
605 606
606 234
607 587
607 608
608 686
609 47
609 610
610 440
611 599
611 612
612 111
613 509
613 614
614 722
615 444
615 616
616 143
617 618
617 619
618 528
619 116
619 620
620 608
621 580
621 622
622 618
623 383
623 624
624 99
625 481
625 626
626 197
627 620
627 628
628 502
629 630
629 631
630 769
631 517
631 632
632 34
633 623
633 634
634 693
635 206
635 636
636 406
637 638
637 753
638 541
639 640
639 699
640 514
641 305
641 642
642 409
643 297
643 644
644 526
645 646
645 764
646 498
647 193
647 648
648 467
649 50
649 650
650 182
651 652
651 671
652 495
653 209
653 654
654 68
655 110
655 656
656 404
657 349
657 658
658 455
659 660
659 663
660 712
661 662
661 766
662 147
663 421
663 664
664 23
665 393
665 666
666 424
667 364
667 668
668 490
669 30
669 670
670 192
671 461
671 672
672 554
673 37
673 674
674 96
675 35
675 676
676 236
677 132
677 678
678 578
679 312
679 680
680 692
681 524
681 682
682 127
683 535
683 684
684 340
685 100
685 686
686 28
687 101
687 688
688 18
689 45
689 690
690 239
691 692
691 700
692 539
693 657
693 694
694 780
695 544
695 696
696 214
697 447
697 698
698 519
699 700
699 785
700 86
701 343
701 702
702 670
703 330
703 704
704 121
705 109
705 706
706 155
707 36
707 708
708 656
709 710
709 736
710 723
711 712
711 763
712 540
713 87
713 714
714 259
715 400
715 716
716 159
717 295
717 718
718 394
719 720
719 746
720 694
721 31
721 722
722 743
723 534
723 724
724 808
725 616
725 726
726 728
727 179
727 728
728 790
729 412
729 730
730 557
731 76
731 732
732 120
733 734
733 783
734 730
735 512
735 736
736 754
737 572
737 738
738 6
739 282
739 740
740 806
741 632
741 742
742 661
743 306
743 744
744 606
745 157
745 746
746 136
747 281
747 748
748 49
749 245
749 750
750 772
751 564
751 752
752 16
753 748
753 754
754 267
755 625
755 756
756 725
757 465
757 758
758 792
759 735
759 760
760 439
761 273
761 762
762 486
763 402
763 764
764 348
765 562
765 766
766 26
767 415
767 768
768 442
769 260
769 770
770 460
771 560
771 772
772 775
773 61
773 774
774 717
775 547
775 776
776 552
777 762
777 778
778 44
779 135
779 780
780 150
781 475
781 782
782 583
783 201
783 784
784 548
785 345
785 786
786 227
787 365
787 788
788 291
789 563
789 790
790 801
791 293
791 792
792 24
793 264
793 794
794 222
795 21
795 796
796 290
797 231
797 798
798 27
799 543
799 800
800 83
801 137
801 802
802 464
803 170
803 804
804 125
805 680
805 806
806 793
807 326
807 808
808 148
809 250
809 810
810 494
811 727
811 812
812 3
813 607
813 814
814 62
