0 339
0 363
3 4
3 175
4 269
4 574
5 641
6 662
7 132
7 610
8 500
8 739
9 290
10 540
11 106
11 316
13 86
13 284
15 206
15 426
17 397
17 783
19 239
19 302
21 333
21 365
23 24
23 253
24 420
25 26
25 773
26 600
27 28
27 759
28 670
29 30
29 747
30 583
31 32
31 585
32 802
33 34
33 409
34 556
35 36
35 49
36 799
37 38
37 47
38 24
39 40
39 746
40 598
41 42
41 377
42 442
43 44
43 151
44 265
45 46
45 537
46 656
47 48
47 192
48 14
49 50
49 289
50 792
51 52
51 417
52 306
53 54
53 264
54 476
55 6
55 56
56 370
57 58
57 604
58 386
59 60
59 587
60 714
61 55
61 62
62 681
63 64
63 441
64 732
65 31
65 66
66 50
67 68
67 389
68 490
69 70
69 421
70 134
71 72
71 627
72 287
73 74
73 774
74 727
75 76
75 511
76 348
77 78
77 274
78 293
79 80
79 737
80 278
81 82
81 777
82 781
83 84
83 325
84 744
85 86
85 332
86 434
87 88
87 757
88 803
89 90
89 393
90 516
91 92
91 448
92 482
93 94
93 215
94 686
95 96
95 160
96 594
97 98
97 513
98 186
99 21
99 100
100 715
101 102
101 709
102 505
103 104
103 341
104 580
105 106
105 479
106 246
107 89
107 108
108 359
109 105
109 110
110 40
111 112
111 560
112 340
113 114
113 311
114 605
115 116
115 789
116 489
117 118
117 649
118 688
119 120
119 384
120 380
121 122
121 566
122 372
123 124
123 617
124 468
125 126
125 327
126 726
127 43
127 128
128 800
129 130
129 667
130 9
131 132
131 754
132 776
133 134
133 263
134 288
135 136
135 603
136 343
137 138
137 283
138 242
139 140
139 172
140 83
141 142
141 157
142 260
143 144
143 150
144 212
145 90
145 146
146 702
147 148
147 529
148 690
149 150
149 495
150 245
151 152
151 459
152 630
153 102
153 154
154 788
155 156
155 687
156 720
157 158
157 523
158 11
159 160
159 373
160 502
161 69
161 162
162 254
163 164
163 534
164 530
165 166
165 567
166 446
167 19
167 168
168 374
169 170
169 554
170 756
171 172
171 471
172 259
173 174
173 510
174 318
175 176
175 621
176 521
177 5
177 178
178 432
179 180
179 431
180 504
181 182
181 257
182 280
183 184
183 477
184 60
185 181
185 186
186 642
187 188
187 300
188 369
189 190
189 671
190 640
191 192
191 320
192 243
193 194
193 602
194 294
195 196
195 398
196 379
197 198
197 528
198 562
199 200
199 361
200 16
201 202
201 395
202 184
203 204
203 270
204 481
205 85
205 206
206 154
207 97
207 208
208 266
209 210
209 695
210 764
211 212
211 775
212 400
213 214
213 483
214 95
215 216
215 496
216 178
217 218
217 666
218 632
219 220
219 563
220 405
221 222
221 276
222 224
223 224
223 577
224 214
225 226
225 555
226 699
227 87
227 228
228 704
229 135
229 230
230 736
231 232
231 609
232 559
233 234
233 515
234 787
235 236
235 703
236 166
237 37
237 238
238 443
239 240
239 633
240 230
241 231
241 242
242 809
243 80
243 244
244 228
245 246
245 663
246 464
247 248
247 451
248 658
249 250
249 589
250 522
251 39
251 252
252 232
253 77
253 254
254 66
255 13
255 256
256 18
257 258
257 362
258 423
259 260
259 487
260 385
261 262
261 755
262 650
263 264
263 419
264 593
265 266
265 279
266 128
267 204
267 268
268 535
269 270
269 785
270 221
271 229
271 272
272 724
273 115
273 274
274 100
275 276
275 416
276 98
277 237
277 278
278 545
279 280
279 636
280 234
281 222
281 282
282 145
283 284
283 427
284 472
285 193
285 286
286 478
287 121
287 288
288 676
289 23
289 290
290 244
291 74
291 292
292 152
293 294
293 647
294 58
295 205
295 296
296 796
297 298
297 437
298 9
299 176
299 300
300 133
301 302
301 758
302 20
303 46
303 304
304 250
305 306
305 360
306 429
307 308
307 456
308 63
309 310
309 571
310 52
311 251
311 312
312 474
313 113
313 314
314 491
315 94
315 316
316 664
317 318
317 637
318 615
319 320
319 657
320 299
321 322
321 752
322 388
323 324
323 450
324 292
325 326
325 808
326 674
327 328
327 753
328 345
329 203
329 330
330 608
331 332
331 797
332 404
333 334
333 705
334 507
335 141
335 336
336 54
337 213
337 338
338 29
339 340
339 407
340 190
341 342
341 541
342 174
343 211
343 344
344 675
345 346
345 731
346 689
347 348
347 439
348 258
349 350
349 549
350 336
351 101
351 352
352 412
353 81
353 354
354 76
355 356
355 357
356 623
357 171
357 358
358 620
359 248
359 360
360 614
361 362
361 685
362 208
363 364
363 387
364 173
365 223
365 366
366 356
367 368
367 760
368 801
369 370
369 595
370 41
371 267
371 372
372 606
373 17
373 374
374 582
375 59
375 376
376 45
377 378
377 569
378 68
379 262
379 380
380 576
381 382
381 518
382 469
383 384
383 553
384 765
385 386
385 548
386 536
387 227
387 388
388 596
389 220
389 390
390 167
391 42
391 392
392 622
393 394
393 813
394 335
395 396
395 436
396 778
397 398
397 805
398 503
399 400
399 520
400 698
401 402
401 761
402 34
403 136
403 404
404 92
405 261
405 406
406 708
407 25
407 408
408 543
409 410
409 552
410 648
411 313
411 412
412 226
413 414
413 486
414 64
415 416
415 673
416 525
417 138
417 418
418 780
419 420
419 717
420 399
421 137
421 422
422 411
423 304
423 424
424 53
425 56
425 426
426 710
427 428
427 655
428 712
429 430
429 584
430 700
431 271
431 432
432 425
433 434
433 684
434 146
435 275
435 436
436 445
437 93
437 438
438 769
439 440
439 526
440 718
441 351
441 442
442 680
443 70
443 444
444 643
445 62
445 446
446 492
447 219
447 448
448 5
449 450
449 613
450 618
451 165
451 452
452 558
453 209
453 454
454 305
455 233
455 456
456 691
457 458
457 725
458 592
459 460
459 517
460 626
461 462
461 497
462 408
463 235
463 464
464 12
465 328
465 466
466 104
467 123
467 468
468 163
469 252
469 470
470 153
471 159
471 472
472 346
473 403
473 474
474 722
475 202
475 476
476 366
477 478
477 696
478 309
479 447
479 480
480 307
481 482
481 793
482 6
483 161
483 484
484 61
485 486
485 653
486 734
487 473
487 488
488 728
489 490
489 501
490 770
491 461
491 492
492 162
493 494
493 539
494 110
495 496
495 772
496 301
497 201
497 498
498 454
499 500
499 579
500 733
501 502
501 597
502 321
503 319
503 504
504 430
505 291
505 506
506 494
507 139
507 508
508 458
509 91
509 510
510 38
511 3
511 512
512 692
513 514
513 665
514 738
515 516
515 551
516 96
517 99
517 518
518 79
519 364
519 520
520 810
521 272
521 522
522 586
523 428
523 524
524 721
525 207
525 526
526 268
527 528
527 607
528 347
529 422
529 530
530 218
531 532
531 811
532 679
533 534
533 590
534 542
535 536
535 741
536 200
537 538
537 750
538 804
539 282
539 540
540 660
541 542
541 711
542 578
543 438
543 544
544 414
545 368
545 546
546 352
547 548
547 707
548 353
549 532
549 550
550 418
551 116
551 552
552 196
553 554
553 564
554 73
555 383
555 556
556 324
557 558
557 668
558 111
559 560
559 751
560 538
561 44
561 562
562 315
563 247
563 564
564 125
565 107
565 566
566 735
567 568
567 591
568 148
569 158
569 570
570 144
571 189
571 572
572 568
573 574
573 763
574 375
575 402
575 576
576 84
577 191
577 578
578 812
579 285
579 580
580 646
581 561
581 582
582 194
583 131
583 584
584 391
585 140
585 586
586 298
587 147
587 588
588 493
589 308
589 590
590 338
591 531
591 592
592 677
593 594
593 701
594 238
595 467
595 596
596 519
597 598
597 749
598 312
599 143
599 600
600 217
601 331
601 602
602 109
603 604
603 745
604 713
605 606
605 639
606 322
607 608
607 795
608 156
609 610
609 619
610 303
611 599
611 612
612 624
613 462
613 614
614 706
615 550
615 616
616 256
617 618
617 682
618 768
619 620
619 635
620 114
621 177
621 622
622 170
623 624
623 740
624 506
625 626
625 651
626 465
627 169
627 628
628 546
629 499
629 630
630 277
631 632
631 771
632 742
633 281
633 634
634 782
635 631
635 636
636 697
637 185
637 638
638 572
639 78
639 640
640 168
641 642
641 798
642 806
643 396
643 644
644 310
645 57
645 646
646 112
647 648
647 729
648 794
649 127
649 650
650 22
651 179
651 652
652 350
653 654
653 678
654 349
655 527
655 656
656 730
657 103
657 658
658 790
659 435
659 660
660 440
661 329
661 662
662 401
663 155
663 664
664 286
665 36
665 666
666 444
667 82
667 668
668 498
669 71
669 670
670 638
671 27
671 672
672 786
673 601
673 674
674 10
675 514
675 676
676 628
677 485
677 678
678 197
679 240
679 680
680 544
681 317
681 682
682 30
683 512
683 684
684 295
685 625
685 686
686 344
687 508
687 688
688 32
689 488
689 690
690 48
691 692
691 791
692 547
693 376
693 694
694 354
695 480
695 696
696 565
697 484
697 698
698 26
699 122
699 700
700 236
701 702
701 814
702 65
703 188
703 704
704 10
705 249
705 706
706 672
707 659
707 708
708 195
709 381
709 710
710 719
711 581
711 712
712 296
713 314
713 714
714 743
715 119
715 716
716 358
717 470
717 718
718 413
719 130
719 720
720 616
721 475
721 722
722 120
723 509
723 724
724 382
725 460
725 726
726 463
727 533
727 728
728 748
729 51
729 730
730 142
731 126
731 732
732 652
733 326
733 734
734 570
735 575
735 736
736 108
737 35
737 738
738 367
739 129
739 740
740 392
741 323
741 742
742 644
743 164
743 744
744 466
745 355
745 746
746 629
747 748
747 767
748 524
749 723
749 750
750 198
751 371
751 752
752 779
753 117
753 754
754 611
755 241
755 756
756 28
757 337
757 758
758 645
759 255
759 760
760 1
761 7
761 762
762 807
763 75
763 764
764 557
765 683
765 766
766 118
767 33
767 768
768 693
769 457
769 770
770 784
771 149
771 772
772 716
773 199
773 774
774 67
775 669
775 776
776 694
777 424
777 778
778 2
779 654
779 780
780 612
781 762
781 782
782 124
783 453
783 784
784 180
785 182
785 786
786 452
787 433
787 788
788 378
789 88
789 790
790 8
791 661
791 792
792 342
793 183
793 794
794 449
795 415
795 796
796 410
797 573
797 798
798 225
799 334
799 800
800 187
801 390
801 802
802 634
803 766
803 804
804 15
805 273
805 806
806 394
807 588
807 808
808 210
809 406
809 810
810 216
811 455
811 812
812 330
813 297
813 814
814 72
