0 437
0 483
2 77
2 311
3 159
3 587
4 547
4 715
5 118
6 218
9 417
9 493
10 381
10 589
11 445
12 1
13 336
13 611
15 19
15 481
17 210
17 503
19 367
19 601
21 223
21 277
23 24
23 399
24 156
25 26
25 534
26 410
27 28
27 343
28 536
29 30
29 521
30 406
31 32
31 737
32 222
33 34
33 499
34 800
35 11
35 36
36 559
37 38
37 195
38 180
39 40
39 678
40 267
41 42
41 654
42 450
43 44
43 538
44 738
45 46
45 309
46 563
47 48
47 371
48 780
49 50
49 392
50 107
51 52
51 598
52 5
53 54
53 509
54 57
55 6
55 56
56 233
57 58
57 459
58 508
59 60
59 111
60 186
61 62
61 570
62 295
63 64
63 553
64 358
65 66
65 251
66 134
67 68
67 779
68 790
69 70
69 182
70 530
71 72
71 597
72 454
73 74
73 246
74 62
75 76
75 254
76 39
77 23
77 78
78 423
79 80
79 543
80 624
81 82
81 575
82 187
83 4
83 84
84 735
85 86
85 331
86 717
87 88
87 93
88 44
89 90
89 141
90 348
91 92
91 281
92 334
93 73
93 94
94 703
95 96
95 741
96 666
97 98
97 568
98 368
99 15
99 100
100 692
101 102
101 588
102 189
103 16
103 104
104 76
105 106
105 486
106 555
107 108
107 322
108 718
109 110
109 127
110 748
111 9
111 112
112 787
113 114
113 713
114 436
115 116
115 140
116 742
117 118
117 595
118 116
119 120
119 143
120 638
121 122
121 393
122 795
123 124
123 544
124 86
125 126
125 448
126 36
127 128
127 327
128 70
129 130
129 596
130 121
131 132
131 749
132 232
133 134
133 162
134 671
135 136
135 763
136 293
137 138
137 581
138 526
139 140
139 614
140 532
141 142
141 243
142 560
143 144
143 699
144 564
145 81
145 146
146 68
147 148
147 694
148 496
149 150
149 430
150 188
151 152
151 286
152 794
153 154
153 809
154 812
155 156
155 554
156 97
157 158
157 365
158 266
159 160
159 171
160 622
161 162
161 789
162 414
163 164
163 501
164 356
165 166
165 579
166 648
167 164
167 168
168 216
169 170
169 301
170 583
171 172
171 510
172 431
173 174
173 463
174 814
175 166
175 176
176 352
177 178
177 179
178 152
179 180
179 506
180 18
181 78
181 182
182 663
183 184
183 602
184 396
185 186
185 455
186 507
187 188
187 716
188 702
189 190
189 422
190 798
191 192
191 796
192 402
193 83
193 194
194 325
195 196
195 549
196 350
197 198
197 592
198 556
199 200
199 533
200 364
201 40
201 202
202 48
203 204
203 650
204 324
205 100
205 206
206 688
207 208
207 805
208 30
209 210
209 695
210 5
211 49
211 212
212 698
213 214
213 719
214 288
215 216
215 629
216 197
217 135
217 218
218 746
219 220
219 627
220 632
221 222
221 797
222 224
223 224
223 378
224 7
225 74
225 226
226 132
227 228
227 377
228 390
229 10
229 230
230 276
231 232
231 656
232 524
233 234
233 722
234 69
235 236
235 745
236 708
237 123
237 238
238 8
239 240
239 764
240 220
241 242
241 781
242 415
243 11
243 244
244 58
245 246
245 677
246 793
247 112
247 248
248 686
249 250
249 525
250 608
251 252
251 772
252 253
253 113
253 254
254 539
255 256
255 397
256 427
257 52
257 258
258 724
259 260
259 558
260 604
261 262
261 599
262 720
263 139
263 264
264 260
265 266
265 652
266 176
267 190
267 268
268 128
269 154
269 270
270 92
271 272
271 707
272 691
273 245
273 274
274 308
275 276
275 475
276 697
277 125
277 278
278 142
279 271
279 280
280 606
281 133
281 282
282 770
283 284
283 767
284 649
285 200
285 286
286 736
287 31
287 288
288 379
289 290
289 494
290 449
291 292
291 479
292 263
293 294
293 731
294 751
295 229
295 296
296 106
297 298
297 755
298 103
299 300
299 590
300 548
301 213
301 302
302 665
303 304
303 729
304 676
305 131
305 306
306 700
307 308
307 385
308 279
309 310
309 522
310 456
311 312
311 759
312 297
313 314
313 565
314 43
315 316
315 537
316 646
317 318
317 477
318 349
319 320
319 625
320 363
321 193
321 322
322 244
323 324
323 419
324 292
325 326
325 361
326 808
327 328
327 487
328 12
329 61
329 330
330 734
331 332
331 557
332 192
333 334
333 635
334 786
335 273
335 336
336 285
337 79
337 338
338 226
339 340
339 370
340 250
341 75
341 342
342 98
343 344
343 457
344 163
345 346
345 500
346 42
347 348
347 813
348 178
349 228
349 350
350 268
351 342
351 352
352 264
353 354
353 421
354 24
355 318
355 356
356 255
357 351
357 358
358 212
359 360
359 637
360 109
361 362
361 439
362 636
363 364
363 618
364 32
365 366
365 593
366 709
367 249
367 368
368 265
369 370
369 469
370 124
371 372
371 504
372 340
373 241
373 374
374 359
375 160
375 376
376 630
377 3
377 378
378 29
379 380
379 783
380 341
381 382
381 551
382 300
383 384
383 803
384 237
385 291
385 386
386 157
387 239
387 388
388 366
389 174
389 390
390 298
391 289
391 392
392 432
393 394
393 438
394 404
395 272
395 396
396 354
397 332
397 398
398 258
399 217
399 400
400 605
401 402
401 768
402 104
403 161
403 404
404 762
405 155
405 406
406 119
407 236
407 408
408 728
409 203
409 410
410 776
411 261
411 412
412 520
413 313
413 414
414 552
415 416
415 527
416 138
417 387
417 418
418 758
419 177
419 420
420 270
421 422
421 675
422 460
423 165
423 424
424 329
425 426
425 443
426 347
427 428
427 607
428 6
429 242
429 430
430 491
431 432
431 473
432 610
433 434
433 464
434 488
435 307
435 436
436 511
437 2
437 438
438 85
439 440
439 497
440 453
441 335
441 442
442 585
443 444
443 705
444 202
445 384
445 446
446 167
447 448
447 541
448 88
449 144
449 450
450 804
451 452
451 733
452 529
453 454
453 550
454 56
455 87
455 456
456 684
457 458
457 653
458 12
459 460
459 561
460 567
461 462
461 690
462 66
463 374
463 464
464 528
465 305
465 466
466 806
467 299
467 468
468 262
469 71
469 470
470 603
471 472
471 574
472 576
473 474
473 626
474 468
475 476
475 761
476 14
477 478
477 792
478 458
479 480
479 505
480 55
481 426
481 482
482 362
483 294
483 484
484 774
485 486
485 775
486 739
487 284
487 488
488 495
489 490
489 679
490 256
491 117
491 492
492 546
493 207
493 494
494 693
495 191
495 496
496 150
497 231
497 498
498 204
499 53
499 500
500 65
501 502
501 773
502 198
503 504
503 740
504 13
505 63
505 506
506 219
507 508
507 791
508 314
509 510
509 644
510 643
511 211
511 512
512 357
513 115
513 514
514 660
515 248
515 516
516 788
517 395
517 518
518 667
519 148
519 520
520 782
521 522
521 802
522 338
523 235
523 524
524 234
525 102
525 526
526 744
527 528
527 641
528 714
529 96
529 530
530 515
531 532
531 619
532 612
533 136
533 534
534 730
535 194
535 536
536 274
537 538
537 777
538 784
539 540
539 573
540 259
541 145
541 542
542 158
543 181
543 544
544 752
545 221
545 546
546 474
547 275
547 548
548 512
549 283
549 550
550 647
551 552
551 617
552 743
553 554
553 571
554 771
555 168
555 556
556 586
557 401
557 558
558 471
559 400
559 560
560 696
561 105
561 562
562 22
563 564
563 633
564 680
565 333
565 566
566 489
567 568
567 687
568 542
569 518
569 570
570 712
571 411
571 572
572 569
573 574
573 600
574 562
575 572
575 576
576 668
577 403
577 578
578 146
579 227
579 580
580 28
581 405
581 582
582 673
583 130
583 584
584 701
585 175
585 586
586 205
587 588
587 760
588 108
589 465
589 590
590 21
591 215
591 592
592 151
593 594
593 723
594 34
595 596
595 621
596 51
597 45
597 598
598 26
599 27
599 600
600 594
601 304
601 602
602 20
603 580
603 604
604 306
605 584
605 606
606 296
607 382
607 608
608 38
609 33
609 610
610 380
611 612
611 750
612 514
613 614
613 801
614 94
615 616
615 661
616 461
617 345
617 618
618 170
619 566
619 620
620 623
621 622
621 682
622 766
623 409
623 624
624 316
625 626
625 747
626 60
627 208
627 628
628 72
629 630
629 683
630 726
631 375
631 632
632 346
633 287
633 634
634 214
635 319
635 636
636 727
637 337
637 638
638 545
639 67
639 640
640 310
641 353
641 642
642 257
643 535
643 644
644 523
645 646
645 810
646 754
647 648
647 778
648 482
649 650
649 685
650 101
651 652
651 658
652 478
653 360
653 654
654 372
655 424
655 656
656 252
657 59
657 658
658 407
659 660
659 785
660 355
661 247
661 662
662 137
663 172
663 664
664 434
665 616
665 666
666 394
667 446
667 668
668 376
669 662
669 670
670 398
671 416
671 672
672 452
673 467
673 674
674 640
675 185
675 676
676 82
677 373
677 678
678 183
679 303
679 680
680 490
681 577
681 682
682 466
683 89
683 684
684 513
685 655
685 686
686 328
687 120
687 688
688 753
689 84
689 690
690 517
691 628
691 692
692 278
693 99
693 694
694 91
695 37
695 696
696 670
697 492
697 698
698 240
699 302
699 700
700 428
701 312
701 702
702 484
703 47
703 704
704 412
705 323
705 706
706 230
707 681
707 708
708 110
709 153
709 710
710 391
711 282
711 712
712 642
713 615
713 714
714 710
715 129
715 716
716 674
717 442
717 718
718 147
719 720
719 799
720 290
721 441
721 722
722 114
723 315
723 724
724 472
725 25
725 726
726 206
727 126
727 728
728 444
729 645
729 730
730 578
731 169
731 732
732 50
733 657
733 734
734 369
735 413
735 736
736 41
737 634
737 738
738 540
739 470
739 740
740 280
741 326
741 742
742 631
743 664
743 744
744 725
745 435
745 746
746 516
747 199
747 748
748 765
749 330
749 750
750 317
751 752
751 769
752 620
753 754
753 756
754 64
755 95
755 756
756 418
757 659
757 758
758 80
759 689
759 760
760 429
761 149
761 762
762 90
763 209
763 764
764 225
765 339
765 766
766 519
767 485
767 768
768 46
769 451
769 770
770 196
771 54
771 772
772 591
773 774
773 807
774 420
775 321
775 776
776 17
777 388
777 778
778 122
779 344
779 780
780 476
781 173
781 782
782 238
783 784
783 811
784 711
785 447
785 786
786 498
787 383
787 788
788 502
789 433
789 790
790 706
791 269
791 792
792 672
793 609
793 794
794 201
795 669
795 796
796 462
797 651
797 798
798 408
799 721
799 800
800 35
801 425
801 802
802 639
803 386
803 804
804 704
805 613
805 806
806 184
807 531
807 808
808 389
809 320
809 810
810 480
811 440
811 812
812 732
813 582
813 814
814 757
