0 209
0 789
1 283
1 681
3 437
3 727
4 6
4 531
5 391
6 331
7 42
7 222
9 227
8 630
8 647
10 62
13 74
13 101
15 123
15 503
17 608
17 660
19 88
19 581
21 140
21 295
23 24
23 384
24 158
25 26
25 367
26 181
27 28
27 627
28 742
29 3
29 30
30 243
31 32
31 169
32 240
33 34
33 80
34 152
35 36
35 406
36 484
37 38
37 728
38 812
39 40
39 121
40 171
41 13
41 42
42 364
43 44
43 153
44 514
45 46
45 811
46 183
47 48
47 191
48 206
49 50
49 777
50 220
51 52
51 300
52 730
53 54
53 604
54 366
55 56
55 403
56 650
57 58
57 713
58 282
59 60
59 398
60 296
61 62
61 260
62 359
63 64
63 767
64 578
65 66
65 810
66 637
67 68
67 587
68 22
69 70
69 743
70 583
71 65
71 72
72 558
73 74
73 257
74 526
75 76
75 178
76 677
77 78
77 290
78 590
79 80
79 559
80 596
81 9
81 82
82 249
83 84
83 552
84 354
85 86
85 231
86 791
87 88
87 154
88 431
89 90
89 598
90 8
91 92
91 523
92 363
93 94
93 629
94 702
95 96
95 219
96 422
97 98
97 678
98 170
99 100
99 711
100 195
101 102
101 375
102 510
103 104
103 230
104 397
105 106
105 594
106 624
107 108
107 394
108 591
109 110
109 773
110 759
111 112
111 205
112 756
113 114
113 783
114 805
115 116
115 799
116 492
117 118
117 564
118 440
119 1
119 120
120 497
121 122
121 254
122 46
123 124
123 489
124 116
125 126
125 731
126 44
127 128
127 547
128 264
129 130
129 447
130 278
131 35
131 132
132 234
133 134
133 813
134 348
135 26
135 136
136 796
137 138
137 694
138 182
139 113
139 140
140 496
141 70
141 142
142 315
143 144
143 699
144 498
145 146
145 421
146 50
147 148
147 179
148 186
149 150
149 423
150 538
151 152
151 347
152 98
153 154
153 161
154 207
155 156
155 334
156 567
157 158
157 271
158 263
159 160
159 537
160 63
161 119
161 162
162 511
163 164
163 301
164 607
165 166
165 225
166 356
167 168
167 215
168 442
169 170
169 737
170 58
171 172
171 790
172 148
173 85
173 174
174 318
175 176
175 369
176 12
177 178
177 472
178 521
179 180
179 663
180 507
181 182
181 800
182 338
183 184
183 726
184 600
185 186
185 797
186 86
187 188
187 314
188 84
189 190
189 392
190 814
191 192
191 675
192 623
193 194
193 584
194 316
195 196
195 463
196 269
197 198
197 682
198 741
199 200
199 495
200 404
201 193
201 202
202 661
203 204
203 804
204 640
205 206
205 793
206 327
207 208
207 268
208 740
209 29
209 210
210 109
211 15
211 212
212 676
213 214
213 628
214 480
215 216
215 541
216 286
217 218
217 340
218 778
219 220
219 641
220 250
221 222
221 319
222 417
223 224
223 289
224 622
225 226
225 368
226 332
227 228
227 634
228 214
229 230
229 358
230 99
231 232
231 712
232 542
233 176
233 234
234 78
235 236
235 302
236 548
237 238
237 721
238 14
239 134
239 240
240 312
241 242
241 582
242 352
243 244
243 499
244 602
245 246
245 550
246 142
247 248
247 323
248 671
249 250
249 288
250 488
251 252
251 335
252 433
253 254
253 519
254 273
255 226
255 256
256 665
257 45
257 258
258 684
259 260
259 776
260 718
261 262
261 687
262 342
263 264
263 686
264 754
265 266
265 574
266 137
267 268
267 710
268 180
269 189
269 270
270 614
271 132
271 272
272 228
273 274
273 745
274 504
275 276
275 780
276 560
277 278
277 706
278 68
279 280
279 383
280 632
281 103
281 282
282 592
283 284
283 575
284 708
285 57
285 286
286 601
287 288
287 520
288 258
289 25
289 290
290 770
291 248
291 292
292 432
293 294
293 518
294 655
295 296
295 411
296 96
297 298
297 355
298 615
299 300
299 807
300 451
301 141
301 302
302 147
303 304
303 763
304 680
305 306
305 491
306 540
307 133
307 308
308 612
309 310
309 597
310 131
311 143
311 312
312 648
313 165
313 314
314 196
315 87
315 316
316 725
317 10
317 318
318 270
319 320
319 625
320 351
321 190
321 322
322 11
323 324
323 337
324 330
325 326
325 689
326 54
327 136
327 328
328 208
329 330
329 769
330 409
331 332
331 509
332 426
333 334
333 415
334 652
335 329
335 336
336 457
337 338
337 788
338 114
339 340
339 448
340 102
341 342
341 798
342 167
343 253
343 344
344 407
345 346
345 460
346 396
347 348
347 588
348 673
349 350
349 365
350 128
351 352
351 389
352 446
353 354
353 445
354 734
355 356
355 525
356 483
357 358
357 599
358 563
359 360
359 462
360 806
361 362
361 715
362 244
363 364
363 399
364 28
365 279
365 366
366 691
367 368
367 701
368 659
369 370
369 593
370 83
371 372
371 557
372 765
373 374
373 667
374 434
375 376
375 751
376 642
377 378
377 611
378 565
379 380
379 395
380 416
381 382
381 755
382 34
383 297
383 384
384 324
385 21
385 386
386 267
387 353
387 388
388 465
389 145
389 390
390 444
391 387
391 392
392 345
393 77
393 394
394 400
395 396
395 476
396 620
397 381
397 398
398 703
399 400
399 750
400 59
401 344
401 402
402 371
403 404
403 579
404 197
405 159
405 406
406 53
407 408
407 425
408 107
409 410
409 633
410 322
411 390
411 412
412 556
413 17
413 414
414 464
415 416
415 779
416 277
417 418
417 697
418 619
419 373
419 420
420 350
421 422
421 752
422 468
423 424
423 533
424 561
425 71
425 426
426 555
427 374
427 428
428 739
429 261
429 430
430 172
431 432
431 508
432 124
433 434
433 809
434 466
435 436
435 513
436 646
437 438
437 573
438 313
439 266
439 440
440 238
441 239
441 442
442 412
443 444
443 585
444 690
445 67
445 446
446 692
447 448
447 571
448 786
449 117
449 450
450 688
451 246
451 452
452 656
453 293
453 454
454 670
455 294
455 456
456 762
457 100
457 458
458 304
459 428
459 460
460 284
461 462
461 662
462 213
463 464
463 545
464 546
465 247
465 466
466 589
467 468
467 524
468 638
469 470
469 685
470 609
471 472
471 785
472 719
473 474
473 562
474 517
475 4
475 476
476 782
477 106
477 478
478 36
479 480
479 618
480 452
481 482
481 698
482 292
483 484
483 485
484 64
485 486
485 775
486 108
487 298
487 488
488 666
489 16
489 490
490 370
491 492
491 502
492 256
493 291
493 494
494 275
495 127
495 496
496 346
497 144
497 498
498 481
499 299
499 500
500 379
501 333
501 502
502 95
503 287
503 504
504 522
505 506
505 515
506 276
507 424
507 508
508 372
509 510
509 717
510 326
511 221
511 512
512 126
513 104
513 514
514 280
515 516
515 603
516 500
517 467
517 518
518 532
519 27
519 520
520 135
521 408
521 522
522 138
523 524
523 795
524 479
525 252
525 526
526 202
527 317
527 528
528 626
529 309
529 530
530 130
531 532
531 635
532 61
533 534
533 683
534 543
535 536
535 672
536 48
537 388
537 538
538 606
539 540
539 714
540 705
541 177
541 542
542 720
543 306
543 544
544 586
545 546
545 668
546 410
547 548
547 723
548 674
549 357
549 550
550 576
551 39
551 552
552 516
553 527
553 554
554 212
555 166
555 556
556 528
557 377
557 558
558 49
559 281
559 560
560 595
561 562
561 613
562 566
563 564
563 636
564 455
565 553
565 566
566 435
567 470
567 568
568 450
569 475
569 570
570 430
571 572
571 577
572 494
573 55
573 574
574 501
575 343
575 576
576 47
577 5
577 578
578 173
579 569
579 580
580 657
581 157
581 582
582 506
583 505
583 584
584 551
585 586
585 749
586 82
587 223
587 588
588 441
589 590
589 757
590 75
591 156
591 592
592 654
593 30
593 594
594 192
595 150
595 596
596 328
597 325
597 598
598 438
599 91
599 600
600 679
601 97
601 602
602 631
603 604
603 643
604 474
605 245
605 606
606 486
607 255
607 608
608 512
609 184
609 610
610 732
611 72
611 612
612 38
613 73
613 614
614 458
615 201
615 616
616 224
617 385
617 618
618 23
619 620
619 738
620 382
621 461
621 622
622 204
623 624
623 669
624 241
625 626
625 771
626 60
627 162
627 628
628 164
629 237
629 630
630 772
631 232
631 632
632 764
633 634
633 664
634 380
635 429
635 636
636 493
637 539
637 638
638 414
639 640
639 753
640 490
641 341
641 642
642 758
643 43
643 644
644 616
645 175
645 646
646 19
647 155
647 648
648 621
649 90
649 650
650 120
651 235
651 652
652 305
653 216
653 654
654 362
655 92
655 656
656 768
657 66
657 658
658 482
659 660
659 781
660 736
661 473
661 662
662 418
663 535
663 664
664 649
665 9
665 666
666 20
667 41
667 668
668 233
669 10
669 670
670 308
671 265
671 672
672 149
673 674
673 784
674 386
675 51
675 676
676 534
677 376
677 678
678 610
679 24
679 680
680 146
681 200
681 682
682 453
683 185
683 684
684 530
685 112
685 686
686 644
687 5
687 688
688 716
689 471
689 690
690 194
691 40
691 692
692 570
693 310
693 694
694 76
695 307
695 696
696 724
697 361
697 698
698 52
699 115
699 700
700 125
701 443
701 702
702 274
703 439
703 704
704 554
705 706
705 766
706 33
707 658
707 708
708 259
709 645
709 710
710 748
711 160
711 712
712 802
713 211
713 714
714 413
715 229
715 716
716 188
717 303
717 718
718 218
719 436
719 720
720 568
721 722
721 747
722 7
723 695
723 724
724 272
725 378
725 726
726 32
727 709
727 728
728 744
729 449
729 730
730 653
731 580
731 732
732 242
733 122
733 734
734 544
735 736
735 792
736 336
737 419
737 738
738 105
739 733
739 740
740 321
741 320
741 742
742 617
743 6
743 744
744 111
745 199
745 746
746 118
747 349
747 748
748 639
749 69
749 750
750 139
751 549
751 752
752 572
753 605
753 754
754 794
755 339
755 756
756 693
757 758
757 774
758 217
759 402
759 760
760 707
761 81
761 762
762 18
763 163
763 764
764 456
765 700
765 766
766 477
767 110
767 768
768 168
769 529
769 770
770 722
771 772
771 787
772 760
773 93
773 774
774 236
775 454
775 776
776 478
777 427
777 778
778 360
779 487
779 780
780 729
781 469
781 782
782 94
783 203
783 784
784 79
785 37
785 786
786 285
787 788
787 801
788 251
789 2
789 790
790 704
791 174
791 792
792 746
793 31
793 794
794 696
795 796
795 803
796 459
797 198
797 798
798 536
799 401
799 800
800 735
801 802
801 808
802 56
803 210
803 804
804 151
805 187
805 806
806 761
807 129
807 808
808 405
809 311
809 810
810 393
811 89
811 812
812 262
813 651
813 814
814 420
