0 125
0 743
2 438
2 518
3 569
3 613
4 263
4 697
5 77
6 365
7 316
7 430
9 536
8 521
8 589
10 187
13 165
13 387
15 292
15 587
17 266
17 379
19 243
19 345
21 684
21 802
23 24
23 783
24 38
25 26
25 604
26 391
27 28
27 225
28 189
29 1
29 30
30 268
31 18
31 32
32 318
33 34
33 269
34 53
35 36
35 405
36 654
37 38
37 646
38 700
39 40
39 361
40 271
41 42
41 485
42 358
43 44
43 594
44 704
45 46
45 55
46 495
47 48
47 110
48 632
49 50
49 494
50 419
51 52
51 639
52 493
53 54
53 382
54 762
55 56
55 200
56 670
57 58
57 177
58 538
59 51
59 60
60 284
61 62
61 535
62 668
63 64
63 541
64 706
65 66
65 297
66 236
67 68
67 512
68 526
69 70
69 685
70 332
71 72
71 149
72 637
73 74
73 527
74 731
75 76
75 120
76 753
77 78
77 313
78 648
79 80
79 633
80 176
81 3
81 82
82 370
83 84
83 678
84 250
85 86
85 757
86 713
87 88
87 730
88 611
89 90
89 173
90 116
91 92
91 612
92 634
93 94
93 443
94 8
95 96
95 542
96 811
97 98
97 686
98 568
99 100
99 101
100 40
101 102
101 795
102 283
103 104
103 671
104 779
105 106
105 570
106 407
107 108
107 229
108 251
109 110
109 680
110 205
111 112
111 308
112 754
113 114
113 455
114 561
115 116
115 447
116 800
117 118
117 170
118 32
119 120
119 564
120 444
121 122
121 474
122 360
123 124
123 167
124 322
125 126
125 389
126 574
127 97
127 128
128 560
129 130
129 665
130 188
131 132
131 197
132 270
133 134
133 227
134 17
135 136
135 775
136 338
137 138
137 529
138 556
139 108
139 140
140 427
141 142
141 328
142 74
143 144
143 471
144 201
145 146
145 453
146 796
147 148
147 624
148 630
149 150
149 404
150 809
151 152
151 282
152 31
153 106
153 154
154 801
155 156
155 294
156 734
157 115
157 158
158 334
159 151
159 160
160 377
161 156
161 162
162 95
163 164
163 168
164 42
165 166
165 473
166 709
167 23
167 168
168 186
169 170
169 774
170 606
171 142
171 172
172 162
173 174
173 672
174 86
175 176
175 579
176 517
177 178
177 765
178 324
179 180
179 275
180 780
181 39
181 182
182 415
183 184
183 771
184 586
185 186
185 635
186 58
187 90
187 188
188 344
189 30
189 190
190 418
191 192
191 226
192 608
193 5
193 194
194 593
195 196
195 312
196 21
197 198
197 410
198 158
199 200
199 769
200 49
201 202
201 711
202 262
203 204
203 465
204 171
205 191
205 206
206 464
207 169
207 208
208 16
209 210
209 584
210 184
211 212
211 723
212 71
213 214
213 335
214 78
215 73
215 216
216 812
217 218
217 688
218 231
219 63
219 220
220 792
221 76
221 222
222 602
223 224
223 718
224 436
225 226
225 329
226 41
227 228
227 629
228 476
229 230
229 573
230 664
231 113
231 232
232 553
233 234
233 327
234 56
235 236
235 585
236 320
237 238
237 667
238 124
239 240
239 725
240 715
241 237
241 242
242 696
243 244
243 499
244 300
245 185
245 246
246 591
247 153
247 248
248 10
249 61
249 250
250 616
251 104
251 252
252 546
253 254
253 449
254 380
255 256
255 475
256 470
257 99
257 258
258 217
259 260
259 409
260 339
261 219
261 262
262 333
263 245
263 264
264 740
265 255
265 266
266 376
267 268
267 647
268 135
269 270
269 797
270 25
271 272
271 523
272 394
273 274
273 658
274 253
275 276
275 281
276 528
277 207
277 278
278 50
279 280
279 763
280 452
281 282
281 758
282 178
283 284
283 383
284 285
285 286
285 323
286 111
287 13
287 288
288 114
289 290
289 486
290 617
291 65
291 292
292 478
293 294
293 483
294 433
295 87
295 296
296 739
297 298
297 355
298 368
299 300
299 459
300 96
301 302
301 431
302 277
303 265
303 304
304 84
305 306
305 599
306 426
307 308
307 442
308 214
309 88
309 310
310 505
311 257
311 312
312 631
313 289
313 314
314 456
315 218
315 316
316 28
317 318
317 319
318 498
319 147
319 320
320 406
321 322
321 397
322 303
323 324
323 497
324 502
325 326
325 609
326 163
327 195
327 328
328 258
329 81
329 330
330 193
331 332
331 656
332 278
333 179
333 334
334 254
335 336
335 747
336 682
337 338
337 750
338 492
339 131
339 340
340 710
341 127
341 342
342 721
343 132
343 344
344 138
345 82
345 346
346 503
347 348
347 440
348 224
349 350
349 650
350 64
351 342
351 352
352 36
353 354
353 534
354 770
355 211
355 356
356 466
357 358
357 623
358 708
359 293
359 360
360 698
361 291
361 362
362 784
363 295
363 364
364 676
365 366
365 649
366 432
367 326
367 368
368 662
369 370
369 565
370 540
371 102
371 372
372 331
373 6
373 374
374 274
375 376
375 645
376 500
377 378
377 577
378 760
379 91
379 380
380 299
381 2
381 382
382 717
383 145
383 384
384 134
385 302
385 386
386 340
387 388
387 467
388 280
389 390
389 477
390 150
391 392
391 622
392 286
393 235
393 394
394 66
395 315
395 396
396 598
397 398
397 705
398 690
399 400
399 469
400 416
401 402
401 679
402 726
403 182
403 404
404 803
405 406
405 590
406 752
407 408
407 813
408 735
409 410
409 489
410 346
411 412
411 778
412 223
413 402
413 414
414 592
415 396
415 416
416 12
417 418
417 603
418 80
419 192
419 420
420 216
421 62
421 422
422 618
423 157
423 424
424 343
425 359
425 426
426 462
427 428
427 487
428 488
429 395
429 430
430 94
431 432
431 767
432 581
433 166
433 434
434 304
435 129
435 436
436 576
437 6
437 438
438 52
439 440
439 519
440 413
441 199
441 442
442 393
443 336
443 444
444 484
445 107
445 446
446 520
447 448
447 547
448 437
449 450
449 791
450 68
451 445
451 452
452 298
453 273
453 454
454 522
455 45
455 456
456 703
457 57
457 458
458 109
459 460
459 733
460 810
461 288
461 462
462 558
463 464
463 566
464 532
465 466
465 663
466 242
467 15
467 468
468 202
469 133
469 470
470 354
471 311
471 472
472 719
473 60
473 474
474 482
475 468
475 476
476 588
477 123
477 478
478 425
479 72
479 480
480 786
481 482
481 787
482 644
483 417
483 484
484 615
485 375
485 486
486 241
487 117
487 488
488 738
489 337
489 490
490 321
491 492
491 610
492 348
493 494
493 652
494 539
495 363
495 496
496 595
497 79
497 498
498 720
499 500
499 729
500 461
501 502
501 567
502 689
503 504
503 661
504 537
505 506
505 582
506 164
507 508
507 659
508 545
509 309
509 510
510 279
511 512
511 533
512 175
513 325
513 514
514 48
515 234
515 516
516 152
517 518
517 641
518 620
519 520
519 782
520 627
521 399
521 522
522 9
523 524
523 640
524 34
525 357
525 526
526 190
527 7
527 528
528 350
529 27
529 530
530 742
531 233
531 532
532 362
533 403
533 534
534 454
535 371
535 536
536 772
537 317
537 538
538 549
539 540
539 702
540 98
541 446
541 542
542 310
543 544
543 571
544 412
545 546
545 793
546 296
547 429
547 548
548 501
549 136
549 550
550 83
551 105
551 552
552 238
553 244
553 554
554 353
555 172
555 556
556 790
557 93
557 558
558 314
559 4
559 560
560 434
561 35
561 562
562 798
563 341
563 564
564 716
565 566
565 657
566 557
567 247
567 568
568 619
569 570
569 749
570 19
571 260
571 572
572 643
573 181
573 574
574 421
575 141
575 576
576 388
577 161
577 578
578 54
579 580
579 596
580 400
581 248
581 582
582 755
583 46
583 584
584 146
585 85
585 586
586 22
587 378
587 588
588 776
589 119
589 590
590 37
591 592
591 808
592 530
593 578
593 594
594 206
595 596
595 681
596 374
597 47
597 598
598 213
599 451
599 600
600 264
601 20
601 602
602 636
603 604
603 691
604 741
605 460
605 606
606 356
607 514
607 608
608 736
609 510
609 610
610 351
611 612
611 805
612 683
613 614
613 687
614 794
615 160
615 616
616 386
617 555
617 618
618 600
619 601
619 620
620 727
621 126
621 622
622 660
623 624
623 761
624 777
625 562
625 626
626 349
627 481
627 628
628 548
629 267
629 630
630 550
631 69
631 632
632 198
633 634
633 773
634 390
635 496
635 636
636 728
637 552
637 638
638 256
639 525
639 640
640 301
641 204
641 642
642 605
643 607
643 644
644 714
645 435
645 646
646 745
647 239
647 648
648 744
649 650
649 799
650 392
651 543
651 652
652 424
653 5
653 654
654 183
655 656
655 675
656 366
657 137
657 658
658 463
659 203
659 660
660 75
661 33
661 662
662 756
663 259
663 664
664 583
665 330
665 666
666 14
667 139
667 668
668 212
669 232
669 670
670 544
671 597
671 672
672 513
673 369
673 674
674 614
675 228
675 676
676 9
677 408
677 678
678 290
679 305
679 680
680 59
681 249
681 682
682 448
683 148
683 684
684 43
685 507
685 686
686 806
687 575
687 688
688 441
689 352
689 690
690 196
691 504
691 692
692 748
693 694
693 701
694 480
695 261
695 696
696 814
697 439
697 698
698 364
699 159
699 700
700 722
701 702
701 781
702 29
703 246
703 704
704 252
705 381
705 706
706 804
707 411
707 708
708 516
709 220
709 710
710 626
711 712
711 724
712 121
713 712
713 714
714 666
715 26
715 716
716 692
717 155
717 718
718 128
719 287
719 720
720 580
721 450
721 722
722 768
723 551
723 724
724 457
725 89
725 726
726 367
727 554
727 728
728 746
729 531
729 730
730 653
731 100
731 732
732 642
733 10
733 734
734 677
735 347
735 736
736 272
737 414
737 738
738 11
739 222
739 740
740 276
741 215
741 742
742 428
743 651
743 744
744 140
745 746
745 807
746 515
747 628
747 748
748 372
749 401
749 750
750 144
751 67
751 752
752 759
753 699
753 754
754 422
755 122
755 756
756 112
757 572
757 758
758 788
759 130
759 760
760 208
761 230
761 762
762 118
763 209
763 764
764 625
765 766
765 789
766 240
767 766
767 768
768 506
769 693
769 770
770 385
771 92
771 772
772 180
773 707
773 774
774 44
775 221
775 776
776 306
777 751
777 778
778 479
779 511
779 780
780 638
781 103
781 782
782 695
783 143
783 784
784 210
785 508
785 786
786 764
787 458
787 788
788 174
789 559
789 790
790 398
791 509
791 792
792 154
793 621
793 794
794 420
795 673
795 796
796 384
797 423
797 798
798 655
799 785
799 800
800 524
801 669
801 802
802 194
803 472
803 804
804 732
805 563
805 806
806 490
807 491
807 808
808 307
809 694
809 810
810 674
811 70
811 812
812 24
813 373
813 814
814 737
