0 95
0 747
2 8
2 265
3 205
3 619
4 163
4 485
5 520
6 19
7 84
7 707
8 585
8 714
9 776
10 49
13 15
13 561
15 203
15 325
17 18
17 757
19 189
19 786
21 22
21 547
23 24
23 761
24 156
25 26
25 537
26 58
27 28
27 562
28 438
29 30
29 321
30 135
31 32
31 323
32 670
33 34
33 731
34 213
35 36
35 331
36 475
37 38
37 451
38 546
39 40
39 654
40 522
41 42
41 641
42 110
43 44
43 161
44 360
45 46
45 774
46 496
47 48
47 618
48 760
49 50
49 482
50 104
51 52
51 211
52 182
53 45
53 54
54 354
55 56
55 601
56 290
57 58
57 751
58 120
59 60
59 728
60 343
61 62
61 719
62 9
63 64
63 195
64 661
65 66
65 556
66 733
67 68
67 710
68 564
69 70
69 725
70 25
71 72
71 726
72 66
73 74
73 275
74 221
75 76
75 503
76 541
77 78
77 782
78 692
79 80
79 461
80 306
81 82
81 97
82 523
83 84
83 805
84 563
85 86
85 227
86 777
87 88
87 499
88 582
89 90
89 244
90 467
91 92
91 648
92 308
93 94
93 539
94 772
95 73
95 96
96 423
97 98
97 313
98 123
99 100
99 397
100 550
101 102
101 449
102 463
103 104
103 689
104 336
105 106
105 207
106 76
107 108
107 764
108 586
109 110
109 687
110 53
111 5
111 112
112 810
113 114
113 181
114 553
115 116
115 383
116 577
117 118
117 260
118 465
119 120
119 425
120 640
121 122
121 250
122 72
123 115
123 124
124 584
125 113
125 126
126 226
127 128
127 281
128 803
129 130
129 510
130 574
131 132
131 513
132 324
133 134
133 483
134 386
135 136
135 741
136 274
137 138
137 627
138 37
139 140
139 410
140 48
141 21
141 142
142 23
143 144
143 377
144 393
145 55
145 146
146 38
147 121
147 148
148 722
149 17
149 150
150 174
151 152
151 345
152 711
153 154
153 526
154 569
155 126
155 156
156 812
157 158
157 685
158 750
159 160
159 663
160 444
161 162
161 253
162 338
163 164
163 699
164 24
165 166
165 748
166 428
167 168
167 533
168 455
169 170
169 540
170 339
171 172
171 649
172 616
173 99
173 174
174 10
175 176
175 775
176 328
177 178
177 257
178 264
179 180
179 575
180 793
181 182
181 543
182 342
183 118
183 184
184 252
185 186
185 515
186 643
187 188
187 479
188 390
189 190
189 196
190 89
191 192
191 286
192 450
193 194
193 505
194 262
195 105
195 196
196 96
197 198
197 233
198 456
199 200
199 391
200 718
201 202
201 429
202 671
203 204
203 212
204 68
205 206
205 276
206 302
207 208
207 315
208 592
209 210
209 683
210 436
211 159
211 212
212 512
213 214
213 299
214 658
215 216
215 715
216 173
217 122
217 218
218 778
219 220
219 307
220 314
221 222
221 651
222 516
223 224
223 287
224 730
225 226
225 802
226 284
227 228
227 558
228 404
229 230
229 519
230 44
231 171
231 232
232 214
233 234
233 458
234 686
235 60
235 236
236 352
237 238
237 502
238 448
239 240
239 395
240 581
241 59
241 242
242 70
243 244
243 587
244 346
245 246
245 727
246 576
247 248
247 384
248 218
249 197
249 250
250 477
251 252
251 549
252 16
253 254
253 785
254 9
255 256
255 642
256 468
257 258
257 607
258 388
259 260
259 379
260 497
261 262
261 414
262 536
263 82
263 264
264 814
265 153
265 266
266 744
267 245
267 268
268 705
269 270
269 296
270 638
271 272
271 387
272 433
273 274
273 357
274 614
275 149
275 276
276 427
277 278
277 471
278 446
279 280
279 508
280 230
281 282
281 484
282 278
283 284
283 359
284 77
285 3
285 286
286 370
287 288
287 694
288 749
289 290
289 462
290 320
291 292
291 422
292 13
293 294
293 430
294 136
295 296
295 303
296 509
297 292
297 298
298 106
299 300
299 604
300 676
301 228
301 302
302 721
303 304
303 637
304 172
305 85
305 306
306 418
307 308
307 371
308 247
309 199
309 310
310 572
311 69
311 312
312 301
313 314
313 644
314 2
315 316
315 622
316 194
317 169
317 318
318 445
319 320
319 565
320 780
321 267
321 322
322 378
323 317
323 324
324 155
325 271
325 326
326 514
327 328
327 372
328 442
329 330
329 706
330 376
331 332
331 545
332 12
333 145
333 334
334 437
335 336
335 554
336 394
337 6
337 338
338 662
339 340
339 664
340 400
341 294
341 342
342 94
343 236
343 344
344 32
345 259
345 346
346 401
347 111
347 348
348 609
349 350
349 612
350 263
351 117
351 352
352 190
353 354
353 473
354 552
355 138
355 356
356 639
357 358
357 426
358 270
359 360
359 745
360 358
361 362
361 517
362 341
363 361
363 364
364 498
365 366
365 453
366 491
367 368
367 620
368 362
369 370
369 408
370 289
371 372
371 703
372 160
373 6
373 374
374 688
375 366
375 376
376 594
377 142
377 378
378 738
379 380
379 635
380 279
381 71
381 382
382 415
383 384
383 596
384 695
385 347
385 386
386 131
387 309
387 388
388 700
389 166
389 390
390 560
391 201
391 392
392 712
393 394
393 624
394 108
395 83
395 396
396 679
397 266
397 398
398 353
399 400
399 746
400 204
401 170
401 402
402 146
403 389
403 404
404 78
405 406
405 652
406 150
407 355
407 408
408 794
409 410
409 525
410 424
411 33
411 412
412 246
413 414
413 532
414 716
415 416
415 790
416 656
417 418
417 571
418 220
419 420
419 421
420 480
421 422
421 787
422 615
423 424
423 668
424 249
425 291
425 426
426 334
427 428
427 489
428 368
429 125
429 430
430 261
431 311
431 432
432 269
433 434
433 440
434 600
435 436
435 804
436 452
437 438
437 742
438 176
439 133
439 440
440 599
441 27
441 442
442 50
443 327
443 444
444 139
445 446
445 476
446 56
447 448
447 669
448 40
449 450
449 795
450 555
451 452
451 723
452 606
453 216
453 454
454 657
455 456
455 717
456 460
457 458
457 755
458 255
459 285
459 460
460 288
461 151
461 462
462 527
463 464
463 518
464 698
465 466
465 697
466 696
467 468
467 568
468 798
469 198
469 470
470 231
471 472
471 538
472 488
473 474
473 773
474 593
475 30
475 476
476 42
477 365
477 478
478 528
479 363
479 480
480 434
481 482
481 673
482 88
483 484
483 486
484 724
485 295
485 486
486 223
487 488
487 691
488 704
489 490
489 811
490 660
491 143
491 492
492 674
493 487
493 494
494 14
495 193
495 496
496 783
497 229
497 498
498 405
499 500
499 729
500 7
501 502
501 636
502 771
503 504
503 732
504 240
505 87
505 506
506 417
507 209
507 508
508 103
509 80
509 510
510 808
511 351
511 512
512 392
513 514
513 623
514 282
515 242
515 516
516 184
517 4
517 518
518 590
519 409
519 520
520 534
521 522
521 634
522 248
523 277
523 524
524 628
525 526
525 613
526 192
527 528
527 551
528 382
529 329
529 530
530 583
531 29
531 532
532 680
533 534
533 740
534 677
535 319
535 536
536 752
537 439
537 538
538 672
539 297
539 540
540 567
541 304
541 542
542 608
543 544
543 767
544 65
545 546
545 681
546 598
547 348
547 548
548 90
549 550
549 796
550 530
551 552
551 659
552 316
553 481
553 554
554 765
555 398
555 556
556 625
557 179
557 558
558 646
559 560
559 675
560 39
561 57
561 562
562 219
563 206
563 564
564 26
565 566
565 763
566 759
567 407
567 568
568 544
569 413
569 570
570 54
571 119
571 572
572 588
573 574
573 579
574 801
575 576
575 603
576 210
577 91
577 578
578 140
579 101
579 580
580 344
581 128
581 582
582 490
583 107
583 584
584 20
585 580
585 586
586 232
587 385
587 588
588 702
589 590
589 797
590 736
591 268
591 592
592 432
593 594
593 806
594 112
595 256
595 596
596 272
597 495
597 598
598 98
599 600
599 813
600 610
601 602
601 739
602 273
603 604
603 617
604 165
605 258
605 606
606 178
607 501
607 608
608 340
609 493
609 610
610 326
611 243
611 612
612 356
613 614
613 800
614 630
615 241
615 616
616 254
617 411
617 618
618 280
619 419
619 620
620 234
621 134
621 622
622 713
623 396
623 624
624 225
625 500
625 626
626 570
627 167
627 628
628 100
629 630
629 768
630 200
631 511
631 632
632 373
633 507
633 634
634 447
635 35
635 636
636 41
637 638
637 653
638 129
639 186
639 640
640 11
641 43
641 642
642 350
643 36
643 644
644 127
645 183
645 646
646 81
647 595
647 648
648 310
649 466
649 650
650 690
651 548
651 652
652 132
653 369
653 654
654 1
655 191
655 656
656 492
657 629
657 658
658 164
659 660
659 720
660 332
661 202
661 662
662 457
663 137
663 664
664 237
665 666
665 709
666 144
667 611
667 668
668 737
669 589
669 670
670 381
671 566
671 672
672 251
673 645
673 674
674 494
675 51
675 676
676 154
677 349
677 678
678 141
679 655
679 680
680 684
681 152
681 682
682 469
683 684
683 809
684 175
685 283
685 686
686 542
687 597
687 688
688 10
689 375
689 690
690 124
691 177
691 692
692 52
693 431
693 694
694 791
695 696
695 753
696 364
697 557
697 698
698 412
699 185
699 700
700 74
701 454
701 702
702 403
703 632
703 704
704 735
705 441
705 706
706 602
707 148
707 708
708 781
709 180
709 710
710 701
711 621
711 712
712 756
713 215
713 714
714 238
715 716
715 758
716 312
717 34
717 718
718 464
719 239
719 720
720 300
721 472
721 722
722 792
723 79
723 724
724 529
725 157
725 726
726 779
727 109
727 728
728 693
729 506
729 730
730 682
731 86
731 732
732 335
733 647
733 734
734 789
735 521
735 736
736 478
737 293
737 738
738 28
739 559
739 740
740 678
741 742
741 769
742 770
743 224
743 744
744 734
745 187
745 746
746 754
747 459
747 748
748 305
749 330
749 750
750 420
751 665
751 752
752 158
753 470
753 754
754 188
755 443
755 756
756 116
757 31
757 758
758 631
759 333
759 760
760 374
761 208
761 762
762 298
763 764
763 799
764 380
765 162
765 766
766 147
767 63
767 768
768 524
769 591
769 770
770 67
771 605
771 772
772 650
773 235
773 774
774 217
775 399
775 776
776 102
777 573
777 778
778 406
779 62
779 780
780 367
781 666
781 782
782 762
783 92
783 784
784 416
785 633
785 786
786 168
787 531
787 788
788 626
789 784
789 790
790 322
791 535
791 792
792 474
793 667
793 794
794 5
795 75
795 796
796 766
797 504
797 798
798 708
799 64
799 800
800 61
801 318
801 802
802 402
803 47
803 804
804 578
805 114
805 806
806 743
807 337
807 808
808 435
809 807
809 810
810 130
811 93
811 812
812 788
813 46
813 814
814 222
