0 193
0 375
2 100
2 761
3 39
3 703
4 356
4 707
5 154
6 702
9 208
9 441
10 395
10 500
11 648
12 125
13 52
13 81
15 170
15 749
17 195
17 686
19 398
19 739
21 174
21 263
23 24
23 143
24 18
25 1
25 26
26 798
27 13
27 28
28 786
29 30
29 607
30 577
31 32
31 493
32 652
33 34
33 701
34 614
35 36
35 450
36 211
37 38
37 111
38 64
39 40
39 393
40 160
41 21
41 42
42 653
43 44
43 489
44 507
45 46
45 428
46 685
47 48
47 481
48 374
49 50
49 320
50 632
51 52
51 248
52 145
53 54
53 620
54 222
55 56
55 129
56 173
57 6
57 58
58 294
59 60
59 595
60 728
61 62
61 300
62 616
63 64
63 219
64 6
65 66
65 148
66 206
67 68
67 355
68 372
69 70
69 705
70 719
71 61
71 72
72 775
73 74
73 582
74 536
75 76
75 424
76 670
77 78
77 273
78 214
79 80
79 345
80 69
81 82
81 504
82 406
83 84
83 545
84 209
85 86
85 202
86 742
87 88
87 543
88 286
89 90
89 654
90 87
91 92
91 271
92 470
93 62
93 94
94 746
95 96
95 414
96 295
97 98
97 790
98 808
99 46
99 100
100 601
101 102
101 407
102 132
103 104
103 250
104 35
105 106
105 351
106 244
107 108
107 528
108 151
109 110
109 559
110 126
111 112
111 333
112 615
113 114
113 378
114 627
115 15
115 116
116 521
117 118
117 794
118 23
119 120
119 709
120 802
121 122
121 769
122 718
123 124
123 758
124 390
125 126
125 759
126 49
127 128
127 509
128 720
129 130
129 139
130 397
131 132
131 360
132 118
133 134
133 813
134 810
135 136
135 773
136 776
137 138
137 382
138 419
139 140
139 471
140 321
141 142
141 416
142 764
143 144
143 541
144 158
145 146
145 442
146 457
147 148
147 431
148 304
149 150
149 401
150 365
151 90
151 152
152 311
153 154
153 539
154 486
155 119
155 156
156 592
157 158
157 205
158 505
159 160
159 404
160 8
161 162
161 699
162 203
163 4
163 164
164 20
165 166
165 594
166 714
167 168
167 551
168 737
169 170
169 748
170 747
171 172
171 187
172 732
173 150
173 174
174 578
175 147
175 176
176 804
177 178
177 298
178 656
179 180
179 674
180 140
181 182
181 291
182 7
183 184
183 237
184 204
185 186
185 550
186 226
187 188
187 814
188 128
189 190
189 529
190 77
191 17
191 192
192 546
193 167
193 194
194 806
195 196
195 488
196 270
197 198
197 386
198 805
199 200
199 501
200 801
201 54
201 202
202 358
203 30
203 204
204 662
205 206
205 621
206 590
207 208
207 427
208 727
209 210
209 483
210 153
211 212
211 573
212 780
213 214
213 647
214 593
215 157
215 216
216 649
217 218
217 335
218 141
219 220
219 555
220 678
221 222
221 763
222 409
223 108
223 224
224 723
225 226
225 480
226 506
227 31
227 228
228 527
229 230
229 691
230 177
231 232
231 405
232 254
233 234
233 665
234 646
235 180
235 236
236 465
237 238
237 261
238 736
239 200
239 240
240 597
241 242
241 803
242 800
243 244
243 767
244 169
245 246
245 680
246 96
247 248
247 645
248 326
249 29
249 250
250 302
251 252
251 456
252 692
253 254
253 411
254 86
255 256
255 278
256 797
257 109
257 258
258 618
259 163
259 260
260 268
261 262
261 379
262 443
263 106
263 264
264 25
265 266
265 766
266 231
267 260
267 268
268 542
269 270
269 730
270 110
271 272
271 583
272 738
273 274
273 413
274 622
275 179
275 276
276 267
277 197
277 278
278 338
279 280
279 717
280 65
281 266
281 282
282 540
283 134
283 284
284 70
285 286
285 693
286 512
287 220
287 288
288 533
289 213
289 290
290 514
291 292
291 447
292 526
293 255
293 294
294 327
295 88
295 296
296 32
297 298
297 359
298 716
299 229
299 300
300 516
301 302
301 537
302 142
303 304
303 757
304 381
305 189
305 306
306 97
307 308
307 525
308 116
309 63
309 310
310 452
311 312
311 560
312 144
313 99
313 314
314 600
315 316
315 581
316 676
317 318
317 688
318 461
319 320
319 659
320 225
321 322
321 598
322 59
323 133
323 324
324 697
325 326
325 499
326 756
327 85
327 328
328 783
329 330
329 771
330 3
331 152
331 332
332 782
333 334
333 694
334 731
335 336
335 433
336 547
337 338
337 530
338 789
339 191
339 340
340 446
341 342
341 617
342 176
343 344
343 352
344 282
345 55
345 346
346 752
347 217
347 348
348 673
349 350
349 475
350 75
351 297
351 352
352 510
353 243
353 354
354 136
355 356
355 608
356 343
357 45
357 358
358 371
359 71
359 360
360 43
361 331
361 362
362 184
363 364
363 743
364 619
365 275
365 366
366 750
367 368
367 612
368 166
369 370
369 549
370 482
371 354
371 372
372 684
373 374
373 435
374 496
375 215
375 376
376 634
377 378
377 538
378 610
379 380
379 423
380 350
381 382
381 630
382 437
383 384
383 417
384 339
385 386
385 469
386 241
387 385
387 388
388 12
389 390
389 744
390 19
391 392
391 765
392 212
393 394
393 589
394 487
395 396
395 531
396 502
397 67
397 398
398 53
399 221
399 400
400 287
401 402
401 700
402 308
403 404
403 683
404 772
405 218
405 406
406 5
407 239
407 408
408 415
409 410
409 554
410 24
411 113
411 412
412 292
413 303
413 414
414 640
415 228
415 416
416 178
417 418
417 491
418 498
419 328
419 420
420 434
421 347
421 422
422 704
423 190
423 424
424 425
425 47
425 426
426 117
427 349
427 428
428 94
429 430
429 777
430 569
431 155
431 432
432 779
433 391
433 434
434 22
435 11
435 436
436 455
437 314
437 438
438 672
439 161
439 440
440 725
441 439
441 442
442 168
443 369
443 444
444 568
445 446
445 511
446 566
447 233
447 448
448 238
449 450
449 721
450 38
451 452
451 467
452 276
453 91
453 454
454 269
455 285
455 456
456 281
457 458
457 792
458 444
459 56
459 460
460 464
461 74
461 462
462 344
463 464
463 729
464 329
465 194
465 466
466 182
467 257
467 468
468 68
469 470
469 479
470 60
471 463
471 472
472 451
473 400
473 474
474 368
475 83
475 476
476 421
477 478
477 663
478 137
479 337
479 480
480 252
481 262
481 482
482 323
483 484
483 791
484 713
485 289
485 486
486 172
487 40
487 488
488 564
489 490
489 722
490 710
491 27
491 492
492 796
493 494
493 677
494 317
495 453
495 496
496 92
497 210
497 498
498 636
499 315
499 500
500 603
501 502
501 669
502 264
503 380
503 504
504 399
505 506
505 664
506 760
507 460
507 508
508 34
509 510
509 807
510 682
511 512
511 580
512 188
513 340
513 514
514 715
515 89
515 516
516 570
517 518
517 579
518 299
519 520
519 793
520 198
521 508
521 522
522 410
523 245
523 524
524 112
525 519
525 526
526 574
527 528
527 629
528 44
529 183
529 530
530 553
531 115
531 532
532 602
533 324
533 534
534 310
535 536
535 623
536 523
537 538
537 811
538 16
539 342
539 540
540 690
541 363
541 542
542 440
543 429
543 544
544 224
545 336
545 546
546 156
547 548
547 562
548 162
549 9
549 550
550 658
551 517
551 552
552 642
553 309
553 554
554 36
555 348
555 556
556 93
557 558
557 611
558 624
559 560
559 679
560 159
561 149
561 562
562 387
563 564
563 689
564 98
565 181
565 566
566 572
567 240
567 568
568 392
569 253
569 570
570 666
571 572
571 655
572 532
573 366
573 574
574 185
575 459
575 576
576 57
577 578
577 735
578 216
579 199
579 580
580 377
581 582
581 687
582 571
583 584
583 604
584 318
585 586
585 706
586 48
587 408
587 588
588 58
589 497
589 590
590 708
591 12
591 592
592 146
593 494
593 594
594 313
595 367
595 596
596 123
597 557
597 598
598 696
599 591
599 600
600 230
601 384
601 602
602 37
603 127
603 604
604 641
605 305
605 606
606 51
607 608
607 675
608 753
609 249
609 610
610 650
611 131
611 612
612 402
613 80
613 614
614 430
615 164
615 616
616 466
617 618
617 681
618 660
619 563
619 620
620 711
621 622
621 785
622 301
623 624
623 657
624 388
625 2
625 626
626 712
627 473
627 628
628 394
629 120
629 630
630 733
631 124
631 632
632 76
633 175
633 634
634 171
635 515
635 636
636 770
637 403
637 638
638 319
639 548
639 640
640 196
641 376
641 642
642 272
643 79
643 644
644 232
645 307
645 646
646 66
647 605
647 648
648 436
649 78
649 650
650 454
651 652
651 768
652 522
653 654
653 754
654 584
655 625
655 656
656 534
657 373
657 658
658 28
659 322
659 660
660 518
661 251
661 662
662 468
663 330
663 664
664 740
665 606
665 666
666 114
667 353
667 668
668 795
669 207
669 670
670 745
671 346
671 672
672 490
673 449
673 674
674 72
675 613
675 676
676 567
677 485
677 678
678 661
679 41
679 680
680 513
681 671
681 682
682 596
683 341
683 684
684 284
685 599
685 686
686 283
687 105
687 688
688 587
689 107
689 690
690 396
691 33
691 692
692 138
693 639
693 694
694 235
695 635
695 696
696 223
697 492
697 698
698 362
699 667
699 700
700 755
701 312
701 702
702 778
703 236
703 704
704 420
705 426
705 706
706 135
707 332
707 708
708 82
709 710
709 751
710 799
711 712
711 741
712 186
713 714
713 762
714 412
715 438
715 716
716 628
717 73
717 718
718 477
719 334
719 720
720 422
721 722
721 809
722 520
723 724
723 787
724 698
725 588
725 726
726 724
727 84
727 728
728 418
729 325
729 730
730 122
731 586
731 732
732 784
733 631
733 734
734 474
735 370
735 736
736 495
737 258
737 738
738 726
739 524
739 740
740 50
741 104
741 742
742 556
743 445
743 744
744 280
745 103
745 746
746 246
747 102
747 748
748 357
749 472
749 750
750 192
751 643
751 752
752 130
753 316
753 754
754 585
755 277
755 756
756 293
757 247
757 758
758 432
759 42
759 760
760 651
761 259
761 762
762 638
763 668
763 764
764 626
765 561
765 766
766 10
767 274
767 768
768 14
769 227
769 770
770 296
771 279
771 772
772 306
773 383
773 774
774 478
775 265
775 776
776 462
777 484
777 778
778 544
779 234
779 780
780 788
781 633
781 782
782 256
783 290
783 784
784 644
785 121
785 786
786 26
787 774
787 788
788 5
789 575
789 790
790 288
791 535
791 792
792 576
793 503
793 794
794 812
795 364
795 796
796 389
797 201
797 798
798 458
799 242
799 800
800 734
801 781
801 802
802 165
803 565
803 804
804 361
805 558
805 806
806 95
807 609
807 808
808 552
809 101
809 810
810 448
811 476
811 812
812 11
813 637
813 814
814 695
