0 191
0 659
2 163
2 164
3 419
3 464
4 90
4 172
5 286
6 466
9 69
9 155
10 331
10 369
12 683
11 426
13 27
13 463
15 337
15 368
17 801
17 813
19 396
19 522
21 250
21 450
23 24
23 537
24 277
25 26
25 554
26 104
27 28
27 159
28 800
29 30
29 189
30 259
31 32
31 507
32 643
33 34
33 63
34 306
35 36
35 138
36 470
37 38
37 561
38 490
39 40
39 726
40 552
41 42
41 642
42 14
43 44
43 675
44 145
45 46
45 302
46 520
47 48
47 88
48 54
49 50
49 366
50 648
51 52
51 546
52 214
53 54
53 682
54 262
55 56
55 211
56 313
57 44
57 58
58 358
59 60
59 480
60 300
61 62
61 234
62 7
63 64
63 468
64 6
65 66
65 265
66 285
67 68
67 292
68 35
69 70
69 619
70 106
71 72
71 573
72 686
73 74
73 795
74 244
75 76
75 483
76 750
77 78
77 534
78 198
79 80
79 279
80 186
81 82
81 194
82 399
83 84
83 495
84 502
85 86
85 531
86 362
87 88
87 335
88 125
89 90
89 267
90 532
91 92
91 282
92 283
93 94
93 105
94 56
95 96
95 438
96 808
97 98
97 187
98 536
99 81
99 100
100 4
101 102
101 380
102 53
103 104
103 697
104 638
105 106
105 655
106 525
107 108
107 771
108 733
109 13
109 110
110 116
111 112
111 485
112 413
113 114
113 600
114 514
115 116
115 344
116 192
117 118
117 792
118 569
119 120
119 475
120 725
121 122
121 401
122 28
123 67
123 124
124 42
125 126
125 765
126 496
127 128
127 539
128 247
129 130
129 769
130 118
131 132
131 491
132 713
133 134
133 298
134 658
135 136
135 387
136 290
137 138
137 700
138 326
139 61
139 140
140 188
141 15
141 142
142 560
143 144
143 367
144 127
145 146
145 175
146 705
147 148
147 647
148 457
149 150
149 336
150 533
151 152
151 610
152 386
153 154
153 359
154 392
155 156
155 807
156 730
157 64
157 158
158 170
159 160
159 583
160 228
161 162
161 693
162 731
163 164
163 607
164 158
165 97
165 166
166 113
167 168
167 383
168 354
169 170
169 758
170 790
171 172
171 301
172 672
173 174
173 295
174 184
175 176
175 751
176 588
177 178
177 754
178 102
179 180
179 377
180 545
181 144
181 182
182 19
183 184
183 581
184 100
185 186
185 351
186 518
187 188
187 687
188 512
189 190
189 200
190 773
191 192
191 257
192 618
193 194
193 449
194 494
195 55
195 196
196 31
197 198
197 734
198 101
199 200
199 220
200 698
201 12
201 202
202 500
203 204
203 421
204 347
205 206
205 509
206 740
207 208
207 342
208 565
209 210
209 652
210 77
211 212
211 497
212 6
213 32
213 214
214 548
215 83
215 216
216 400
217 218
217 519
218 685
219 213
219 220
220 571
221 168
221 222
222 794
223 224
223 271
224 711
225 226
225 343
226 89
227 185
227 228
228 414
229 230
229 529
230 563
231 232
231 741
232 641
233 129
233 234
234 182
235 29
235 236
236 476
237 238
237 311
238 382
239 119
239 240
240 82
241 242
241 409
242 736
243 244
243 654
244 570
245 246
245 549
246 133
247 248
247 744
248 572
249 250
249 389
250 656
251 71
251 252
252 580
253 205
253 254
254 611
255 256
255 543
256 585
257 17
257 258
258 110
259 260
259 812
260 622
261 262
261 459
262 38
263 264
263 305
264 418
265 266
265 356
266 737
267 268
267 586
268 637
269 270
269 676
270 157
271 18
271 272
272 612
273 30
273 274
274 156
275 276
275 797
276 634
277 278
277 424
278 202
279 280
279 755
280 37
281 108
281 282
282 224
283 78
283 284
284 627
285 286
285 420
286 621
287 288
287 708
288 309
289 290
289 461
290 440
291 292
291 527
292 92
293 256
293 294
294 93
295 223
295 296
296 384
297 243
297 298
298 783
299 232
299 300
300 114
301 302
301 451
302 254
303 264
303 304
304 416
305 151
305 306
306 576
307 215
307 308
308 460
309 310
309 427
310 303
311 312
311 370
312 130
313 50
313 314
314 260
315 316
315 499
316 749
317 318
317 530
318 134
319 320
319 379
320 99
321 322
321 481
322 346
323 324
323 663
324 804
325 326
325 478
326 190
327 230
327 328
328 504
329 147
329 330
330 322
331 332
331 501
332 310
333 312
333 334
334 391
335 148
335 336
336 604
337 195
337 338
338 229
339 338
339 340
340 696
341 294
341 342
342 716
343 344
343 503
344 613
345 176
345 346
346 562
347 348
347 727
348 712
349 350
349 777
350 567
351 352
351 719
352 280
353 354
353 403
354 774
355 356
355 568
356 299
357 358
357 738
358 458
359 360
359 455
360 472
361 289
361 362
362 316
363 364
363 745
364 714
365 366
365 653
366 397
367 227
367 368
368 735
369 370
369 645
370 415
371 11
371 372
372 662
373 374
373 442
374 768
375 226
375 376
376 601
377 242
377 378
378 506
379 261
379 380
380 810
381 382
381 739
382 680
383 384
383 707
384 390
385 345
385 386
386 770
387 388
387 694
388 199
389 390
389 724
390 630
391 392
391 786
392 364
393 352
393 394
394 208
395 381
395 396
396 524
397 36
397 398
398 52
399 84
399 400
400 48
401 402
401 510
402 429
403 70
403 404
404 441
405 132
405 406
406 574
407 408
407 557
408 152
409 410
409 477
410 691
411 405
411 412
412 252
413 414
413 785
414 703
415 416
415 695
416 715
417 378
417 418
418 469
419 420
419 467
420 296
421 183
421 422
422 796
423 424
423 657
424 58
425 426
425 511
426 39
427 117
427 428
428 86
429 430
429 447
430 5
431 245
431 432
432 443
433 434
433 584
434 456
435 436
435 667
436 241
437 438
437 729
438 196
439 440
439 482
440 788
441 249
441 442
442 365
443 65
443 444
444 423
445 446
445 551
446 517
447 448
447 486
448 620
449 109
449 450
450 528
451 452
451 594
452 266
453 454
453 692
454 308
455 456
455 559
456 623
457 293
457 458
458 702
459 253
459 460
460 76
461 3
461 462
462 644
463 272
463 464
464 505
465 23
465 466
466 34
467 137
467 468
468 566
469 284
469 470
470 160
471 123
471 472
472 140
473 320
473 474
474 688
475 476
475 553
476 488
477 341
477 478
478 263
479 480
479 661
480 210
481 482
481 489
482 201
483 231
483 484
484 68
485 486
485 523
486 206
487 432
487 488
488 25
489 453
489 490
490 324
491 492
491 651
492 193
493 436
493 494
494 646
495 496
495 709
496 778
497 431
497 498
498 332
499 171
499 500
500 248
501 465
501 502
502 177
503 504
503 593
504 270
505 506
505 605
506 743
507 203
507 508
508 333
509 121
509 510
510 287
511 512
511 720
512 624
513 323
513 514
514 791
515 516
515 809
516 219
517 422
517 518
518 780
519 233
519 520
520 689
521 173
521 522
522 678
523 524
523 595
524 348
525 526
525 550
526 74
527 209
527 528
528 96
529 530
529 626
530 45
531 532
531 723
532 772
533 534
533 589
534 640
535 166
535 536
536 374
537 327
537 538
538 66
539 59
539 540
540 606
541 375
541 542
542 124
543 544
543 671
544 679
545 95
545 546
546 728
547 9
547 548
548 784
549 550
549 635
550 805
551 371
551 552
552 274
553 43
553 554
554 174
555 556
555 577
556 122
557 558
557 633
558 615
559 560
559 649
560 757
561 146
561 562
562 22
563 291
563 564
564 136
565 330
565 566
566 753
567 385
567 568
568 631
569 484
569 570
570 448
571 473
571 572
572 748
573 111
573 574
574 288
575 410
575 576
576 417
577 143
577 578
578 781
579 165
579 580
580 297
581 87
581 582
582 617
583 435
583 584
584 238
585 547
585 586
586 328
587 588
587 763
588 493
589 321
589 590
590 246
591 513
591 592
592 776
593 115
593 594
594 112
595 596
595 699
596 162
597 180
597 598
598 590
599 600
599 764
600 592
601 1
601 602
602 674
603 120
603 604
604 197
605 142
605 606
606 372
607 558
607 608
608 139
609 325
609 610
610 41
611 394
611 612
612 49
613 614
613 787
614 445
615 103
615 616
616 704
617 407
617 618
618 766
619 355
619 620
620 446
621 462
621 622
622 62
623 624
623 636
624 542
625 307
625 626
626 779
627 207
627 628
628 5
629 630
629 639
630 128
631 632
631 660
632 722
633 317
633 634
634 434
635 587
635 636
636 454
637 26
637 638
638 670
639 640
639 701
640 2
641 46
641 642
642 575
643 644
643 742
644 793
645 315
645 646
646 236
647 648
647 710
648 304
649 471
649 650
650 767
651 632
651 652
652 452
653 654
653 799
654 598
655 21
655 656
656 498
657 318
657 658
658 564
659 269
659 660
660 281
661 181
661 662
662 98
663 425
663 664
664 798
665 339
665 666
666 775
667 437
667 668
668 235
669 75
669 670
670 444
671 578
671 672
672 402
673 597
673 674
674 664
675 625
675 676
676 814
677 668
677 678
678 8
679 135
679 680
680 428
681 599
681 682
682 718
683 516
683 684
684 412
685 10
685 686
686 760
687 582
687 688
688 608
689 395
689 690
690 388
691 258
691 692
692 167
693 237
693 694
694 602
695 150
695 696
696 16
697 353
697 698
698 650
699 239
699 700
700 169
701 161
701 702
702 334
703 526
703 704
704 24
705 141
705 706
706 12
707 319
707 708
708 789
709 179
709 710
710 521
711 712
711 759
712 782
713 273
713 714
714 732
715 628
715 716
716 154
717 718
717 811
718 616
719 57
719 720
720 665
721 204
721 722
722 677
723 153
723 724
724 690
725 275
725 726
726 149
727 411
727 728
728 540
729 666
729 730
730 802
731 314
731 732
732 340
733 535
733 734
734 91
735 350
735 736
736 515
737 681
737 738
738 178
739 11
739 740
740 508
741 721
741 742
742 479
743 556
743 744
744 80
745 541
745 746
746 684
747 72
747 748
748 216
749 212
749 750
750 762
751 393
751 752
752 51
753 538
753 754
754 20
755 492
755 756
756 406
757 363
757 758
758 544
759 760
759 803
760 361
761 408
761 762
762 221
763 255
763 764
764 107
765 614
765 766
766 629
767 376
767 768
768 430
769 603
769 770
770 433
771 47
771 772
772 373
773 761
773 774
774 222
775 349
775 776
776 706
777 673
777 778
778 747
779 131
779 780
780 752
781 73
781 782
782 60
783 40
783 784
784 474
785 487
785 786
786 360
787 79
787 788
788 596
789 439
789 790
790 404
791 240
791 792
792 278
793 276
793 794
794 268
795 217
795 796
796 357
797 591
797 798
798 33
799 756
799 800
800 746
801 251
801 802
802 398
803 609
803 804
804 94
805 85
805 806
806 126
807 669
807 808
808 579
809 329
809 810
810 806
811 555
811 812
812 218
813 225
813 814
814 717
