0 673
0 803
2 525
2 789
3 559
3 657
4 468
4 735
5 291
6 516
7 315
7 509
9 404
8 55
8 229
10 554
13 149
13 330
15 16
15 804
17 18
17 701
19 44
19 512
21 383
21 506
23 24
23 486
24 125
25 26
25 446
26 131
27 28
27 143
28 252
29 30
29 81
30 609
31 32
31 788
32 408
33 34
33 228
34 56
35 36
35 118
36 566
37 38
37 441
38 201
39 40
39 91
40 41
41 42
41 643
42 376
43 44
43 85
44 268
45 46
45 687
46 146
47 48
47 437
48 616
49 50
49 277
50 337
51 52
51 624
52 216
53 54
53 708
54 620
55 56
55 77
56 40
57 58
57 679
58 162
59 60
59 423
60 242
61 62
61 249
62 357
63 64
63 503
64 58
65 66
65 601
66 793
67 68
67 438
68 548
69 70
69 196
70 603
71 72
71 767
72 664
73 74
73 593
74 348
75 76
75 362
76 756
77 78
77 663
78 27
79 80
79 470
80 382
81 82
81 645
82 595
83 84
83 390
84 255
85 86
85 151
86 451
87 88
87 200
88 534
89 90
89 275
90 157
91 92
91 173
92 358
93 94
93 323
94 796
95 96
95 717
96 452
97 45
97 98
98 22
99 100
99 209
100 694
101 102
101 463
102 13
103 104
103 111
104 107
105 106
105 755
106 712
107 108
107 727
108 475
109 110
109 217
110 306
111 112
111 555
112 343
113 114
113 724
114 259
115 116
115 141
116 623
117 118
117 757
118 627
119 120
119 499
120 4
121 122
121 232
122 776
123 124
123 801
124 411
125 126
125 332
126 602
127 128
127 458
128 809
129 130
129 787
130 167
131 132
131 371
132 381
133 134
133 722
134 251
135 136
135 531
136 130
137 138
137 353
138 90
139 140
139 572
140 786
141 100
141 142
142 233
143 144
143 395
144 64
145 146
145 152
146 770
147 117
147 148
148 159
149 150
149 746
150 709
151 2
151 152
152 12
153 154
153 704
154 60
155 156
155 705
156 254
157 158
157 160
158 698
159 160
159 400
160 396
161 162
161 246
162 524
163 164
163 393
164 175
165 166
165 583
166 536
167 168
167 308
168 304
169 170
169 419
170 474
171 49
171 172
172 380
173 174
173 191
174 528
175 176
175 561
176 154
177 99
177 178
178 9
179 43
179 180
180 682
181 182
181 795
182 726
183 184
183 537
184 92
185 186
185 293
186 538
187 188
187 439
188 591
189 190
189 347
190 456
191 192
191 648
192 307
193 194
193 713
194 490
195 196
195 361
196 26
197 104
197 198
198 34
199 169
199 200
200 632
201 202
201 778
202 646
203 204
203 333
204 605
205 194
205 206
206 674
207 165
207 208
208 370
209 210
209 699
210 359
211 82
211 212
212 214
213 214
213 403
214 80
215 204
215 216
216 596
217 218
217 611
218 318
219 126
219 220
220 30
221 222
221 464
222 659
223 128
223 224
224 686
225 226
225 427
226 187
227 228
227 345
228 321
229 230
229 805
230 760
231 155
231 232
232 10
233 234
233 369
234 402
235 236
235 328
236 413
237 238
237 614
238 298
239 8
239 240
240 478
241 242
241 314
242 336
243 244
243 327
244 547
245 246
245 739
246 387
247 248
247 283
248 35
249 212
249 250
250 612
251 252
251 502
252 356
253 254
253 313
254 153
255 223
255 256
256 744
257 258
257 782
258 758
259 195
259 260
260 736
261 262
261 471
262 511
263 264
263 297
264 598
265 266
265 481
266 272
267 176
267 268
268 594
269 270
269 749
270 702
271 272
271 563
272 310
273 274
273 317
274 244
275 108
275 276
276 219
277 278
277 553
278 133
279 280
279 473
280 302
281 282
281 573
282 278
283 284
283 577
284 339
285 286
285 575
286 230
287 17
287 288
288 52
289 290
289 785
290 745
291 122
291 292
292 139
293 294
293 410
294 688
295 292
295 296
296 492
297 298
297 533
298 430
299 300
299 781
300 264
301 302
301 597
302 584
303 304
303 590
304 258
305 123
305 306
306 340
307 270
307 308
308 546
309 310
309 325
310 420
311 312
311 436
312 24
313 314
313 453
314 105
315 265
315 316
316 243
317 121
317 318
318 386
319 320
319 415
320 706
321 290
321 322
322 556
323 256
323 324
324 505
325 281
325 326
326 800
327 328
327 541
328 177
329 330
329 443
330 324
331 309
331 332
332 729
333 334
333 638
334 608
335 33
335 336
336 320
337 312
337 338
338 630
339 340
339 550
340 378
341 342
341 764
342 668
343 344
343 519
344 6
345 346
345 773
346 225
347 348
347 808
348 145
349 83
349 350
350 68
351 352
351 658
352 156
353 354
353 588
354 738
355 75
355 356
356 640
357 358
357 504
358 202
359 360
359 761
360 334
361 271
361 362
362 38
363 66
363 364
364 661
365 326
365 366
366 286
367 368
367 681
368 552
369 95
369 370
370 76
371 372
371 641
372 542
373 374
373 398
374 203
375 171
375 376
376 215
377 220
377 378
378 562
379 380
379 615
380 752
381 382
381 425
382 240
383 338
383 384
384 178
385 386
385 669
386 158
387 388
387 484
388 236
389 179
389 390
390 239
391 392
391 440
392 606
393 394
393 740
394 813
395 396
395 501
396 482
397 71
397 398
398 618
399 245
399 400
400 737
401 138
401 402
402 322
403 367
403 404
404 642
405 406
405 741
406 514
407 234
407 408
408 750
409 410
409 731
410 656
411 412
411 434
412 650
413 414
413 466
414 150
415 416
415 667
416 5
417 101
417 418
418 188
419 420
419 806
420 140
421 422
421 476
422 742
423 424
423 450
424 406
425 170
425 426
426 626
427 428
427 457
428 211
429 430
429 695
430 94
431 432
431 747
432 666
433 97
433 434
434 116
435 436
435 635
436 341
437 287
437 438
438 32
439 73
439 440
440 311
441 442
441 449
442 174
443 444
443 617
444 69
445 446
445 565
446 513
447 433
447 448
448 79
449 261
449 450
450 190
451 452
451 684
452 766
453 226
453 454
454 42
455 373
455 456
456 432
457 458
457 775
458 495
459 424
459 460
460 662
461 115
461 462
462 39
463 464
463 523
464 529
465 299
465 466
466 355
467 468
467 507
468 394
469 470
469 578
470 678
471 316
471 472
472 469
473 53
473 474
474 777
475 465
475 476
476 728
477 401
477 478
478 364
479 47
479 480
480 183
481 331
481 482
482 276
483 484
483 791
484 527
485 289
485 486
486 649
487 488
487 496
488 460
489 490
489 545
490 710
491 102
491 492
492 384
493 391
493 494
494 407
495 180
495 496
496 354
497 247
497 498
498 3
499 273
499 500
500 734
501 502
501 651
502 716
503 504
503 510
504 182
505 350
505 506
506 690
507 480
507 508
508 237
509 510
509 653
510 625
511 109
511 512
512 634
513 514
513 748
514 385
515 210
515 516
516 730
517 70
517 518
518 284
519 207
519 520
520 19
521 301
521 522
522 372
523 524
523 587
524 600
525 346
525 526
526 31
527 528
527 780
528 144
529 530
529 802
530 526
531 532
531 622
532 607
533 534
533 768
534 570
535 50
535 536
536 266
537 113
537 538
538 205
539 517
539 540
540 172
541 542
541 693
542 675
543 544
543 715
544 280
545 546
545 560
546 732
547 23
547 548
548 576
549 455
549 550
550 10
551 262
551 552
552 161
553 163
553 554
554 754
555 556
555 557
556 134
557 558
557 763
558 414
559 560
559 707
560 581
561 562
561 697
562 295
563 51
563 564
564 454
565 566
565 647
566 769
567 521
567 568
568 784
569 570
569 589
570 110
571 96
571 572
572 14
573 135
573 574
574 248
575 227
575 576
576 374
577 78
577 578
578 54
579 580
579 721
580 119
581 515
581 582
582 493
583 522
583 584
584 639
585 87
585 586
586 783
587 285
587 588
588 399
589 25
589 590
590 363
591 592
591 772
592 696
593 137
593 594
594 20
595 596
595 676
596 218
597 543
597 598
598 62
599 389
599 600
600 488
601 59
601 602
602 544
603 365
603 604
604 222
605 366
605 606
606 106
607 574
607 608
608 48
609 610
609 691
610 6
611 485
611 612
612 637
613 569
613 614
614 797
615 15
615 616
616 377
617 351
617 618
618 147
619 620
619 719
620 459
621 479
621 622
622 279
623 193
623 624
624 580
625 626
625 790
626 74
627 84
627 628
628 660
629 164
629 630
630 46
631 567
631 632
632 604
633 634
633 652
634 494
635 120
635 636
636 703
637 638
637 812
638 267
639 448
639 640
640 392
641 491
641 642
642 28
643 508
643 644
644 720
645 646
645 751
646 711
647 462
647 648
648 665
649 549
649 650
650 192
651 467
651 652
652 472
653 539
653 654
654 810
655 412
655 656
656 586
657 461
657 658
658 253
659 405
659 660
660 633
661 662
661 718
662 540
663 664
663 743
664 186
665 257
665 666
666 221
667 668
667 774
668 11
669 670
669 685
670 296
671 29
671 672
672 431
673 103
673 674
674 352
675 428
675 676
676 655
677 678
677 811
678 636
679 680
679 807
680 520
681 127
681 682
682 683
683 621
683 684
684 7
685 409
685 686
686 288
687 329
687 688
688 224
689 690
689 714
690 360
691 250
691 692
692 166
693 671
693 694
694 551
695 231
695 696
696 670
697 429
697 698
698 610
699 445
699 700
700 63
701 702
701 771
702 421
703 558
703 704
704 294
705 136
705 706
706 422
707 129
707 708
708 269
709 518
709 710
710 530
711 344
711 712
712 342
713 319
713 714
714 89
715 716
715 799
716 535
717 185
717 718
718 700
719 305
719 720
720 93
721 189
721 722
722 184
723 241
723 724
724 61
725 375
725 726
726 98
727 631
727 728
728 762
729 67
729 730
730 692
731 644
731 732
732 680
733 198
733 734
734 300
735 736
735 765
736 442
737 689
737 738
738 142
739 124
739 740
740 197
741 628
741 742
742 263
743 677
743 744
744 132
745 619
745 746
746 532
747 65
747 748
748 208
749 349
749 750
750 571
751 498
751 752
752 564
753 477
753 754
754 72
755 114
755 756
756 592
757 487
757 758
758 88
759 379
759 760
760 181
761 762
761 814
762 672
763 417
763 764
764 733
765 282
765 766
766 798
767 759
767 768
768 418
769 5
769 770
770 500
771 86
771 772
772 168
773 57
773 774
774 723
775 213
775 776
776 388
777 368
777 778
778 654
779 489
779 780
780 416
781 444
781 782
782 613
783 36
783 784
784 9
785 725
785 786
786 238
787 274
787 788
788 426
789 497
789 790
790 568
791 335
791 792
792 779
793 585
793 794
794 21
795 794
795 796
796 1
797 112
797 798
798 260
799 579
799 800
800 753
801 447
801 802
802 303
803 397
803 804
804 37
805 235
805 806
806 483
807 599
807 808
808 148
809 435
809 810
810 629
811 199
811 812
812 206
813 792
813 814
814 582
