0 189
0 399
2 214
2 377
3 115
3 329
5 406
4 264
4 330
6 360
9 181
9 382
10 31
10 55
12 276
11 103
13 47
13 359
15 164
15 293
17 294
17 342
19 102
19 144
21 235
21 340
23 24
23 106
24 205
25 26
25 52
26 391
27 3
27 28
28 356
29 30
29 83
30 326
31 32
31 275
32 411
33 34
33 64
34 152
35 36
35 311
36 318
37 38
37 147
38 149
39 40
39 375
40 332
41 42
41 283
42 339
43 44
43 211
44 368
45 46
45 62
46 86
47 48
47 223
48 413
49 50
49 105
50 110
51 52
51 238
52 282
53 37
53 54
54 120
55 11
55 56
56 6
57 58
57 347
58 230
59 60
59 334
60 296
61 62
61 281
62 91
63 64
63 408
64 371
65 66
65 73
66 199
67 68
67 323
68 28
69 19
69 70
70 18
71 72
71 303
72 280
73 74
73 183
74 298
75 60
75 76
76 261
77 78
77 135
78 372
79 80
79 333
80 136
81 82
81 245
82 148
83 69
83 84
84 300
85 86
85 364
86 292
87 88
87 266
88 348
89 90
89 401
90 370
91 92
91 154
92 132
93 94
93 387
94 320
95 96
95 271
96 161
97 98
97 224
98 250
99 79
99 100
100 117
101 99
101 102
102 100
103 81
103 104
104 137
105 106
105 167
106 228
107 108
107 279
108 316
109 22
109 110
110 30
111 42
111 112
112 59
113 107
113 114
114 13
115 116
115 314
116 182
117 36
117 118
118 124
119 111
119 120
120 310
121 122
121 381
122 159
123 124
123 344
124 17
125 126
125 185
126 108
127 50
127 128
128 5
129 44
129 130
130 286
131 119
131 132
132 16
133 134
133 341
134 186
135 136
135 378
136 272
137 138
137 244
138 389
139 140
139 322
140 349
141 142
141 392
142 8
143 144
143 324
144 85
145 146
145 196
146 82
147 131
147 148
148 38
149 150
149 289
150 219
151 116
151 152
152 156
153 154
153 307
154 76
155 156
155 380
156 412
157 158
157 336
158 262
159 160
159 178
160 353
161 162
161 302
162 12
163 164
163 284
164 176
165 166
165 251
166 101
167 168
167 361
168 184
169 170
169 297
170 56
171 151
171 172
172 165
173 174
173 226
174 299
175 176
175 325
176 290
177 178
177 287
178 75
179 177
179 180
180 260
181 182
181 195
182 393
183 184
183 256
184 66
185 186
185 319
186 174
187 15
187 188
188 192
189 190
189 317
190 130
191 26
191 192
192 139
193 27
193 194
194 395
195 196
195 277
196 153
197 198
197 373
198 355
199 200
199 390
200 92
201 202
201 343
202 157
203 204
203 365
204 180
205 206
205 248
206 128
207 49
207 208
208 367
209 95
209 210
210 29
211 212
211 301
212 246
213 212
213 214
214 5
215 121
215 216
216 209
217 175
217 218
218 187
219 210
219 220
220 231
221 222
221 304
222 249
223 224
223 321
224 274
225 93
225 226
226 257
227 228
227 291
228 166
229 77
229 230
230 306
231 70
231 232
232 20
233 63
233 234
234 90
235 4
235 236
236 216
237 236
237 238
238 112
239 61
239 240
240 194
241 242
241 312
242 338
243 127
243 244
244 23
245 169
245 246
246 58
247 190
247 248
248 265
249 213
249 250
250 80
251 134
251 252
252 221
253 254
253 407
254 202
255 10
255 256
256 337
257 67
257 258
258 397
259 173
259 260
260 141
261 262
261 414
262 278
263 259
263 264
264 89
265 142
265 266
266 123
267 268
267 383
268 51
269 270
269 374
270 158
271 25
271 272
272 358
273 274
273 376
274 109
275 11
275 276
276 254
277 65
277 278
278 350
279 280
279 345
280 97
281 163
281 282
282 234
283 284
283 315
284 388
285 179
285 286
286 410
287 57
287 288
288 170
289 233
289 290
290 357
291 208
291 292
292 206
293 172
293 294
294 40
295 145
295 296
296 352
297 298
297 309
298 204
299 146
299 300
300 203
301 267
301 302
302 229
303 252
303 304
304 384
305 191
305 306
306 122
307 253
307 308
308 198
309 114
309 310
310 400
311 201
311 312
312 398
313 225
313 314
314 94
315 316
315 379
316 7
317 318
317 362
318 84
319 215
319 320
320 21
321 241
321 322
322 396
323 43
323 324
324 46
325 87
325 326
326 6
327 113
327 328
328 363
329 88
329 330
330 33
331 247
331 332
332 14
333 160
333 334
334 143
335 268
335 336
336 366
337 285
337 338
338 394
339 133
339 340
340 72
341 39
341 342
342 328
343 125
343 344
344 118
345 346
345 403
346 41
347 348
347 409
348 218
349 232
349 350
350 68
351 207
351 352
352 240
353 34
353 354
354 74
355 140
355 356
356 200
357 242
357 358
358 270
359 295
359 360
360 222
361 255
361 362
362 269
363 220
363 364
364 402
365 138
365 366
366 354
367 243
367 368
368 405
369 217
369 370
370 188
371 78
371 372
372 239
373 313
373 374
374 2
375 376
375 404
376 155
377 32
377 378
378 171
379 9
379 380
380 369
381 197
381 382
382 53
383 346
383 384
384 129
385 98
385 386
386 335
387 327
387 388
388 54
389 71
389 390
390 126
391 150
391 392
392 1
393 48
393 394
394 45
395 24
395 396
396 12
397 273
397 398
398 237
399 35
399 400
400 305
401 331
401 402
402 308
403 263
403 404
404 351
405 288
405 406
406 168
407 258
407 408
408 227
409 96
409 410
410 386
411 193
411 412
412 162
413 104
413 414
414 385
