0 242
0 249
1 159
1 333
3 115
3 223
4 15
4 221
5 43
6 349
7 228
7 254
9 240
9 345
11 166
10 51
10 182
12 303
15 229
15 413
17 203
17 385
19 20
19 253
21 108
21 328
23 24
23 134
24 366
25 26
25 136
26 171
27 28
27 218
28 64
29 30
29 258
30 112
31 32
31 405
32 309
33 34
33 383
34 247
35 36
35 61
36 103
37 38
37 326
38 137
39 40
39 391
40 268
41 21
41 42
42 80
43 44
43 359
44 408
45 33
45 46
46 324
47 48
47 239
48 120
49 50
49 149
50 210
51 52
51 306
52 128
53 54
53 311
54 78
55 56
55 148
56 315
57 58
57 107
58 116
59 60
59 154
60 16
61 62
61 371
62 111
63 44
63 64
64 388
65 66
65 246
66 400
67 49
67 68
68 28
69 1
69 70
70 308
71 72
71 341
72 46
73 74
73 197
74 127
75 76
75 92
76 72
77 35
77 78
78 401
79 80
79 146
80 320
81 82
81 361
82 12
83 84
83 281
84 380
85 86
85 190
86 255
87 88
87 147
88 124
89 25
89 90
90 42
91 34
91 92
92 40
93 94
93 382
94 334
95 96
95 177
96 11
97 98
97 121
98 245
99 100
99 354
100 156
101 98
101 102
102 360
103 104
103 283
104 378
105 106
105 198
106 88
107 108
107 275
108 396
109 71
109 110
110 298
111 112
111 133
112 256
113 75
113 114
114 207
115 116
115 273
116 404
117 77
117 118
118 384
119 59
119 120
120 38
121 119
121 122
122 206
123 124
123 214
124 356
125 62
125 126
126 297
127 125
127 128
128 271
129 130
129 263
130 410
131 132
131 235
132 5
133 109
133 134
134 83
135 136
135 215
136 185
137 138
137 364
138 260
139 110
139 140
140 393
141 142
141 205
142 2
143 144
143 325
144 340
145 146
145 168
146 259
147 148
147 377
148 86
149 150
149 301
150 289
151 152
151 319
152 299
153 154
153 376
154 347
155 55
155 156
156 257
157 3
157 158
158 244
159 39
159 160
160 350
161 162
161 304
162 337
163 106
163 164
164 191
165 166
165 335
166 216
167 168
167 342
168 132
169 170
169 387
170 280
171 172
171 290
172 186
173 150
173 174
174 282
175 153
175 176
176 300
177 178
177 204
178 144
179 167
179 180
180 233
181 70
181 182
182 310
183 9
183 184
184 163
185 105
185 186
186 226
187 188
187 295
188 200
189 190
189 267
190 31
191 192
191 196
192 284
193 164
193 194
194 14
195 76
195 196
196 272
197 198
197 211
198 381
199 52
199 200
200 11
201 202
201 373
202 231
203 204
203 351
204 276
205 206
205 375
206 102
207 183
207 208
208 58
209 47
209 210
210 24
211 45
211 212
212 93
213 214
213 224
214 286
215 165
215 216
216 138
217 18
217 218
218 222
219 220
219 329
220 358
221 222
221 234
222 82
223 17
223 224
224 187
225 141
225 226
226 291
227 220
227 228
228 348
229 230
229 353
230 314
231 94
231 232
232 357
233 234
233 274
234 208
235 236
235 365
236 248
237 23
237 238
238 151
239 101
239 240
240 344
241 242
241 277
242 142
243 69
243 244
244 352
245 65
245 246
246 161
247 248
247 285
248 36
249 250
249 321
250 293
251 238
251 252
252 212
253 5
253 254
254 81
255 54
255 256
256 250
257 123
257 258
258 130
259 180
259 260
260 170
261 29
261 262
262 394
263 243
263 264
264 312
265 27
265 266
266 316
267 225
267 268
268 402
269 270
269 327
270 181
271 232
271 272
272 84
273 274
273 379
274 63
275 276
275 397
276 292
277 278
277 317
278 41
279 227
279 280
280 230
281 219
281 282
282 122
283 37
283 284
284 338
285 145
285 286
286 95
287 288
287 323
288 374
289 26
289 290
290 332
291 30
291 292
292 318
293 90
293 294
294 188
295 143
295 296
296 96
297 67
297 298
298 158
299 300
299 307
300 390
301 97
301 302
302 173
303 79
303 304
304 50
305 32
305 306
306 201
307 308
307 355
308 209
309 310
309 367
310 169
311 7
311 312
312 288
313 314
313 369
314 13
315 302
315 316
316 279
317 313
317 318
318 194
319 305
319 320
320 162
321 189
321 322
322 89
323 87
323 324
324 60
325 264
325 326
326 6
327 241
327 328
328 399
329 330
329 343
330 199
331 56
331 332
332 202
333 74
333 334
334 68
335 251
335 336
336 407
337 338
337 339
338 362
339 296
339 340
340 174
341 85
341 342
342 269
343 157
343 344
344 265
345 346
345 409
346 8
347 114
347 348
348 48
349 66
349 350
350 262
351 99
351 352
352 57
353 354
353 403
354 155
355 278
355 356
356 261
357 22
357 358
358 160
359 53
359 360
360 346
361 287
361 362
362 294
363 364
363 389
364 372
365 4
365 366
366 176
367 91
367 368
368 126
369 135
369 370
370 195
371 73
371 372
372 192
373 213
373 374
374 392
375 117
375 376
376 414
377 368
377 378
378 140
379 179
379 380
380 398
381 382
381 395
382 12
383 129
383 384
384 184
385 270
385 386
386 172
387 252
387 388
388 406
389 390
389 411
390 6
391 131
391 392
392 193
393 266
393 394
394 178
395 139
395 396
396 330
397 336
397 398
398 386
399 113
399 400
400 118
401 152
401 402
402 175
403 404
403 412
404 236
405 237
405 406
406 100
407 10
407 408
408 331
409 363
409 410
410 104
411 322
411 412
412 370
413 19
413 414
414 217
