0 58
0 233
1 39
1 323
2 11
2 92
3 312
3 402
4 48
4 137
5 142
6 328
9 369
9 397
11 59
10 100
10 177
12 198
15 169
15 293
17 189
17 210
19 94
19 244
21 102
21 247
23 24
23 81
24 344
25 26
25 216
26 232
27 10
27 28
28 56
29 30
29 317
30 257
31 19
31 32
32 238
33 34
33 74
34 224
35 36
35 60
36 186
37 38
37 391
38 96
39 40
39 159
40 298
41 42
41 134
42 121
43 32
43 44
44 5
45 46
45 90
46 394
47 48
47 199
48 130
49 15
49 50
50 366
51 52
51 178
52 270
53 54
53 221
54 387
55 56
55 184
56 182
57 58
57 345
58 389
59 60
59 227
60 13
61 62
61 75
62 302
63 64
63 154
64 375
65 66
65 287
66 332
67 68
67 277
68 319
69 70
69 307
70 229
71 72
71 263
72 27
73 74
73 212
74 226
75 76
75 168
76 158
77 78
77 200
78 364
79 80
79 196
80 300
81 82
81 183
82 322
83 4
83 84
84 301
85 86
85 363
86 46
87 88
87 308
88 390
89 90
89 249
90 335
91 47
91 92
92 209
93 94
93 339
94 268
95 96
95 311
96 3
97 98
97 239
98 406
99 100
99 306
100 140
101 102
101 136
102 110
103 104
103 347
104 28
105 106
105 357
106 262
107 98
107 108
108 294
109 110
109 288
110 16
111 112
111 127
112 99
113 45
113 114
114 6
115 95
115 116
116 246
117 105
117 118
118 214
119 72
119 120
120 157
121 122
121 228
122 104
123 124
123 337
124 24
125 73
125 126
126 35
127 128
127 138
128 51
129 112
129 130
130 404
131 128
131 132
132 172
133 134
133 230
134 124
135 136
135 275
136 83
137 138
137 175
138 333
139 89
139 140
140 141
141 142
141 237
142 304
143 2
143 144
144 194
145 146
145 190
146 368
147 148
147 171
148 279
149 150
149 258
150 18
151 113
151 152
152 145
153 154
153 231
154 37
155 106
155 156
156 129
157 158
157 313
158 150
159 160
159 271
160 176
161 162
161 325
162 281
163 164
163 370
164 206
165 80
165 166
166 326
167 168
167 269
168 151
169 170
169 203
170 65
171 108
171 172
172 410
173 174
173 181
174 78
175 176
175 351
176 382
177 178
177 297
178 386
179 180
179 321
180 236
181 70
181 182
182 367
183 77
183 184
184 374
185 186
185 207
186 342
187 188
187 381
188 360
189 190
189 359
190 380
191 115
191 192
192 241
193 185
193 194
194 377
195 196
195 405
196 379
197 198
197 309
198 192
199 107
199 200
200 101
201 202
201 223
202 242
203 204
203 211
204 411
205 206
205 245
206 267
207 208
207 413
208 240
209 210
209 409
210 86
211 97
211 212
212 217
213 214
213 250
214 164
215 52
215 216
216 327
217 109
217 218
218 243
219 119
219 220
220 132
221 71
221 222
222 152
223 111
223 224
224 296
225 139
225 226
226 353
227 228
227 318
228 310
229 41
229 230
230 123
231 232
231 349
232 290
233 234
233 371
234 412
235 126
235 236
236 14
237 165
237 238
238 272
239 34
239 240
240 314
241 202
241 242
242 146
243 87
243 244
244 20
245 218
245 246
246 31
247 40
247 248
248 122
249 93
249 250
250 179
251 180
251 252
252 384
253 117
253 254
254 330
255 256
255 284
256 215
257 170
257 258
258 356
259 260
259 396
260 280
261 262
261 358
262 131
263 17
263 264
264 348
265 266
265 295
266 11
267 120
267 268
268 286
269 201
269 270
270 163
271 195
271 272
272 174
273 191
273 274
274 354
275 161
275 276
276 285
277 278
277 352
278 147
279 144
279 280
280 82
281 125
281 282
282 248
283 219
283 284
284 320
285 222
285 286
286 76
287 288
287 365
288 88
289 57
289 290
290 6
291 292
291 341
292 256
293 273
293 294
294 54
295 68
295 296
296 336
297 298
297 299
298 156
299 259
299 300
300 30
301 143
301 302
302 204
303 148
303 304
304 401
305 261
305 306
306 22
307 303
307 308
308 149
309 253
309 310
310 346
311 29
311 312
312 392
313 314
313 343
314 334
315 316
315 350
316 274
317 193
317 318
318 388
319 84
319 320
320 63
321 103
321 322
322 251
323 225
323 324
324 167
325 91
325 326
326 414
327 66
327 328
328 220
329 324
329 330
330 162
331 283
331 332
332 5
333 79
333 334
334 264
335 67
335 336
336 361
337 85
337 338
338 116
339 23
339 340
340 376
341 53
341 342
342 50
343 38
343 344
344 12
345 346
345 403
346 208
347 69
347 348
348 114
349 187
349 350
350 64
351 352
351 395
352 197
353 205
353 354
354 234
355 133
355 356
356 282
357 305
357 358
358 291
359 360
359 362
360 340
361 315
361 362
362 44
363 255
363 364
364 118
365 292
365 366
366 383
367 266
367 368
368 316
369 370
369 393
370 12
371 49
371 372
372 155
373 1
373 374
374 331
375 276
375 376
376 7
377 378
377 398
378 42
379 289
379 380
380 21
381 265
381 382
382 372
383 166
383 384
384 8
385 278
385 386
386 173
387 9
387 388
388 235
389 153
389 390
390 400
391 33
391 392
392 25
393 213
393 394
394 36
395 329
395 396
396 355
397 398
397 407
398 55
399 254
399 400
400 43
401 62
401 402
402 26
403 61
403 404
404 378
405 135
405 406
406 399
407 160
407 408
408 260
409 385
409 410
410 252
411 188
411 412
412 408
413 373
413 414
414 338
