0 193
0 381
2 259
2 387
3 153
3 229
4 133
4 361
6 363
5 101
7 63
7 300
8 186
8 272
9 201
10 380
13 29
13 327
15 208
15 396
17 162
17 188
19 166
19 333
21 14
21 181
23 24
23 79
24 67
25 26
25 257
26 212
27 28
27 49
28 274
29 30
29 194
30 106
31 32
31 267
32 213
33 34
33 119
34 191
35 36
35 371
36 291
37 38
37 375
38 132
39 40
39 109
40 372
41 42
41 189
42 260
43 44
43 263
44 319
45 39
45 46
46 414
47 48
47 364
48 297
49 50
49 351
50 64
51 52
51 348
52 398
53 54
53 344
54 236
55 56
55 179
56 386
57 58
57 182
58 338
59 60
59 383
60 19
61 62
61 411
62 36
63 64
63 130
64 168
65 66
65 72
66 258
67 68
67 397
68 318
69 70
69 204
70 58
71 72
71 394
72 244
73 74
73 245
74 95
75 76
75 233
76 12
77 78
77 406
78 329
79 80
79 268
80 325
81 82
81 282
82 104
83 84
83 171
84 108
85 86
85 93
86 368
87 88
87 122
88 125
89 90
89 293
90 205
91 80
91 92
92 323
93 94
93 196
94 150
95 96
95 367
96 392
97 98
97 385
98 222
99 100
99 299
100 123
101 33
101 102
102 17
103 104
103 175
104 389
105 106
105 413
106 408
107 108
107 167
108 332
109 110
109 217
110 88
111 99
111 112
112 82
113 114
113 155
114 279
115 116
115 117
116 404
117 118
117 331
118 128
119 120
119 352
120 214
121 122
121 243
122 183
123 124
123 358
124 337
125 126
125 289
126 139
127 128
127 203
128 120
129 130
129 209
130 141
131 45
131 132
132 152
133 134
133 251
134 393
135 113
135 136
136 256
137 68
137 138
138 30
139 140
139 192
140 264
141 142
141 211
142 46
143 144
143 347
144 287
145 96
145 146
146 22
147 103
147 148
148 405
149 150
149 308
150 207
151 42
151 152
152 163
153 154
153 407
154 15
155 156
155 273
156 75
157 112
157 158
158 286
159 160
159 221
160 255
161 162
161 294
162 11
163 20
163 164
164 284
165 91
165 166
166 401
167 168
167 200
168 298
169 170
169 262
170 26
171 172
171 235
172 44
173 118
173 174
174 388
175 176
175 219
176 239
177 4
177 178
178 248
179 9
179 180
180 198
181 182
181 223
182 280
183 173
183 184
184 231
185 186
185 335
186 10
187 59
187 188
188 86
189 8
189 190
190 78
191 192
191 349
192 92
193 3
193 194
194 21
195 196
195 275
196 249
197 165
197 198
198 116
199 185
199 200
200 69
201 202
201 370
202 410
203 148
203 204
204 304
205 176
205 206
206 269
207 208
207 395
208 366
209 210
209 296
210 158
211 212
211 343
212 180
213 214
213 339
214 328
215 216
215 357
216 306
217 187
217 218
218 76
219 177
219 220
220 334
221 61
221 222
222 246
223 220
223 224
224 242
225 2
225 226
226 315
227 160
227 228
228 210
229 215
229 230
230 277
231 232
231 400
232 47
233 234
233 314
234 164
235 236
235 313
236 174
237 172
237 238
238 230
239 5
239 240
240 340
241 190
241 242
242 48
243 244
243 341
244 303
245 246
245 355
246 52
247 248
247 403
248 66
249 250
249 295
250 216
251 135
251 252
252 126
253 241
253 254
254 412
255 43
255 256
256 1
257 134
257 258
258 53
259 41
259 260
260 129
261 262
261 311
262 138
263 264
263 391
264 382
265 184
265 266
266 390
267 89
267 268
268 399
269 270
269 322
270 51
271 247
271 272
272 55
273 90
273 274
274 278
275 199
275 276
276 85
277 137
277 278
278 142
279 280
279 353
280 94
281 143
281 282
282 83
283 284
283 309
284 218
285 131
285 286
286 154
287 270
287 288
288 102
289 24
289 290
290 124
291 292
291 336
292 290
293 27
293 294
294 115
295 32
295 296
296 144
297 18
297 298
298 350
299 97
299 300
300 253
301 7
301 302
302 60
303 240
303 304
304 346
305 169
305 306
306 402
307 6
307 308
308 151
309 310
309 320
310 38
311 110
311 312
312 62
313 23
313 314
314 10
315 197
315 316
316 74
317 318
317 330
318 25
319 320
319 376
320 157
321 31
321 322
322 127
323 266
323 324
324 342
325 156
325 326
326 136
327 321
327 328
328 225
329 317
329 330
330 360
331 332
331 373
332 178
333 40
333 334
334 254
335 159
335 336
336 316
337 98
337 338
338 378
339 87
339 340
340 283
341 105
341 342
342 56
343 35
343 344
344 70
345 77
345 346
346 228
347 348
347 374
348 237
349 100
349 350
350 28
351 206
351 352
352 161
353 354
353 369
354 37
355 114
355 356
356 146
357 147
357 358
358 107
359 81
359 360
360 354
361 195
361 362
362 345
363 276
363 364
364 356
365 121
365 366
366 50
367 265
367 368
368 54
369 301
369 370
370 305
371 226
371 372
372 57
373 6
373 374
374 149
375 227
375 376
376 285
377 5
377 378
378 409
379 281
379 380
380 234
381 379
381 382
382 202
383 326
383 384
384 140
385 73
385 386
386 84
387 111
387 388
388 224
389 34
389 390
390 310
391 302
391 392
392 384
393 71
393 394
394 252
395 261
395 396
396 250
397 312
397 398
398 324
399 362
399 400
400 9
401 238
401 402
402 170
403 13
403 404
404 292
405 359
405 406
406 365
407 307
407 408
408 65
409 288
409 410
410 232
411 271
411 412
412 145
413 377
413 414
414 16
