0 33
0 277
3 235
3 327
4 5
4 335
6 38
5 324
7 274
7 385
8 268
8 386
9 208
10 340
11 146
11 387
13 133
13 350
15 35
15 295
17 64
17 201
19 6
19 349
21 279
21 411
23 24
23 271
24 307
25 26
25 36
26 301
27 28
27 98
28 156
29 30
29 296
30 14
31 30
31 32
32 368
33 34
33 347
34 332
35 36
35 145
36 62
37 38
37 290
38 193
39 40
39 181
40 175
41 42
41 151
42 214
43 44
43 122
44 344
45 46
45 209
46 352
47 48
47 412
48 135
49 50
49 222
50 186
51 52
51 269
52 397
53 54
53 173
54 341
55 56
55 126
56 48
57 58
57 169
58 338
59 60
59 197
60 160
61 62
61 357
62 413
63 64
63 381
64 153
65 66
65 253
66 256
67 68
67 375
68 244
69 70
69 80
70 104
71 72
71 228
72 348
73 74
73 129
74 72
75 76
75 371
76 163
77 78
77 388
78 414
79 80
79 109
80 46
81 82
81 391
82 16
83 84
83 144
84 218
85 86
85 161
86 155
87 21
87 88
88 370
89 4
89 90
90 154
91 92
91 111
92 281
93 94
93 311
94 25
95 96
95 105
96 232
97 59
97 98
98 189
99 100
99 171
100 237
101 8
101 102
102 330
103 104
103 369
104 395
105 106
105 299
106 69
107 19
107 108
108 408
109 51
109 110
110 216
111 112
111 267
112 191
113 114
113 138
114 136
115 41
115 116
116 29
117 118
117 275
118 265
119 120
119 159
120 164
121 94
121 122
122 241
123 124
123 238
124 148
125 55
125 126
126 266
127 128
127 246
128 9
129 130
129 213
130 409
131 103
131 132
132 96
133 134
133 399
134 68
135 136
135 158
136 315
137 18
137 138
138 40
139 43
139 140
140 400
141 127
141 142
142 396
143 144
143 179
144 393
145 100
145 146
146 313
147 106
147 148
148 128
149 150
149 248
150 282
151 125
151 152
152 342
153 154
153 302
154 333
155 61
155 156
156 210
157 158
157 251
158 195
159 160
159 261
160 74
161 162
161 377
162 373
163 164
163 204
164 346
165 166
165 389
166 60
167 115
167 168
168 99
169 170
169 184
170 9
171 172
171 199
172 198
173 174
173 273
174 378
175 176
175 258
176 242
177 90
177 178
178 174
179 95
179 180
180 190
181 182
181 183
182 140
183 184
183 221
184 42
185 75
185 186
186 314
187 188
187 293
188 134
189 5
189 190
190 166
191 89
191 192
192 270
193 194
193 211
194 70
195 187
195 196
196 321
197 198
197 264
198 50
199 200
199 287
200 202
201 202
201 345
202 343
203 91
203 204
204 252
205 10
205 206
206 114
207 208
207 233
208 260
209 116
209 210
210 392
211 212
211 379
212 358
213 93
213 214
214 406
215 216
215 230
216 407
217 218
217 383
218 206
219 217
219 220
220 34
221 67
221 222
222 328
223 13
223 224
224 212
225 226
225 353
226 22
227 192
227 228
228 2
229 230
229 337
230 17
231 232
231 331
232 110
233 7
233 234
234 83
235 149
235 236
236 297
237 26
237 238
238 162
239 207
239 240
240 255
241 185
241 242
242 262
243 244
243 364
244 10
245 131
245 246
246 32
247 117
247 248
248 403
249 194
249 250
250 316
251 252
251 263
252 259
253 79
253 254
254 168
255 97
255 256
256 12
257 258
257 323
258 312
259 147
259 260
260 360
261 262
261 367
262 372
263 37
263 264
264 15
265 254
265 266
266 223
267 63
267 268
268 292
269 203
269 270
270 76
271 272
271 359
272 329
273 3
273 274
274 405
275 276
275 280
276 137
277 73
277 278
278 309
279 28
279 280
280 286
281 27
281 282
282 52
283 180
283 284
284 289
285 286
285 384
286 320
287 288
287 305
288 215
289 71
289 290
290 376
291 39
291 292
292 188
293 101
293 294
294 288
295 247
295 296
296 351
297 119
297 298
298 283
299 65
299 300
300 322
301 47
301 302
302 58
303 107
303 304
304 227
305 257
305 306
306 390
307 308
307 326
308 120
309 84
309 310
310 1
311 239
311 312
312 356
313 243
313 314
314 402
315 78
315 316
316 176
317 150
317 318
318 82
319 320
319 363
320 152
321 45
321 322
322 86
323 112
323 324
324 6
325 196
325 326
326 182
327 23
327 328
328 317
329 81
329 330
330 54
331 236
331 332
332 310
333 132
333 334
334 220
335 92
335 336
336 366
337 336
337 338
338 276
339 49
339 340
340 88
341 342
341 362
342 306
343 123
343 344
344 365
345 177
345 346
346 170
347 291
347 348
348 113
349 319
349 350
350 382
351 352
351 361
352 24
353 56
353 354
354 334
355 20
355 356
356 380
357 358
357 401
358 205
359 303
359 360
360 374
361 362
361 404
362 44
363 157
363 364
364 124
365 278
365 366
366 142
367 121
367 368
368 304
369 85
369 370
370 284
371 372
371 398
372 354
373 234
373 374
374 224
375 53
375 376
376 77
377 167
377 378
378 249
379 231
379 380
380 108
381 87
381 382
382 31
383 339
383 384
384 172
385 240
385 386
386 219
387 57
387 388
388 394
389 130
389 390
390 318
391 118
391 392
392 410
393 308
393 394
394 355
395 300
395 396
396 66
397 11
397 398
398 325
399 225
399 400
400 294
401 200
401 402
402 250
403 143
403 404
404 229
405 245
405 406
406 139
407 165
407 408
408 102
409 178
409 410
410 226
411 272
411 412
412 141
413 298
413 414
414 285
