0 159
0 334
3 343
3 344
4 53
4 131
5 184
6 84
7 67
7 239
8 48
8 189
9 323
10 226
11 240
11 252
13 40
13 258
15 230
15 408
17 113
17 115
19 123
19 370
21 110
21 135
23 7
23 24
24 237
25 26
25 204
26 312
27 28
27 165
28 266
29 30
29 59
30 16
31 32
31 95
32 379
33 34
33 49
34 2
35 36
35 390
36 82
37 38
37 70
38 1
39 40
39 291
40 139
41 42
41 187
42 172
43 44
43 324
44 346
45 46
45 246
46 132
47 48
47 61
48 150
49 50
49 182
50 73
51 52
51 363
52 309
53 54
53 278
54 144
55 56
55 305
56 273
57 58
57 250
58 345
59 60
59 383
60 287
61 62
61 219
62 328
63 64
63 137
64 320
65 66
65 114
66 222
67 68
67 71
68 170
69 70
69 171
70 362
71 72
71 208
72 11
73 28
73 74
74 296
75 76
75 138
76 130
77 78
77 281
78 382
79 80
79 399
80 19
81 82
81 304
82 339
83 84
83 228
84 38
85 51
85 86
86 216
87 88
87 358
88 284
89 90
89 364
90 276
91 92
91 269
92 58
93 94
93 211
94 341
95 96
95 295
96 214
97 98
97 360
98 262
99 79
99 100
100 14
101 102
101 161
102 55
103 104
103 369
104 109
105 106
105 318
106 128
107 108
107 397
108 142
109 110
109 381
110 351
111 112
111 348
112 289
113 114
113 406
114 186
115 116
115 173
116 392
117 118
117 229
118 158
119 120
119 209
120 104
121 122
121 317
122 98
123 124
123 202
124 146
125 126
125 353
126 5
127 128
127 333
128 218
129 130
129 335
130 105
131 45
131 132
132 298
133 65
133 134
134 76
135 136
135 210
136 314
137 138
137 319
138 122
139 56
139 140
140 280
141 142
141 274
142 188
143 144
143 196
144 75
145 146
145 350
146 26
147 148
147 181
148 313
149 150
149 277
150 207
151 10
151 152
152 176
153 54
153 154
154 244
155 156
155 316
156 111
157 158
157 285
158 236
159 160
159 271
160 185
161 85
161 162
162 245
163 164
163 235
164 112
165 127
165 166
166 99
167 6
167 168
168 340
169 170
169 412
170 198
171 172
171 308
172 80
173 39
173 174
174 118
175 176
175 221
176 371
177 29
177 178
178 265
179 92
179 180
180 337
181 23
181 182
182 8
183 184
183 311
184 36
185 186
185 407
186 13
187 188
187 217
188 90
189 190
189 396
190 3
191 192
191 253
192 62
193 194
193 297
194 380
195 196
195 365
196 20
197 83
197 198
198 378
199 200
199 205
200 234
201 163
201 202
202 294
203 204
203 361
204 180
205 206
205 329
206 293
207 208
207 347
208 248
209 210
209 282
210 404
211 96
211 212
212 375
213 199
213 214
214 283
215 35
215 216
216 292
217 218
217 357
218 72
219 175
219 220
220 268
221 52
221 222
222 174
223 224
223 401
224 411
225 103
225 226
226 256
227 12
227 228
228 260
229 230
229 327
230 46
231 232
231 387
232 195
233 183
233 234
234 134
235 153
235 236
236 154
237 238
237 410
238 5
239 27
239 240
240 141
241 9
241 242
242 145
243 220
243 244
244 168
245 246
245 368
246 373
247 101
247 248
248 193
249 250
249 279
250 223
251 252
251 315
252 372
253 225
253 254
254 374
255 129
255 256
256 120
257 258
257 321
258 300
259 149
259 260
260 322
261 160
261 262
262 414
263 264
263 402
264 338
265 266
265 400
266 21
267 268
267 355
268 275
269 249
269 270
270 288
271 247
271 272
272 394
273 42
273 274
274 227
275 63
275 276
276 74
277 125
277 278
278 124
279 280
279 377
280 44
281 155
281 282
282 203
283 25
283 284
284 68
285 259
285 286
286 389
287 64
287 288
288 100
289 254
289 290
290 106
291 108
291 292
292 32
293 294
293 403
294 388
295 296
295 367
296 326
297 102
297 298
298 263
299 166
299 300
300 270
301 241
301 302
302 37
303 94
303 304
304 409
305 91
305 306
306 43
307 286
307 308
308 121
309 107
309 310
310 352
311 312
311 330
312 60
313 24
313 314
314 167
315 41
315 316
316 301
317 257
317 318
318 30
319 15
319 320
320 306
321 272
321 322
322 22
323 255
323 324
324 126
325 151
325 326
326 18
327 307
327 328
328 232
329 93
329 330
330 206
331 332
331 359
332 34
333 177
333 334
334 299
335 119
335 336
336 376
337 86
337 338
338 116
339 201
339 340
340 264
341 243
341 342
342 140
343 213
343 344
344 238
345 336
345 346
346 200
347 77
347 348
348 133
349 152
349 350
350 89
351 197
351 352
352 136
353 251
353 354
354 6
355 147
355 356
356 310
357 267
357 358
358 4
359 157
359 360
360 385
361 57
361 362
362 81
363 261
363 364
364 215
365 164
365 366
366 78
367 190
367 368
368 366
369 9
369 370
370 224
371 303
371 372
372 88
373 354
373 374
374 384
375 69
375 376
376 148
377 117
377 378
378 356
379 156
379 380
380 66
381 349
381 382
382 342
383 33
383 384
384 194
385 233
385 386
386 162
387 192
387 388
388 143
389 390
389 405
390 17
391 331
391 392
392 332
393 31
393 394
394 413
395 191
395 396
396 325
397 391
397 398
398 10
399 393
399 400
400 97
401 212
401 402
402 50
403 242
403 404
404 231
405 395
405 406
406 179
407 47
407 408
408 178
409 87
409 410
410 169
411 302
411 412
412 386
413 398
413 414
414 290
