0 111
0 325
2 268
2 339
3 30
3 134
5 124
4 215
4 238
6 161
9 43
9 181
10 15
10 401
11 235
12 387
13 58
13 382
15 67
15 221
17 130
17 166
19 254
19 351
21 59
21 234
23 24
23 109
24 261
25 26
25 197
26 324
27 28
27 347
28 63
29 30
29 82
30 357
31 32
31 400
32 74
33 34
33 148
34 208
35 16
35 36
36 167
37 38
37 267
38 281
39 40
39 256
40 207
41 42
41 405
42 92
43 44
43 373
44 123
45 46
45 249
46 194
47 48
47 403
48 287
49 50
49 375
50 1
51 52
51 264
52 46
53 54
53 225
54 370
55 56
55 144
56 198
57 58
57 106
58 14
59 60
59 299
60 112
61 62
61 279
62 251
63 64
63 136
64 226
65 66
65 209
66 86
67 12
67 68
68 365
69 70
69 341
70 102
71 72
71 96
72 222
73 68
73 74
74 242
75 76
75 378
76 328
77 78
77 81
78 126
79 73
79 80
80 262
81 12
81 82
82 369
83 41
83 84
84 392
85 86
85 104
86 152
87 88
87 192
88 52
89 90
89 233
90 125
91 92
91 396
92 90
93 94
93 312
94 20
95 50
95 96
96 155
97 98
97 355
98 218
99 100
99 228
100 202
101 102
101 183
102 389
103 104
103 171
104 33
105 106
105 289
106 306
107 108
107 147
108 128
109 110
109 229
110 314
111 112
111 245
112 122
113 110
113 114
114 244
115 9
115 116
116 379
117 19
117 118
118 188
119 97
119 120
120 6
121 62
121 122
122 120
123 124
123 252
124 302
125 70
125 126
126 334
127 128
127 349
128 184
129 130
129 371
130 374
131 132
131 270
132 212
133 134
133 317
134 240
135 101
135 136
136 37
137 138
137 153
138 149
139 140
139 255
140 308
141 135
141 142
142 193
143 144
143 329
144 407
145 146
145 273
146 397
147 115
147 148
148 383
149 150
149 295
150 60
151 152
151 309
152 131
153 154
153 177
154 185
155 138
155 156
156 204
157 158
157 320
158 206
159 160
159 316
160 284
161 93
161 162
162 336
163 99
163 164
164 51
165 166
165 195
166 258
167 168
167 271
168 294
169 170
169 313
170 239
171 21
171 172
172 80
173 174
173 265
174 260
175 176
175 322
176 172
177 178
177 367
178 213
179 133
179 180
180 303
181 173
181 182
182 91
183 184
183 411
184 388
185 186
185 399
186 276
187 140
187 188
188 66
189 190
189 390
190 410
191 192
191 286
192 79
193 194
193 220
194 406
195 196
195 285
196 187
197 198
197 253
198 381
199 168
199 200
200 44
201 202
201 293
202 323
203 76
203 204
204 354
205 206
205 217
206 210
207 208
207 266
208 64
209 210
209 275
210 164
211 212
211 353
212 162
213 47
213 214
214 263
215 216
215 412
216 199
217 218
217 409
218 250
219 83
219 220
220 57
221 211
221 222
222 159
223 224
223 377
224 6
225 163
225 226
226 298
227 87
227 228
228 376
229 230
229 259
230 205
231 232
231 326
232 55
233 234
233 321
234 88
235 145
235 236
236 5
237 69
237 238
238 216
239 240
239 391
240 13
241 242
241 393
242 98
243 244
243 343
244 29
245 232
245 246
246 65
247 78
247 248
248 190
249 53
249 250
250 338
251 127
251 252
252 5
253 107
253 254
254 61
255 108
255 256
256 348
257 113
257 258
258 413
259 137
259 260
260 296
261 170
261 262
262 366
263 264
263 358
264 356
265 179
265 266
266 368
267 241
267 268
268 160
269 270
269 319
270 84
271 272
271 335
272 34
273 116
273 274
274 384
275 24
275 276
276 332
277 231
277 278
278 100
279 89
279 280
280 363
281 282
281 327
282 315
283 49
283 284
284 3
285 25
285 286
286 22
287 243
287 288
288 203
289 223
289 290
290 305
291 292
291 301
292 129
293 180
293 294
294 54
295 296
295 361
296 191
297 154
297 298
298 398
299 28
299 300
300 114
301 105
301 302
302 278
303 38
303 304
304 408
305 280
305 306
306 75
307 297
307 308
308 394
309 27
309 310
310 196
311 237
311 312
312 248
313 307
313 314
314 175
315 72
315 316
316 2
317 318
317 395
318 330
319 11
319 320
320 7
321 48
321 322
322 362
323 85
323 324
324 344
325 165
325 326
326 71
327 257
327 328
328 156
329 35
329 330
330 40
331 332
331 385
332 32
333 176
333 334
334 18
335 182
335 336
336 350
337 274
337 338
338 150
339 142
339 340
340 402
341 201
341 342
342 372
343 103
343 344
344 39
345 236
345 346
346 386
347 178
347 348
348 94
349 31
349 350
350 404
351 169
351 352
352 36
353 143
353 354
354 345
355 158
355 356
356 186
357 121
357 358
358 42
359 360
359 380
360 282
361 359
361 362
362 292
363 300
363 364
364 8
365 272
365 366
366 132
367 10
367 368
368 310
369 17
369 370
370 414
371 139
371 372
372 56
373 283
373 374
374 304
375 151
375 376
376 4
377 23
377 378
378 346
379 331
379 380
380 311
381 189
381 382
382 224
383 318
383 384
384 26
385 117
385 386
386 214
387 95
387 388
388 337
389 200
389 390
390 157
391 219
391 392
392 333
393 352
393 394
394 342
395 291
395 396
396 277
397 360
397 398
398 340
399 77
399 400
400 45
401 141
401 402
402 118
403 269
403 404
404 247
405 146
405 406
406 174
407 290
407 408
408 246
409 288
409 410
410 364
411 11
411 412
412 119
413 227
413 414
414 230
