0 149
0 292
1 301
1 405
3 4
3 163
4 5
4 341
5 164
6 381
7 294
7 328
8 258
8 289
9 348
10 82
13 178
13 210
15 125
15 133
17 107
17 245
19 78
19 379
21 215
21 237
23 24
23 184
24 12
25 26
25 307
26 312
27 28
27 216
28 392
29 30
29 297
30 401
31 32
31 250
32 24
33 34
33 88
34 360
35 36
35 377
36 369
37 38
37 42
38 231
39 40
39 119
40 148
41 42
41 397
42 55
43 31
43 44
44 200
45 46
45 345
46 47
47 48
47 350
48 240
49 50
49 371
50 410
51 52
51 291
52 73
53 2
53 54
54 201
55 56
55 236
56 365
57 58
57 287
58 124
59 60
59 205
60 94
61 62
61 225
62 315
63 6
63 64
64 13
65 66
65 208
66 169
67 68
67 406
68 102
69 70
69 222
70 132
71 72
71 161
72 93
73 74
73 413
74 290
75 76
75 373
76 81
77 60
77 78
78 247
79 77
79 80
80 110
81 82
81 181
82 386
83 84
83 385
84 364
85 86
85 269
86 33
87 71
87 88
88 37
89 90
89 221
90 114
91 92
91 211
92 395
93 94
93 310
94 194
95 96
95 261
96 34
97 76
97 98
98 367
99 100
99 173
100 256
101 102
101 188
102 27
103 53
103 104
104 185
105 92
105 106
106 274
107 23
107 108
108 87
109 110
109 137
110 96
111 112
111 202
112 67
113 108
113 114
114 332
115 116
115 191
116 168
117 118
117 340
118 235
119 120
119 207
120 327
121 122
121 372
122 376
123 124
123 325
124 248
125 126
125 324
126 165
127 128
127 411
128 217
129 130
129 140
130 118
131 132
131 275
132 390
133 134
133 321
134 153
135 136
135 382
136 130
137 75
137 138
138 14
139 140
139 228
140 189
141 142
141 144
142 112
143 144
143 229
144 179
145 90
145 146
146 170
147 116
147 148
148 98
149 150
149 197
150 64
151 152
151 263
152 357
153 44
153 154
154 300
155 48
155 156
156 58
157 158
157 192
158 394
159 160
159 354
160 157
161 19
161 162
162 177
163 164
163 281
164 41
165 156
165 166
166 356
167 168
167 252
168 162
169 136
169 170
170 126
171 9
171 172
172 358
173 174
173 363
174 7
175 122
175 176
176 284
177 178
177 198
178 111
179 97
179 180
180 84
181 182
181 329
182 286
183 104
183 184
184 9
185 186
185 264
186 254
187 188
187 349
188 226
189 101
189 190
190 206
191 183
191 192
192 49
193 65
193 194
194 152
195 196
195 279
196 17
197 198
197 241
198 271
199 69
199 200
200 10
201 202
201 278
202 304
203 204
203 213
204 123
205 206
205 298
206 175
207 63
207 208
208 89
209 210
209 299
210 412
211 212
211 305
212 32
213 59
213 214
214 8
215 22
215 216
216 18
217 218
217 220
218 414
219 214
219 220
220 326
221 203
221 222
222 20
223 224
223 277
224 68
225 226
225 243
226 106
227 45
227 228
228 316
229 230
229 396
230 352
231 232
231 293
232 138
233 54
233 234
234 288
235 171
235 236
236 273
237 238
237 331
238 366
239 240
239 403
240 322
241 3
241 242
242 409
243 209
243 244
244 141
245 117
245 246
246 302
247 95
247 248
248 276
249 103
249 250
250 255
251 167
251 252
252 239
253 254
253 389
254 100
255 25
255 256
256 40
257 39
257 258
258 62
259 232
259 260
260 182
261 262
261 280
262 66
263 21
263 264
264 160
265 266
265 359
266 186
267 145
267 268
268 212
269 270
269 353
270 134
271 272
271 336
272 218
273 190
273 274
274 246
275 276
275 282
276 234
277 278
277 400
278 337
279 1
279 280
280 57
281 91
281 282
282 120
283 56
283 284
284 16
285 286
285 313
286 176
287 36
287 288
288 74
289 83
289 290
290 28
291 43
291 292
292 249
293 294
293 384
294 154
295 35
295 296
296 346
297 5
297 298
298 15
299 127
299 300
300 10
301 302
301 339
302 391
303 61
303 304
304 398
305 306
305 333
306 187
307 308
307 399
308 347
309 306
309 310
310 368
311 312
311 374
312 204
313 196
313 314
314 334
315 316
315 351
316 146
317 131
317 318
318 180
319 147
319 320
320 272
321 195
321 322
322 70
323 6
323 324
324 109
325 326
325 375
326 260
327 244
327 328
328 26
329 330
329 355
330 283
331 30
331 332
332 383
333 85
333 334
334 380
335 227
335 336
336 79
337 159
337 338
338 121
339 135
339 340
340 309
341 308
341 342
342 343
343 335
343 344
344 11
345 143
345 346
346 150
347 323
347 348
348 238
349 86
349 350
350 320
351 52
351 352
352 270
353 51
353 354
354 115
355 295
355 356
356 370
357 142
357 358
358 128
359 151
359 360
360 362
361 362
361 393
362 338
363 285
363 364
364 139
365 266
365 366
366 318
367 174
367 368
368 199
369 253
369 370
370 388
371 219
371 372
372 242
373 113
373 374
374 402
375 314
375 376
376 224
377 378
377 407
378 155
379 105
379 380
380 378
381 361
381 382
382 342
383 384
383 404
384 319
385 166
385 386
386 268
387 72
387 388
388 230
389 80
389 390
390 262
391 172
391 392
392 344
393 223
393 394
394 387
395 50
395 396
396 267
397 265
397 398
398 46
399 29
399 400
400 193
401 257
401 402
402 408
403 296
403 404
404 38
405 303
405 406
406 330
407 311
407 408
408 233
409 158
409 410
410 129
411 317
411 412
412 99
413 251
413 414
414 259
