0 177
0 397
2 155
2 409
3 201
3 236
4 206
4 297
5 181
6 352
7 148
7 272
9 137
9 401
10 41
10 291
11 13
12 207
15 16
15 407
17 267
17 316
19 5
19 174
21 63
21 106
23 24
23 403
24 62
25 26
25 66
26 230
27 28
27 45
28 69
29 30
29 347
30 159
31 32
31 323
32 61
33 34
33 371
34 164
35 31
35 36
36 362
37 38
37 379
38 387
39 8
39 40
40 302
41 42
41 339
42 189
43 44
43 257
44 132
45 46
45 127
46 188
47 48
47 191
48 91
49 50
49 233
50 279
51 52
51 306
52 1
53 54
53 121
54 252
55 56
55 402
56 404
57 58
57 245
58 197
59 60
59 93
60 268
61 62
61 113
62 74
63 22
63 64
64 76
65 9
65 66
66 327
67 68
67 186
68 52
69 70
69 216
70 118
71 72
71 149
72 269
73 74
73 117
74 310
75 76
75 179
76 84
77 64
77 78
78 131
79 80
79 145
80 175
81 82
81 144
82 80
83 21
83 84
84 261
85 86
85 100
86 172
87 88
87 381
88 168
89 90
89 343
90 11
91 92
91 322
92 212
93 94
93 266
94 256
95 10
95 96
96 123
97 73
97 98
98 393
99 43
99 100
100 398
101 23
101 102
102 116
103 104
103 321
104 173
105 87
105 106
106 309
107 108
107 383
108 112
109 110
109 372
110 160
111 112
111 335
112 18
113 114
113 305
114 270
115 116
115 199
116 250
117 118
117 234
118 232
119 120
119 408
120 324
121 122
121 365
122 163
123 124
123 264
124 276
125 103
125 126
126 98
127 5
127 128
128 328
129 105
129 130
130 278
131 132
131 354
132 304
133 19
133 134
134 258
135 50
135 136
136 356
137 138
137 143
138 370
139 140
139 280
140 222
141 142
141 389
142 139
143 42
143 144
144 183
145 146
145 319
146 317
147 148
147 217
148 375
149 53
149 150
150 58
151 152
151 253
152 124
153 25
153 154
154 68
155 156
155 405
156 338
157 158
157 390
158 196
159 160
159 380
160 254
161 162
161 342
162 180
163 6
163 164
164 156
165 166
165 204
166 24
167 165
167 168
168 360
169 170
169 399
170 363
171 172
171 313
172 158
173 85
173 174
174 97
175 102
175 176
176 166
177 154
177 178
178 308
179 180
179 192
180 334
181 182
181 205
182 286
183 184
183 349
184 120
185 186
185 353
186 351
187 167
187 188
188 157
189 55
189 190
190 36
191 192
191 202
192 239
193 194
193 299
194 394
195 7
195 196
196 56
197 198
197 255
198 75
199 200
199 218
200 384
201 133
201 202
202 378
203 204
203 227
204 284
205 206
205 377
206 246
207 208
207 281
208 46
209 14
209 210
210 366
211 212
211 359
212 140
213 214
213 285
214 11
215 57
215 216
216 49
217 2
217 218
218 4
219 37
219 220
220 242
221 222
221 283
222 332
223 153
223 224
224 314
225 92
225 226
226 400
227 228
227 251
228 142
229 223
229 230
230 126
231 60
231 232
232 318
233 110
233 234
234 396
235 236
235 414
236 336
237 238
237 294
238 320
239 240
239 395
240 51
241 228
241 242
242 263
243 244
243 341
244 301
245 246
245 311
246 229
247 129
247 248
248 20
249 250
249 413
250 248
251 71
251 252
252 95
253 254
253 292
254 345
255 256
255 315
256 220
257 33
257 258
258 350
259 210
259 260
260 368
261 59
261 262
262 224
263 240
263 264
264 12
265 151
265 266
266 277
267 231
267 268
268 367
269 270
269 293
270 260
271 221
271 272
272 15
273 28
273 274
274 94
275 119
275 276
276 213
277 182
277 278
278 138
279 280
279 369
280 122
281 209
281 282
282 44
283 195
283 284
284 290
285 194
285 286
286 355
287 288
287 329
288 111
289 290
289 382
290 79
291 292
291 348
292 89
293 265
293 294
294 361
295 296
295 357
296 114
297 27
297 298
298 340
299 300
299 303
300 406
301 271
301 302
302 376
303 304
303 410
304 178
305 300
305 306
306 259
307 17
307 308
308 39
309 310
309 325
310 90
311 185
311 312
312 211
313 65
313 314
314 187
315 316
315 326
316 346
317 214
317 318
318 226
319 298
319 320
320 331
321 273
321 322
322 190
323 288
323 324
324 392
325 81
325 326
326 364
327 249
327 328
328 12
329 247
329 330
330 130
331 282
331 332
332 86
333 235
333 334
334 176
335 184
335 336
336 6
337 289
337 338
338 225
339 170
339 340
340 330
341 203
341 342
342 134
343 26
343 344
344 40
345 346
345 412
346 296
347 54
347 348
348 373
349 78
349 350
350 208
351 241
351 352
352 274
353 244
353 354
354 275
355 356
355 386
356 141
357 96
357 358
358 146
359 162
359 360
360 70
361 307
361 362
362 388
363 32
363 364
364 295
365 147
365 366
366 237
367 38
367 368
368 238
369 83
369 370
370 136
371 200
371 372
372 219
373 169
373 374
374 82
375 29
375 376
376 374
377 378
377 411
378 215
379 3
379 380
380 72
381 337
381 382
382 128
383 115
383 384
384 193
385 152
385 386
386 67
387 48
387 388
388 161
389 333
389 390
390 34
391 35
391 392
392 198
393 358
393 394
394 262
395 30
395 396
396 344
397 101
397 398
398 171
399 125
399 400
400 108
401 135
401 402
402 287
403 243
403 404
404 88
405 99
405 406
406 150
407 104
407 408
408 391
409 107
409 410
410 109
411 47
411 412
412 385
413 77
413 414
414 312
