0 213
0 234
1 92
1 105
3 21
3 163
4 175
4 201
6 137
5 377
7 52
7 118
9 110
8 56
8 325
10 232
13 77
13 409
15 262
15 330
17 51
17 269
19 20
19 246
21 131
21 336
23 24
23 386
24 324
25 26
25 328
26 149
27 28
27 381
28 401
29 30
29 185
30 174
31 32
31 298
32 260
33 34
33 332
34 236
35 36
35 173
36 98
37 38
37 223
38 28
39 40
39 258
40 249
41 42
41 312
42 205
43 44
43 245
44 238
45 6
45 46
46 357
47 48
47 318
48 230
49 50
49 375
50 39
51 52
51 313
52 257
53 54
53 191
54 165
55 56
55 216
56 414
57 58
57 96
58 187
59 60
59 255
60 281
61 37
61 62
62 75
63 64
63 129
64 369
65 17
65 66
66 121
67 68
67 267
68 15
69 70
69 117
70 291
71 69
71 72
72 302
73 74
73 382
74 363
75 67
75 76
76 68
77 27
77 78
78 106
79 80
79 297
80 25
81 82
81 286
82 346
83 84
83 220
84 218
85 86
85 153
86 348
87 88
87 139
88 183
89 90
89 295
90 138
91 92
91 111
92 170
93 94
93 265
94 171
95 96
95 209
96 402
97 98
97 204
98 34
99 100
99 299
100 192
101 102
101 282
102 108
103 36
103 104
104 101
105 106
105 198
106 43
107 108
107 217
108 326
109 50
109 110
110 398
111 112
111 373
112 288
113 114
113 315
114 48
115 116
115 239
116 104
117 118
117 379
118 358
119 120
119 240
120 338
121 95
121 122
122 243
123 61
123 124
124 337
125 126
125 156
126 210
127 128
127 247
128 390
129 130
129 321
130 140
131 4
131 132
132 361
133 134
133 319
134 271
135 128
135 136
136 308
137 62
137 138
138 284
139 140
139 413
140 195
141 142
141 146
142 354
143 144
143 355
144 6
145 146
145 180
146 154
147 148
147 157
148 276
149 72
149 150
150 136
151 41
151 152
152 404
153 154
153 304
154 278
155 156
155 197
156 161
157 134
157 158
158 316
159 38
159 160
160 327
161 162
161 268
162 90
163 66
163 164
164 26
165 166
165 311
166 42
167 168
167 341
168 344
169 170
169 393
170 293
171 162
171 172
172 391
173 174
173 301
174 158
175 133
175 176
176 7
177 178
177 317
178 227
179 180
179 253
180 334
181 182
181 211
182 122
183 182
183 184
184 82
185 100
185 186
186 289
187 97
187 188
188 237
189 190
189 252
190 74
191 192
191 285
192 49
193 194
193 335
194 356
195 196
195 370
196 10
197 198
197 233
198 9
199 200
199 350
200 46
201 181
201 202
202 123
203 35
203 204
204 261
205 70
205 206
206 150
207 29
207 208
208 160
209 40
209 210
210 376
211 212
211 365
212 99
213 214
213 275
214 244
215 79
215 216
216 248
217 218
217 411
218 264
219 73
219 220
220 55
221 222
221 385
222 143
223 13
223 224
224 71
225 47
225 226
226 126
227 19
227 228
228 380
229 65
229 230
230 188
231 63
231 232
232 194
233 234
233 349
234 2
235 127
235 236
236 270
237 238
237 403
238 228
239 240
239 345
240 24
241 203
241 242
242 54
243 244
243 360
244 208
245 115
245 246
246 206
247 231
247 248
248 89
249 250
249 322
250 57
251 225
251 252
252 384
253 254
253 333
254 166
255 207
255 256
256 367
257 258
257 395
258 189
259 260
259 389
260 58
261 262
261 352
262 114
263 264
263 351
264 44
265 266
265 303
266 142
267 242
267 268
268 107
269 241
269 270
270 394
271 132
271 272
272 152
273 274
273 310
274 83
275 155
275 276
276 94
277 76
277 278
278 168
279 280
279 320
280 59
281 263
281 282
282 86
283 164
283 284
284 372
285 286
285 331
286 221
287 235
287 288
288 215
289 172
289 290
290 119
291 184
291 292
292 130
293 151
293 294
294 190
295 1
295 296
296 9
297 109
297 298
298 85
299 14
299 300
300 343
301 273
301 302
302 378
303 91
303 304
304 224
305 93
305 306
306 371
307 308
307 383
308 296
309 310
309 359
310 287
311 23
311 312
312 80
313 212
313 314
314 254
315 229
315 316
316 64
317 318
317 399
318 112
319 5
319 320
320 353
321 167
321 322
322 222
323 32
323 324
324 116
325 102
325 326
326 145
327 219
327 328
328 176
329 330
329 339
330 226
331 5
331 332
332 202
333 334
333 405
334 266
335 31
335 336
336 388
337 125
337 338
338 392
339 306
339 340
340 103
341 169
341 342
342 400
343 344
343 366
344 364
345 314
345 346
346 283
347 348
347 362
348 410
349 3
349 350
350 406
351 81
351 352
352 199
353 354
353 387
354 10
355 307
355 356
356 120
357 292
357 358
358 272
359 113
359 360
360 135
361 362
361 407
362 30
363 364
363 408
364 11
365 53
365 366
366 294
367 18
367 368
368 342
369 300
369 370
370 396
371 323
371 372
372 141
373 374
373 397
374 200
375 60
375 376
376 78
377 279
377 378
378 368
379 88
379 380
380 22
381 144
381 382
382 274
383 45
383 384
384 256
385 305
385 386
386 193
387 87
387 388
388 84
389 280
389 390
390 250
391 392
391 412
392 12
393 159
393 394
394 178
395 329
395 396
396 290
397 147
397 398
398 148
399 309
399 400
400 186
401 259
401 402
402 214
403 8
403 404
404 196
405 251
405 406
406 124
407 179
407 408
408 277
409 177
409 410
410 16
411 347
411 412
412 374
413 33
413 414
414 340
