0 53
0 213
1 23
1 191
3 35
3 261
4 185
4 188
5 143
6 172
7 21
7 149
9 38
9 46
10 170
10 226
11 378
12 70
15 318
15 374
17 208
17 292
19 175
19 186
21 90
21 169
23 24
23 387
24 12
25 26
25 250
26 178
27 28
27 335
28 371
29 30
29 245
30 414
31 32
31 373
32 124
33 34
33 179
34 367
35 36
35 404
36 232
37 38
37 76
38 94
39 40
39 162
40 309
41 42
41 116
42 323
43 44
43 265
44 383
45 46
45 127
46 145
47 48
47 118
48 244
49 50
49 218
50 298
51 52
51 201
52 392
53 54
53 93
54 144
55 56
55 339
56 17
57 14
57 58
58 278
59 60
59 135
60 258
61 62
61 174
62 338
63 64
63 216
64 67
65 66
65 161
66 255
67 48
67 68
68 18
69 12
69 70
70 148
71 72
71 344
72 122
73 74
73 183
74 160
75 76
75 386
76 401
77 78
77 302
78 64
79 80
79 107
80 223
81 45
81 82
82 271
83 84
83 399
84 290
85 86
85 121
86 358
87 82
87 88
88 297
89 73
89 90
90 34
91 92
91 405
92 58
93 94
93 375
94 234
95 96
95 369
96 316
97 98
97 305
98 366
99 27
99 100
100 56
101 102
101 303
102 69
103 104
103 231
104 359
105 106
105 279
106 108
107 108
107 287
108 194
109 110
109 163
110 86
111 78
111 112
112 239
113 114
113 168
114 222
115 111
115 116
116 395
117 118
117 332
118 2
119 120
119 331
120 286
121 5
121 122
122 352
123 3
123 124
124 260
125 126
125 243
126 173
127 128
127 408
128 22
129 130
129 357
130 62
131 39
131 132
132 368
133 19
133 134
134 42
135 10
135 136
136 314
137 138
137 153
138 376
139 77
139 140
140 372
141 140
141 142
142 166
143 113
143 144
144 329
145 146
145 313
146 266
147 148
147 251
148 141
149 150
149 273
150 308
151 152
151 155
152 120
153 154
153 197
154 30
155 156
155 291
156 280
157 99
157 158
158 364
159 160
159 413
160 350
161 33
161 162
162 337
163 75
163 164
164 147
165 80
165 166
166 240
167 168
167 317
168 257
169 170
169 204
170 91
171 104
171 172
172 126
173 174
173 246
174 32
175 55
175 176
176 402
177 167
177 178
178 156
179 180
179 225
180 281
181 182
181 229
182 26
183 184
183 353
184 106
185 186
185 206
186 248
187 188
187 249
188 164
189 101
189 190
190 57
191 192
191 228
192 152
193 194
193 199
194 71
195 129
195 196
196 268
197 37
197 198
198 362
199 95
199 200
200 310
201 202
201 342
202 361
203 11
203 204
204 128
205 206
205 289
206 336
207 198
207 208
208 410
209 180
209 210
210 8
211 177
211 212
212 52
213 214
213 293
214 406
215 165
215 216
216 241
217 218
217 365
218 282
219 87
219 220
220 146
221 136
221 222
222 112
223 31
223 224
224 119
225 159
225 226
226 193
227 228
227 275
228 89
229 230
229 334
230 196
231 109
231 232
232 312
233 117
233 234
234 40
235 236
235 325
236 288
237 238
237 409
238 389
239 240
239 277
240 356
241 59
241 242
242 189
243 215
243 244
244 181
245 66
245 246
246 394
247 210
247 248
248 360
249 105
249 250
250 65
251 252
251 259
252 203
253 254
253 351
254 171
255 256
255 327
256 202
257 7
257 258
258 72
259 260
259 363
260 330
261 262
261 322
262 44
263 253
263 264
264 81
265 227
265 266
266 142
267 50
267 268
268 326
269 25
269 270
270 41
271 98
271 272
272 254
273 242
273 274
274 96
275 125
275 276
276 137
277 60
277 278
278 220
279 276
279 280
280 154
281 237
281 282
282 285
283 1
283 284
284 397
285 274
285 286
286 212
287 288
287 347
288 252
289 79
289 290
290 264
291 133
291 292
292 74
293 294
293 391
294 217
295 192
295 296
296 68
297 176
297 298
298 92
299 11
299 300
300 13
301 190
301 302
302 88
303 209
303 304
304 272
305 294
305 306
306 396
307 308
307 345
308 182
309 310
309 354
310 412
311 219
311 312
312 301
313 314
313 379
314 299
315 36
315 316
316 382
317 318
317 388
318 346
319 320
319 340
320 311
321 283
321 322
322 83
323 262
323 324
324 184
325 134
325 326
326 16
327 85
327 328
328 139
329 51
329 330
330 150
331 332
331 349
332 403
333 334
333 384
334 233
335 43
335 336
336 348
337 29
337 338
338 200
339 263
339 340
340 97
341 342
341 343
342 320
343 15
343 344
344 221
345 224
345 346
346 207
347 157
347 348
348 238
349 9
349 350
350 398
351 131
351 352
352 61
353 187
353 354
354 370
355 306
355 356
356 130
357 47
357 358
358 138
359 6
359 360
360 267
361 100
361 362
362 230
363 364
363 411
364 20
365 270
365 366
366 236
367 63
367 368
368 377
369 341
369 370
370 380
371 114
371 372
372 315
373 374
373 385
374 319
375 321
375 376
376 256
377 333
377 378
378 328
379 324
379 380
380 102
381 49
381 382
382 390
383 115
383 384
384 54
385 103
385 386
386 123
387 205
387 388
388 151
389 214
389 390
390 295
391 195
391 392
392 296
393 4
393 394
394 400
395 396
395 407
396 132
397 6
397 398
398 381
399 211
399 400
400 247
401 393
401 402
402 110
403 28
403 404
404 304
405 235
405 406
406 284
407 355
407 408
408 307
409 84
409 410
410 300
411 269
411 412
412 158
413 5
413 414
414 24
