0 2
0 51
3 315
3 327
4 103
4 373
5 145
6 107
7 301
7 375
8 9
8 282
10 318
9 101
11 105
11 356
13 154
13 267
15 312
15 316
17 192
17 211
19 180
19 253
21 38
21 160
23 24
23 45
24 141
25 26
25 221
26 380
27 28
27 347
28 134
29 30
29 189
30 128
31 32
31 399
32 218
33 34
33 215
34 338
35 20
35 36
36 298
37 38
37 44
38 394
39 40
39 60
40 382
41 42
41 400
42 15
43 44
43 222
44 26
45 17
45 46
46 89
47 33
47 48
48 255
49 50
49 205
50 173
51 52
51 263
52 194
53 27
53 54
54 220
55 56
55 129
56 250
57 58
57 237
58 164
59 60
59 337
60 410
61 62
61 168
62 184
63 64
63 85
64 252
65 59
65 66
66 230
67 68
67 235
68 319
69 70
69 349
70 304
71 72
71 239
72 223
73 74
73 387
74 174
75 76
75 247
76 58
77 78
77 104
78 79
79 80
79 261
80 270
81 82
81 136
82 170
83 84
83 121
84 156
85 86
85 123
86 98
87 74
87 88
88 1
89 90
89 371
90 256
91 92
91 146
92 28
93 77
93 94
94 268
95 96
95 224
96 82
97 98
97 361
98 289
99 100
99 309
100 47
101 102
101 182
102 10
103 6
103 104
104 119
105 106
105 303
106 402
107 108
107 127
108 193
109 110
109 165
110 166
111 43
111 112
112 348
113 114
113 313
114 190
115 55
115 116
116 131
117 111
117 118
118 259
119 110
119 120
120 114
121 122
121 197
122 287
123 124
123 351
124 50
125 126
125 183
126 88
127 128
127 317
128 266
129 130
129 159
130 392
131 132
131 308
132 126
133 134
133 181
134 324
135 136
135 322
136 9
137 138
137 271
138 273
139 140
139 376
140 158
141 142
141 169
142 14
143 69
143 144
144 81
145 146
145 407
146 244
147 148
147 329
148 112
149 150
149 213
150 210
151 152
151 258
152 87
153 154
153 278
154 384
155 49
155 156
156 340
157 158
157 257
158 354
159 160
159 395
160 96
161 68
161 162
162 12
163 109
163 164
164 137
165 166
165 203
166 23
167 63
167 168
168 206
169 170
169 350
170 404
171 7
171 172
172 135
173 93
173 174
174 398
175 176
175 341
176 226
177 178
177 405
178 30
179 99
179 180
180 280
181 5
181 182
182 403
183 184
183 311
184 188
185 186
185 214
186 177
187 188
187 368
188 381
189 25
189 190
190 362
191 192
191 393
192 374
193 194
193 240
194 196
195 196
195 281
196 200
197 29
197 198
198 142
199 200
199 283
200 378
201 202
201 325
202 122
203 65
203 204
204 413
205 206
205 241
206 115
207 208
207 359
208 52
209 210
209 345
210 130
211 125
211 212
212 80
213 214
213 225
214 339
215 108
215 216
216 78
217 218
217 389
218 321
219 153
219 220
220 358
221 222
221 408
222 294
223 224
223 328
224 155
225 226
225 363
226 118
227 21
227 228
228 22
229 83
229 230
230 148
231 32
231 232
232 236
233 234
233 357
234 147
235 133
235 236
236 286
237 207
237 238
238 102
239 240
239 245
240 297
241 242
241 385
242 262
243 244
243 269
244 291
245 246
245 307
246 40
247 248
247 367
248 90
249 199
249 250
250 64
251 252
251 299
252 178
253 76
253 254
254 302
255 84
255 256
256 161
257 258
257 377
258 277
259 248
259 260
260 274
261 231
261 262
262 18
263 3
263 264
264 212
265 66
265 266
266 216
267 268
267 355
268 48
269 270
269 386
270 92
271 73
271 272
272 106
273 274
273 396
274 285
275 276
275 295
276 292
277 278
277 360
278 86
279 149
279 280
280 288
281 41
281 282
282 366
283 157
283 284
284 13
285 232
285 286
286 24
287 288
287 333
288 162
289 10
289 290
290 320
291 219
291 292
292 36
293 5
293 294
294 140
295 187
295 296
296 272
297 298
297 411
298 208
299 139
299 300
300 275
301 175
301 302
302 265
303 61
303 304
304 186
305 143
305 306
306 70
307 217
307 308
308 120
309 4
309 310
310 62
311 144
311 312
312 56
313 31
313 314
314 330
315 57
315 316
316 16
317 201
317 318
318 150
319 320
319 336
320 344
321 54
321 322
322 91
323 279
323 324
324 364
325 171
325 326
326 276
327 328
327 331
328 293
329 330
329 335
330 290
331 72
331 332
332 365
333 172
333 334
334 243
335 191
335 336
336 238
337 338
337 369
338 116
339 195
339 340
340 97
341 342
341 343
342 42
343 233
343 344
344 346
345 75
345 346
346 228
347 348
347 401
348 388
349 323
349 350
350 227
351 39
351 352
352 94
353 8
353 354
354 306
355 95
355 356
356 234
357 332
357 358
358 46
359 249
359 360
360 209
361 326
361 362
362 414
363 185
363 364
364 37
365 202
365 366
366 151
367 117
367 368
368 296
369 179
369 370
370 242
371 310
371 372
372 391
373 71
373 374
374 370
375 167
375 376
376 334
377 163
377 378
378 390
379 6
379 380
380 152
381 352
381 382
382 372
383 300
383 384
384 198
385 386
385 397
386 35
387 251
387 388
388 124
389 113
389 390
390 246
391 176
391 392
392 138
393 305
393 394
394 412
395 53
395 396
396 34
397 204
397 398
398 260
399 67
399 400
400 19
401 100
401 402
402 342
403 383
403 404
404 132
405 254
405 406
406 264
407 408
407 409
408 11
409 284
409 410
410 229
411 353
411 412
412 314
413 379
413 414
414 406
