0 283
0 305
1 91
1 359
2 183
2 307
3 129
3 386
4 151
4 409
5 148
6 171
9 139
9 412
10 128
10 393
11 240
12 282
15 94
15 340
17 71
17 364
19 63
19 147
21 121
21 187
23 24
23 279
24 26
25 26
25 111
26 164
27 28
27 69
28 78
29 30
29 327
30 370
31 32
31 163
32 36
33 34
33 107
34 190
35 9
35 36
36 133
37 38
37 290
38 281
39 40
39 249
40 182
41 42
41 219
42 341
43 44
43 299
44 54
45 46
45 351
46 312
47 48
47 311
48 271
49 50
49 81
50 338
51 52
51 85
52 134
53 21
53 54
54 331
55 56
55 101
56 156
57 58
57 369
58 51
59 4
59 60
60 23
61 28
61 62
62 132
63 64
63 348
64 254
65 66
65 233
66 172
67 68
67 242
68 363
69 70
69 265
70 142
71 72
71 251
72 55
73 74
73 239
74 165
75 76
75 218
76 260
77 78
77 264
78 292
79 70
79 80
80 100
81 82
81 325
82 52
83 84
83 230
84 203
85 86
85 192
86 174
87 88
87 157
88 64
89 90
89 288
90 102
91 92
91 209
92 166
93 94
93 213
94 377
95 96
95 124
96 322
97 98
97 221
98 19
99 100
99 274
100 324
101 102
101 276
102 34
103 1
103 104
104 173
105 46
105 106
106 389
107 48
107 108
108 384
109 110
109 272
110 266
111 112
111 127
112 366
113 16
113 114
114 200
115 116
115 308
116 246
117 118
117 259
118 96
119 120
119 319
120 20
121 122
121 226
122 186
123 124
123 180
124 396
125 87
125 126
126 332
127 128
127 334
128 399
129 130
129 355
130 158
131 132
131 215
132 404
133 134
133 361
134 376
135 136
135 314
136 362
137 138
137 235
138 131
139 140
139 344
140 83
141 142
141 357
142 159
143 144
143 398
144 82
145 68
145 146
146 162
147 148
147 256
148 342
149 150
149 406
150 360
151 152
151 303
152 388
153 154
153 381
154 136
155 141
155 156
156 298
157 104
157 158
158 109
159 160
159 185
160 320
161 162
161 252
162 188
163 164
163 328
164 193
165 166
165 330
166 184
167 168
167 178
168 280
169 170
169 248
170 273
171 8
171 172
172 199
173 174
173 243
174 306
175 37
175 176
176 11
177 47
177 178
178 400
179 53
179 180
180 267
181 130
181 182
182 167
183 184
183 323
184 304
185 33
185 186
186 143
187 123
187 188
188 122
189 84
189 190
190 294
191 27
191 192
192 365
193 140
193 194
194 414
195 116
195 196
196 216
197 198
197 345
198 353
199 200
199 315
200 110
201 105
201 202
202 152
203 204
203 286
204 22
205 206
205 313
206 5
207 208
207 241
208 7
209 137
209 210
210 253
211 6
211 212
212 144
213 205
213 214
214 189
215 216
215 258
216 120
217 218
217 309
218 160
219 170
219 220
220 410
221 222
221 263
222 378
223 103
223 224
224 397
225 226
225 228
226 346
227 228
227 333
228 202
229 230
229 329
230 339
231 153
231 232
232 208
233 234
233 383
234 336
235 39
235 236
236 75
237 238
237 285
238 354
239 67
239 240
240 236
241 175
241 242
242 58
243 119
243 244
244 161
245 246
245 326
246 196
247 248
247 301
248 413
249 31
249 250
250 92
251 29
251 252
252 176
253 254
253 269
254 76
255 212
255 256
256 217
257 145
257 258
258 317
259 195
259 260
260 206
261 24
261 262
262 114
263 77
263 264
264 30
265 93
265 266
266 80
267 38
267 268
268 392
269 270
269 278
270 262
271 272
271 391
272 250
273 274
273 289
274 135
275 108
275 276
276 118
277 278
277 375
278 98
279 280
279 347
280 211
281 43
281 282
282 238
283 2
283 284
284 89
285 286
285 293
286 11
287 288
287 373
288 214
289 17
289 290
290 73
291 292
291 352
292 95
293 79
293 294
294 220
295 44
295 296
296 224
297 298
297 401
298 316
299 300
299 407
300 154
301 86
301 302
302 343
303 169
303 304
304 321
305 191
305 306
306 231
307 308
307 385
308 194
309 117
309 310
310 50
311 229
311 312
312 245
313 42
313 314
314 244
315 296
315 316
316 394
317 45
317 318
318 72
319 65
319 320
320 222
321 126
321 322
322 270
323 60
323 324
324 90
325 201
325 326
326 35
327 32
327 328
328 257
329 149
329 330
330 318
331 210
331 332
332 150
333 275
333 334
334 97
335 40
335 336
336 402
337 138
337 338
338 13
339 10
339 340
340 395
341 223
341 342
342 232
343 277
343 344
344 62
345 57
345 346
346 66
347 348
347 405
348 181
349 350
349 387
350 234
351 247
351 352
352 268
353 113
353 354
354 380
355 207
355 356
356 225
357 41
357 358
358 300
359 197
359 360
360 112
361 255
361 362
362 18
363 125
363 364
364 56
365 6
365 366
366 14
367 349
367 368
368 115
369 237
369 370
370 261
371 49
371 372
372 146
373 367
373 374
374 12
375 106
375 376
376 390
377 12
377 378
378 382
379 227
379 380
380 295
381 379
381 382
382 74
383 337
383 384
384 411
385 59
385 386
386 177
387 374
387 388
388 198
389 25
389 390
390 368
391 392
391 403
392 88
393 15
393 394
394 372
395 356
395 396
396 204
397 61
397 398
398 291
399 284
399 400
400 5
401 371
401 402
402 99
403 297
403 404
404 408
405 3
405 406
406 155
407 302
407 408
408 350
409 168
409 410
410 310
411 179
411 412
412 287
413 335
413 414
414 358
