0 171
0 319
1 45
1 75
3 121
3 317
5 375
4 32
4 355
6 201
9 129
9 397
10 348
10 410
11 12
12 102
13 127
13 262
15 83
15 244
17 227
17 332
19 298
19 407
21 327
21 354
23 24
23 395
24 108
25 5
25 26
26 6
27 28
27 361
28 371
29 30
29 154
30 42
31 1
31 32
32 205
33 34
33 221
34 232
35 36
35 177
36 306
37 38
37 159
38 110
39 40
39 132
40 391
41 42
41 274
42 128
43 44
43 344
44 10
45 46
45 265
46 94
47 48
47 334
48 68
49 50
49 116
50 330
51 52
51 360
52 30
53 54
53 90
54 292
55 56
55 161
56 190
57 11
57 58
58 382
59 33
59 60
60 310
61 62
61 73
62 231
63 64
63 263
64 31
65 66
65 324
66 61
67 68
67 384
68 271
69 70
69 359
70 293
71 72
71 336
72 115
73 54
73 74
74 174
75 76
75 351
76 273
77 78
77 401
78 151
79 80
79 254
80 379
81 82
81 234
82 258
83 84
83 114
84 20
85 86
85 340
86 394
87 88
87 99
88 157
89 90
89 135
90 242
91 92
91 264
92 299
93 94
93 208
94 67
95 7
95 96
96 119
97 98
97 253
98 16
99 100
99 291
100 96
101 102
101 223
102 167
103 104
103 153
104 272
105 28
105 106
106 79
107 108
107 279
108 40
109 101
109 110
110 414
111 44
111 112
112 80
113 114
113 188
114 222
115 66
115 116
116 166
117 118
117 160
118 136
119 120
119 267
120 278
121 122
121 123
122 320
123 23
123 124
124 248
125 126
125 345
126 185
127 128
127 173
128 162
129 130
129 404
130 347
131 132
131 329
132 337
133 134
133 350
134 170
135 136
135 315
136 172
137 88
137 138
138 296
139 106
139 140
140 226
141 142
141 281
142 381
143 144
143 393
144 398
145 35
145 146
146 364
147 125
147 148
148 333
149 18
149 150
150 256
151 57
151 152
152 392
153 59
153 154
154 11
155 64
155 156
156 186
157 158
157 243
158 71
159 91
159 160
160 179
161 162
161 341
162 370
163 164
163 202
164 130
165 166
165 377
166 112
167 168
167 346
168 2
169 170
169 217
170 239
171 172
171 409
172 335
173 85
173 174
174 406
175 176
175 191
176 261
177 178
177 372
178 322
179 180
179 187
180 176
181 182
181 214
182 396
183 169
183 184
184 103
185 84
185 186
186 86
187 27
187 188
188 303
189 36
189 190
190 389
191 77
191 192
192 117
193 6
193 194
194 145
195 37
195 196
196 52
197 55
197 198
198 19
199 131
199 200
200 297
201 39
201 202
202 138
203 126
203 204
204 366
205 15
205 206
206 402
207 17
207 208
208 9
209 155
209 210
210 47
211 212
211 249
212 98
213 214
213 229
214 78
215 49
215 216
216 268
217 69
217 218
218 323
219 220
219 349
220 58
221 60
221 222
222 282
223 148
223 224
224 182
225 53
225 226
226 259
227 228
227 316
228 250
229 230
229 287
230 288
231 232
231 312
232 286
233 200
233 234
234 156
235 194
235 236
236 266
237 12
237 238
238 216
239 144
239 240
240 276
241 218
241 242
242 233
243 4
243 244
244 46
245 203
245 246
246 326
247 109
247 248
248 21
249 5
249 250
250 412
251 252
251 368
252 283
253 89
253 254
254 247
255 256
255 284
256 168
257 82
257 258
258 289
259 165
259 260
260 342
261 147
261 262
262 133
263 195
263 264
264 225
265 266
265 367
266 400
267 29
267 268
268 290
269 184
269 270
270 118
271 272
271 275
272 150
273 100
273 274
274 139
275 124
275 276
276 408
277 22
277 278
278 388
279 270
279 280
280 386
281 282
281 363
282 70
283 122
283 284
284 308
285 220
285 286
286 240
287 288
287 331
288 181
289 206
289 290
290 104
291 292
291 313
292 314
293 189
293 294
294 285
295 237
295 296
296 120
297 175
297 298
298 300
299 300
299 311
300 163
301 158
301 302
302 146
303 92
303 304
304 72
305 301
305 306
306 246
307 24
307 308
308 238
309 269
309 310
310 385
311 312
311 399
312 245
313 51
313 314
314 235
315 65
315 316
316 180
317 241
317 318
318 41
319 320
319 373
320 178
321 305
321 322
322 95
323 97
323 324
324 197
325 210
325 326
326 215
327 294
327 328
328 212
329 105
329 330
330 260
331 332
331 356
332 411
333 111
333 334
334 302
335 143
335 336
336 164
337 198
337 338
338 255
339 304
339 340
340 152
341 137
341 342
342 352
343 26
343 344
344 307
345 93
345 346
346 338
347 38
347 348
348 142
349 183
349 350
350 113
351 3
351 352
352 8
353 224
353 354
354 257
355 356
355 405
356 207
357 358
357 376
358 81
359 360
359 365
360 209
361 362
361 403
362 277
363 364
363 369
364 140
365 63
365 366
366 378
367 25
367 368
368 339
369 43
369 370
370 380
371 343
371 372
372 56
373 219
373 374
374 362
375 309
375 376
376 230
377 236
377 378
378 295
379 196
379 380
380 34
381 358
381 382
382 62
383 199
383 384
384 211
385 107
385 386
386 251
387 13
387 388
388 50
389 325
389 390
390 228
391 387
391 392
392 390
393 141
393 394
394 204
395 193
395 396
396 328
397 318
397 398
398 48
399 14
399 400
400 357
401 192
401 402
402 374
403 213
403 404
404 76
405 383
405 406
406 353
407 134
407 408
408 74
409 87
409 410
410 321
411 412
411 413
412 252
413 149
413 414
414 280
