0 2
0 343
1 283
1 293
3 364
3 365
4 71
4 93
5 289
6 341
8 322
8 350
9 225
9 255
11 45
10 12
10 126
12 136
15 201
15 380
17 306
17 361
19 130
19 369
21 175
21 196
23 24
23 311
24 242
25 26
25 261
26 77
27 28
27 203
28 74
29 30
29 348
30 212
31 32
31 324
32 116
33 34
33 164
34 124
35 36
35 142
36 146
37 38
37 176
38 406
39 40
39 109
40 368
41 42
41 117
42 253
43 44
43 381
44 340
45 46
45 114
46 23
47 37
47 48
48 60
49 50
49 189
50 312
51 52
51 245
52 398
53 51
53 54
54 90
55 56
55 326
56 22
57 58
57 207
58 244
59 60
59 300
60 386
61 62
61 174
62 58
63 64
63 236
64 103
65 66
65 295
66 56
67 68
67 127
68 218
69 70
69 192
70 213
71 72
71 301
72 66
73 74
73 210
74 392
75 76
75 151
76 278
77 78
77 204
78 140
79 1
79 80
80 362
81 39
81 82
82 69
83 84
83 235
84 184
85 86
85 155
86 357
87 88
87 219
88 222
89 90
89 137
90 171
91 92
91 156
92 382
93 5
93 94
94 320
95 96
95 395
96 47
97 98
97 223
98 183
99 100
99 143
100 310
101 75
101 102
102 275
103 24
103 104
104 240
105 106
105 330
106 88
107 108
107 113
108 104
109 110
109 195
110 97
111 112
111 264
112 308
113 114
113 237
114 249
115 116
115 397
116 186
117 118
117 173
118 206
119 120
119 377
120 250
121 122
121 297
122 270
123 124
123 188
124 15
125 6
125 126
126 57
127 128
127 193
128 138
129 27
129 130
130 83
131 132
131 228
132 393
133 35
133 134
134 172
135 136
135 333
136 409
137 138
137 299
138 178
139 140
139 407
140 238
141 142
141 227
142 373
143 144
143 169
144 332
145 9
145 146
146 150
147 121
147 148
148 226
149 85
149 150
150 224
151 152
151 339
152 248
153 154
153 269
154 257
155 156
155 179
156 202
157 102
157 158
158 181
159 160
159 205
160 17
161 162
161 285
162 44
163 164
163 331
164 359
165 149
165 166
166 19
167 168
167 273
168 335
169 145
169 170
170 277
171 76
171 172
172 78
173 61
173 174
174 110
175 70
175 176
176 94
177 166
177 178
178 303
179 167
179 180
180 403
181 25
181 182
182 30
183 184
183 319
184 162
185 63
185 186
186 80
187 159
187 188
188 376
189 67
189 190
190 152
191 187
191 192
192 107
193 194
193 391
194 298
195 196
195 399
196 412
197 198
197 199
198 157
199 200
199 315
200 36
201 16
201 202
202 200
203 204
203 279
204 352
205 168
205 206
206 154
207 11
207 208
208 408
209 79
209 210
210 208
211 212
211 385
212 360
213 214
213 328
214 84
215 5
215 216
216 28
217 10
217 218
218 180
219 220
219 252
220 31
221 49
221 222
222 296
223 224
223 347
224 231
225 226
225 337
226 87
227 228
227 344
228 370
229 230
229 389
230 374
231 139
231 232
232 371
233 234
233 247
234 50
235 236
235 263
236 54
237 238
237 309
238 73
239 240
239 282
240 346
241 230
241 242
242 378
243 244
243 404
244 72
245 229
245 246
246 6
247 248
247 294
248 266
249 34
249 250
250 20
251 198
251 252
252 190
253 105
253 254
254 356
255 115
255 256
256 254
257 96
257 258
258 48
259 260
259 281
260 118
261 91
261 262
262 14
263 264
263 265
264 316
265 29
265 266
266 21
267 4
267 268
268 95
269 211
269 270
270 215
271 68
271 272
272 89
273 274
273 317
274 18
275 165
275 276
276 305
277 278
277 351
278 106
279 280
279 379
280 390
281 98
281 282
282 170
283 81
283 284
284 259
285 286
285 384
286 182
287 119
287 288
288 410
289 111
289 290
290 358
291 292
291 327
292 336
293 101
293 294
294 123
295 177
295 296
296 302
297 298
297 353
298 394
299 300
299 334
300 62
301 41
301 302
302 128
303 214
303 304
304 26
305 8
305 306
306 220
307 308
307 349
308 234
309 310
309 411
310 280
311 221
311 312
312 372
313 268
313 314
314 342
315 316
315 383
316 345
317 287
317 318
318 243
319 320
319 375
320 160
321 147
321 322
322 11
323 324
323 355
324 400
325 288
325 326
326 216
327 233
327 328
328 232
329 82
329 330
330 112
331 332
331 396
332 290
333 53
333 334
334 323
335 321
335 336
336 354
337 329
337 338
338 38
339 313
339 340
340 318
341 276
341 342
342 65
343 209
343 344
344 413
345 260
345 346
346 256
347 43
347 348
348 414
349 33
349 350
350 99
351 352
351 388
352 100
353 86
353 354
354 55
355 185
355 356
356 40
357 135
357 358
358 13
359 284
359 360
360 258
361 132
361 362
362 108
363 129
363 364
364 401
365 246
365 366
366 262
367 161
367 368
368 194
369 291
369 370
370 52
371 153
371 372
372 131
373 125
373 374
374 3
375 376
375 405
376 64
377 133
377 378
378 148
379 307
379 380
380 271
381 197
381 382
382 122
383 163
383 384
384 42
385 367
385 386
386 32
387 191
387 388
388 304
389 363
389 390
390 338
391 314
391 392
392 402
393 292
393 394
394 274
395 387
395 396
396 251
397 12
397 398
398 59
399 141
399 400
400 134
401 272
401 402
402 7
403 144
403 404
404 92
405 241
405 406
406 366
407 120
407 408
408 325
409 46
409 410
410 286
411 217
411 412
412 239
413 267
413 414
414 158
