0 191
0 199
1 406
1 414
3 121
3 253
4 155
4 331
5 272
6 235
7 265
7 320
9 62
8 270
8 291
10 112
13 241
13 279
15 106
15 122
17 346
17 362
19 140
19 298
21 310
21 317
23 24
23 357
24 190
25 26
25 403
26 72
27 28
27 59
28 294
29 30
29 66
30 228
31 32
31 136
32 409
33 34
33 353
34 142
35 36
35 333
36 340
37 38
37 103
38 338
39 40
39 97
40 300
41 42
41 58
42 303
43 44
43 60
44 336
45 46
45 219
46 349
47 48
47 144
48 321
49 50
49 200
50 102
51 52
51 247
52 334
53 54
53 127
54 15
55 56
55 407
56 378
57 58
57 395
58 85
59 60
59 397
60 286
61 62
61 213
62 400
63 53
63 64
64 65
65 66
65 234
66 408
67 7
67 68
68 5
69 3
69 70
70 311
71 24
71 72
72 9
73 74
73 193
74 161
75 76
75 290
76 220
77 67
77 78
78 324
79 80
79 351
80 246
81 82
81 233
82 383
83 84
83 343
84 165
85 86
85 361
86 376
87 88
87 339
88 126
89 25
89 90
90 54
91 61
91 92
92 189
93 80
93 94
94 5
95 96
95 313
96 402
97 98
97 337
98 296
99 100
99 319
100 369
101 102
101 133
102 64
103 104
103 243
104 282
105 106
105 266
106 162
107 108
107 180
108 95
109 110
109 168
110 6
111 112
111 135
112 288
113 74
113 114
114 96
115 116
115 221
116 147
117 82
117 118
118 138
119 120
119 210
120 115
121 122
121 391
122 306
123 8
123 124
124 205
125 10
125 126
126 48
127 49
127 128
128 56
129 89
129 130
130 87
131 35
131 132
132 206
133 134
133 215
134 372
135 136
135 293
136 14
137 138
137 252
138 360
139 140
139 212
140 352
141 142
141 274
142 355
143 144
143 323
144 328
145 146
145 411
146 365
147 148
147 240
148 304
149 116
149 150
150 342
151 152
151 222
152 6
153 154
153 164
154 17
155 156
155 358
156 110
157 158
157 385
158 187
159 109
159 160
160 167
161 101
161 162
162 204
163 105
163 164
164 4
165 166
165 326
166 192
167 13
167 168
168 68
169 125
169 170
170 156
171 1
171 172
172 152
173 174
173 322
174 280
175 176
175 275
176 55
177 178
177 217
178 71
179 180
179 273
180 312
181 182
181 209
182 348
183 184
183 379
184 208
185 186
185 375
186 254
187 188
187 232
188 386
189 190
189 345
190 18
191 192
191 207
192 92
193 157
193 194
194 350
195 196
195 309
196 297
197 57
197 198
198 45
199 200
199 231
200 268
201 143
201 202
202 188
203 69
203 204
204 78
205 206
205 329
206 114
207 208
207 299
208 388
209 130
209 210
210 113
211 83
211 212
212 119
213 195
213 214
214 177
215 75
215 216
216 196
217 51
217 218
218 186
219 63
219 220
220 176
221 50
221 222
222 226
223 224
223 341
224 108
225 36
225 226
226 302
227 228
227 405
228 132
229 230
229 237
230 264
231 232
231 251
232 374
233 129
233 234
234 380
235 104
235 236
236 29
237 171
237 238
238 404
239 31
239 240
240 218
241 239
241 242
242 283
243 244
243 325
244 314
245 52
245 246
246 123
247 145
247 248
248 42
249 23
249 250
250 128
251 203
251 252
252 211
253 99
253 254
254 94
255 236
255 256
256 2
257 153
257 258
258 154
259 229
259 260
260 141
261 248
261 262
262 256
263 175
263 264
264 377
265 163
265 266
266 40
267 33
267 268
268 77
269 46
269 270
270 26
271 27
271 272
272 399
273 223
273 274
274 269
275 70
275 276
276 124
277 249
277 278
278 367
279 280
279 363
280 332
281 282
281 285
282 146
283 28
283 284
284 150
285 139
285 286
286 111
287 261
287 288
288 356
289 278
289 290
290 308
291 169
291 292
292 184
293 19
293 294
294 158
295 292
295 296
296 316
297 224
297 298
298 170
299 197
299 300
300 381
301 117
301 302
302 20
303 118
303 304
304 11
305 173
305 306
306 30
307 308
307 327
308 120
309 201
309 310
310 37
311 159
311 312
312 347
313 230
313 314
314 98
315 258
315 316
316 366
317 107
317 318
318 90
319 320
319 413
320 287
321 44
321 322
322 22
323 324
323 393
324 384
325 326
325 368
326 32
327 271
327 328
328 295
329 47
329 330
330 250
331 332
331 396
332 410
333 334
333 344
334 238
335 336
335 382
336 166
337 160
337 338
338 34
339 340
339 373
340 79
341 342
341 371
342 262
343 81
343 344
344 307
345 172
345 346
346 364
347 348
347 412
348 390
349 149
349 350
350 216
351 174
351 352
352 398
353 131
353 354
354 401
355 194
355 356
356 315
357 267
357 358
358 370
359 38
359 360
360 10
361 84
361 362
362 276
363 137
363 364
364 134
365 242
365 366
366 12
367 259
367 368
368 88
369 359
369 370
370 389
371 263
371 372
372 86
373 374
373 392
374 255
375 277
375 376
376 178
377 76
377 378
378 202
379 91
379 380
380 21
381 227
381 382
382 93
383 198
383 384
384 245
385 183
385 386
386 244
387 335
387 388
388 330
389 260
389 390
390 9
391 179
391 392
392 301
393 354
393 394
394 16
395 185
395 396
396 281
397 289
397 398
398 151
399 318
399 400
400 148
401 214
401 402
402 394
403 257
403 404
404 43
405 41
405 406
406 182
407 387
407 408
408 284
409 225
409 410
410 100
411 39
411 412
412 305
413 73
413 414
414 181
