0 289
0 379
2 89
2 106
3 50
3 105
5 295
4 251
4 278
6 144
9 123
9 317
10 11
10 413
12 258
11 409
13 201
13 212
15 76
15 232
17 279
17 293
19 226
19 270
21 250
21 328
23 24
23 357
24 342
25 26
25 71
26 146
27 16
27 28
28 128
29 30
29 129
30 272
31 32
31 171
32 244
33 34
33 311
34 213
35 36
35 158
36 253
37 38
37 81
38 112
39 40
39 163
40 382
41 42
41 211
42 17
43 40
43 44
44 140
45 46
45 97
46 228
47 48
47 224
48 110
49 9
49 50
50 182
51 52
51 349
52 397
53 54
53 125
54 305
55 56
55 73
56 225
57 58
57 385
58 161
59 60
59 199
60 371
61 62
61 359
62 118
63 64
63 389
64 284
65 66
65 336
66 120
67 63
67 68
68 169
69 70
69 196
70 395
71 72
71 319
72 367
73 74
73 183
74 235
75 76
75 219
76 203
77 78
77 345
78 66
79 80
79 274
80 376
81 82
81 405
82 308
83 84
83 275
84 406
85 86
85 240
86 242
87 88
87 151
88 176
89 90
89 285
90 98
91 43
91 92
92 39
93 91
93 94
94 26
95 96
95 414
96 360
97 98
97 290
98 281
99 100
99 147
100 154
101 99
101 102
102 124
103 104
103 249
104 8
105 106
105 365
106 343
107 108
107 391
108 164
109 110
109 248
110 62
111 112
111 265
112 400
113 95
113 114
114 208
115 116
115 286
116 313
117 118
117 137
118 100
119 120
119 393
120 178
121 122
121 165
122 337
123 124
123 243
124 185
125 126
125 362
126 15
127 5
127 128
128 383
129 130
129 283
130 210
131 132
131 333
132 306
133 134
133 402
134 394
135 12
135 136
136 36
137 138
137 303
138 205
139 140
139 340
140 374
141 142
141 191
142 207
143 144
143 271
144 322
145 12
145 146
146 390
147 148
147 329
148 159
149 150
149 408
150 31
151 152
151 372
152 7
153 27
153 154
154 231
155 156
155 233
156 188
157 93
157 158
158 273
159 160
159 206
160 114
161 162
161 237
162 384
163 164
163 370
164 32
165 166
165 324
166 392
167 135
167 168
168 102
169 170
169 403
170 259
171 172
171 267
172 79
173 174
173 399
174 121
175 176
175 252
176 300
177 5
177 178
178 352
179 180
179 355
180 356
181 182
181 218
182 148
183 184
183 187
184 115
185 186
185 404
186 282
187 33
187 188
188 190
189 190
189 277
190 44
191 192
191 229
192 127
193 107
193 194
194 330
195 116
195 196
196 170
197 86
197 198
198 334
199 200
199 325
200 407
201 87
201 202
202 388
203 109
203 204
204 24
205 13
205 206
206 366
207 132
207 208
208 221
209 210
209 346
210 216
211 52
211 212
212 56
213 58
213 214
214 180
215 72
215 216
216 299
217 218
217 318
218 177
219 45
219 220
220 92
221 96
221 222
222 64
223 131
223 224
224 90
225 74
225 226
226 198
227 35
227 228
228 30
229 230
229 239
230 398
231 142
231 232
232 348
233 130
233 234
234 296
235 69
235 236
236 48
237 238
237 411
238 234
239 240
239 307
240 380
241 242
241 301
242 266
243 41
243 244
244 396
245 111
245 246
246 214
247 11
247 248
248 155
249 250
249 269
250 247
251 34
251 252
252 60
253 6
253 254
254 287
255 200
255 256
256 387
257 258
257 363
258 47
259 38
259 260
260 262
261 103
261 262
262 292
263 264
263 410
264 22
265 266
265 276
266 254
267 268
267 378
268 368
269 83
269 270
270 65
271 139
271 272
272 122
273 54
273 274
274 364
275 25
275 276
276 223
277 220
277 278
278 261
279 280
279 331
280 14
281 82
281 282
282 316
283 175
283 284
284 347
285 217
285 286
286 245
287 288
287 344
288 23
289 42
289 290
290 101
291 149
291 292
292 143
293 37
293 294
294 263
295 113
295 296
296 222
297 298
297 369
298 84
299 19
299 300
300 268
301 197
301 302
302 80
303 257
303 304
304 75
305 306
305 315
306 1
307 57
307 308
308 209
309 195
309 310
310 260
311 2
311 312
312 230
313 291
313 314
314 312
315 316
315 326
316 156
317 318
317 335
318 173
319 51
319 320
320 351
321 117
321 322
322 241
323 324
323 353
324 309
325 141
325 326
326 327
327 256
327 328
328 294
329 330
329 381
330 298
331 55
331 332
332 21
333 10
333 334
334 341
335 184
335 336
336 153
337 20
337 338
338 88
339 340
339 386
340 61
341 108
341 342
342 314
343 321
343 344
344 126
345 346
345 401
346 94
347 134
347 348
348 104
349 168
349 350
350 46
351 162
351 352
352 358
353 68
353 354
354 193
355 53
355 356
356 280
357 264
357 358
358 186
359 215
359 360
360 288
361 59
361 362
362 297
363 192
363 364
364 246
365 4
365 366
366 70
367 302
367 368
368 236
369 227
369 370
370 138
371 304
371 372
372 375
373 157
373 374
374 152
375 150
375 376
376 338
377 18
377 378
378 202
379 361
379 380
380 194
381 133
381 382
382 85
383 320
383 384
384 172
385 77
385 386
386 332
387 310
387 388
388 166
389 49
389 390
390 179
391 174
391 392
392 136
393 181
393 394
394 78
395 6
395 396
396 350
397 323
397 398
398 238
399 255
399 400
400 28
401 67
401 402
402 189
403 354
403 404
404 119
405 377
405 406
406 204
407 3
407 408
408 167
409 145
409 410
410 160
411 29
411 412
412 339
413 412
413 414
414 373
