0 311
0 351
2 39
2 411
3 73
3 77
4 118
4 409
6 298
5 98
7 114
7 147
9 178
8 134
8 166
10 230
13 157
13 245
15 265
15 290
17 160
17 272
19 25
19 313
21 174
21 284
23 24
23 91
24 112
25 26
25 334
26 407
27 28
27 170
28 88
29 30
29 124
30 58
31 32
31 62
32 379
33 34
33 181
34 320
35 36
35 154
36 31
37 38
37 217
38 321
39 40
39 224
40 390
41 42
41 275
42 282
43 17
43 44
44 66
45 46
45 159
46 345
47 48
47 234
48 176
49 46
49 50
50 227
51 52
51 343
52 60
53 54
53 405
54 239
55 56
55 247
56 80
57 58
57 165
58 171
59 60
59 109
60 1
61 18
61 62
62 20
63 64
63 173
64 69
65 66
65 250
66 82
67 68
67 413
68 193
69 70
69 366
70 212
71 52
71 72
72 208
73 74
73 155
74 236
75 76
75 306
76 163
77 53
77 78
78 22
79 80
79 325
80 12
81 82
81 271
82 184
83 84
83 113
84 340
85 14
85 86
86 90
87 88
87 99
88 397
89 4
89 90
90 35
91 92
91 283
92 262
93 43
93 94
94 412
95 96
95 207
96 126
97 57
97 98
98 268
99 100
99 206
100 358
101 102
101 389
102 16
103 104
103 127
104 199
105 106
105 361
106 279
107 108
107 235
108 142
109 2
109 110
110 376
111 112
111 367
112 130
113 67
113 114
114 175
115 116
115 141
116 225
117 9
117 118
118 295
119 6
119 120
120 391
121 122
121 261
122 240
123 124
123 349
124 221
125 13
125 126
126 395
127 128
127 139
128 401
129 5
129 130
130 36
131 132
131 137
132 63
133 81
133 134
134 406
135 51
135 136
136 294
137 133
137 138
138 164
139 140
139 257
140 158
141 106
141 142
142 260
143 144
143 319
144 56
145 42
145 146
146 410
147 148
147 347
148 331
149 150
149 278
150 328
151 41
151 152
152 128
153 154
153 363
154 324
155 156
155 394
156 408
157 158
157 314
158 5
159 160
159 371
160 129
161 162
161 370
162 359
163 164
163 168
164 248
165 166
165 387
166 228
167 168
167 372
168 357
169 111
169 170
170 74
171 152
171 172
172 186
173 174
173 214
174 259
175 148
175 176
176 10
177 121
177 178
178 352
179 48
179 180
180 138
181 11
181 182
182 326
183 184
183 356
184 360
185 186
185 323
186 414
187 188
187 315
188 229
189 190
189 399
190 29
191 3
191 192
192 188
193 87
193 194
194 187
195 196
195 246
196 70
197 198
197 386
198 44
199 192
199 200
200 86
201 143
201 202
202 9
203 204
203 252
204 197
205 83
205 206
206 47
207 97
207 208
208 226
209 93
209 210
210 276
211 212
211 216
212 222
213 214
213 281
214 223
215 169
215 216
216 38
217 218
217 346
218 102
219 220
219 233
220 110
221 198
221 222
222 10
223 49
223 224
224 84
225 226
225 336
226 92
227 228
227 316
228 378
229 172
229 230
230 404
231 232
231 374
232 256
233 45
233 234
234 307
235 236
235 264
236 218
237 125
237 238
238 123
239 19
239 240
240 144
241 131
241 242
242 68
243 151
243 244
244 190
245 246
245 251
246 145
247 146
247 248
248 392
249 103
249 250
250 122
251 115
251 252
252 329
253 8
253 254
254 396
255 256
255 292
256 335
257 237
257 258
258 6
259 100
259 260
260 61
261 262
261 269
262 380
263 189
263 264
264 365
265 153
265 266
266 27
267 268
267 353
268 204
269 270
269 317
270 243
271 107
271 272
272 381
273 274
273 377
274 388
275 276
275 339
276 120
277 15
277 278
278 136
279 95
279 280
280 50
281 277
281 282
282 330
283 191
283 284
284 108
285 267
285 286
286 211
287 183
287 288
288 119
289 7
289 290
290 270
291 292
291 385
292 209
293 273
293 294
294 196
295 156
295 296
296 402
297 23
297 298
298 342
299 33
299 300
300 274
301 285
301 302
302 180
303 304
303 400
304 65
305 101
305 306
306 201
307 308
307 348
308 291
309 202
309 310
310 300
311 305
311 312
312 383
313 30
313 314
314 64
315 316
315 333
316 338
317 318
317 332
318 232
319 320
319 403
320 26
321 140
321 322
322 96
323 40
323 324
324 382
325 177
325 326
326 244
327 263
327 328
328 89
329 167
329 330
330 322
331 332
331 337
332 327
333 215
333 334
334 55
335 104
335 336
336 354
337 79
337 338
338 54
339 241
339 340
340 117
341 342
341 398
342 254
343 76
343 344
344 34
345 280
345 346
346 85
347 205
347 348
348 203
349 344
349 350
350 312
351 352
351 369
352 162
353 59
353 354
354 368
355 297
355 356
356 384
357 161
357 358
358 72
359 299
359 360
360 302
361 242
361 362
362 94
363 150
363 364
364 185
365 194
365 366
366 238
367 266
367 368
368 258
369 301
369 370
370 149
371 372
371 373
372 350
373 105
373 374
374 303
375 135
375 376
376 286
377 375
377 378
378 75
379 296
379 380
380 78
381 182
381 382
382 71
383 253
383 384
384 220
385 287
385 386
386 364
387 231
387 388
388 288
389 390
389 393
390 362
391 304
391 392
392 21
393 355
393 394
394 249
395 341
395 396
396 200
397 132
397 398
398 116
399 219
399 400
400 213
401 318
401 402
402 179
403 309
403 404
404 210
405 28
405 406
406 32
407 37
407 408
408 308
409 255
409 410
410 24
411 289
411 412
412 310
413 293
413 414
414 195
