0 37
0 89
1 176
1 363
3 208
3 384
5 142
4 198
4 309
6 93
8 125
8 337
9 34
9 64
10 24
10 122
11 380
12 70
15 185
15 269
17 255
17 411
19 72
19 225
21 256
21 328
23 7
23 24
24 379
25 26
25 152
26 336
27 28
27 200
28 414
29 30
29 230
30 224
31 32
31 393
32 349
33 34
33 221
34 252
35 36
35 361
36 5
37 38
37 277
38 140
39 40
39 347
40 331
41 42
41 177
42 102
43 44
43 259
44 192
45 38
45 46
46 110
47 48
47 174
48 82
49 50
49 279
50 75
51 32
51 52
52 323
53 54
53 278
54 250
55 56
55 115
56 312
57 58
57 287
58 134
59 60
59 315
60 207
61 62
61 149
62 373
63 64
63 367
64 11
65 66
65 187
66 204
67 68
67 83
68 404
69 70
69 117
70 146
71 72
71 181
72 378
73 74
73 410
74 218
75 76
75 381
76 394
77 42
77 78
78 291
79 80
79 199
80 348
81 55
81 82
82 194
83 84
83 358
84 350
85 86
85 209
86 286
87 88
87 219
88 413
89 39
89 90
90 79
91 92
91 295
92 234
93 94
93 320
94 376
95 96
95 247
96 262
97 98
97 159
98 121
99 100
99 236
100 364
101 102
101 205
102 298
103 104
103 197
104 112
105 106
105 243
106 238
107 108
107 332
108 13
109 25
109 110
110 251
111 112
111 340
112 21
113 114
113 370
114 388
115 88
115 116
116 216
117 118
117 166
118 71
119 120
119 333
120 91
121 12
121 122
122 266
123 95
123 124
124 104
125 33
125 126
126 280
127 128
127 165
128 76
129 127
129 130
130 16
131 132
131 253
132 346
133 134
133 190
134 168
135 136
135 196
136 290
137 138
137 143
138 155
139 17
139 140
140 217
141 142
141 164
142 62
143 144
143 375
144 160
145 58
145 146
146 15
147 148
147 233
148 335
149 150
149 294
150 43
151 152
151 390
152 265
153 154
153 377
154 272
155 80
155 156
156 169
157 144
157 158
158 374
159 49
159 160
160 306
161 105
161 162
162 5
163 96
163 164
164 145
165 97
165 166
166 316
167 168
167 229
168 244
169 11
169 170
170 270
171 172
171 341
172 68
173 172
173 174
174 186
175 176
175 184
176 188
177 178
177 293
178 19
179 30
179 180
180 154
181 182
181 296
182 67
183 178
183 184
184 18
185 114
185 186
186 108
187 63
187 188
188 129
189 190
189 274
190 254
191 192
191 240
192 304
193 157
193 194
194 173
195 196
195 273
196 111
197 198
197 325
198 338
199 200
199 239
200 397
201 202
201 365
202 311
203 204
203 257
204 310
205 51
205 206
206 132
207 1
207 208
208 357
209 210
209 235
210 249
211 193
211 212
212 386
213 214
213 329
214 382
215 100
215 216
216 179
217 218
217 313
218 302
219 220
219 321
220 399
221 10
221 222
222 92
223 224
223 353
224 343
225 137
225 226
226 131
227 167
227 228
228 330
229 230
229 356
230 113
231 162
231 232
232 352
233 234
233 258
234 275
235 53
235 236
236 170
237 73
237 238
238 318
239 41
239 240
240 300
241 20
241 242
242 212
243 103
243 244
244 307
245 210
245 246
246 47
247 61
247 248
248 86
249 202
249 250
250 128
251 107
251 252
252 12
253 254
253 317
254 398
255 256
255 303
256 334
257 139
257 258
258 183
259 260
259 360
260 28
261 85
261 262
262 29
263 264
263 385
264 23
265 266
265 369
266 156
267 268
267 297
268 391
269 270
269 308
270 118
271 272
271 345
272 136
273 57
273 274
274 282
275 214
275 276
276 9
277 203
277 278
278 120
279 261
279 280
280 284
281 282
281 409
282 326
283 201
283 284
284 98
285 175
285 286
286 94
287 271
287 288
288 74
289 87
289 290
290 130
291 106
291 292
292 36
293 294
293 327
294 400
295 45
295 296
296 206
297 147
297 298
298 141
299 65
299 300
300 27
301 195
301 302
302 215
303 60
303 304
304 116
305 213
305 306
306 342
307 40
307 308
308 366
309 305
309 310
310 6
311 226
311 312
312 344
313 211
313 314
314 396
315 151
315 316
316 163
317 77
317 318
318 408
319 267
319 320
320 351
321 322
321 407
322 189
323 324
323 395
324 241
325 326
325 339
326 402
327 319
327 328
328 245
329 119
329 330
330 392
331 322
331 332
332 288
333 6
333 334
334 153
335 231
335 336
336 22
337 81
337 338
338 148
339 340
339 359
340 109
341 133
341 342
342 50
343 48
343 344
344 26
345 123
345 346
346 2
347 78
347 348
348 260
349 248
349 350
350 324
351 150
351 352
352 46
353 35
353 354
354 405
355 161
355 356
356 101
357 358
357 371
358 246
359 4
359 360
360 8
361 263
361 362
362 31
363 299
363 364
364 264
365 366
365 401
366 14
367 362
367 368
368 180
369 124
369 370
370 232
371 220
371 372
372 138
373 222
373 374
374 54
375 355
375 376
376 171
377 227
377 378
378 314
379 126
379 380
380 228
381 382
381 406
382 69
383 384
383 403
384 191
385 289
385 386
386 158
387 3
387 388
388 242
389 283
389 390
390 268
391 285
391 392
392 52
393 387
393 394
394 44
395 182
395 396
396 84
397 281
397 398
398 372
399 90
399 400
400 354
401 59
401 402
402 412
403 389
403 404
404 368
405 66
405 406
406 292
407 383
407 408
408 99
409 301
409 410
410 135
411 223
411 412
412 276
413 237
413 414
414 56
