0 23
0 357
2 243
2 380
3 34
3 297
5 182
4 91
4 204
6 29
9 87
9 181
10 221
10 393
11 173
12 387
13 8
13 343
15 146
15 261
17 26
17 192
19 69
19 320
21 305
21 391
23 24
23 35
24 100
25 26
25 50
26 289
27 28
27 304
28 238
29 30
29 114
30 234
31 32
31 388
32 244
33 34
33 210
34 61
35 36
35 341
36 311
37 38
37 101
38 28
39 40
39 179
40 326
41 42
41 253
42 398
43 44
43 399
44 396
45 46
45 345
46 255
47 48
47 65
48 350
49 50
49 170
50 272
51 52
51 79
52 410
53 49
53 54
54 191
55 56
55 209
56 122
57 58
57 129
58 119
59 60
59 80
60 194
61 62
61 316
62 132
63 64
63 310
64 274
65 12
65 66
66 237
67 68
67 153
68 367
69 70
69 302
70 190
71 72
71 212
72 38
73 74
73 335
74 2
75 9
75 76
76 121
77 78
77 149
78 160
79 80
79 89
80 230
81 82
81 157
82 370
83 84
83 397
84 154
85 86
85 259
86 251
87 88
87 211
88 78
89 90
89 284
90 328
91 92
91 107
92 112
93 94
93 175
94 303
95 47
95 96
96 113
97 98
97 252
98 268
99 100
99 224
100 82
101 102
101 401
102 62
103 15
103 104
104 331
105 106
105 386
106 280
107 86
107 108
108 141
109 110
109 413
110 247
111 112
111 346
112 240
113 114
113 203
114 262
115 116
115 158
116 165
117 76
117 118
118 298
119 120
119 142
120 162
121 122
121 144
122 66
123 4
123 124
124 42
125 126
125 317
126 344
127 36
127 128
128 364
129 130
129 300
130 7
131 132
131 133
132 292
133 134
133 187
134 222
135 136
135 347
136 184
137 138
137 206
138 166
139 140
139 207
140 10
141 96
141 142
142 6
143 144
143 163
144 248
145 146
145 263
146 54
147 148
147 287
148 322
149 150
149 385
150 81
151 152
151 293
152 271
153 154
153 239
154 118
155 156
155 177
156 148
157 105
157 158
158 270
159 160
159 250
160 25
161 102
161 162
162 20
163 109
163 164
164 216
165 166
165 275
166 242
167 55
167 168
168 356
169 170
169 355
170 382
171 123
171 172
172 383
173 174
173 395
174 348
175 110
175 176
176 349
177 103
177 178
178 196
179 180
179 285
180 59
181 182
181 339
182 267
183 184
183 405
184 218
185 45
185 186
186 98
187 143
187 188
188 126
189 190
189 245
190 40
191 64
191 192
192 373
193 53
193 194
194 342
195 196
195 231
196 409
197 198
197 217
198 83
199 43
199 200
200 99
201 21
201 202
202 152
203 117
203 204
204 412
205 128
205 206
206 229
207 208
207 307
208 269
209 210
209 281
210 254
211 93
211 212
212 13
213 214
213 266
214 176
215 199
215 216
216 226
217 185
217 218
218 180
219 130
219 220
220 286
221 77
221 222
222 127
223 145
223 224
224 57
225 226
225 329
226 392
227 228
227 258
228 394
229 230
229 362
230 202
231 137
231 232
232 5
233 58
233 234
234 174
235 140
235 236
236 138
237 193
237 238
238 332
239 33
239 240
240 318
241 139
241 242
242 389
243 244
243 379
244 213
245 246
245 309
246 167
247 248
247 279
248 195
249 233
249 250
250 164
251 150
251 252
252 104
253 254
253 369
254 5
255 256
255 325
256 265
257 258
257 361
258 88
259 37
259 260
260 31
261 241
261 262
262 336
263 264
263 282
264 374
265 223
265 266
266 377
267 200
267 268
268 306
269 115
269 270
270 135
271 22
271 272
272 90
273 155
273 274
274 301
275 256
275 276
276 48
277 278
277 400
278 16
279 215
279 280
280 27
281 282
281 291
282 351
283 134
283 284
284 3
285 286
285 414
286 30
287 288
287 333
288 232
289 290
289 390
290 278
291 292
291 338
292 71
293 214
293 294
294 125
295 249
295 296
296 6
297 171
297 298
298 60
299 300
299 321
300 308
301 97
301 302
302 408
303 11
303 304
304 24
305 306
305 324
306 188
307 147
307 308
308 56
309 75
309 310
310 219
311 12
311 312
312 151
313 314
313 327
314 198
315 227
315 316
316 295
317 39
317 318
318 402
319 183
319 320
320 340
321 322
321 353
322 201
323 44
323 324
324 63
325 225
325 326
326 330
327 46
327 328
328 334
329 95
329 330
330 52
331 315
331 332
332 404
333 189
333 334
334 290
335 319
335 336
336 277
337 338
337 381
338 359
339 235
339 340
340 384
341 197
341 342
342 172
343 344
343 376
344 14
345 131
345 346
346 116
347 314
347 348
348 1
349 68
349 350
350 168
351 32
351 352
352 159
353 260
353 354
354 288
355 108
355 356
356 18
357 220
357 358
358 368
359 11
359 360
360 51
361 94
361 362
362 299
363 337
363 364
364 296
365 366
365 375
366 403
367 365
367 368
368 352
369 246
369 370
370 70
371 136
371 372
372 17
373 19
373 374
374 106
375 358
375 376
376 372
377 124
377 378
378 236
379 169
379 380
380 411
381 273
381 382
382 156
383 228
383 384
384 366
385 283
385 386
386 407
387 74
387 388
388 354
389 178
389 390
390 294
391 371
391 392
392 161
393 41
393 394
394 92
395 323
395 396
396 313
397 398
397 406
398 378
399 85
399 400
400 312
401 73
401 402
402 72
403 276
403 404
404 186
405 257
405 406
406 111
407 208
407 408
408 120
409 67
409 410
410 84
411 360
411 412
412 205
413 363
413 414
414 264
