0 33
0 121
1 234
1 301
3 298
3 338
4 127
4 257
6 212
5 64
7 135
7 380
8 169
8 250
9 343
10 357
13 188
13 322
15 210
15 393
17 180
17 385
19 125
19 386
21 96
21 407
23 24
23 155
24 31
25 26
25 395
26 150
27 28
27 141
28 90
29 30
29 241
30 216
31 32
31 290
32 288
33 34
33 369
34 189
35 36
35 235
36 403
37 38
37 114
38 140
39 40
39 260
40 381
41 42
41 405
42 200
43 44
43 99
44 192
45 46
45 161
46 382
47 48
47 83
48 8
49 50
49 156
50 148
51 52
51 68
52 209
53 54
53 110
54 366
55 56
55 356
56 284
57 37
57 58
58 70
59 60
59 341
60 230
61 62
61 321
62 78
63 64
63 391
64 69
65 66
65 196
66 26
67 68
67 75
68 317
69 52
69 70
70 342
71 72
71 360
72 162
73 74
73 237
74 59
75 76
75 123
76 56
77 78
77 306
78 28
79 21
79 80
80 275
81 82
81 166
82 91
83 84
83 217
84 133
85 86
85 131
86 281
87 86
87 88
88 398
89 90
89 359
90 276
91 92
91 350
92 220
93 94
93 195
94 269
95 96
95 389
96 287
97 98
97 146
98 309
99 100
99 254
100 44
101 102
101 177
102 208
103 104
103 109
104 111
105 10
105 106
106 153
107 15
107 108
108 335
109 85
109 110
110 136
111 17
111 112
112 362
113 114
113 371
114 354
115 116
115 243
116 30
117 4
117 118
118 62
119 120
119 324
120 222
121 27
121 122
122 404
123 47
123 124
124 190
125 126
125 297
126 211
127 128
127 272
128 303
129 130
129 377
130 73
131 132
131 388
132 144
133 40
133 134
134 325
135 136
135 204
136 256
137 138
137 173
138 18
139 7
139 140
140 344
141 129
141 142
142 259
143 144
143 339
144 332
145 146
145 183
146 293
147 148
147 413
148 119
149 150
149 367
150 246
151 152
151 295
152 164
153 57
153 154
154 312
155 156
155 159
156 225
157 158
157 379
158 310
159 87
159 160
160 334
161 162
161 239
162 255
163 164
163 261
164 316
165 166
165 337
166 9
167 100
167 168
168 318
169 170
169 267
170 29
171 143
171 172
172 16
173 174
173 402
174 88
175 142
175 176
176 286
177 178
177 277
178 5
179 180
179 186
180 263
181 182
181 392
182 72
183 184
183 271
184 387
185 186
185 352
186 328
187 188
187 280
188 74
189 5
189 190
190 20
191 192
191 351
192 376
193 50
193 194
194 122
195 196
195 313
196 370
197 137
197 198
198 410
199 93
199 200
200 6
201 149
201 202
202 193
203 118
203 204
204 224
205 145
205 206
206 406
207 208
207 300
208 374
209 210
209 240
210 320
211 151
211 212
212 98
213 80
213 214
214 42
215 32
215 216
216 46
217 41
217 218
218 157
219 203
219 220
220 22
221 222
221 349
222 132
223 224
223 333
224 232
225 226
225 285
226 6
227 228
227 268
228 139
229 97
229 230
230 9
231 232
231 401
232 89
233 130
233 234
234 191
235 201
235 236
236 178
237 165
237 238
238 214
239 240
239 311
240 248
241 95
241 242
242 2
243 202
243 244
244 373
245 79
245 246
246 158
247 248
247 305
248 120
249 250
249 353
250 147
251 252
251 265
252 340
253 254
253 400
254 45
255 256
255 345
256 329
257 108
257 258
258 291
259 260
259 375
260 390
261 67
261 262
262 383
263 264
263 365
264 82
265 266
265 282
266 228
267 103
267 268
268 244
269 270
269 302
270 207
271 163
271 272
272 63
273 126
273 274
274 55
275 199
275 276
276 394
277 278
277 294
278 154
279 249
279 280
280 289
281 206
281 282
282 327
283 197
283 284
284 66
285 229
285 286
286 105
287 49
287 288
288 346
289 223
289 290
290 152
291 292
291 384
292 36
293 104
293 294
294 304
295 101
295 296
296 14
297 298
297 355
298 231
299 300
299 314
300 138
301 266
301 302
302 185
303 219
303 304
304 24
305 306
305 348
306 283
307 113
307 308
308 364
309 308
309 310
310 112
311 1
311 312
312 12
313 170
313 314
314 396
315 258
315 316
316 102
317 175
317 318
318 408
319 320
319 358
320 171
321 322
321 411
322 167
323 324
323 409
324 270
325 326
325 372
326 378
327 117
327 328
328 92
329 38
329 330
330 242
331 218
331 332
332 397
333 35
333 334
334 238
335 34
335 336
336 172
337 25
337 338
338 54
339 53
339 340
340 274
341 331
341 342
342 336
343 323
343 344
344 58
345 319
345 346
346 198
347 187
347 348
348 221
349 307
349 350
350 107
351 184
351 352
352 273
353 205
353 354
354 278
355 48
355 356
356 296
357 71
357 358
358 94
359 360
359 363
360 77
361 326
361 362
362 11
363 262
363 364
364 194
365 84
365 366
366 292
367 247
367 368
368 115
369 370
369 399
370 60
371 23
371 372
372 76
373 315
373 374
374 361
375 181
375 376
376 227
377 253
377 378
378 252
379 380
379 414
380 65
381 176
381 382
382 330
383 10
383 384
384 182
385 368
385 386
386 39
387 19
387 388
388 245
389 251
389 390
390 412
391 51
391 392
392 128
393 134
393 394
394 236
395 347
395 396
396 116
397 174
397 398
398 226
399 279
399 400
400 61
401 213
401 402
402 106
403 168
403 404
404 215
405 43
405 406
406 13
407 179
407 408
408 160
409 264
409 410
410 299
411 233
411 412
412 124
413 81
413 414
414 3
