0 160
0 407
1 21
1 159
3 265
3 319
4 204
4 216
6 66
5 305
7 333
7 405
9 364
8 125
8 239
10 344
13 178
13 373
15 16
15 167
17 379
17 412
19 233
19 234
21 112
21 120
23 24
23 109
24 362
25 26
25 231
26 294
27 28
27 370
28 51
29 30
29 90
30 32
31 32
31 81
32 60
33 34
33 129
34 2
35 36
35 78
36 196
37 38
37 146
38 282
39 40
39 86
40 63
41 42
41 122
42 119
43 44
43 375
44 229
45 46
45 377
46 247
47 48
47 175
48 110
49 50
49 232
50 253
51 52
51 87
52 189
53 54
53 182
54 325
55 56
55 236
56 301
57 58
57 403
58 312
59 60
59 242
60 378
61 62
61 65
62 208
63 9
63 64
64 238
65 66
65 398
66 113
67 68
67 117
68 348
69 70
69 315
70 38
71 72
71 385
72 250
73 74
73 400
74 116
75 76
75 334
76 154
77 78
77 121
78 283
79 80
79 371
80 290
81 82
81 215
82 211
83 84
83 408
84 115
85 23
85 86
86 158
87 79
87 88
88 192
89 90
89 336
90 40
91 92
91 263
92 270
93 94
93 357
94 153
95 96
95 181
96 369
97 98
97 374
98 9
99 100
99 304
100 340
101 13
101 102
102 326
103 93
103 104
104 28
105 106
105 224
106 144
107 108
107 203
108 35
109 110
109 249
110 104
111 112
111 133
112 39
113 114
113 366
114 402
115 116
115 188
116 288
117 26
117 118
118 12
119 74
119 120
120 307
121 118
121 122
122 34
123 97
123 124
124 353
125 126
125 382
126 296
127 128
127 139
128 140
129 130
129 187
130 220
131 132
131 194
132 200
133 101
133 134
134 180
135 136
135 359
136 406
137 138
137 157
138 360
139 111
139 140
140 55
141 83
141 142
142 80
143 96
143 144
144 302
145 31
145 146
146 226
147 148
147 243
148 306
149 15
149 150
150 392
151 152
151 258
152 134
153 154
153 293
154 24
155 156
155 227
156 210
157 135
157 158
158 168
159 160
159 209
160 3
161 95
161 162
162 256
163 164
163 316
164 206
165 103
165 166
166 396
167 168
167 185
168 207
169 170
169 297
170 201
171 6
171 172
172 268
173 8
173 174
174 281
175 176
175 329
176 251
177 178
177 391
178 394
179 5
179 180
180 148
181 124
181 182
182 49
183 61
183 184
184 338
185 147
185 186
186 410
187 188
187 367
188 257
189 190
189 365
190 10
191 192
191 255
192 30
193 172
193 194
194 347
195 59
195 196
196 114
197 198
197 323
198 322
199 123
199 200
200 57
201 202
201 228
202 327
203 7
203 204
204 287
205 206
205 212
206 20
207 82
207 208
208 18
209 210
209 245
210 88
211 212
211 284
212 330
213 214
213 399
214 179
215 169
215 216
216 48
217 71
217 218
218 225
219 151
219 220
220 404
221 56
221 222
222 42
223 19
223 224
224 389
225 226
225 411
226 310
227 228
227 269
228 414
229 186
229 230
230 64
231 17
231 232
232 43
233 217
233 234
234 164
235 236
235 246
236 213
237 5
237 238
238 262
239 127
239 240
240 361
241 242
241 299
242 266
243 244
243 309
244 352
245 107
245 246
246 252
247 143
247 248
248 237
249 250
249 413
250 279
251 252
251 317
252 321
253 254
253 368
254 184
255 141
255 256
256 395
257 258
257 343
258 177
259 260
259 271
260 98
261 262
261 267
262 11
263 4
263 264
264 259
265 137
265 266
266 342
267 241
267 268
268 70
269 270
269 376
270 260
271 33
271 272
272 280
273 240
273 274
274 183
275 89
275 276
276 195
277 278
277 351
278 308
279 91
279 280
280 149
281 138
281 282
282 156
283 284
283 332
284 152
285 205
285 286
286 69
287 285
287 288
288 106
289 219
289 290
290 22
291 131
291 292
292 383
293 294
293 320
294 222
295 73
295 296
296 130
297 47
297 298
298 337
299 244
299 300
300 358
301 302
301 346
302 341
303 173
303 304
304 354
305 52
305 306
306 202
307 99
307 308
308 230
309 94
309 310
310 126
311 303
311 312
312 388
313 174
313 314
314 318
315 314
315 316
316 108
317 25
317 318
318 390
319 72
319 320
320 132
321 322
321 349
322 10
323 223
323 324
324 128
325 221
325 326
326 190
327 166
327 328
328 278
329 330
329 335
330 136
331 27
331 332
332 58
333 193
333 334
334 387
335 1
335 336
336 191
337 197
337 338
338 350
339 298
339 340
340 92
341 37
341 342
342 68
343 171
343 344
344 36
345 346
345 409
346 44
347 277
347 348
348 29
349 275
349 350
350 6
351 155
351 352
352 50
353 354
353 380
354 163
355 145
355 356
356 261
357 85
357 358
358 100
359 199
359 360
360 291
361 324
361 362
362 198
363 264
363 364
364 384
365 286
365 366
366 41
367 75
367 368
368 170
369 295
369 370
370 102
371 372
371 401
372 300
373 374
373 381
374 84
375 331
375 376
376 162
377 161
377 378
378 76
379 339
379 380
380 235
381 218
381 382
382 274
383 77
383 384
384 328
385 45
385 386
386 150
387 313
387 388
388 142
389 46
389 390
390 386
391 392
391 397
392 254
393 289
393 394
394 14
395 105
395 396
396 372
397 54
397 398
398 276
399 345
399 400
400 272
401 273
401 402
402 292
403 356
403 404
404 62
405 165
405 406
406 214
407 355
407 408
408 311
409 363
409 410
410 248
411 53
411 412
412 67
413 176
413 414
414 393
