0 42
0 389
1 138
1 272
3 95
3 200
4 257
4 399
6 382
5 273
7 290
7 375
9 349
8 34
8 196
10 15
13 304
13 345
15 126
15 398
17 167
17 270
19 27
19 245
21 173
21 396
23 24
23 83
24 320
25 26
25 285
26 152
27 21
27 28
28 90
29 30
29 319
30 239
31 32
31 179
32 202
33 34
33 372
34 122
35 36
35 385
36 164
37 38
37 387
38 233
39 6
39 40
40 68
41 42
41 248
42 92
43 44
43 131
44 130
45 46
45 253
46 29
47 48
47 75
48 132
49 50
49 183
50 166
51 52
51 61
52 190
53 19
53 54
54 82
55 56
55 212
56 238
57 58
57 277
58 409
59 52
59 60
60 350
61 22
61 62
62 106
63 64
63 147
64 128
65 66
65 98
66 286
67 68
67 213
68 407
69 48
69 70
70 86
71 72
71 99
72 292
73 74
73 393
74 406
75 76
75 110
76 262
77 78
77 214
78 311
79 80
79 283
80 318
81 82
81 278
82 337
83 84
83 224
84 79
85 86
85 254
86 374
87 88
87 136
88 35
89 90
89 333
90 150
91 92
91 120
92 143
93 94
93 357
94 207
95 96
95 341
96 184
97 98
97 185
98 216
99 100
99 377
100 174
101 102
101 316
102 294
103 54
103 104
104 192
105 106
105 397
106 261
107 108
107 326
108 282
109 110
109 288
110 324
111 58
111 112
112 230
113 3
113 114
114 18
115 116
115 329
116 74
117 118
117 327
118 88
119 94
119 120
120 188
121 76
121 122
122 26
123 124
123 246
124 28
125 126
125 210
126 394
127 128
127 352
128 274
129 130
129 181
130 354
131 132
131 313
132 408
133 134
133 194
134 46
135 37
135 136
136 38
137 138
137 189
138 211
139 133
139 140
140 121
141 142
141 206
142 44
143 144
143 241
144 156
145 73
145 146
146 64
147 148
147 289
148 149
149 142
149 150
150 258
151 152
151 322
152 9
153 154
153 186
154 383
155 156
155 328
156 148
157 59
157 158
158 364
159 160
159 221
160 234
161 162
161 359
162 266
163 164
163 235
164 176
165 123
165 166
166 163
167 119
167 168
168 157
169 85
169 170
170 334
171 172
171 250
172 70
173 174
173 413
174 203
175 176
175 414
176 392
177 178
177 336
178 104
179 67
179 180
180 339
181 171
181 182
182 220
183 184
183 381
184 390
185 186
185 249
186 127
187 188
187 281
188 10
189 190
189 335
190 109
191 141
191 192
192 348
193 49
193 194
194 101
195 161
195 196
196 91
197 198
197 215
198 410
199 31
199 200
200 217
201 202
201 267
202 252
203 204
203 291
204 366
205 206
205 260
206 280
207 77
207 208
208 1
209 210
209 321
210 118
211 55
211 212
212 23
213 113
213 214
214 351
215 216
215 325
216 7
217 53
217 218
218 96
219 220
219 362
220 295
221 180
221 222
222 117
223 224
223 275
224 263
225 226
225 293
226 153
227 168
227 228
228 69
229 81
229 230
230 84
231 232
231 243
232 36
233 160
233 234
234 404
235 100
235 236
236 178
237 238
237 307
238 170
239 72
239 240
240 331
241 2
241 242
242 228
243 244
243 303
244 401
245 87
245 246
246 242
247 237
247 248
248 373
249 250
249 378
250 30
251 50
251 252
252 11
253 57
253 254
254 177
255 256
255 265
256 144
257 97
257 258
258 402
259 222
259 260
260 332
261 129
261 262
262 310
263 62
263 264
264 169
265 266
265 367
266 10
267 259
267 268
268 412
269 270
269 347
270 271
271 226
271 272
272 9
273 274
273 305
274 236
275 63
275 276
276 39
277 278
277 287
278 297
279 108
279 280
280 56
281 175
281 282
282 16
283 255
283 284
284 191
285 45
285 286
286 12
287 288
287 395
288 308
289 89
289 290
290 125
291 209
291 292
292 47
293 247
293 294
294 338
295 205
295 296
296 300
297 298
297 403
298 391
299 105
299 300
300 32
301 219
301 302
302 312
303 304
303 358
304 14
305 299
305 306
306 309
307 199
307 308
308 268
309 182
309 310
310 146
311 312
311 356
312 107
313 229
313 314
314 343
315 298
315 316
316 369
317 318
317 371
318 232
319 320
319 380
320 353
321 139
321 322
322 6
323 231
323 324
324 264
325 223
325 326
326 306
327 328
327 344
328 24
329 315
329 330
330 155
331 332
331 384
332 376
333 251
333 334
334 204
335 336
335 411
336 112
337 5
337 338
338 208
339 314
339 340
340 116
341 111
341 342
342 227
343 135
343 344
344 115
345 201
345 346
346 244
347 93
347 348
348 256
349 218
349 350
350 284
351 154
351 352
352 323
353 114
353 354
354 386
355 165
355 356
356 13
357 25
357 358
358 405
359 4
359 360
360 40
361 362
361 379
362 102
363 5
363 364
364 80
365 366
365 370
366 388
367 65
367 368
368 302
369 137
369 370
370 279
371 33
371 372
372 269
373 193
373 374
374 140
375 162
375 376
376 172
377 317
377 378
378 41
379 355
379 380
380 301
381 78
381 382
382 340
383 195
383 384
384 368
385 8
385 386
386 400
387 187
387 388
388 20
389 71
389 390
390 296
391 198
391 392
392 60
393 342
393 394
394 240
395 225
395 396
396 158
397 151
397 398
398 360
399 197
399 400
400 124
401 134
401 402
402 365
403 159
403 404
404 145
405 361
405 406
406 346
407 66
407 408
408 330
409 43
409 410
410 103
411 363
411 412
412 276
413 51
413 414
414 17
