0 1
0 351
3 345
3 401
4 98
4 244
5 352
6 198
7 85
7 221
8 157
8 403
10 199
9 365
11 177
11 297
13 115
13 262
15 84
15 350
17 18
17 339
19 72
19 236
21 226
21 392
23 24
23 51
24 368
25 15
25 26
26 90
27 28
27 326
28 205
29 30
29 124
30 218
31 32
31 86
32 369
33 10
33 34
34 348
35 36
35 95
36 293
37 38
37 216
38 314
39 40
39 123
40 70
41 42
41 197
42 302
43 44
43 258
44 362
45 46
45 379
46 144
47 48
47 301
48 143
49 7
49 50
50 79
51 52
51 77
52 118
53 54
53 164
54 232
55 56
55 383
56 108
57 49
57 58
58 54
59 60
59 311
60 136
61 62
61 172
62 292
63 40
63 64
64 332
65 66
65 174
66 32
67 68
67 139
68 141
69 70
69 318
70 19
71 21
71 72
72 64
73 74
73 228
74 349
75 76
75 412
76 6
77 78
77 215
78 312
79 28
79 80
80 374
81 82
81 323
82 400
83 84
83 243
84 260
85 86
85 229
86 48
87 74
87 88
88 303
89 90
89 154
90 182
91 92
91 223
92 67
93 94
93 373
94 283
95 96
95 109
96 83
97 98
97 193
98 371
99 100
99 389
100 138
101 102
101 376
102 384
103 104
103 247
104 294
105 106
105 165
106 264
107 55
107 108
108 153
109 8
109 110
110 402
111 112
111 334
112 12
113 114
113 347
114 75
115 87
115 116
116 278
117 114
117 118
118 257
119 120
119 265
120 195
121 122
121 196
122 370
123 124
123 254
124 246
125 126
125 295
126 341
127 128
127 176
128 82
129 119
129 130
130 170
131 132
131 357
132 89
133 134
133 353
134 358
135 56
135 136
136 204
137 41
137 138
138 80
139 140
139 233
140 208
141 142
141 259
142 106
143 43
143 144
144 206
145 27
145 146
146 310
147 148
147 183
148 11
149 31
149 150
150 58
151 73
151 152
152 338
153 154
153 405
154 100
155 147
155 156
156 169
157 158
157 275
158 156
159 160
159 175
160 304
161 162
161 261
162 69
163 13
163 164
164 363
165 166
165 327
166 146
167 37
167 168
168 224
169 170
169 335
170 240
171 172
171 253
172 162
173 174
173 239
174 6
175 52
175 176
176 237
177 178
177 387
178 68
179 151
179 180
180 30
181 130
181 182
182 252
183 17
183 184
184 333
185 186
185 235
186 5
187 61
187 188
188 286
189 190
189 217
190 181
191 192
191 381
192 344
193 158
193 194
194 4
195 96
195 196
196 178
197 180
197 198
198 71
199 59
199 200
200 305
201 202
201 273
202 102
203 155
203 204
204 14
205 206
205 320
206 300
207 208
207 212
208 296
209 210
209 331
210 299
211 212
211 408
212 65
213 126
213 214
214 309
215 216
215 249
216 287
217 218
217 398
218 76
219 220
219 328
220 360
221 33
221 222
222 306
223 99
223 224
224 101
225 226
225 342
226 111
227 228
227 248
228 167
229 230
229 409
230 88
231 232
231 263
232 378
233 227
233 234
234 241
235 187
235 236
236 150
237 34
237 238
238 354
239 161
239 240
240 112
241 242
241 414
242 359
243 244
243 393
244 410
245 39
245 246
246 355
247 36
247 248
248 390
249 250
249 251
250 24
251 252
251 319
252 330
253 254
253 317
254 179
255 120
255 256
256 367
257 173
257 258
258 207
259 260
259 267
260 356
261 262
261 391
262 375
263 264
263 308
264 366
265 211
265 266
266 406
267 47
267 268
268 66
269 270
269 364
270 16
271 255
271 272
272 53
273 91
273 274
274 10
275 131
275 276
276 396
277 60
277 278
278 128
279 152
279 280
280 140
281 282
281 324
282 288
283 22
283 284
284 2
285 286
285 340
286 316
287 288
287 395
288 230
289 290
289 315
290 149
291 23
291 292
292 78
293 107
293 294
294 92
295 296
295 377
296 38
297 298
297 343
298 282
299 298
299 300
300 202
301 200
301 302
302 219
303 5
303 304
304 238
305 266
305 306
306 110
307 308
307 413
308 163
309 234
309 310
310 280
311 271
311 312
312 116
313 190
313 314
314 94
315 201
315 316
316 225
317 318
317 407
318 404
319 3
319 320
320 184
321 168
321 322
322 20
323 209
323 324
324 191
325 81
325 326
326 313
327 328
327 394
328 132
329 210
329 330
330 270
331 332
331 411
332 44
333 134
333 334
334 166
335 336
335 386
336 125
337 148
337 338
338 256
339 9
339 340
340 145
341 121
341 342
342 380
343 272
343 344
344 46
345 336
345 346
346 29
347 348
347 397
348 242
349 185
349 350
350 361
351 57
351 352
352 290
353 105
353 354
354 192
355 186
355 356
356 122
357 113
357 358
358 269
359 42
359 360
360 26
361 222
361 362
362 284
363 285
363 364
364 346
365 103
365 366
366 93
367 142
367 368
368 214
369 370
369 372
370 63
371 137
371 372
372 25
373 329
373 374
374 388
375 281
375 376
376 135
377 279
377 378
378 322
379 194
379 380
380 62
381 382
381 399
382 127
383 129
383 384
384 188
385 203
385 386
386 274
387 159
387 388
388 160
389 35
389 390
390 97
391 133
391 392
392 276
393 291
393 394
394 307
395 117
395 396
396 268
397 189
397 398
398 9
399 321
399 400
400 220
401 325
401 402
402 382
403 385
403 404
404 250
405 213
405 406
406 277
407 289
407 408
408 104
409 171
409 410
410 231
411 245
411 412
412 337
413 45
413 414
414 50
