0 59
0 379
2 69
2 249
3 113
3 393
4 43
4 135
6 111
5 37
7 224
7 233
9 262
8 236
8 307
10 276
13 17
13 333
15 91
15 270
17 187
17 357
19 8
19 396
21 261
21 362
23 24
23 370
24 116
25 26
25 70
26 122
27 28
27 181
28 286
29 30
29 148
30 265
31 32
31 44
32 177
33 34
33 52
34 144
35 36
35 351
36 154
37 38
37 344
38 175
39 40
39 403
40 203
41 42
41 79
42 146
43 44
43 329
44 348
45 46
45 413
46 220
47 39
47 48
48 387
49 50
49 229
50 349
51 52
51 364
52 410
53 54
53 373
54 267
55 56
55 275
56 409
57 58
57 273
58 296
59 60
59 139
60 15
61 62
61 205
62 258
63 64
63 221
64 279
65 66
65 105
66 142
67 68
67 235
68 76
69 70
69 191
70 182
71 72
71 193
72 245
73 2
73 74
74 377
75 76
75 185
76 384
77 78
77 160
78 25
79 62
79 80
80 392
81 82
81 335
82 283
83 84
83 319
84 254
85 86
85 115
86 371
87 82
87 88
88 226
89 90
89 309
90 10
91 40
91 92
92 170
93 27
93 94
94 385
95 96
95 369
96 241
97 98
97 293
98 102
99 100
99 388
100 74
101 9
101 102
102 118
103 104
103 127
104 22
105 106
105 298
106 192
107 6
107 108
108 92
109 110
109 166
110 228
111 51
111 112
112 266
113 47
113 114
114 136
115 116
115 302
116 119
117 7
117 118
118 66
119 120
119 174
120 10
121 122
121 325
122 199
123 124
123 247
124 81
125 126
125 264
126 274
127 128
127 398
128 168
129 78
129 130
130 400
131 132
131 277
132 391
133 134
133 340
134 282
135 136
135 368
136 355
137 30
137 138
138 244
139 3
139 140
140 242
141 142
141 189
142 394
143 123
143 144
144 80
145 146
145 227
146 238
147 148
147 300
148 207
149 150
149 157
150 173
151 13
151 152
152 327
153 154
153 232
154 352
155 156
155 165
156 32
157 158
157 367
158 408
159 63
159 160
160 255
161 14
161 162
162 100
163 114
163 164
164 285
165 166
165 331
166 26
167 29
167 168
168 334
169 73
169 170
170 328
171 65
171 172
172 411
173 174
173 196
174 284
175 176
175 343
176 200
177 178
177 353
178 272
179 180
179 407
180 290
181 182
181 281
182 365
183 184
183 198
184 9
185 186
185 313
186 19
187 188
187 294
188 225
189 46
189 190
190 176
191 192
191 395
192 312
193 194
193 332
194 206
195 196
195 321
196 186
197 198
197 305
198 72
199 140
199 200
200 18
201 130
201 202
202 212
203 153
203 204
204 414
205 41
205 206
206 208
207 208
207 412
208 216
209 210
209 317
210 34
211 5
211 212
212 99
213 109
213 214
214 42
215 216
215 378
216 128
217 125
217 218
218 280
219 89
219 220
220 145
221 172
221 222
222 57
223 180
223 224
224 346
225 226
225 330
226 354
227 228
227 287
228 390
229 230
229 320
230 24
231 232
231 342
232 204
233 124
233 234
234 402
235 236
235 337
236 90
237 214
237 238
238 278
239 218
239 240
240 16
241 242
241 374
242 194
243 222
243 244
244 68
245 67
245 246
246 106
247 83
247 248
248 1
249 86
249 250
250 239
251 234
251 252
252 137
253 254
253 356
254 150
255 117
255 256
256 253
257 258
257 345
258 183
259 171
259 260
260 6
261 262
261 336
262 210
263 167
263 264
264 202
265 133
265 266
266 35
267 268
267 350
268 28
269 75
269 270
270 55
271 190
271 272
272 33
273 50
273 274
274 36
275 152
275 276
276 217
277 278
277 299
278 184
279 280
279 406
280 112
281 169
281 282
282 215
283 21
283 284
284 288
285 286
285 303
286 389
287 288
287 397
288 209
289 179
289 290
290 358
291 292
291 363
292 338
293 147
293 294
294 291
295 38
295 296
296 339
297 298
297 347
298 156
299 143
299 300
300 297
301 195
301 302
302 4
303 260
303 304
304 237
305 71
305 306
306 401
307 308
307 323
308 138
309 197
309 310
310 308
311 312
311 386
312 96
313 314
313 372
314 201
315 11
315 316
316 12
317 318
317 383
318 316
319 93
319 320
320 159
321 49
321 322
322 77
323 230
323 324
324 158
325 269
325 326
326 84
327 64
327 328
328 162
329 219
329 330
330 164
331 149
331 332
332 259
333 161
333 334
334 310
335 336
335 399
336 213
337 326
337 338
338 110
339 263
339 340
340 404
341 243
341 342
342 381
343 151
343 344
344 107
345 346
345 375
346 23
347 95
347 348
348 295
349 311
349 350
350 223
351 87
351 352
352 103
353 341
353 354
354 178
355 121
355 356
356 359
357 358
357 366
358 250
359 246
359 360
360 380
361 304
361 362
362 382
363 58
363 364
364 60
365 108
365 366
366 324
367 131
367 368
368 257
369 31
369 370
370 61
371 101
371 372
372 231
373 141
373 374
374 376
375 211
375 376
376 132
377 268
377 378
378 88
379 289
379 380
380 120
381 188
381 382
382 126
383 361
383 384
384 104
385 97
385 386
386 5
387 240
387 388
388 318
389 252
389 390
390 315
391 134
391 392
392 292
393 85
393 394
394 251
395 301
395 396
396 129
397 163
397 398
398 248
399 314
399 400
400 98
401 45
401 402
402 360
403 53
403 404
404 20
405 322
405 406
406 256
407 155
407 408
408 271
409 405
409 410
410 48
411 94
411 412
412 306
413 56
413 414
414 54
