0 21
0 63
1 241
1 327
3 116
3 351
4 189
4 291
5 369
6 374
7 69
7 263
9 252
9 354
10 30
10 40
11 324
12 404
15 112
15 316
17 132
17 223
19 23
19 180
21 197
21 312
23 24
23 260
24 10
25 26
25 88
26 103
27 28
27 271
28 356
29 30
29 237
30 108
31 32
31 186
32 170
33 34
33 353
34 77
35 36
35 297
36 9
37 38
37 233
38 372
39 40
39 62
40 298
41 42
41 303
42 250
43 44
43 387
44 300
45 46
45 393
46 130
47 48
47 182
48 141
49 50
49 175
50 204
51 52
51 121
52 212
53 36
53 54
54 256
55 56
55 91
56 113
57 35
57 58
58 162
59 60
59 156
60 18
61 62
61 359
62 89
63 26
63 64
64 302
65 66
65 231
66 118
67 68
67 261
68 314
69 28
69 70
70 323
71 72
71 123
72 234
73 48
73 74
74 114
75 76
75 115
76 392
77 78
77 273
78 285
79 80
79 139
80 140
81 82
81 225
82 396
83 84
83 367
84 42
85 86
85 272
86 235
87 88
87 183
88 384
89 90
89 102
90 202
91 24
91 92
92 258
93 94
93 287
94 100
95 96
95 289
96 232
97 3
97 98
98 322
99 100
99 382
100 74
101 102
101 326
102 407
103 104
103 181
104 262
105 106
105 270
106 184
107 55
107 108
108 205
109 110
109 360
110 304
111 112
111 161
112 196
113 114
113 334
114 236
115 4
115 116
116 5
117 64
117 118
118 38
119 101
119 120
120 227
121 122
121 391
122 68
123 124
123 406
124 375
125 126
125 172
126 59
127 128
127 389
128 388
129 130
129 144
130 86
131 132
131 151
132 60
133 134
133 341
134 169
135 7
135 136
136 208
137 27
137 138
138 187
139 140
139 329
140 394
141 142
141 155
142 345
143 144
143 301
144 370
145 146
145 277
146 218
147 148
147 214
148 400
149 150
149 222
150 87
151 152
151 365
152 347
153 149
153 154
154 280
155 156
155 299
156 124
157 158
157 313
158 192
159 160
159 245
160 122
161 39
161 162
162 56
163 81
163 164
164 346
165 166
165 319
166 403
167 168
167 414
168 79
169 98
169 170
170 296
171 61
171 172
172 371
173 53
173 174
174 16
175 1
175 176
176 283
177 19
177 178
178 336
179 92
179 180
180 82
181 57
181 182
182 364
183 184
183 185
184 107
185 186
185 259
186 200
187 136
187 188
188 72
189 119
189 190
190 160
191 192
191 217
192 248
193 194
193 395
194 410
195 196
195 342
196 174
197 198
197 349
198 295
199 200
199 381
200 288
201 202
201 251
202 339
203 204
203 247
204 159
205 206
205 368
206 399
207 208
207 266
208 344
209 25
209 210
210 242
211 212
211 306
212 15
213 199
213 214
214 210
215 213
215 216
216 224
217 218
217 335
218 253
219 190
219 220
220 148
221 163
221 222
222 188
223 154
223 224
224 254
225 11
225 226
226 76
227 228
227 276
228 2
229 97
229 230
230 146
231 232
231 377
232 361
233 6
233 234
234 6
235 138
235 236
236 284
237 238
237 376
238 350
239 240
239 363
240 328
241 43
241 242
242 73
243 244
243 383
244 58
245 246
245 309
246 317
247 248
247 257
248 106
249 75
249 250
250 47
251 176
251 252
252 147
253 120
253 254
254 290
255 256
255 409
256 46
257 258
257 278
258 32
259 260
259 320
260 173
261 262
261 379
262 17
263 264
263 357
264 307
265 67
265 266
266 142
267 33
267 268
268 397
269 191
269 270
270 275
271 272
271 385
272 104
273 95
273 274
274 240
275 276
275 281
276 94
277 278
277 405
278 45
279 177
279 280
280 282
281 268
281 282
282 29
283 66
283 284
284 44
285 230
285 286
286 228
287 157
287 288
288 244
289 171
289 290
290 238
291 153
291 292
292 85
293 294
293 331
294 117
295 296
295 318
296 14
297 145
297 298
298 12
299 195
299 300
300 70
301 243
301 302
302 229
303 294
303 304
304 178
305 306
305 401
306 31
307 129
307 308
308 54
309 310
309 398
310 193
311 312
311 337
312 96
313 51
313 314
314 390
315 293
315 316
316 352
317 168
317 318
318 22
319 305
319 320
320 90
321 322
321 413
322 279
323 128
323 324
324 216
325 165
325 326
326 311
327 143
327 328
328 412
329 134
329 330
330 226
331 325
331 332
332 362
333 65
333 334
334 378
335 41
335 336
336 198
337 338
337 411
338 332
339 127
339 340
340 20
341 342
341 373
342 219
343 201
343 344
344 179
345 126
345 346
346 13
347 348
347 402
348 150
349 131
349 350
350 206
351 255
351 352
352 207
353 249
353 354
354 11
355 83
355 356
356 158
357 338
357 358
358 274
359 355
359 360
360 93
361 110
361 362
362 105
363 315
363 364
364 167
365 209
365 366
366 333
367 166
367 368
368 78
369 125
369 370
370 211
371 109
371 372
372 50
373 34
373 374
374 386
375 310
375 376
376 308
377 111
377 378
378 99
379 239
379 380
380 286
381 84
381 382
382 80
383 133
383 384
384 380
385 246
385 386
386 408
387 267
387 388
388 358
389 215
389 390
390 12
391 135
391 392
392 194
393 321
393 394
394 52
395 292
395 396
396 340
397 343
397 398
398 348
399 330
399 400
400 8
401 49
401 402
402 203
403 152
403 404
404 264
405 265
405 406
406 5
407 37
407 408
408 220
409 366
409 410
410 164
411 71
411 412
412 221
413 269
413 414
414 137
