0 301
0 339
2 139
2 369
3 40
3 71
4 93
4 97
5 235
6 378
7 13
7 59
8 76
8 227
9 208
10 238
13 133
13 297
15 85
15 359
17 96
17 392
19 26
19 319
21 254
21 261
23 24
23 29
24 206
25 26
25 193
26 37
27 28
27 75
28 88
29 30
29 384
30 320
31 6
31 32
32 255
33 34
33 374
34 402
35 36
35 273
36 306
37 38
37 184
38 80
39 40
39 72
40 296
41 42
41 215
42 186
43 44
43 246
44 46
45 46
45 164
46 407
47 48
47 105
48 267
49 50
49 230
50 187
51 52
51 181
52 9
53 54
53 57
54 386
55 56
55 167
56 169
57 58
57 123
58 260
59 60
59 151
60 102
61 62
61 153
62 45
63 64
63 361
64 358
65 66
65 271
66 12
67 68
67 241
68 22
69 70
69 385
70 205
71 72
71 243
72 278
73 74
73 322
74 126
75 76
75 103
76 92
77 20
77 78
78 66
79 80
79 288
80 176
81 82
81 279
82 112
83 84
83 242
84 152
85 55
85 86
86 217
87 33
87 88
88 408
89 4
89 90
90 299
91 92
91 373
92 223
93 91
93 94
94 330
95 96
95 99
96 65
97 5
97 98
98 258
99 100
99 327
100 195
101 102
101 264
102 388
103 104
103 334
104 244
105 106
105 145
106 128
107 108
107 377
108 42
109 110
109 281
110 224
111 112
111 127
112 34
113 48
113 114
114 351
115 116
115 345
116 409
117 118
117 232
118 30
119 47
119 120
120 298
121 122
121 347
122 220
123 124
123 218
124 41
125 126
125 321
126 185
127 128
127 381
128 349
129 130
129 183
130 398
131 132
131 399
132 107
133 134
133 335
134 58
135 136
135 357
136 124
137 62
137 138
138 387
139 69
139 140
140 24
141 7
141 142
142 344
143 144
143 259
144 272
145 146
145 207
146 156
147 117
147 148
148 236
149 150
149 219
150 61
151 152
151 262
152 6
153 108
153 154
154 360
155 21
155 156
156 87
157 158
157 370
158 28
159 160
159 263
160 376
161 162
161 314
162 371
163 164
163 389
164 70
165 43
165 166
166 266
167 168
167 253
168 60
169 11
169 170
170 73
171 39
171 172
172 222
173 163
173 174
174 324
175 120
175 176
176 130
177 53
177 178
178 168
179 180
179 367
180 132
181 182
181 336
182 401
183 111
183 184
184 95
185 186
185 212
186 214
187 150
187 188
188 110
189 135
189 190
190 172
191 192
191 204
192 328
193 194
193 383
194 161
195 196
195 340
196 390
197 198
197 403
198 276
199 197
199 200
200 140
201 202
201 411
202 81
203 204
203 226
204 154
205 206
205 248
206 9
207 129
207 208
208 138
209 125
209 210
210 100
211 52
211 212
212 406
213 214
213 397
214 268
215 216
215 285
216 257
217 218
217 237
218 23
219 220
219 413
220 363
221 155
221 222
222 293
223 211
223 224
224 54
225 82
225 226
226 410
227 122
227 228
228 404
229 230
229 366
230 275
231 232
231 315
232 318
233 234
233 256
234 331
235 236
235 380
236 10
237 113
237 238
238 174
239 67
239 240
240 106
241 202
241 242
242 165
243 244
243 290
244 300
245 246
245 308
246 400
247 248
247 337
248 68
249 250
249 343
250 178
251 252
251 309
252 98
253 254
253 368
254 114
255 203
255 256
256 229
257 258
257 356
258 245
259 260
259 295
260 78
261 149
261 262
262 333
263 221
263 264
264 364
265 182
265 266
266 354
267 268
267 305
268 104
269 36
269 270
270 191
271 272
271 303
272 225
273 274
273 352
274 10
275 276
275 342
276 50
277 144
277 278
278 142
279 280
279 291
280 265
281 86
281 282
282 365
283 177
283 284
284 412
285 147
285 286
286 158
287 288
287 379
288 249
289 131
289 290
290 302
291 292
291 323
292 190
293 79
293 294
294 304
295 296
295 395
296 307
297 171
297 298
298 325
299 166
299 300
300 188
301 2
301 302
302 375
303 83
303 304
304 250
305 306
305 393
306 292
307 308
307 394
308 311
309 239
309 310
310 38
311 312
311 362
312 180
313 35
313 314
314 175
315 15
315 316
316 287
317 189
317 318
318 173
319 320
319 405
320 284
321 251
321 322
322 192
323 159
323 324
324 118
325 64
325 326
326 196
327 283
327 328
328 350
329 330
329 355
330 148
331 216
331 332
332 137
333 334
333 353
334 396
335 109
335 336
336 210
337 198
337 338
338 134
339 3
339 340
340 31
341 8
341 342
342 14
343 19
343 344
344 49
345 209
345 346
346 170
347 213
347 348
348 240
349 51
349 350
350 146
351 316
351 352
352 89
353 25
353 354
354 414
355 27
355 356
356 90
357 358
357 382
358 32
359 44
359 360
360 346
361 84
361 362
362 341
363 277
363 364
364 310
365 199
365 366
366 372
367 136
367 368
368 194
369 252
369 370
370 63
371 5
371 372
372 160
373 179
373 374
374 228
375 119
375 376
376 270
377 157
377 378
378 1
379 313
379 380
380 269
381 201
381 382
382 162
383 143
383 384
384 116
385 289
385 386
386 16
387 56
387 388
388 77
389 17
389 390
390 294
391 141
391 392
392 280
393 274
393 394
394 317
395 231
395 396
396 247
397 391
397 398
398 74
399 121
399 400
400 282
401 18
401 402
402 286
403 312
403 404
404 326
405 233
405 406
406 338
407 200
407 408
408 94
409 348
409 410
410 329
411 115
411 412
412 101
413 234
413 414
414 332
