0 183
0 190
2 194
2 379
3 81
3 181
4 59
4 317
6 350
5 35
7 237
7 407
8 79
8 334
9 88
10 46
13 252
13 346
15 32
15 343
17 6
17 197
19 260
19 354
21 307
21 359
23 24
23 333
24 219
25 26
25 281
26 400
27 28
27 201
28 58
29 30
29 188
30 266
31 32
31 212
32 41
33 34
33 150
34 200
35 36
35 288
36 22
37 38
37 83
38 241
39 40
39 214
40 124
41 42
41 154
42 204
43 44
43 353
44 303
45 46
45 357
46 12
47 48
47 211
48 310
49 50
49 172
50 164
51 52
51 396
52 28
53 54
53 99
54 158
55 56
55 296
56 126
57 58
57 173
58 398
59 60
59 92
60 104
61 62
61 408
62 332
63 64
63 203
64 262
65 66
65 68
66 137
67 57
67 68
68 215
69 70
69 315
70 75
71 72
71 207
72 347
73 74
73 277
74 39
75 76
75 168
76 312
77 78
77 187
78 367
79 78
79 80
80 208
81 82
81 406
82 286
83 84
83 401
84 82
85 15
85 86
86 116
87 49
87 88
88 410
89 90
89 297
90 140
91 92
91 399
92 314
93 94
93 125
94 163
95 96
95 391
96 345
97 98
97 305
98 321
99 100
99 251
100 77
101 102
101 105
102 66
103 104
103 253
104 330
105 106
105 385
106 162
107 85
107 108
108 48
109 103
109 110
110 56
111 112
111 254
112 304
113 114
113 269
114 36
115 116
115 136
116 138
117 118
117 388
118 231
119 120
119 143
120 331
121 122
121 402
122 372
123 124
123 294
124 302
125 126
125 284
126 232
127 118
127 128
128 193
129 130
129 369
130 93
131 132
131 144
132 279
133 23
133 134
134 290
135 136
135 301
136 370
137 87
137 138
138 289
139 140
139 342
140 84
141 142
141 261
142 157
143 144
143 285
144 316
145 101
145 146
146 389
147 109
147 148
148 122
149 17
149 150
150 130
151 152
151 156
152 220
153 154
153 273
154 165
155 149
155 156
156 397
157 158
157 349
158 182
159 160
159 377
160 394
161 162
161 229
162 112
163 164
163 404
164 1
165 166
165 348
166 184
167 168
167 293
168 134
169 170
169 291
170 34
171 172
171 384
172 19
173 102
173 174
174 240
175 176
175 239
176 234
177 178
177 339
178 210
179 180
179 263
180 218
181 131
181 182
182 50
183 47
183 184
184 74
185 18
185 186
186 340
187 72
187 188
188 64
189 2
189 190
190 69
191 142
191 192
192 381
193 194
193 248
194 338
195 196
195 325
196 344
197 63
197 198
198 309
199 200
199 355
200 382
201 98
201 202
202 62
203 204
203 319
204 33
205 206
205 366
206 228
207 161
207 208
208 91
209 152
209 210
210 180
211 169
211 212
212 403
213 146
213 214
214 409
215 128
215 216
216 115
217 43
217 218
218 276
219 96
219 220
220 110
221 222
221 274
222 313
223 224
223 364
224 376
225 119
225 226
226 244
227 129
227 228
228 300
229 8
229 230
230 167
231 206
231 232
232 336
233 234
233 356
234 94
235 236
235 323
236 326
237 238
237 306
238 60
239 240
239 351
240 198
241 113
241 242
242 40
243 114
243 244
244 275
245 37
245 246
246 224
247 20
247 248
248 29
249 250
249 328
250 264
251 107
251 252
252 10
253 175
253 254
254 209
255 100
255 256
256 70
257 25
257 258
258 255
259 205
259 260
260 320
261 38
261 262
262 42
263 264
263 318
264 6
265 243
265 266
266 185
267 199
267 268
268 11
269 270
269 335
270 67
271 31
271 272
272 176
273 274
273 405
274 192
275 276
275 298
276 86
277 278
277 337
278 390
279 280
279 392
280 271
281 282
281 299
282 61
283 7
283 284
284 151
285 71
285 286
286 45
287 89
287 288
288 414
289 256
289 290
290 374
291 292
291 365
292 139
293 294
293 371
294 196
295 296
295 380
296 52
297 298
297 413
298 216
299 300
299 373
300 30
301 120
301 302
302 55
303 283
303 304
304 282
305 225
305 306
306 24
307 308
307 322
308 166
309 223
309 310
310 26
311 242
311 312
312 246
313 238
313 314
314 5
315 53
315 316
316 230
317 267
317 318
318 221
319 213
319 320
320 217
321 132
321 322
322 393
323 117
323 324
324 222
325 326
325 383
326 327
327 65
327 328
328 5
329 90
329 330
330 292
331 332
331 386
332 412
333 334
333 387
334 159
335 135
335 336
336 108
337 257
337 338
338 21
339 191
339 340
340 378
341 342
341 363
342 160
343 80
343 344
344 44
345 329
345 346
346 14
347 236
347 348
348 16
349 249
349 350
350 106
351 245
351 352
352 178
353 4
353 354
354 247
355 174
355 356
356 362
357 13
357 358
358 76
359 265
359 360
360 186
361 179
361 362
362 226
363 3
363 364
364 280
365 195
365 366
366 145
367 10
367 368
368 352
369 127
369 370
370 272
371 235
371 372
372 308
373 27
373 374
374 202
375 177
375 376
376 268
377 147
377 378
378 250
379 380
379 395
380 311
381 9
381 382
382 278
383 153
383 384
384 123
385 95
385 386
386 270
387 51
387 388
388 259
389 227
389 390
390 358
391 392
391 411
392 258
393 171
393 394
394 111
395 97
395 396
396 121
397 9
397 398
398 368
399 341
399 400
400 170
401 73
401 402
402 155
403 375
403 404
404 295
405 189
405 406
406 133
407 148
407 408
408 233
409 361
409 410
410 324
411 287
411 412
412 54
413 141
413 414
414 360
