0 249
0 343
3 75
3 245
4 136
4 199
6 29
5 202
7 262
7 282
8 36
8 41
9 10
10 98
11 315
11 346
13 106
13 313
15 316
15 337
17 251
17 384
19 263
19 340
21 212
21 241
23 24
23 297
24 16
25 26
25 407
26 267
27 28
27 284
28 204
29 30
29 38
30 143
31 32
31 150
32 329
33 34
33 101
34 115
35 33
35 36
36 164
37 38
37 350
38 7
39 13
39 40
40 76
41 42
41 72
42 170
43 44
43 215
44 176
45 34
45 46
46 213
47 48
47 383
48 111
49 50
49 237
50 162
51 52
51 96
52 378
53 54
53 327
54 81
55 56
55 291
56 363
57 52
57 58
58 134
59 25
59 60
60 335
61 62
61 117
62 151
63 64
63 320
64 232
65 66
65 296
66 67
67 68
67 308
68 406
69 70
69 325
70 279
71 72
71 201
72 119
73 74
73 238
74 392
75 76
75 233
76 66
77 78
77 107
78 400
79 80
79 242
80 368
81 58
81 82
82 63
83 84
83 345
84 252
85 86
85 359
86 353
87 88
87 397
88 197
89 60
89 90
90 277
91 92
91 275
92 398
93 94
93 371
94 362
95 96
95 409
96 137
97 98
97 399
98 109
99 59
99 100
100 388
101 102
101 189
102 309
103 104
103 285
104 226
105 61
105 106
106 264
107 108
107 334
108 306
109 110
109 276
110 278
111 112
111 377
112 339
113 105
113 114
114 254
115 116
115 130
116 174
117 118
117 355
118 30
119 50
119 120
120 116
121 122
121 181
122 186
123 113
123 124
124 239
125 126
125 246
126 210
127 128
127 265
128 236
129 88
129 130
130 144
131 8
131 132
132 175
133 20
133 134
134 402
135 136
135 385
136 152
137 138
137 302
138 108
139 140
139 369
140 132
141 142
141 153
142 214
143 144
143 185
144 9
145 97
145 146
146 149
147 148
147 155
148 304
149 150
149 171
150 294
151 152
151 273
152 357
153 154
153 386
154 129
155 156
155 317
156 380
157 15
157 158
158 288
159 160
159 367
160 64
161 162
161 395
162 361
163 159
163 164
164 382
165 62
165 166
166 412
167 168
167 336
168 91
169 55
169 170
170 194
171 124
171 172
172 387
173 174
173 318
174 24
175 176
175 231
176 235
177 178
177 219
178 290
179 180
179 209
180 323
181 182
181 352
182 158
183 126
183 184
184 220
185 148
185 186
186 45
187 188
187 255
188 299
189 90
189 190
190 272
191 103
191 192
192 257
193 194
193 354
194 292
195 196
195 217
196 394
197 57
197 198
198 376
199 165
199 200
200 141
201 202
201 281
202 389
203 99
203 204
204 18
205 79
205 206
206 131
207 69
207 208
208 270
209 86
209 210
210 73
211 200
211 212
212 42
213 12
213 214
214 2
215 39
215 216
216 300
217 83
217 218
218 54
219 218
219 220
220 166
221 5
221 222
222 11
223 224
223 413
224 269
225 44
225 226
226 122
227 145
227 228
228 112
229 17
229 230
230 154
231 82
231 232
232 68
233 47
233 234
234 328
235 236
235 372
236 250
237 222
237 238
238 396
239 89
239 240
240 51
241 242
241 289
242 260
243 244
243 307
244 414
245 95
245 246
246 180
247 248
247 303
248 207
249 250
249 298
250 256
251 252
251 370
252 326
253 3
253 254
254 310
255 71
255 256
256 138
257 258
257 324
258 172
259 260
259 271
260 404
261 198
261 262
262 287
263 183
263 264
264 374
265 259
265 266
266 92
267 93
267 268
268 184
269 270
269 314
270 312
271 156
271 272
272 65
273 274
273 375
274 56
275 104
275 276
276 216
277 247
277 278
278 128
279 167
279 280
280 240
281 35
281 282
282 53
283 127
283 284
284 192
285 286
285 319
286 206
287 168
287 288
288 142
289 140
289 290
290 393
291 227
291 292
292 348
293 49
293 294
294 358
295 173
295 296
296 322
297 147
297 298
298 32
299 300
299 364
300 196
301 5
301 302
302 31
303 301
303 304
304 311
305 84
305 306
306 408
307 179
307 308
308 330
309 310
309 390
310 366
311 70
311 312
312 28
313 253
313 314
314 188
315 163
315 316
316 305
317 221
317 318
318 405
319 293
319 320
320 331
321 37
321 322
322 74
323 324
323 373
324 332
325 326
325 391
326 118
327 191
327 328
328 205
329 330
329 356
330 94
331 125
331 332
332 1
333 334
333 401
334 187
335 6
335 336
336 283
337 338
337 410
338 266
339 19
339 340
340 110
341 139
341 342
342 135
343 344
343 351
344 48
345 346
345 349
346 295
347 225
347 348
348 22
349 341
349 350
350 6
351 195
351 352
352 43
353 234
353 354
354 228
355 169
355 356
356 230
357 87
357 358
358 21
359 248
359 360
360 190
361 280
361 362
362 160
363 342
363 364
364 10
365 360
365 366
366 100
367 78
367 368
368 347
369 123
369 370
370 157
371 372
371 403
372 9
373 193
373 374
374 14
375 344
375 376
376 178
377 274
377 378
378 223
379 333
379 380
380 161
381 85
381 382
382 80
383 4
383 384
384 177
385 23
385 386
386 286
387 244
387 388
388 182
389 102
389 390
390 381
391 392
391 411
392 258
393 224
393 394
394 114
395 211
395 396
396 365
397 77
397 398
398 120
399 379
399 400
400 243
401 121
401 402
402 208
403 229
403 404
404 268
405 26
405 406
406 338
407 146
407 408
408 133
409 203
409 410
410 40
411 321
411 412
412 46
413 27
413 414
414 261
