0 107
0 405
2 89
2 175
3 201
3 273
4 15
4 379
5 140
6 314
8 196
8 197
9 170
9 328
10 80
10 214
11 358
12 96
15 78
15 166
17 178
17 220
19 182
19 185
21 323
21 334
23 24
23 137
24 268
25 1
25 26
26 315
27 28
27 381
28 10
29 30
29 213
30 312
31 32
31 345
32 359
33 34
33 403
34 208
35 36
35 285
36 109
37 38
37 91
38 255
39 40
39 88
40 411
41 42
41 49
42 111
43 44
43 161
44 252
45 46
45 174
46 292
47 48
47 235
48 374
49 50
49 243
50 132
51 37
51 52
52 368
53 54
53 305
54 41
55 56
55 325
56 372
57 58
57 329
58 68
59 60
59 402
60 404
61 62
61 309
62 277
63 64
63 186
64 179
65 66
65 384
66 364
67 21
67 68
68 198
69 70
69 94
70 46
71 23
71 72
72 59
73 74
73 76
74 408
75 76
75 85
76 223
77 78
77 395
78 299
79 80
79 297
80 410
81 82
81 284
82 248
83 84
83 210
84 390
85 86
85 163
86 264
87 88
87 129
88 304
89 90
89 233
90 171
91 75
91 92
92 296
93 94
93 177
94 191
95 96
95 200
96 130
97 98
97 211
98 44
99 100
99 245
100 348
101 32
101 102
102 30
103 104
103 181
104 269
105 106
105 187
106 217
107 108
107 337
108 310
109 110
109 283
110 14
111 112
111 205
112 113
113 114
113 209
114 367
115 116
115 128
116 193
117 118
117 393
118 398
119 71
119 120
120 400
121 122
121 377
122 392
123 124
123 278
124 39
125 126
125 369
126 387
127 128
127 260
128 62
129 17
129 130
130 154
131 132
131 365
132 373
133 134
133 160
134 124
135 103
135 136
136 231
137 138
137 251
138 257
139 140
139 199
140 40
141 142
141 143
142 230
143 139
143 144
144 385
145 90
145 146
146 188
147 13
147 148
148 324
149 150
149 357
150 77
151 79
151 152
152 340
153 31
153 154
154 92
155 156
155 291
156 189
157 158
157 258
158 34
159 160
159 401
160 117
161 162
161 298
162 331
163 164
163 173
164 215
165 19
165 166
166 239
167 151
167 168
168 180
169 43
169 170
170 126
171 72
171 172
172 65
173 174
173 183
174 275
175 57
175 176
176 378
177 20
177 178
178 207
179 6
179 180
180 236
181 93
181 182
182 232
183 184
183 301
184 74
185 186
185 307
186 4
187 33
187 188
188 376
189 133
189 190
190 224
191 47
191 192
192 282
193 5
193 194
194 355
195 119
195 196
196 344
197 198
197 265
198 52
199 61
199 200
200 332
201 131
201 202
202 121
203 204
203 206
204 100
205 206
205 295
206 84
207 123
207 208
208 110
209 210
209 229
210 322
211 212
211 353
212 242
213 214
213 351
214 306
215 216
215 396
216 147
217 218
217 253
218 98
219 220
219 293
220 168
221 222
221 362
222 134
223 172
223 224
224 354
225 27
225 226
226 86
227 228
227 375
228 338
229 230
229 303
230 274
231 232
231 267
232 287
233 234
233 261
234 192
235 26
235 236
236 289
237 87
237 238
238 276
239 240
239 266
240 216
241 242
241 350
242 219
243 112
243 244
244 22
245 241
245 246
246 184
247 106
247 248
248 227
249 250
249 341
250 383
251 225
251 252
252 120
253 108
253 254
254 81
255 222
255 256
256 394
257 25
257 258
258 366
259 53
259 260
260 115
261 165
261 262
262 35
263 256
263 264
264 244
265 99
265 266
266 60
267 268
267 302
268 270
269 226
269 270
270 48
271 272
271 330
272 346
273 51
273 274
274 82
275 8
275 276
276 190
277 162
277 278
278 176
279 280
279 300
280 7
281 127
281 282
282 271
283 284
283 321
284 202
285 169
285 286
286 11
287 122
287 288
288 326
289 218
289 290
290 308
291 2
291 292
292 388
293 38
293 294
294 11
295 221
295 296
296 290
297 298
297 363
298 3
299 142
299 300
300 12
301 302
301 361
302 42
303 29
303 304
304 336
305 135
305 306
306 286
307 308
307 371
308 342
309 249
309 310
310 157
311 164
311 312
312 343
313 36
313 314
314 50
315 145
315 316
316 327
317 263
317 318
318 83
319 320
319 406
320 148
321 56
321 322
322 102
323 118
323 324
324 228
325 313
325 326
326 24
327 238
327 328
328 294
329 262
329 330
330 64
331 332
331 397
332 28
333 54
333 334
334 318
335 69
335 336
336 317
337 195
337 338
338 12
339 316
339 340
340 237
341 153
341 342
342 414
343 288
343 344
344 58
345 333
345 346
346 70
347 203
347 348
348 412
349 335
349 350
350 95
351 352
351 360
352 380
353 18
353 354
354 66
355 234
355 356
356 16
357 125
357 358
358 240
359 360
359 409
360 281
361 141
361 362
362 101
363 138
363 364
364 212
365 349
365 366
366 370
367 319
367 368
368 246
369 159
369 370
370 55
371 259
371 372
372 407
373 45
373 374
374 347
375 376
375 413
376 194
377 116
377 378
378 97
379 6
379 380
380 280
381 155
381 382
382 105
383 136
383 384
384 146
385 247
385 386
386 352
387 320
387 388
388 399
389 144
389 390
390 114
391 311
391 392
392 156
393 63
393 394
394 356
395 391
395 396
396 389
397 382
397 398
398 104
399 386
399 400
400 279
401 167
401 402
402 250
403 73
403 404
404 339
405 149
405 406
406 272
407 254
407 408
408 9
409 150
409 410
410 152
411 67
411 412
412 158
413 5
413 414
414 204
