0 87
0 271
2 117
2 141
3 81
3 309
4 214
4 281
5 308
6 376
9 258
9 367
10 184
10 315
12 156
11 316
13 60
13 200
15 96
15 320
17 125
17 303
19 339
19 363
21 63
21 332
23 24
23 201
24 240
25 26
25 338
26 396
27 28
27 126
28 301
29 30
29 197
30 69
31 32
31 121
32 318
33 34
33 159
34 20
35 36
35 378
36 40
37 38
37 358
38 218
39 40
39 270
40 380
41 42
41 334
42 274
43 44
43 331
44 151
45 46
45 119
46 285
47 48
47 406
48 152
49 50
49 288
50 48
51 52
51 114
52 181
53 54
53 182
54 256
55 30
55 56
56 385
57 58
57 65
58 264
59 60
59 193
60 333
61 62
61 176
62 362
63 5
63 64
64 198
65 66
65 191
66 154
67 68
67 175
68 7
69 70
69 103
70 82
71 59
71 72
72 238
73 74
73 341
74 306
75 76
75 215
76 250
77 78
77 286
78 366
79 80
79 290
80 138
81 82
81 253
82 134
83 84
83 355
84 310
85 80
85 86
86 149
87 88
87 195
88 349
89 9
89 90
90 64
91 92
91 289
92 57
93 43
93 94
94 235
95 54
95 96
96 158
97 98
97 120
98 19
99 100
99 133
100 394
101 102
101 143
102 267
103 104
103 317
104 61
105 106
105 202
106 6
107 108
107 312
108 280
109 110
109 346
110 36
111 112
111 263
112 399
113 114
113 277
114 75
115 116
115 203
116 92
117 118
117 279
118 276
119 71
119 120
120 17
121 122
121 325
122 206
123 112
123 124
124 185
125 126
125 196
126 148
127 128
127 347
128 228
129 97
129 130
130 392
131 76
131 132
132 58
133 134
133 153
134 402
135 102
135 136
136 204
137 138
137 412
138 302
139 140
139 307
140 137
141 142
141 393
142 11
143 144
143 395
144 166
145 146
145 304
146 209
147 148
147 229
148 163
149 38
149 150
150 22
151 53
151 152
152 408
153 154
153 227
154 360
155 156
155 251
156 268
157 158
157 254
158 296
159 160
159 162
160 108
161 162
161 314
162 232
163 44
163 164
164 66
165 28
165 166
166 208
167 139
167 168
168 33
169 150
169 170
170 136
171 101
171 172
172 294
173 89
173 174
174 287
175 45
175 176
176 188
177 27
177 178
178 72
179 180
179 265
180 95
181 182
181 261
182 109
183 99
183 184
184 329
185 83
185 186
186 410
187 174
187 188
188 400
189 5
189 190
190 213
191 167
191 192
192 85
193 39
193 194
194 127
195 196
195 291
196 135
197 198
197 377
198 242
199 200
199 244
200 275
201 111
201 202
202 115
203 204
203 353
204 348
205 206
205 217
206 194
207 208
207 364
208 365
209 210
209 356
210 368
211 24
211 212
212 94
213 214
213 298
214 179
215 216
215 272
216 165
217 218
217 239
218 189
219 47
219 220
220 169
221 147
221 222
222 41
223 224
223 299
224 226
225 51
225 226
226 390
227 228
227 375
228 6
229 113
229 230
230 311
231 232
231 282
232 219
233 225
233 234
234 359
235 118
235 236
236 4
237 238
237 241
238 73
239 230
239 240
240 199
241 242
241 283
242 292
243 244
243 249
244 216
245 246
245 391
246 8
247 116
247 248
248 383
249 52
249 250
250 373
251 55
251 252
252 336
253 86
253 254
254 21
255 256
255 337
256 293
257 88
257 258
258 388
259 260
259 273
260 321
261 262
261 397
262 31
263 32
263 264
264 386
265 70
265 266
266 319
267 183
267 268
268 172
269 67
269 270
270 171
271 272
271 369
272 398
273 234
273 274
274 354
275 146
275 276
276 140
277 278
277 345
278 84
279 259
279 280
280 144
281 35
281 282
282 248
283 284
283 313
284 177
285 98
285 286
286 122
287 192
287 288
288 160
289 290
289 413
290 23
291 292
291 403
292 180
293 132
293 294
294 372
295 296
295 370
296 16
297 110
297 298
298 342
299 173
299 300
300 231
301 302
301 330
302 190
303 2
303 304
304 124
305 306
305 409
306 384
307 308
307 343
308 15
309 106
309 310
310 212
311 123
311 312
312 56
313 93
313 314
314 11
315 161
315 316
316 300
317 318
317 326
318 18
319 252
319 320
320 68
321 237
321 322
322 262
323 155
323 324
324 100
325 207
325 326
326 187
327 211
327 328
328 178
329 327
329 330
330 382
331 322
331 332
332 220
333 222
333 334
334 297
335 236
335 336
336 186
337 129
337 338
338 157
339 34
339 340
340 42
341 145
341 342
342 324
343 13
343 344
344 12
345 255
345 346
346 130
347 305
347 348
348 104
349 295
349 350
350 50
351 105
351 352
352 278
353 223
353 354
354 90
355 247
355 356
356 352
357 205
357 358
358 142
359 46
359 360
360 12
361 78
361 362
362 246
363 364
363 379
364 357
365 164
365 366
366 210
367 224
367 368
368 62
369 29
369 370
370 131
371 372
371 374
372 77
373 284
373 374
374 323
375 79
375 376
376 361
377 243
377 378
378 25
379 380
379 381
380 37
381 257
381 382
382 245
383 371
383 384
384 170
385 340
385 386
386 344
387 388
387 389
388 49
389 91
389 390
390 10
391 328
391 392
392 405
393 3
393 394
394 168
395 396
395 414
396 74
397 387
397 398
398 401
399 351
399 400
400 350
401 260
401 402
402 128
403 233
403 404
404 266
405 406
405 407
406 107
407 335
407 408
408 404
409 26
409 410
410 411
411 1
411 412
412 14
413 269
413 414
414 221
