0 135
0 245
2 149
2 303
3 365
3 411
4 47
4 375
5 104
6 71
8 290
8 389
9 204
9 278
11 178
10 11
10 370
12 322
15 176
15 230
17 12
17 252
19 166
19 380
21 199
21 374
23 24
23 90
24 315
25 26
25 120
26 44
27 28
27 309
28 111
29 30
29 283
30 118
31 32
31 37
32 110
33 34
33 87
34 369
35 36
35 335
36 344
37 38
37 377
38 23
39 40
39 200
40 276
41 42
41 63
42 5
43 44
43 287
44 13
45 43
45 46
46 298
47 48
47 333
48 68
49 50
49 163
50 258
51 52
51 299
52 329
53 54
53 97
54 334
55 15
55 56
56 196
57 58
57 412
58 366
59 60
59 133
60 326
61 62
61 337
62 113
63 64
63 179
64 19
65 66
65 82
66 32
67 68
67 101
68 414
69 70
69 241
70 190
71 72
71 74
72 250
73 74
73 323
74 235
75 73
75 76
76 36
77 27
77 78
78 186
79 80
79 409
80 160
81 12
81 82
82 403
83 84
83 227
84 328
85 86
85 188
86 362
87 88
87 175
88 211
89 83
89 90
90 371
91 92
91 121
92 239
93 42
93 94
94 26
95 96
95 360
96 112
97 98
97 195
98 57
99 100
99 291
100 154
101 102
101 311
102 286
103 104
103 247
104 234
105 95
105 106
106 255
107 108
107 210
108 116
109 110
109 137
110 20
111 112
111 331
112 280
113 114
113 134
114 354
115 116
115 249
116 248
117 105
117 118
118 85
119 109
119 120
120 150
121 122
121 304
122 346
123 124
123 401
124 206
125 126
125 251
126 46
127 31
127 128
128 156
129 130
129 343
130 240
131 132
131 223
132 394
133 4
133 134
134 264
135 136
135 187
136 356
137 99
137 138
138 292
139 6
139 140
140 142
141 142
141 397
142 148
143 144
143 391
144 390
145 146
145 300
146 404
147 148
147 301
148 399
149 150
149 183
150 313
151 152
151 407
152 182
153 154
153 238
154 91
155 156
155 388
156 14
157 45
157 158
158 359
159 123
159 160
160 132
161 162
161 361
162 103
163 164
163 201
164 130
165 38
165 166
166 233
167 168
167 348
168 284
169 170
169 263
170 139
171 172
171 215
172 185
173 25
173 174
174 406
175 138
175 176
176 30
177 178
177 222
178 124
179 180
179 341
180 327
181 33
181 182
182 310
183 35
183 184
184 312
185 186
185 244
186 162
187 188
187 207
188 224
189 190
189 387
190 96
191 192
191 288
192 368
193 167
193 194
194 376
195 89
195 196
196 256
197 29
197 198
198 282
199 200
199 350
200 226
201 159
201 202
202 66
203 193
203 204
204 24
205 206
205 413
206 94
207 208
207 281
208 221
209 210
209 357
210 80
211 102
211 212
212 140
213 3
213 214
214 229
215 161
215 216
216 353
217 218
217 373
218 7
219 17
219 220
220 122
221 88
221 222
222 79
223 224
223 271
224 386
225 52
225 226
226 266
227 197
227 228
228 395
229 230
229 253
230 339
231 158
231 232
232 34
233 202
233 234
234 153
235 50
235 236
236 64
237 238
237 400
238 54
239 18
239 240
240 84
241 127
241 242
242 268
243 244
243 246
244 330
245 69
245 246
246 2
247 248
247 254
248 219
249 250
249 319
250 316
251 28
251 252
252 220
253 254
253 398
254 5
255 256
255 384
256 277
257 61
257 258
258 408
259 213
259 260
260 171
261 262
261 393
262 336
263 264
263 383
264 378
265 189
265 266
266 164
267 214
267 268
268 1
269 76
269 270
270 55
271 11
271 272
272 274
273 242
273 274
274 302
275 6
275 276
276 58
277 275
277 278
278 385
279 280
279 381
280 81
281 260
281 282
282 340
283 269
283 284
284 396
285 151
285 286
286 355
287 285
287 288
288 261
289 62
289 290
290 364
291 115
291 292
292 273
293 53
293 294
294 180
295 257
295 296
296 10
297 49
297 298
298 402
299 8
299 300
300 379
301 129
301 302
302 382
303 106
303 304
304 198
305 306
305 324
306 172
307 232
307 308
308 117
309 157
309 310
310 212
311 145
311 312
312 352
313 177
313 314
314 174
315 228
315 316
316 40
317 289
317 318
318 78
319 56
319 320
320 146
321 322
321 405
322 39
323 141
323 324
324 51
325 293
325 326
326 168
327 279
327 328
328 128
329 144
329 330
330 318
331 170
331 332
332 296
333 270
333 334
334 262
335 77
335 336
336 320
337 86
337 338
338 72
339 297
339 340
340 237
341 265
341 342
342 205
343 325
343 344
344 308
345 119
345 346
346 338
347 59
347 348
348 236
349 67
349 350
350 70
351 136
351 352
352 98
353 321
353 354
354 363
355 147
355 356
356 194
357 347
357 358
358 372
359 307
359 360
360 294
361 362
361 367
362 125
363 203
363 364
364 131
365 349
365 366
366 192
367 216
367 368
368 92
369 267
369 370
370 100
371 305
371 372
372 65
373 374
373 392
374 22
375 114
375 376
376 126
377 143
377 378
378 107
379 93
379 380
380 410
381 295
381 382
382 218
383 208
383 384
384 41
385 342
385 386
386 16
387 209
387 388
388 152
389 9
389 390
390 48
391 243
391 392
392 75
393 173
393 394
394 21
395 332
395 396
396 108
397 231
397 398
398 169
399 306
399 400
400 184
401 345
401 402
402 272
403 155
403 404
404 351
405 181
405 406
406 60
407 259
407 408
408 165
409 225
409 410
410 358
411 217
411 412
412 314
413 191
413 414
414 317
