0 49
0 170
2 265
2 390
3 262
3 408
5 204
4 197
4 404
6 362
9 50
9 311
10 175
10 314
12 29
11 129
13 34
13 146
15 108
15 282
17 81
17 91
19 24
19 188
21 233
21 337
23 24
23 183
24 104
25 26
25 206
26 331
27 28
27 357
28 75
29 30
29 177
30 240
31 13
31 32
32 174
33 34
33 203
34 172
35 6
35 36
36 354
37 2
37 38
38 285
39 40
39 302
40 324
41 42
41 321
42 167
43 44
43 239
44 17
45 46
45 51
46 118
47 48
47 235
48 380
49 33
49 50
50 253
51 52
51 259
52 386
53 54
53 350
54 392
55 9
55 56
56 251
57 47
57 58
58 46
59 60
59 315
60 340
61 10
61 62
62 109
63 64
63 351
64 148
65 66
65 155
66 95
67 68
67 71
68 105
69 70
69 300
70 384
71 72
71 297
72 335
73 74
73 215
74 78
75 76
75 263
76 242
77 78
77 272
78 99
79 41
79 80
80 152
81 82
81 248
82 20
83 84
83 181
84 65
85 86
85 243
86 245
87 88
87 289
88 339
89 90
89 119
90 327
91 92
91 369
92 6
93 44
93 94
94 309
95 19
95 96
96 100
97 98
97 111
98 158
99 32
99 100
100 376
101 37
101 102
102 398
103 104
103 377
104 178
105 72
105 106
106 60
107 108
107 269
108 374
109 110
109 219
110 341
111 107
111 112
112 157
113 114
113 154
114 182
115 70
115 116
116 143
117 118
117 345
118 52
119 45
119 120
120 402
121 122
121 276
122 163
123 124
123 250
124 236
125 126
125 355
126 241
127 55
127 128
128 21
129 130
129 352
130 332
131 132
131 371
132 48
133 134
133 353
134 223
135 136
135 277
136 26
137 138
137 278
138 66
139 38
139 140
140 98
141 63
141 142
142 414
143 144
143 254
144 122
145 146
145 403
146 256
147 148
147 264
148 132
149 150
149 209
150 212
151 25
151 152
152 124
153 154
153 293
154 366
155 73
155 156
156 316
157 158
157 252
158 258
159 85
159 160
160 198
161 162
161 191
162 27
163 54
163 164
164 372
165 166
165 168
166 406
167 168
167 179
168 295
169 170
169 393
170 164
171 156
171 172
172 130
173 174
173 275
174 110
175 79
175 176
176 389
177 178
177 405
178 35
179 165
179 180
180 222
181 182
181 301
182 76
183 184
183 274
184 281
185 186
185 211
186 296
187 103
187 188
188 114
189 190
189 291
190 230
191 135
191 192
192 214
193 194
193 323
194 334
195 121
195 196
196 176
197 198
197 359
198 391
199 84
199 200
200 234
201 141
201 202
202 395
203 204
203 365
204 80
205 151
205 206
206 169
207 208
207 387
208 221
209 184
209 210
210 382
211 150
211 212
212 77
213 214
213 312
214 186
215 3
215 216
216 7
217 218
217 344
218 189
219 149
219 220
220 310
221 222
221 336
222 400
223 137
223 224
224 58
225 226
225 329
226 238
227 218
227 228
228 192
229 90
229 230
230 40
231 62
231 232
232 125
233 234
233 347
234 412
235 236
235 342
236 102
237 53
237 238
238 216
239 61
239 240
240 5
241 200
241 242
242 82
243 88
243 244
244 138
245 246
245 307
246 96
247 248
247 326
248 18
249 93
249 250
250 30
251 43
251 252
252 187
253 254
253 343
254 270
255 193
255 256
256 394
257 258
257 299
258 290
259 255
259 260
260 87
261 262
261 413
262 280
263 147
263 264
264 97
265 199
265 266
266 207
267 227
267 268
268 131
269 83
269 270
270 140
271 272
271 313
272 139
273 11
273 274
274 231
275 276
275 409
276 12
277 278
277 333
278 360
279 161
279 280
280 268
281 213
281 282
282 388
283 15
283 284
284 142
285 113
285 286
286 411
287 127
287 288
288 284
289 28
289 290
290 123
291 5
291 292
292 74
293 294
293 320
294 378
295 117
295 296
296 64
297 279
297 298
298 356
299 128
299 300
300 368
301 261
301 302
302 202
303 173
303 304
304 39
305 298
305 306
306 16
307 308
307 401
308 266
309 232
309 310
310 126
311 195
311 312
312 12
313 249
313 314
314 11
315 271
315 316
316 338
317 303
317 318
318 407
319 320
319 361
320 89
321 59
321 322
322 166
323 324
323 399
324 14
325 326
325 367
326 225
327 162
327 328
328 217
329 330
329 379
330 112
331 304
331 332
332 305
333 319
333 334
334 220
335 260
335 336
336 294
337 201
337 338
338 373
339 308
339 340
340 286
341 283
341 342
342 36
343 257
343 344
344 196
345 153
345 346
346 292
347 159
347 348
348 288
349 325
349 350
350 226
351 67
351 352
352 381
353 330
353 354
354 144
355 356
355 370
356 194
357 273
357 358
358 4
359 160
359 360
360 363
361 56
361 362
362 31
363 22
363 364
364 210
365 366
365 383
366 106
367 247
367 368
368 145
369 317
369 370
370 185
371 322
371 372
372 1
373 180
373 374
374 57
375 92
375 376
376 228
377 23
377 378
378 171
379 229
379 380
380 410
381 69
381 382
382 246
383 287
383 384
384 133
385 86
385 386
386 120
387 134
387 388
388 348
389 68
389 390
390 397
391 116
391 392
392 224
393 267
393 394
394 346
395 208
395 396
396 190
397 205
397 398
398 237
399 318
399 400
400 94
401 328
401 402
402 364
403 385
403 404
404 375
405 101
405 406
406 136
407 349
407 408
408 358
409 42
409 410
410 396
411 244
411 412
412 8
413 115
413 414
414 306
