0 195
0 407
1 51
1 182
3 4
3 193
4 5
4 91
6 249
5 351
7 58
7 275
9 322
8 111
8 349
10 150
13 216
13 305
15 161
15 175
17 102
17 264
19 9
19 186
21 22
21 315
23 24
23 344
24 63
25 26
25 43
26 189
27 17
27 28
28 180
29 30
29 395
30 114
31 32
31 243
32 101
33 34
33 187
34 270
35 36
35 413
36 86
37 38
37 343
38 231
39 40
39 399
40 108
41 31
41 42
42 77
43 44
43 321
44 368
45 46
45 57
46 87
47 48
47 299
48 237
49 50
49 381
50 380
51 52
51 239
52 334
53 54
53 359
54 389
55 56
55 316
56 396
57 58
57 319
58 404
59 60
59 410
60 260
61 38
61 62
62 144
63 64
63 397
64 362
65 66
65 169
66 412
67 68
67 279
68 30
69 70
69 158
70 21
71 72
71 110
72 50
73 74
73 269
74 125
75 76
75 165
76 236
77 78
77 252
78 246
79 80
79 374
80 330
81 82
81 192
82 200
83 84
83 247
84 228
85 19
85 86
86 238
87 88
87 245
88 131
89 90
89 202
90 212
91 92
91 241
92 120
93 1
93 94
94 265
95 68
95 96
96 53
97 67
97 98
98 210
99 100
99 356
100 96
101 102
101 166
102 126
103 104
103 115
104 226
105 106
105 224
106 222
107 108
107 291
108 104
109 110
109 213
110 240
111 112
111 251
112 36
113 114
113 145
114 354
115 116
115 388
116 390
117 74
117 118
118 171
119 120
119 353
120 106
121 122
121 384
122 168
123 124
123 197
124 12
125 126
125 140
126 325
127 25
127 128
128 358
129 130
129 242
130 350
131 90
131 132
132 296
133 134
133 157
134 7
135 130
135 136
136 360
137 138
137 371
138 34
139 140
139 295
140 88
141 142
141 194
142 254
143 47
143 144
144 267
145 146
145 335
146 89
147 148
147 273
148 124
149 150
149 376
150 209
151 152
151 283
152 112
153 103
153 154
154 132
155 6
155 156
156 79
157 35
157 158
158 41
159 151
159 160
160 304
161 135
161 162
162 284
163 33
163 164
164 139
165 166
165 307
166 174
167 168
167 379
168 16
169 133
169 170
170 320
171 172
171 372
172 337
173 174
173 414
174 167
175 172
175 176
176 366
177 107
177 178
178 52
179 180
179 394
180 10
181 182
181 393
182 355
183 184
183 281
184 198
185 186
185 278
186 219
187 188
187 277
188 81
189 190
189 232
190 408
191 192
191 207
192 294
193 127
193 194
194 268
195 3
195 196
196 13
197 198
197 235
198 223
199 200
199 298
200 56
201 156
201 202
202 387
203 204
203 367
204 301
205 177
205 206
206 227
207 208
207 375
208 170
209 210
209 342
210 326
211 212
211 402
212 262
213 39
213 214
214 29
215 216
215 261
216 382
217 218
217 244
218 162
219 62
219 220
220 250
221 71
221 222
222 122
223 160
223 224
224 11
225 69
225 226
226 332
227 94
227 228
228 10
229 24
229 230
230 129
231 232
231 405
232 206
233 201
233 234
234 214
235 76
235 236
236 312
237 93
237 238
238 116
239 181
239 240
240 8
241 97
241 242
242 392
243 155
243 244
244 123
245 246
245 401
246 280
247 248
247 378
248 20
249 45
249 250
250 370
251 252
251 409
252 336
253 254
253 297
254 44
255 256
255 285
256 27
257 5
257 258
258 138
259 260
259 266
260 148
261 262
261 347
262 292
263 264
263 339
264 218
265 266
265 363
266 188
267 268
267 329
268 136
269 215
269 270
270 199
271 159
271 272
272 258
273 274
273 369
274 310
275 276
275 293
276 98
277 48
277 278
278 75
279 65
279 280
280 105
281 179
281 282
282 217
283 183
283 284
284 84
285 229
285 286
286 118
287 83
287 288
288 72
289 290
289 300
290 173
291 292
291 373
292 82
293 208
293 294
294 142
295 146
295 296
296 184
297 153
297 298
298 400
299 300
299 352
300 59
301 15
301 302
302 328
303 49
303 304
304 302
305 306
305 311
306 323
307 78
307 308
308 220
309 221
309 310
310 314
311 55
311 312
312 204
313 255
313 314
314 338
315 196
315 316
316 46
317 109
317 318
318 80
319 163
319 320
320 253
321 322
321 391
322 306
323 324
323 411
324 361
325 64
325 326
326 333
327 225
327 328
328 290
329 54
329 330
330 386
331 205
331 332
332 286
333 308
333 334
334 340
335 336
335 385
336 149
337 66
337 338
338 28
339 191
339 340
340 14
341 37
341 342
342 176
343 99
343 344
344 137
345 346
345 348
346 119
347 327
347 348
348 303
349 26
349 350
350 364
351 143
351 352
352 357
353 341
353 354
354 134
355 23
355 356
356 233
357 73
357 358
358 18
359 360
359 406
360 276
361 42
361 362
362 128
363 364
363 377
364 154
365 271
365 366
366 288
367 289
367 368
368 248
369 331
369 370
370 60
371 147
371 372
372 152
373 263
373 374
374 234
375 95
375 376
376 185
377 230
377 378
378 272
379 40
379 380
380 141
381 317
381 382
382 403
383 164
383 384
384 318
385 346
385 386
386 256
387 259
387 388
388 274
389 383
389 390
390 92
391 6
391 392
392 100
393 203
393 394
394 313
395 178
395 396
396 282
397 324
397 398
398 32
399 70
399 400
400 190
401 211
401 402
402 113
403 2
403 404
404 309
405 85
405 406
406 287
407 345
407 408
408 117
409 61
409 410
410 9
411 365
411 412
412 121
413 257
413 414
414 398
