0 2
0 289
1 24
1 381
3 116
3 138
5 82
4 106
4 251
6 234
9 85
9 315
10 167
10 225
12 247
11 199
13 139
13 385
15 119
15 376
17 136
17 190
19 89
19 97
21 91
21 186
23 24
23 369
24 346
25 26
25 373
26 110
27 28
27 57
28 112
29 30
29 149
30 340
31 3
31 32
32 185
33 34
33 306
34 8
35 12
35 36
36 147
37 1
37 38
38 410
39 40
39 175
40 135
41 42
41 220
42 209
43 44
43 411
44 248
45 46
45 390
46 86
47 11
47 48
48 386
49 50
49 102
50 202
51 52
51 353
52 134
53 54
53 152
54 188
55 56
55 356
56 162
57 58
57 123
58 408
59 60
59 104
60 300
61 62
61 274
62 252
63 64
63 67
64 42
65 66
65 387
66 339
67 68
67 233
68 107
69 5
69 70
70 303
71 72
71 211
72 23
73 74
73 281
74 360
75 51
75 76
76 399
77 9
77 78
78 61
79 80
79 197
80 222
81 82
81 394
82 302
83 49
83 84
84 142
85 75
85 86
86 32
87 70
87 88
88 22
89 90
89 363
90 310
91 59
91 92
92 212
93 4
93 94
94 266
95 96
95 118
96 181
97 98
97 198
98 224
99 100
99 141
100 218
101 102
101 128
102 58
103 104
103 388
104 88
105 106
105 217
106 90
107 108
107 127
108 45
109 105
109 110
110 405
111 40
111 112
112 359
113 114
113 337
114 150
115 116
115 297
116 180
117 77
117 118
118 395
119 78
119 120
120 414
121 122
121 296
122 354
123 124
123 129
124 184
125 79
125 126
126 21
127 128
127 272
128 126
129 130
129 331
130 347
131 132
131 219
132 382
133 134
133 235
134 293
135 136
135 258
136 280
137 138
137 285
138 13
139 140
139 227
140 350
141 65
141 142
142 393
143 144
143 193
144 404
145 76
145 146
146 407
147 148
147 200
148 30
149 99
149 150
150 348
151 117
151 152
152 329
153 130
153 154
154 38
155 156
155 398
156 249
157 158
157 273
158 279
159 37
159 160
160 406
161 162
161 170
162 140
163 164
163 341
164 332
165 60
165 166
166 334
167 131
167 168
168 146
169 170
169 245
170 226
171 172
171 267
172 163
173 174
173 327
174 324
175 176
175 325
176 242
177 178
177 194
178 55
179 36
179 180
180 243
181 182
181 256
182 17
183 184
183 290
184 237
185 186
185 412
186 307
187 154
187 188
188 402
189 187
189 190
190 288
191 73
191 192
192 228
193 111
193 194
194 93
195 80
195 196
196 299
197 198
197 260
198 287
199 200
199 323
200 206
201 137
201 202
202 368
203 204
203 215
204 322
205 206
205 317
206 304
207 208
207 244
208 292
209 210
209 378
210 336
211 39
211 212
212 50
213 48
213 214
214 210
215 216
215 239
216 44
217 218
217 275
218 238
219 220
219 259
220 384
221 222
221 374
222 316
223 35
223 224
224 178
225 183
225 226
226 176
227 228
227 401
228 291
229 43
229 230
230 10
231 41
231 232
232 56
233 234
233 283
234 148
235 63
235 236
236 196
237 31
237 238
238 326
239 151
239 240
240 7
241 223
241 242
242 25
243 26
243 244
244 270
245 246
245 271
246 250
247 115
247 248
248 333
249 72
249 250
250 166
251 207
251 252
252 308
253 101
253 254
254 54
255 241
255 256
256 156
257 258
257 319
258 383
259 260
259 397
260 171
261 262
261 389
262 144
263 153
263 264
264 98
265 266
265 282
266 277
267 84
267 268
268 204
269 108
269 270
270 122
271 125
271 272
272 11
273 114
273 274
274 309
275 255
275 276
276 330
277 168
277 278
278 413
279 160
279 280
280 278
281 282
281 305
282 95
283 47
283 284
284 236
285 52
285 286
286 342
287 71
287 288
288 232
289 290
289 391
290 375
291 292
291 400
292 214
293 294
293 295
294 64
295 296
295 351
296 15
297 53
297 298
298 157
299 192
299 300
300 358
301 96
301 302
302 372
303 304
303 352
304 100
305 173
305 306
306 155
307 213
307 308
308 208
309 310
309 313
310 174
311 6
311 312
312 5
313 179
313 314
314 294
315 19
315 316
316 367
317 120
317 318
318 20
319 320
319 409
320 92
321 191
321 322
322 177
323 324
323 371
324 338
325 201
325 326
326 14
327 203
327 328
328 28
329 159
329 330
330 62
331 113
331 332
332 33
333 320
333 334
334 362
335 172
335 336
336 165
337 338
337 403
338 361
339 261
339 340
340 46
341 81
341 342
342 6
343 205
343 344
344 364
345 230
345 346
346 231
347 301
347 348
348 366
349 164
349 350
350 343
351 12
351 352
352 221
353 29
353 354
354 87
355 356
355 370
356 182
357 276
357 358
358 246
359 74
359 360
360 240
361 69
361 362
362 18
363 27
363 364
364 312
365 257
365 366
366 121
367 314
367 368
368 380
369 66
369 370
370 94
371 335
371 372
372 328
373 349
373 374
374 392
375 169
375 376
376 355
377 145
377 378
378 189
379 268
379 380
380 16
381 161
381 382
382 286
383 158
383 384
384 254
385 143
385 386
386 34
387 103
387 388
388 345
389 124
389 390
390 216
391 365
391 392
392 396
393 68
393 394
394 265
395 377
395 396
396 195
397 133
397 398
398 263
399 109
399 400
400 311
401 298
401 402
402 344
403 229
403 404
404 379
405 284
405 406
406 262
407 269
407 408
408 318
409 321
409 410
410 132
411 83
411 412
412 264
413 357
413 414
414 253
