0 28
0 133
3 73
3 173
4 41
4 60
6 163
5 201
7 9
7 27
8 10
8 30
9 206
10 138
11 200
11 213
13 94
13 119
15 54
15 175
17 145
17 168
19 118
19 148
21 86
21 130
23 24
23 79
24 143
25 26
25 155
26 76
27 28
27 111
28 150
29 30
29 101
30 58
31 32
31 157
32 2
33 34
33 199
34 131
35 36
35 87
36 32
37 38
37 59
38 43
39 40
39 211
40 164
41 42
41 125
42 120
43 44
43 57
44 190
45 46
45 93
46 156
47 4
47 48
48 195
49 50
49 165
50 167
51 52
51 185
52 74
53 6
53 54
54 210
55 56
55 152
56 162
57 58
57 114
58 70
59 35
59 60
60 55
61 62
61 203
62 46
63 64
63 136
64 106
65 25
65 66
66 17
67 68
67 140
68 191
69 70
69 137
70 102
71 48
71 72
72 176
73 74
73 189
74 1
75 37
75 76
76 5
77 78
77 112
78 158
79 80
79 197
80 45
81 82
81 97
82 50
83 84
83 153
84 204
85 86
85 117
86 22
87 3
87 88
88 179
89 44
89 90
90 187
91 92
91 181
92 104
93 94
93 188
94 196
95 96
95 194
96 154
97 51
97 98
98 9
99 95
99 100
100 192
101 102
101 202
102 98
103 104
103 139
104 15
105 90
105 106
106 16
107 11
107 108
108 110
109 103
109 110
110 214
111 112
111 115
112 64
113 49
113 114
114 24
115 116
115 172
116 62
117 118
117 171
118 100
119 120
119 205
120 178
121 122
121 169
122 52
123 124
123 151
124 7
125 88
125 126
126 66
127 128
127 129
128 160
129 67
129 130
130 207
131 132
131 208
132 126
133 134
133 149
134 159
135 47
135 136
136 20
137 5
137 138
138 36
139 134
139 140
140 146
141 6
141 142
142 13
143 83
143 144
144 77
145 89
145 146
146 161
147 71
147 148
148 122
149 75
149 150
150 147
151 152
151 193
152 26
153 154
153 198
154 209
155 123
155 156
156 56
157 124
157 158
158 212
159 160
159 180
160 96
161 42
161 162
162 8
163 38
163 164
164 72
165 65
165 166
166 174
167 132
167 168
168 18
169 135
169 170
170 127
171 105
171 172
172 177
173 81
173 174
174 31
175 40
175 176
176 68
177 92
177 178
178 84
179 39
179 180
180 80
181 85
181 182
182 21
183 141
183 184
184 182
185 61
185 186
186 82
187 99
187 188
188 170
189 183
189 190
190 91
191 142
191 192
192 63
193 23
193 194
194 166
195 109
195 196
196 128
197 121
197 198
198 29
199 69
199 200
200 34
201 107
201 202
202 186
203 113
203 204
204 108
205 116
205 206
206 184
207 78
207 208
208 12
209 14
209 210
210 144
211 33
211 212
212 10
213 53
213 214
214 19
