0 105
0 131
2 99
2 153
3 122
3 177
5 117
4 6
4 135
6 118
9 54
9 165
10 11
10 160
11 12
12 188
13 63
13 65
15 8
15 16
17 62
17 190
19 83
19 129
21 75
21 136
23 24
23 210
24 199
25 26
25 93
26 104
27 28
27 147
28 110
29 18
29 30
30 114
31 29
31 32
32 113
33 34
33 181
34 13
35 36
35 145
36 166
37 38
37 126
38 125
39 40
39 85
40 134
41 42
41 100
42 76
43 6
43 44
44 31
45 46
45 167
46 30
47 48
47 170
48 79
49 50
49 88
50 130
51 52
51 159
52 102
53 54
53 151
54 33
55 56
55 92
56 201
57 51
57 58
58 27
59 60
59 106
60 74
61 62
61 128
62 174
63 64
63 202
64 84
65 48
65 66
66 44
67 68
67 115
68 186
69 70
69 127
70 185
71 72
71 124
72 1
73 55
73 74
74 94
75 76
75 163
76 148
77 67
77 78
78 198
79 80
79 194
80 82
81 82
81 121
82 143
83 20
83 84
84 207
85 37
85 86
86 161
87 88
87 103
88 119
89 32
89 90
90 214
91 92
91 141
92 182
93 94
93 155
94 89
95 41
95 96
96 101
97 98
97 158
98 35
99 100
99 140
100 23
101 61
101 102
102 60
103 104
103 189
104 203
105 106
105 171
106 162
107 97
107 108
108 96
109 64
109 110
110 68
111 112
111 191
112 142
113 114
113 196
114 112
115 2
115 116
116 58
117 118
117 152
118 86
119 120
119 150
120 192
121 77
121 122
122 17
123 19
123 124
124 169
125 43
125 126
126 146
127 81
127 128
128 200
129 130
129 197
130 98
131 132
131 139
132 26
133 134
133 173
134 154
135 136
135 187
136 22
137 5
137 138
138 46
139 53
139 140
140 213
141 142
141 211
142 184
143 108
143 144
144 12
145 34
145 146
146 7
147 137
147 148
148 70
149 49
149 150
150 95
151 69
151 152
152 204
153 133
153 154
154 52
155 3
155 156
156 116
157 156
157 158
158 205
159 10
159 160
160 111
161 120
161 162
162 175
163 40
163 164
164 109
165 57
165 166
166 14
167 168
167 193
168 183
169 24
169 170
170 5
171 107
171 172
172 212
173 73
173 174
174 176
175 176
175 208
176 66
177 38
177 178
178 168
179 9
179 180
180 47
181 11
181 182
182 71
183 78
183 184
184 72
185 178
185 186
186 90
187 157
187 188
188 138
189 25
189 190
190 209
191 123
191 192
192 59
193 149
193 194
194 39
195 179
195 196
196 42
197 172
197 198
198 164
199 180
199 200
200 206
201 50
201 202
202 36
203 195
203 204
204 56
205 132
205 206
206 21
207 28
207 208
208 15
209 4
209 210
210 80
211 87
211 212
212 45
213 91
213 214
214 144
