0 135
0 171
3 68
3 180
4 78
4 196
6 32
5 108
7 53
7 79
8 63
8 208
9 75
10 197
11 54
11 100
13 132
13 181
15 26
15 154
17 58
17 157
19 65
19 110
21 77
21 174
23 24
23 176
24 60
25 26
25 210
26 70
27 9
27 28
28 190
29 30
29 119
30 165
31 7
31 32
32 82
33 34
33 199
34 22
35 36
35 88
36 194
37 38
37 72
38 169
39 40
39 137
40 92
41 42
41 158
42 80
43 44
43 183
44 114
45 46
45 161
46 104
47 48
47 117
48 97
49 50
49 91
50 123
51 40
51 52
52 36
53 43
53 54
54 156
55 56
55 129
56 124
57 6
57 58
58 96
59 60
59 147
60 6
61 62
61 115
62 146
63 19
63 64
64 192
65 66
65 205
66 17
67 49
67 68
68 136
69 52
69 70
70 105
71 72
71 212
72 89
73 28
73 74
74 102
75 76
75 122
76 23
77 25
77 78
78 86
79 30
79 80
80 144
81 82
81 198
82 46
83 84
83 127
84 3
85 86
85 195
86 76
87 88
87 95
88 116
89 90
89 98
90 94
91 31
91 92
92 188
93 94
93 166
94 81
95 55
95 96
96 140
97 8
97 98
98 33
99 59
99 100
100 27
101 102
101 106
102 42
103 104
103 125
104 126
105 50
105 106
106 178
107 48
107 108
108 56
109 51
109 110
110 153
111 112
111 173
112 5
113 99
113 114
114 163
115 67
115 116
116 109
117 118
117 139
118 37
119 120
119 191
120 204
121 29
121 122
122 62
123 16
123 124
124 41
125 14
125 126
126 182
127 128
127 141
128 152
129 47
129 130
130 172
131 71
131 132
132 103
133 134
133 149
134 186
135 111
135 136
136 15
137 113
137 138
138 162
139 121
139 140
140 18
141 142
141 211
142 128
143 24
143 144
144 2
145 35
145 146
146 120
147 118
147 148
148 184
149 150
149 185
150 142
151 83
151 152
152 4
153 131
153 154
154 90
155 73
155 156
156 12
157 10
157 158
158 200
159 130
159 160
160 179
161 150
161 162
162 20
163 45
163 164
164 148
165 166
165 175
166 187
167 64
167 168
168 9
169 84
169 170
170 112
171 1
171 172
172 85
173 87
173 174
174 164
175 176
175 203
176 206
177 134
177 178
178 44
179 10
179 180
180 101
181 69
181 182
182 74
183 184
183 207
184 34
185 66
185 186
186 214
187 145
187 188
188 167
189 11
189 190
190 5
191 159
191 192
192 168
193 133
193 194
194 21
195 61
195 196
196 155
197 13
197 198
198 57
199 177
199 200
200 202
201 202
201 209
202 143
203 201
203 204
204 193
205 189
205 206
206 170
207 151
207 208
208 39
209 93
209 210
210 38
211 107
211 212
212 213
213 138
213 214
214 160
