0 43
0 44
3 77
3 173
4 21
4 121
5 119
6 81
7 160
7 176
8 10
8 70
9 162
10 13
11 114
11 150
13 78
13 182
15 51
15 107
17 46
17 111
19 161
19 190
21 163
21 197
23 24
23 186
24 126
25 26
25 117
26 170
27 28
27 55
28 26
29 30
29 131
30 10
31 32
31 134
32 20
33 4
33 34
34 168
35 36
35 102
36 110
37 38
37 47
38 184
39 40
39 171
40 24
41 42
41 211
42 135
43 44
43 49
44 88
45 46
45 65
46 75
47 41
47 48
48 35
49 37
49 50
50 22
51 52
51 63
52 2
53 54
53 127
54 129
55 56
55 57
56 140
57 58
57 193
58 113
59 60
59 165
60 103
61 62
61 123
62 202
63 64
63 187
64 45
65 66
65 146
66 147
67 68
67 74
68 7
69 70
69 208
70 185
71 72
71 204
72 28
73 5
73 74
74 100
75 76
75 136
76 144
77 27
77 78
78 62
79 80
79 164
80 128
81 59
81 82
82 23
83 84
83 175
84 200
85 86
85 198
86 71
87 88
87 179
88 42
89 83
89 90
90 130
91 92
91 153
92 210
93 86
93 94
94 19
95 96
95 132
96 50
97 98
97 209
98 142
99 100
99 212
100 148
101 91
101 102
102 56
103 36
103 104
104 38
105 106
105 155
106 68
107 48
107 108
108 1
109 110
109 178
110 203
111 112
111 194
112 172
113 114
113 152
114 8
115 116
115 145
116 40
117 118
117 183
118 58
119 120
119 125
120 9
121 85
121 122
122 17
123 90
123 124
124 11
125 126
125 199
126 30
127 25
127 128
128 105
129 6
129 130
130 166
131 79
131 132
132 84
133 89
133 134
134 206
135 69
135 136
136 82
137 138
137 189
138 141
139 109
139 140
140 16
141 29
141 142
142 32
143 52
143 144
144 180
145 94
145 146
146 72
147 92
147 148
148 143
149 150
149 169
150 12
151 122
151 152
152 101
153 95
153 154
154 156
155 156
155 192
156 214
157 158
157 159
158 93
159 160
159 207
160 167
161 64
161 162
162 66
163 133
163 164
164 139
165 115
165 166
166 195
167 61
167 168
168 120
169 80
169 170
170 201
171 112
171 172
172 181
173 87
173 174
174 9
175 138
175 176
176 174
177 178
177 191
178 158
179 157
179 180
180 98
181 97
181 182
182 196
183 137
183 184
184 67
185 34
185 186
186 18
187 6
187 188
188 118
189 54
189 190
190 76
191 33
191 192
192 5
193 149
193 194
194 73
195 124
195 196
196 108
197 151
197 198
198 213
199 15
199 200
200 39
201 154
201 202
202 14
203 99
203 204
204 96
205 53
205 206
206 106
207 177
207 208
208 60
209 104
209 210
210 116
211 3
211 212
212 188
213 205
213 214
214 31
