0 79
0 141
2 114
2 165
3 82
3 164
5 150
4 48
4 210
6 76
9 97
9 157
10 112
10 191
12 179
11 195
13 46
13 160
15 27
15 145
17 32
17 119
19 63
19 87
21 5
21 68
23 24
23 125
24 202
25 26
25 59
26 64
27 28
27 50
28 138
29 30
29 56
30 186
31 4
31 32
32 18
33 20
33 34
34 207
35 36
35 117
36 126
37 38
37 161
38 1
39 40
39 189
40 6
41 23
41 42
42 133
43 44
43 144
44 176
45 46
45 173
46 12
47 24
47 48
48 40
49 50
49 83
50 116
51 15
51 52
52 198
53 54
53 159
54 168
55 36
55 56
56 91
57 58
57 137
58 212
59 60
59 155
60 162
61 62
61 201
62 37
63 64
63 80
64 102
65 66
65 172
66 171
67 68
67 90
68 196
69 70
69 192
70 13
71 29
71 72
72 118
73 74
73 123
74 129
75 76
75 211
76 166
77 78
77 156
78 134
79 25
79 80
80 177
81 49
81 82
82 107
83 84
83 163
84 51
85 30
85 86
86 130
87 33
87 88
88 96
89 90
89 147
90 95
91 58
91 92
92 93
93 88
93 94
94 175
95 60
95 96
96 94
97 98
97 151
98 5
99 100
99 135
100 146
101 16
101 102
102 132
103 104
103 183
104 8
105 106
105 115
106 85
107 26
107 108
108 204
109 57
109 110
110 143
111 74
111 112
112 41
113 73
113 114
114 200
115 116
115 205
116 70
117 118
117 187
118 21
119 120
119 199
120 44
121 17
121 122
122 128
123 109
123 124
124 62
125 126
125 131
126 66
127 10
127 128
128 139
129 130
129 197
130 182
131 53
131 132
132 158
133 134
133 190
134 122
135 72
135 136
136 106
137 45
137 138
138 86
139 140
139 178
140 170
141 69
141 142
142 47
143 140
143 144
144 208
145 101
145 146
146 43
147 121
147 148
148 113
149 14
149 150
150 7
151 127
151 152
152 194
153 11
153 154
154 108
155 39
155 156
156 103
157 42
157 158
158 136
159 65
159 160
160 152
161 77
161 162
162 214
163 9
163 164
164 92
165 99
165 166
166 28
167 81
167 168
168 100
169 52
169 170
170 193
171 172
171 181
172 19
173 111
173 174
174 84
175 31
175 176
176 6
177 11
177 178
178 209
179 180
179 213
180 34
181 110
181 182
182 104
183 153
183 184
184 12
185 169
185 186
186 120
187 124
187 188
188 38
189 190
189 203
190 184
191 89
191 192
192 105
193 154
193 194
194 149
195 174
195 196
196 180
197 75
197 198
198 142
199 148
199 200
200 71
201 55
201 202
202 67
203 167
203 204
204 188
205 61
205 206
206 22
207 206
207 208
208 3
209 2
209 210
210 98
211 35
211 212
212 54
213 185
213 214
214 78
