0 105
0 183
1 5
1 117
2 145
2 151
3 107
3 181
5 96
4 91
4 202
6 54
9 66
9 103
10 47
10 152
11 28
12 82
15 176
15 191
17 4
17 86
19 139
19 146
21 92
21 212
23 24
23 81
24 78
25 26
25 32
26 137
27 28
27 72
28 166
29 30
29 106
30 158
31 32
31 182
32 167
33 34
33 61
34 187
35 36
35 76
36 173
37 38
37 150
38 45
39 40
39 44
40 56
41 14
41 42
42 120
43 44
43 208
44 67
45 46
45 79
46 204
47 19
47 48
48 70
49 21
49 50
50 133
51 3
51 52
52 35
53 54
53 207
54 65
55 56
55 196
56 80
57 58
57 73
58 200
59 60
59 185
60 188
61 62
61 149
62 127
63 64
63 87
64 75
65 8
65 66
66 11
67 68
67 114
68 170
69 70
69 175
70 206
71 9
71 72
72 48
73 52
73 74
74 142
75 76
75 154
76 198
77 1
77 78
78 5
79 80
79 195
80 138
81 82
81 85
82 205
83 84
83 189
84 128
85 86
85 124
86 74
87 88
87 201
88 116
89 90
89 93
90 24
91 92
91 214
92 125
93 10
93 94
94 192
95 96
95 153
96 210
97 98
97 160
98 102
99 100
99 140
100 203
101 102
101 109
102 126
103 15
103 104
104 144
105 106
105 119
106 157
107 53
107 108
108 136
109 97
109 110
110 108
111 99
111 112
112 89
113 17
113 114
114 84
115 90
115 116
116 110
117 23
117 118
118 155
119 33
119 120
120 49
121 122
121 194
122 6
123 59
123 124
124 51
125 126
125 143
126 88
127 100
127 128
128 174
129 122
129 130
130 13
131 83
131 132
132 118
133 101
133 134
134 60
135 16
135 136
136 11
137 57
137 138
138 130
139 42
139 140
140 55
141 6
141 142
142 18
143 20
143 144
144 30
145 112
145 146
146 98
147 31
147 148
148 134
149 150
149 163
150 77
151 95
151 152
152 190
153 131
153 154
154 39
155 121
155 156
156 43
157 158
157 162
158 168
159 69
159 160
160 115
161 159
161 162
162 193
163 164
163 165
164 132
165 123
165 166
166 68
167 168
167 199
168 172
169 12
169 170
170 40
171 41
171 172
172 135
173 164
173 174
174 7
175 71
175 176
176 169
177 178
177 211
178 27
179 25
179 180
180 171
181 182
181 197
182 2
183 63
183 184
184 94
185 186
185 213
186 147
187 50
187 188
188 129
189 161
189 190
190 12
191 104
191 192
192 36
193 111
193 194
194 180
195 29
195 196
196 156
197 179
197 198
198 148
199 177
199 200
200 34
201 186
201 202
202 209
203 113
203 204
204 58
205 184
205 206
206 22
207 26
207 208
208 62
209 46
209 210
210 64
211 38
211 212
212 178
213 37
213 214
214 141
