0 87
0 99
2 59
2 101
3 143
3 146
4 5
4 96
5 208
6 186
9 10
9 26
10 15
10 145
12 80
11 60
13 180
13 182
15 49
15 201
17 27
17 40
19 18
19 29
21 110
21 149
23 3
23 24
24 16
25 26
25 212
26 48
27 28
27 203
28 39
29 30
29 175
30 136
31 32
31 155
32 147
33 34
33 210
34 62
35 36
35 97
36 130
37 38
37 196
38 1
39 40
39 148
40 151
41 6
41 42
42 37
43 44
43 115
44 113
45 46
45 199
46 134
47 48
47 98
48 119
49 50
49 141
50 170
51 52
51 89
52 156
53 21
53 54
54 158
55 11
55 56
56 50
57 58
57 139
58 166
59 43
59 60
60 190
61 62
61 74
62 12
63 64
63 163
64 75
65 66
65 84
66 22
67 31
67 68
68 135
69 65
69 70
70 125
71 35
71 72
72 57
73 74
73 157
74 168
75 34
75 76
76 102
77 78
77 177
78 54
79 55
79 80
80 38
81 82
81 111
82 133
83 84
83 161
84 88
85 86
85 100
86 33
87 88
87 105
88 107
89 71
89 90
90 121
91 92
91 160
92 41
93 32
93 94
94 116
95 52
95 96
96 6
97 63
97 98
98 117
99 100
99 206
100 176
101 36
101 102
102 142
103 61
103 104
104 7
105 106
105 181
106 191
107 108
107 183
108 195
109 94
109 110
110 66
111 73
111 112
112 76
113 90
113 114
114 140
115 116
115 137
116 47
117 118
117 167
118 53
119 103
119 120
120 162
121 114
121 122
122 120
123 124
123 165
124 174
125 126
125 131
126 20
127 109
127 128
128 184
129 93
129 130
130 106
131 132
131 211
132 122
133 118
133 134
134 5
135 92
135 136
136 128
137 45
137 138
138 127
139 129
139 140
140 69
141 67
141 142
142 12
143 138
143 144
144 185
145 146
145 179
146 95
147 148
147 164
148 8
149 150
149 178
150 154
151 152
151 169
152 209
153 28
153 154
154 14
155 44
155 156
156 83
157 158
157 193
158 79
159 11
159 160
160 192
161 46
161 162
162 200
163 72
163 164
164 2
165 17
165 166
166 30
167 168
167 173
168 124
169 19
169 170
170 64
171 9
171 172
172 4
173 68
173 174
174 152
175 85
175 176
176 70
177 82
177 178
178 197
179 123
179 180
180 159
181 182
181 205
182 91
183 42
183 184
184 24
185 13
185 186
186 81
187 78
187 188
188 56
189 190
189 214
190 25
191 172
191 192
192 150
193 153
193 194
194 202
195 112
195 196
196 204
197 132
197 198
198 86
199 23
199 200
200 198
201 187
201 202
202 188
203 189
203 204
204 58
205 51
205 206
206 213
207 171
207 208
208 104
209 194
209 210
210 126
211 77
211 212
212 108
213 207
213 214
214 144
