0 153
0 199
1 85
1 135
3 103
3 144
4 64
4 162
5 44
6 47
7 141
7 179
9 166
8 52
8 53
10 57
13 150
13 161
15 101
15 104
17 81
17 205
19 111
19 160
21 33
21 116
23 24
23 143
24 78
25 26
25 50
26 96
27 28
27 69
28 147
29 30
29 37
30 98
31 32
31 63
32 2
33 34
33 92
34 6
35 36
35 186
36 167
37 38
37 185
38 34
39 25
39 40
40 214
41 42
41 107
42 3
43 44
43 175
44 40
45 46
45 86
46 105
47 48
47 206
48 142
49 50
49 76
50 18
51 52
51 149
52 181
53 54
53 189
54 129
55 29
55 56
56 72
57 58
57 87
58 114
59 60
59 164
60 5
61 62
61 97
62 84
63 35
63 64
64 171
65 66
65 146
66 9
67 10
67 68
68 190
69 70
69 196
70 120
71 72
71 91
72 121
73 74
73 109
74 110
75 76
75 169
76 203
77 78
77 183
78 6
79 80
79 184
80 16
81 43
81 82
82 23
83 75
83 84
84 207
85 86
85 113
86 212
87 88
87 127
88 89
89 73
89 90
90 19
91 61
91 92
92 22
93 41
93 94
94 102
95 12
95 96
96 192
97 83
97 98
98 176
99 55
99 100
100 51
101 94
101 102
102 21
103 90
103 104
104 24
105 70
105 106
106 172
107 7
107 108
108 106
109 110
109 137
110 198
111 112
111 165
112 39
113 66
113 114
114 194
115 116
115 195
116 36
117 118
117 128
118 152
119 120
119 126
120 173
121 95
121 122
122 58
123 8
123 124
124 68
125 88
125 126
126 4
127 128
127 209
128 112
129 130
129 158
130 14
131 49
131 132
132 211
133 122
133 134
134 45
135 93
135 136
136 163
137 28
137 138
138 82
139 56
139 140
140 32
141 142
141 197
142 174
143 13
143 144
144 115
145 125
145 146
146 27
147 148
147 213
148 30
149 148
149 150
150 130
151 26
151 152
152 38
153 1
153 154
154 65
155 67
155 156
156 133
157 158
157 159
158 201
159 160
159 180
160 20
161 15
161 162
162 178
163 131
163 164
164 193
165 166
165 187
166 48
167 168
167 202
168 140
169 155
169 170
170 134
171 172
171 177
172 118
173 174
173 188
174 79
175 77
175 176
176 80
177 138
177 178
178 46
179 123
179 180
180 136
181 182
181 208
182 5
183 119
183 184
184 11
185 31
185 186
186 71
187 17
187 188
188 74
189 99
189 190
190 139
191 192
191 200
192 204
193 9
193 194
194 170
195 151
195 196
196 124
197 10
197 198
198 60
199 191
199 200
200 54
201 145
201 202
202 210
203 154
203 204
204 182
205 156
205 206
206 168
207 42
207 208
208 59
209 157
209 210
210 132
211 100
211 212
212 117
213 62
213 214
214 108
