0 82
0 167
1 57
1 207
3 199
3 203
4 101
4 197
5 111
6 35
7 47
7 126
9 144
8 42
8 74
10 134
13 9
13 102
15 58
15 200
17 6
17 158
19 20
19 23
21 87
21 173
23 24
23 210
24 68
25 26
25 63
26 56
27 28
27 181
28 86
29 30
29 108
30 139
31 32
31 155
32 149
33 10
33 34
34 184
35 36
35 178
36 46
37 38
37 182
38 201
39 32
39 40
40 192
41 42
41 168
42 50
43 44
43 105
44 122
45 46
45 55
46 166
47 48
47 146
48 90
49 50
49 60
50 156
51 52
51 54
52 176
53 54
53 211
54 99
55 56
55 66
56 213
57 36
57 58
58 120
59 60
59 65
60 137
61 31
61 62
62 14
63 64
63 77
64 136
65 66
65 121
66 22
67 68
67 152
68 148
69 70
69 147
70 53
71 72
71 84
72 110
73 8
73 74
74 133
75 76
75 145
76 27
77 49
77 78
78 106
79 80
79 187
80 26
81 82
81 179
82 138
83 84
83 204
84 17
85 79
85 86
86 214
87 41
87 88
88 135
89 90
89 159
90 116
91 62
91 92
92 194
93 94
93 153
94 34
95 59
95 96
96 202
97 98
97 189
98 33
99 100
99 103
100 130
101 102
101 157
102 91
103 104
103 131
104 88
105 106
105 175
106 162
107 43
107 108
108 195
109 96
109 110
110 28
111 83
111 112
112 196
113 114
113 123
114 67
115 116
115 183
116 13
117 118
117 164
118 100
119 70
119 120
120 212
121 122
121 165
122 209
123 89
123 124
124 188
125 85
125 126
126 129
127 37
127 128
128 154
129 76
129 130
130 190
131 132
131 206
132 92
133 48
133 134
134 150
135 11
135 136
136 78
137 138
137 161
138 160
139 140
139 170
140 10
141 29
141 142
142 30
143 25
143 144
144 127
145 71
145 146
146 186
147 107
147 148
148 94
149 21
149 150
150 64
151 113
151 152
152 73
153 141
153 154
154 72
155 93
155 156
156 24
157 19
157 158
158 115
159 160
159 177
160 132
161 162
161 169
162 12
163 97
163 164
164 109
165 166
165 171
166 193
167 69
167 168
168 44
169 7
169 170
170 38
171 3
171 172
172 51
173 142
173 174
174 2
175 95
175 176
176 15
177 125
177 178
178 191
179 180
179 205
180 143
181 52
181 182
182 40
183 184
183 198
184 140
185 75
185 186
186 117
187 5
187 188
188 39
189 185
189 190
190 112
191 1
191 192
192 208
193 172
193 194
194 174
195 163
195 196
196 128
197 81
197 198
198 119
199 4
199 200
200 114
201 18
201 202
202 118
203 5
203 204
204 61
205 151
205 206
206 180
207 9
207 208
208 104
209 45
209 210
210 6
211 124
211 212
212 80
213 16
213 214
214 98
