0 3
0 19
3 17
3 33
4 5
4 79
5 91
6 153
7 100
7 137
8 54
8 154
9 139
10 39
11 129
11 157
13 28
13 120
15 80
15 127
17 195
17 204
19 41
19 87
21 32
21 35
23 2
23 24
24 212
25 26
25 171
26 102
27 28
27 205
28 144
29 30
29 193
30 119
31 32
31 136
32 116
33 34
33 191
34 110
35 36
35 98
36 65
37 38
37 115
38 8
39 40
39 60
40 179
41 42
41 109
42 97
43 30
43 44
44 162
45 46
45 150
46 63
47 48
47 178
48 148
49 50
49 182
50 64
51 52
51 57
52 180
53 4
53 54
54 73
55 56
55 111
56 168
57 58
57 124
58 135
59 60
59 103
60 165
61 38
61 62
62 210
63 64
63 108
64 122
65 34
65 66
66 170
67 68
67 145
68 7
69 70
69 187
70 90
71 72
71 131
72 9
73 74
73 147
74 14
75 76
75 141
76 24
77 12
77 78
78 40
79 43
79 80
80 37
81 53
81 82
82 89
83 55
83 84
84 207
85 42
85 86
86 125
87 20
87 88
88 196
89 77
89 90
90 117
91 27
91 92
92 107
93 6
93 94
94 15
95 96
95 185
96 176
97 69
97 98
98 78
99 100
99 174
100 49
101 31
101 102
102 112
103 104
103 172
104 118
105 106
105 198
106 206
107 108
107 211
108 126
109 110
109 151
110 10
111 112
111 143
112 166
113 114
113 155
114 158
115 116
115 149
116 58
117 21
117 118
118 56
119 120
119 209
120 72
121 122
121 190
122 104
123 83
123 124
124 203
125 126
125 138
126 10
127 128
127 159
128 142
129 130
129 133
130 66
131 81
131 132
132 1
133 82
133 134
134 36
135 136
135 156
136 46
137 138
137 146
138 175
139 140
139 194
140 18
141 101
141 142
142 186
143 95
143 144
144 92
145 6
145 146
146 13
147 62
147 148
148 160
149 132
149 150
150 200
151 94
151 152
152 26
153 51
153 154
154 189
155 156
155 201
156 130
157 9
157 158
158 76
159 113
159 160
160 184
161 99
161 162
162 16
163 74
163 164
164 140
165 48
165 166
166 52
167 61
167 168
168 128
169 88
169 170
170 86
171 172
171 183
172 75
173 105
173 174
174 192
175 176
175 213
176 152
177 5
177 178
178 181
179 163
179 180
180 214
181 68
181 182
182 167
183 177
183 184
184 23
185 71
185 186
186 44
187 96
187 188
188 121
189 84
189 190
190 134
191 123
191 192
192 199
193 25
193 194
194 188
195 29
195 196
196 70
197 85
197 198
198 11
199 45
199 200
200 197
201 161
201 202
202 59
203 47
203 204
204 164
205 67
205 206
206 50
207 173
207 208
208 106
209 93
209 210
210 202
211 169
211 212
212 208
213 22
213 214
214 114
