0 53
0 181
1 3
1 58
3 63
3 167
4 144
4 202
5 209
6 8
9 41
9 92
10 115
10 211
11 12
12 164
13 74
13 139
15 17
15 175
17 18
17 153
19 82
19 111
21 1
21 112
23 20
23 24
24 158
25 26
25 200
26 145
27 28
27 91
28 50
29 30
29 119
30 56
31 27
31 32
32 11
33 34
33 182
34 54
35 36
35 149
36 129
37 38
37 68
38 116
39 40
39 159
40 76
41 42
41 191
42 101
43 44
43 64
44 16
45 46
45 143
46 94
47 48
47 198
48 67
49 50
49 61
50 79
51 30
51 52
52 187
53 54
53 95
54 132
55 56
55 146
56 208
57 58
57 133
58 107
59 35
59 60
60 163
61 62
61 69
62 168
63 64
63 113
64 197
65 60
65 66
66 194
67 11
67 68
68 172
69 70
69 151
70 28
71 72
71 177
72 13
73 33
73 74
74 184
75 76
75 128
76 114
77 78
77 102
78 40
79 80
79 104
80 108
81 2
81 82
82 185
83 73
83 84
84 214
85 51
85 86
86 156
87 88
87 147
88 127
89 57
89 90
90 66
91 92
91 173
92 87
93 70
93 94
94 142
95 96
95 97
96 5
97 98
97 196
98 180
99 86
99 100
100 72
101 44
101 102
102 89
103 104
103 117
104 75
105 93
105 106
106 174
107 108
107 204
108 45
109 77
109 110
110 85
111 36
111 112
112 169
113 34
113 114
114 24
115 103
115 116
116 183
117 83
117 118
118 206
119 120
119 152
120 189
121 5
121 122
122 179
123 23
123 124
124 212
125 78
125 126
126 46
127 121
127 128
128 39
129 130
129 193
130 188
131 65
131 132
132 43
133 134
133 150
134 207
135 22
135 136
136 141
137 80
137 138
138 96
139 122
139 140
140 14
141 142
141 165
142 166
143 62
143 144
144 138
145 120
145 146
146 136
147 32
147 148
148 178
149 9
149 150
150 105
151 21
151 152
152 71
153 29
153 154
154 6
155 135
155 156
156 213
157 158
157 201
158 4
159 90
159 160
160 205
161 84
161 162
162 7
163 157
163 164
164 192
165 99
165 166
166 6
167 26
167 168
168 110
169 109
169 170
170 123
171 148
171 172
172 154
173 48
173 174
174 118
175 19
175 176
176 155
177 42
177 178
178 125
179 37
179 180
180 160
181 59
181 182
182 12
183 161
183 184
184 98
185 52
185 186
186 171
187 55
187 188
188 199
189 88
189 190
190 126
191 10
191 192
192 49
193 25
193 194
194 134
195 31
195 196
196 131
197 15
197 198
198 81
199 162
199 200
200 190
201 202
201 203
202 100
203 47
203 204
204 124
205 106
205 206
206 140
207 137
207 208
208 176
209 38
209 210
210 130
211 195
211 212
212 186
213 170
213 214
214 210
