0 99
0 153
1 55
1 58
2 49
2 197
3 119
3 212
5 192
4 60
4 124
6 206
9 12
9 37
10 89
10 132
11 171
12 213
15 80
15 82
17 10
17 141
19 66
19 93
21 22
21 27
23 24
23 74
24 3
25 26
25 152
26 102
27 28
27 107
28 214
29 30
29 173
30 31
31 32
31 71
32 28
33 34
33 158
34 147
35 36
35 48
36 16
37 11
37 38
38 136
39 4
39 40
40 7
41 23
41 42
42 205
43 19
43 44
44 172
45 46
45 156
46 83
47 48
47 63
48 187
49 29
49 50
50 117
51 52
51 95
52 43
53 54
53 207
54 20
55 5
55 56
56 169
57 58
57 159
58 157
59 60
59 198
60 42
61 9
61 62
62 84
63 64
63 131
64 97
65 66
65 189
66 86
67 68
67 112
68 130
69 70
69 166
70 39
71 72
71 73
72 6
73 74
73 154
74 163
75 76
75 183
76 101
77 69
77 78
78 26
79 80
79 121
80 188
81 82
81 167
82 196
83 84
83 120
84 208
85 50
85 86
86 104
87 88
87 199
88 110
89 90
89 155
90 200
91 92
91 148
92 116
93 44
93 94
94 25
95 57
95 96
96 56
97 11
97 98
98 96
99 100
99 193
100 94
101 45
101 102
102 53
103 104
103 113
104 170
105 81
105 106
106 181
107 87
107 108
108 88
109 61
109 110
110 35
111 112
111 182
112 128
113 13
113 114
114 195
115 116
115 133
116 150
117 118
117 149
118 176
119 70
119 120
120 144
121 122
121 140
122 135
123 17
123 124
124 186
125 76
125 126
126 54
127 36
127 128
128 14
129 68
129 130
130 162
131 132
131 191
132 12
133 134
133 179
134 177
135 136
135 211
136 180
137 125
137 138
138 129
139 18
139 140
140 65
141 134
141 142
142 30
143 77
143 144
144 114
145 108
145 146
146 72
147 148
147 175
148 178
149 1
149 150
150 210
151 41
151 152
152 92
153 2
153 154
154 204
155 156
155 165
156 38
157 34
157 158
158 168
159 59
159 160
160 174
161 75
161 162
162 15
163 67
163 164
164 202
165 64
165 166
166 139
167 168
167 194
168 122
169 170
169 190
170 126
171 51
171 172
172 160
173 47
173 174
174 185
175 52
175 176
176 201
177 143
177 178
178 6
179 24
179 180
180 145
181 21
181 182
182 32
183 109
183 184
184 40
185 186
185 203
186 5
187 78
187 188
188 111
189 142
189 190
190 106
191 161
191 192
192 164
193 85
193 194
194 123
195 196
195 209
196 127
197 105
197 198
198 33
199 100
199 200
200 138
201 79
201 202
202 98
203 115
203 204
204 151
205 146
205 206
206 8
207 46
207 208
208 90
209 62
209 210
210 184
211 103
211 212
212 137
213 118
213 214
214 91
