0 9
0 209
2 63
2 204
3 139
3 193
5 55
4 93
4 135
6 210
9 48
9 50
10 157
10 188
12 114
11 159
13 60
13 87
15 30
15 117
17 25
17 38
19 89
19 172
21 28
21 185
23 24
23 61
24 76
25 18
25 26
26 8
27 28
27 108
28 49
29 30
29 211
30 123
31 32
31 162
32 92
33 34
33 81
34 12
35 12
35 36
36 145
37 38
37 118
38 142
39 40
39 105
40 197
41 4
41 42
42 160
43 44
43 203
44 141
45 46
45 126
46 36
47 48
47 77
48 101
49 50
49 53
50 167
51 52
51 201
52 131
53 22
53 54
54 198
55 56
55 195
56 106
57 58
57 65
58 79
59 60
59 80
60 82
61 62
61 199
62 170
63 64
63 177
64 99
65 31
65 66
66 56
67 68
67 151
68 130
69 47
69 70
70 178
71 72
71 148
72 182
73 74
73 175
74 112
75 76
75 176
76 90
77 57
77 78
78 103
79 20
79 80
80 71
81 82
81 212
82 152
83 84
83 132
84 75
85 86
85 200
86 78
87 40
87 88
88 128
89 52
89 90
90 110
91 86
91 92
92 70
93 94
93 183
94 169
95 16
95 96
96 6
97 98
97 181
98 102
99 100
99 150
100 35
101 102
101 111
102 33
103 104
103 127
104 59
105 106
105 137
106 83
107 21
107 108
108 202
109 110
109 189
110 1
111 44
111 112
112 95
113 5
113 114
114 140
115 116
115 161
116 6
117 98
117 118
118 192
119 97
119 120
120 122
121 122
121 134
122 196
123 96
123 124
124 10
125 113
125 126
126 121
127 128
127 173
128 136
129 66
129 130
130 158
131 129
131 132
132 115
133 134
133 164
134 88
135 136
135 179
136 7
137 23
137 138
138 149
139 140
139 186
140 42
141 19
141 142
142 166
143 2
143 144
144 191
145 116
145 146
146 190
147 107
147 148
148 62
149 13
149 150
150 104
151 58
151 152
152 174
153 43
153 154
154 156
155 109
155 156
156 208
157 11
157 158
158 24
159 17
159 160
160 68
161 27
161 162
162 163
163 155
163 164
164 74
165 15
165 166
166 72
167 168
167 180
168 84
169 100
169 170
170 214
171 64
171 172
172 213
173 67
173 174
174 206
175 119
175 176
176 29
177 3
177 178
178 184
179 73
179 180
180 94
181 5
181 182
182 154
183 184
183 207
184 144
185 41
185 186
186 85
187 138
187 188
188 11
189 45
189 190
190 14
191 165
191 192
192 120
193 153
193 194
194 205
195 69
195 196
196 133
197 168
197 198
198 91
199 187
199 200
200 32
201 125
201 202
202 54
203 147
203 204
204 51
205 46
205 206
206 146
207 39
207 208
208 34
209 143
209 210
210 26
211 171
211 212
212 37
213 124
213 214
214 194
