0 78
0 199
1 188
1 202
3 41
3 197
4 5
4 95
6 162
5 35
7 15
7 169
9 73
8 116
8 196
10 142
13 10
13 40
15 131
15 206
17 104
17 132
19 106
19 120
21 22
21 36
23 24
23 187
24 92
25 26
25 55
26 143
27 28
27 159
28 61
29 30
29 114
30 12
31 32
31 118
32 122
33 34
33 59
34 100
35 28
35 36
36 173
37 38
37 97
38 113
39 40
39 99
40 64
41 42
41 185
42 5
43 44
43 76
44 207
45 7
45 46
46 90
47 48
47 195
48 200
49 50
49 83
50 14
51 27
51 52
52 126
53 54
53 66
54 46
55 56
55 89
56 135
57 58
57 105
58 82
59 60
59 171
60 117
61 62
61 69
62 88
63 64
63 186
64 164
65 4
65 66
66 213
67 8
67 68
68 176
69 70
69 110
70 94
71 53
71 72
72 62
73 74
73 212
74 177
75 76
75 112
76 148
77 30
77 78
78 2
79 48
79 80
80 52
81 82
81 145
82 130
83 81
83 84
84 93
85 86
85 211
86 71
87 9
87 88
88 154
89 90
89 129
90 16
91 25
91 92
92 20
93 65
93 94
94 150
95 91
95 96
96 174
97 26
97 98
98 191
99 1
99 100
100 137
101 102
101 203
102 124
103 104
103 107
104 146
105 42
105 106
106 43
107 108
107 151
108 32
109 110
109 167
110 63
111 49
111 112
112 101
113 114
113 193
114 67
115 116
115 153
116 166
117 108
117 118
118 133
119 120
119 157
120 170
121 23
121 122
122 210
123 85
123 124
124 204
125 126
125 144
126 178
127 121
127 128
128 54
129 119
129 130
130 194
131 132
131 205
132 44
133 134
133 182
134 160
135 6
135 136
136 29
137 115
137 138
138 190
139 140
139 165
140 34
141 127
141 142
142 80
143 33
143 144
144 74
145 123
145 146
146 136
147 13
147 148
148 10
149 86
149 150
150 98
151 51
151 152
152 96
153 154
153 158
154 18
155 75
155 156
156 134
157 158
157 163
158 47
159 160
159 189
160 77
161 162
161 168
162 37
163 164
163 180
164 214
165 141
165 166
166 201
167 57
167 168
168 175
169 68
169 170
170 138
171 149
171 172
172 184
173 156
173 174
174 72
175 103
175 176
176 181
177 19
177 178
178 21
179 111
179 180
180 109
181 102
181 182
182 209
183 56
183 184
184 128
185 179
185 186
186 183
187 39
187 188
188 140
189 6
189 190
190 208
191 139
191 192
192 31
193 79
193 194
194 60
195 45
195 196
196 9
197 161
197 198
198 87
199 3
199 200
200 172
201 192
201 202
202 198
203 84
203 204
204 125
205 17
205 206
206 38
207 58
207 208
208 24
209 147
209 210
210 152
211 155
211 212
212 11
213 70
213 214
214 50
