0 97
0 211
2 57
2 183
3 38
3 121
4 58
4 93
5 201
6 190
7 65
7 70
9 96
9 143
11 13
10 12
10 205
12 188
15 52
15 81
17 182
17 192
19 104
19 112
21 107
21 128
23 24
23 51
24 6
25 26
25 111
26 33
27 28
27 131
28 172
29 30
29 208
30 48
31 32
31 139
32 141
33 34
33 184
34 68
35 30
35 36
36 114
37 38
37 39
38 32
39 40
39 163
40 212
41 29
41 42
42 11
43 44
43 185
44 99
45 46
45 86
46 132
47 48
47 109
48 197
49 50
49 171
50 45
51 41
51 52
52 108
53 54
53 117
54 165
55 43
55 56
56 98
57 58
57 187
58 133
59 60
59 177
60 200
61 62
61 79
62 72
63 64
63 138
64 170
65 66
65 78
66 90
67 68
67 167
68 124
69 61
69 70
70 213
71 66
71 72
72 180
73 74
73 169
74 135
75 54
75 76
76 8
77 78
77 89
78 25
79 49
79 80
80 140
81 82
81 195
82 168
83 36
83 84
84 85
85 63
85 86
86 42
87 88
87 105
88 35
89 90
89 151
90 44
91 92
91 199
92 103
93 75
93 94
94 91
95 96
95 123
96 12
97 98
97 113
98 152
99 22
99 100
100 130
101 102
101 118
102 106
103 104
103 134
104 20
105 73
105 106
106 1
107 108
107 174
108 142
109 110
109 157
110 80
111 112
111 148
112 62
113 2
113 114
114 6
115 116
115 179
116 76
117 19
117 118
118 204
119 7
119 120
120 94
121 122
121 207
122 53
123 124
123 155
124 116
125 126
125 159
126 154
127 120
127 128
128 101
129 26
129 130
130 158
131 64
131 132
132 56
133 134
133 209
134 74
135 60
135 136
136 102
137 138
137 156
138 27
139 10
139 140
140 126
141 142
141 194
142 214
143 127
143 144
144 92
145 87
145 146
146 11
147 77
147 148
148 23
149 147
149 150
150 100
151 5
151 152
152 166
153 154
153 203
154 15
155 119
155 156
156 83
157 158
157 193
158 82
159 160
159 173
160 14
161 162
161 189
162 144
163 9
163 164
164 160
165 88
165 166
166 110
167 168
167 175
168 146
169 161
169 170
170 17
171 55
171 172
172 176
173 122
173 174
174 178
175 176
175 191
176 150
177 47
177 178
178 129
179 24
179 180
180 196
181 182
181 186
182 198
183 4
183 184
184 162
185 40
185 186
186 50
187 3
187 188
188 145
189 84
189 190
190 34
191 59
191 192
192 206
193 194
193 202
194 115
195 16
195 196
196 210
197 137
197 198
198 46
199 31
199 200
200 69
201 67
201 202
202 95
203 149
203 204
204 71
205 125
205 206
206 21
207 153
207 208
208 37
209 5
209 210
210 28
211 136
211 212
212 18
213 181
213 214
214 164
