0 49
0 213
1 147
1 181
3 133
3 145
4 64
4 156
5 48
6 34
7 31
7 201
9 104
8 72
8 158
10 190
13 23
13 110
15 83
15 171
17 112
17 178
19 75
19 91
21 42
21 65
23 24
23 28
24 82
25 26
25 36
26 140
27 9
27 28
28 186
29 30
29 70
30 177
31 30
31 32
32 100
33 34
33 192
34 90
35 36
35 102
36 142
37 38
37 108
38 5
39 3
39 40
40 45
41 42
41 211
42 205
43 44
43 202
44 40
45 5
45 46
46 9
47 17
47 48
48 141
49 39
49 50
50 69
51 22
51 52
52 135
53 54
53 121
54 68
55 4
55 56
56 163
57 58
57 195
58 35
59 60
59 73
60 143
61 62
61 207
62 38
63 32
63 64
64 6
65 66
65 130
66 169
67 68
67 136
68 56
69 70
69 105
70 41
71 72
71 146
72 148
73 46
73 74
74 107
75 29
75 76
76 212
77 55
77 78
78 127
79 24
79 80
80 203
81 82
81 196
82 210
83 58
83 84
84 176
85 86
85 137
86 14
87 84
87 88
88 8
89 90
89 123
90 2
91 92
91 197
92 160
93 6
93 94
94 164
95 96
95 180
96 26
97 98
97 183
98 11
99 100
99 101
100 33
101 102
101 189
102 60
103 7
103 104
104 114
105 106
105 138
106 89
107 16
107 108
108 191
109 110
109 132
110 125
111 109
111 112
112 151
113 114
113 134
114 166
115 116
115 179
116 144
117 1
117 118
118 170
119 120
119 153
120 44
121 122
121 199
122 167
123 37
123 124
124 152
125 116
125 126
126 86
127 74
127 128
128 188
129 115
129 130
130 51
131 43
131 132
132 155
133 62
133 134
134 94
135 136
135 175
136 59
137 21
137 138
138 66
139 140
139 174
140 10
141 15
141 142
142 185
143 80
143 144
144 93
145 85
145 146
146 206
147 79
147 148
148 204
149 150
149 193
150 63
151 97
151 152
152 214
153 111
153 154
154 12
155 149
155 156
156 61
157 158
157 182
158 122
159 120
159 160
160 126
161 162
161 184
162 76
163 87
163 164
164 128
165 161
165 166
166 168
167 168
167 208
168 98
169 129
169 170
170 131
171 13
171 172
172 194
173 118
173 174
174 52
175 157
175 176
176 96
177 71
177 178
178 139
179 19
179 180
180 25
181 103
181 182
182 53
183 18
183 184
184 187
185 67
185 186
186 172
187 150
187 188
188 10
189 173
189 190
190 154
191 165
191 192
192 88
193 77
193 194
194 92
195 196
195 198
196 106
197 198
197 209
198 159
199 119
199 200
200 124
201 81
201 202
202 47
203 78
203 204
204 113
205 99
205 206
206 54
207 57
207 208
208 200
209 117
209 210
210 95
211 20
211 212
212 27
213 50
213 214
214 162
