0 53
0 67
1 121
1 199
3 85
3 209
5 71
4 6
4 74
6 178
9 115
9 137
10 33
10 41
12 23
11 138
13 38
13 213
15 143
15 207
17 158
17 184
19 39
19 65
21 52
21 189
23 24
23 93
24 27
25 26
25 175
26 90
27 28
27 95
28 18
29 30
29 195
30 151
31 32
31 147
32 155
33 11
33 34
34 193
35 36
35 118
36 5
37 38
37 89
38 15
39 40
39 139
40 3
41 11
41 42
42 28
43 44
43 196
44 94
45 46
45 208
46 104
47 48
47 64
48 111
49 50
49 70
50 92
51 52
51 187
52 22
53 51
53 54
54 200
55 56
55 68
56 72
57 58
57 81
58 34
59 60
59 75
60 180
61 54
61 62
62 203
63 64
63 205
64 35
65 25
65 66
66 120
67 68
67 123
68 37
69 70
69 159
70 198
71 72
71 101
72 86
73 74
73 83
74 185
75 76
75 161
76 24
77 78
77 80
78 60
79 80
79 82
80 150
81 82
81 181
82 91
83 84
83 179
84 113
85 86
85 190
86 106
87 58
87 88
88 122
89 90
89 165
90 62
91 92
91 133
92 154
93 94
93 124
94 116
95 96
95 110
96 14
97 98
97 177
98 146
99 100
99 169
100 8
101 102
101 172
102 88
103 104
103 156
104 204
105 106
105 182
106 102
107 1
107 108
108 76
109 42
109 110
110 6
111 112
111 202
112 136
113 114
113 134
114 210
115 10
115 116
116 78
117 97
117 118
118 30
119 4
119 120
120 63
121 122
121 214
122 152
123 2
123 124
124 107
125 126
125 211
126 47
127 12
127 128
128 109
129 12
129 130
130 46
131 132
131 157
132 206
133 84
133 134
134 212
135 136
135 188
136 170
137 138
137 163
138 99
139 44
139 140
140 164
141 17
141 142
142 166
143 32
143 144
144 48
145 146
145 167
146 56
147 29
147 148
148 129
149 40
149 150
150 119
151 112
151 152
152 43
153 105
153 154
154 20
155 117
155 156
156 176
157 130
157 158
158 103
159 66
159 160
160 141
161 162
161 201
162 19
163 73
163 164
164 132
165 166
165 197
166 140
167 69
167 168
168 153
169 31
169 170
170 36
171 100
171 172
172 186
173 57
173 174
174 87
175 149
175 176
176 194
177 160
177 178
178 171
179 125
179 180
180 50
181 59
181 182
182 26
183 79
183 184
184 144
185 145
185 186
186 7
187 21
187 188
188 114
189 190
189 191
190 55
191 173
191 192
192 148
193 77
193 194
194 142
195 127
195 196
196 131
197 174
197 198
198 13
199 183
199 200
200 168
201 9
201 202
202 45
203 135
203 204
204 16
205 126
205 206
206 108
207 98
207 208
208 128
209 49
209 210
210 96
211 192
211 212
212 162
213 61
213 214
214 5
