0 97
0 167
1 91
1 195
3 17
3 29
4 171
4 177
5 65
6 49
8 87
8 89
9 12
9 46
11 214
10 11
10 153
12 102
15 69
15 127
17 5
17 70
19 20
19 157
21 106
21 110
23 24
23 187
24 121
25 26
25 165
26 176
27 28
27 141
28 26
29 30
29 95
30 98
31 32
31 115
32 207
33 34
33 101
34 130
35 36
35 145
36 118
37 38
37 63
38 112
39 15
39 40
40 126
41 42
41 186
42 77
43 9
43 44
44 155
45 8
45 46
46 211
47 48
47 183
48 134
49 50
49 113
50 56
51 32
51 52
52 184
53 54
53 213
54 13
55 56
55 90
56 80
57 58
57 117
58 64
59 60
59 152
60 190
61 3
61 62
62 75
63 64
63 188
64 122
65 66
65 128
66 168
67 68
67 198
68 78
69 70
69 94
70 166
71 72
71 105
72 107
73 71
73 74
74 204
75 54
75 76
76 150
77 78
77 156
78 81
79 80
79 116
80 146
81 28
81 82
82 52
83 84
83 139
84 96
85 86
85 172
86 16
87 42
87 88
88 25
89 90
89 109
90 194
91 92
91 103
92 73
93 94
93 180
94 68
95 96
95 133
96 50
97 98
97 99
98 44
99 100
99 193
100 14
101 23
101 102
102 124
103 47
103 104
104 6
105 106
105 189
106 35
107 21
107 108
108 210
109 110
109 123
110 143
111 104
111 112
112 148
113 74
113 114
114 51
115 116
115 209
116 111
117 118
117 131
118 147
119 120
119 169
120 159
121 122
121 199
122 22
123 59
123 124
124 108
125 92
125 126
126 132
127 128
127 196
128 154
129 37
129 130
130 76
131 132
131 185
132 86
133 134
133 197
134 162
135 136
135 203
136 18
137 66
137 138
138 85
139 27
139 140
140 57
141 33
141 142
142 2
143 138
143 144
144 67
145 55
145 146
146 38
147 142
147 148
148 82
149 39
149 150
150 182
151 119
151 152
152 43
153 154
153 192
154 7
155 72
155 156
156 144
157 135
157 158
158 45
159 160
159 208
160 164
161 83
161 162
162 60
163 11
163 164
164 212
165 10
165 166
166 136
167 93
167 168
168 149
169 140
169 170
170 163
171 172
171 178
172 84
173 151
173 174
174 191
175 5
175 176
176 120
177 174
177 178
178 201
179 40
179 180
180 36
181 19
181 182
182 179
183 125
183 184
184 58
185 4
185 186
186 202
187 31
187 188
188 6
189 61
189 190
190 114
191 129
191 192
192 48
193 161
193 194
194 137
195 24
195 196
196 206
197 79
197 198
198 200
199 53
199 200
200 170
201 175
201 202
202 88
203 173
203 204
204 158
205 34
205 206
206 12
207 30
207 208
208 205
209 1
209 210
210 100
211 41
211 212
212 62
213 181
213 214
214 160
