0 95
0 123
3 83
3 105
4 133
4 139
6 42
5 6
7 30
7 108
8 46
8 92
10 164
9 187
11 28
11 170
13 27
13 76
15 193
15 201
17 131
17 157
19 20
19 48
21 141
21 175
23 24
23 54
24 103
25 26
25 44
26 116
27 28
27 130
28 12
29 15
29 30
30 138
31 32
31 153
32 77
33 31
33 34
34 191
35 36
35 56
36 59
37 38
37 151
38 70
39 40
39 73
40 1
41 42
41 149
42 91
43 44
43 207
44 168
45 46
45 186
46 68
47 48
47 199
48 179
49 50
49 104
50 114
51 52
51 115
52 190
53 3
53 54
54 161
55 40
55 56
56 118
57 58
57 132
58 121
59 5
59 60
60 96
61 62
61 148
62 19
63 64
63 81
64 214
65 66
65 213
66 150
67 68
67 159
68 11
69 8
69 70
70 142
71 52
71 72
72 183
73 74
73 145
74 88
75 58
75 76
76 14
77 66
77 78
78 62
79 80
79 119
80 156
81 82
81 140
82 23
83 84
83 160
84 13
85 86
85 211
86 177
87 88
87 210
88 9
89 90
89 129
90 63
91 7
91 92
92 198
93 51
93 94
94 202
95 53
95 96
96 74
97 98
97 107
98 45
99 85
99 100
100 35
101 102
101 122
102 98
103 104
103 192
104 125
105 106
105 189
106 90
107 67
107 108
108 61
109 110
109 208
110 36
111 29
111 112
112 72
113 114
113 176
114 94
115 116
115 117
116 182
117 118
117 200
118 22
119 99
119 120
120 203
121 79
121 122
122 6
123 17
123 124
124 165
125 120
125 126
126 146
127 25
127 128
128 152
129 130
129 169
130 209
131 24
131 132
132 137
133 41
133 134
134 26
135 136
135 181
136 158
137 39
137 138
138 38
139 21
139 140
140 49
141 93
141 142
142 184
143 112
143 144
144 154
145 113
145 146
146 2
147 89
147 148
148 174
149 143
149 150
150 124
151 136
151 152
152 126
153 47
153 154
154 194
155 82
155 156
156 204
157 158
157 173
158 110
159 32
159 160
160 171
161 162
161 195
162 196
163 164
163 172
164 167
165 166
165 197
166 50
167 168
167 206
168 180
169 100
169 170
170 84
171 101
171 172
172 102
173 155
173 174
174 80
175 75
175 176
176 97
177 69
177 178
178 87
179 18
179 180
180 188
181 127
181 182
182 71
183 106
183 184
184 10
185 5
185 186
186 86
187 10
187 188
188 162
189 33
189 190
190 57
191 147
191 192
192 65
193 134
193 194
194 16
195 78
195 196
196 64
197 109
197 198
198 205
199 43
199 200
200 111
201 135
201 202
202 60
203 185
203 204
204 212
205 178
205 206
206 55
207 4
207 208
208 37
209 166
209 210
210 9
211 34
211 212
212 163
213 128
213 214
214 144
