0 63
0 171
3 81
3 205
4 5
4 153
6 143
5 109
7 187
7 206
8 142
8 174
9 60
10 34
11 8
11 43
13 25
13 111
15 103
15 175
17 157
17 188
19 28
19 115
21 49
21 69
23 24
23 79
24 154
25 26
25 119
26 5
27 1
27 28
28 158
29 30
29 201
30 118
31 32
31 66
32 210
33 34
33 214
34 104
35 36
35 202
36 203
37 6
37 38
38 195
39 40
39 121
40 57
41 42
41 186
42 148
43 44
43 97
44 92
45 46
45 117
46 212
47 48
47 167
48 192
49 22
49 50
50 163
51 52
51 101
52 183
53 54
53 207
54 27
55 40
55 56
56 162
57 58
57 98
58 88
59 60
59 64
60 48
61 33
61 62
62 86
63 64
63 184
64 67
65 66
65 83
66 140
67 68
67 110
68 9
69 53
69 70
70 82
71 72
71 123
72 93
73 74
73 130
74 42
75 76
75 95
76 190
77 78
77 198
78 172
79 80
79 151
80 20
81 82
81 99
82 165
83 84
83 161
84 138
85 86
85 113
86 106
87 62
87 88
88 181
89 74
89 90
90 139
91 45
91 92
92 136
93 11
93 94
94 76
95 39
95 96
96 194
97 98
97 147
98 191
99 29
99 100
100 10
101 37
101 102
102 96
103 104
103 107
104 102
105 106
105 185
106 135
107 47
107 108
108 209
109 110
109 208
110 90
111 35
111 112
112 176
113 114
113 141
114 213
115 80
115 116
116 164
117 118
117 144
118 204
119 120
119 199
120 134
121 4
121 122
122 146
123 124
123 125
124 75
125 126
125 193
126 108
127 91
127 128
128 68
129 130
129 145
130 51
131 126
131 132
132 89
133 17
133 134
134 159
135 16
135 136
136 77
137 52
137 138
138 150
139 50
139 140
140 78
141 73
141 142
142 100
143 144
143 211
144 55
145 71
145 146
146 84
147 70
147 148
148 137
149 150
149 166
150 179
151 152
151 155
152 120
153 26
153 154
154 58
155 61
155 156
156 59
157 38
157 158
158 32
159 44
159 160
160 170
161 23
161 162
162 122
163 36
163 164
164 9
165 156
165 166
166 46
167 168
167 189
168 131
169 170
169 177
170 196
171 3
171 172
172 2
173 7
173 174
174 132
175 168
175 176
176 24
177 152
177 178
178 160
179 30
179 180
180 200
181 31
181 182
182 54
183 149
183 184
184 180
185 124
185 186
186 72
187 15
187 188
188 127
189 114
189 190
190 65
191 19
191 192
192 10
193 85
193 194
194 112
195 178
195 196
196 18
197 105
197 198
198 128
199 14
199 200
200 182
201 21
201 202
202 129
203 133
203 204
204 87
205 197
205 206
206 41
207 13
207 208
208 6
209 56
209 210
210 12
211 173
211 212
212 169
213 94
213 214
214 116
