0 23
0 168
1 195
1 197
3 17
3 45
5 163
4 99
4 135
6 76
9 27
9 125
10 11
10 77
12 29
11 49
13 14
13 106
15 12
15 40
17 110
17 172
19 134
19 194
21 44
21 170
23 24
23 97
24 60
25 26
25 180
26 36
27 28
27 181
28 174
29 30
29 111
30 98
31 32
31 190
32 116
33 34
33 39
34 138
35 36
35 213
36 62
37 38
37 79
38 57
39 3
39 40
40 16
41 5
41 42
42 80
43 44
43 130
44 136
45 46
45 118
46 34
47 48
47 209
48 205
49 50
49 149
50 158
51 52
51 160
52 204
53 54
53 59
54 21
55 56
55 200
56 140
57 41
57 58
58 167
59 60
59 101
60 133
61 62
61 73
62 196
63 64
63 95
64 164
65 66
65 92
66 38
67 68
67 151
68 54
69 70
69 128
70 88
71 72
71 85
72 31
73 74
73 93
74 132
75 58
75 76
76 126
77 78
77 141
78 144
79 80
79 131
80 96
81 51
81 82
82 86
83 71
83 84
84 4
85 15
85 86
86 193
87 88
87 147
88 32
89 1
89 90
90 189
91 53
91 92
92 122
93 94
93 159
94 176
95 55
95 96
96 137
97 9
97 98
98 69
99 100
99 142
100 8
101 83
101 102
102 156
103 37
103 104
104 121
105 106
105 153
106 90
107 108
107 161
108 124
109 48
109 110
110 104
111 112
111 201
112 78
113 114
113 115
114 157
115 116
115 203
116 20
117 109
117 118
118 81
119 26
119 120
120 46
121 122
121 214
122 6
123 105
123 124
124 89
125 47
125 126
126 114
127 30
127 128
128 63
129 130
129 169
130 199
131 61
131 132
132 7
133 134
133 185
134 191
135 94
135 136
136 119
137 74
137 138
138 72
139 140
139 152
140 64
141 142
141 145
142 5
143 25
143 144
144 171
145 11
145 146
146 84
147 50
147 148
148 70
149 150
149 175
150 183
151 152
151 207
152 162
153 154
153 177
154 212
155 156
155 165
156 182
157 100
157 158
158 28
159 112
159 160
160 146
161 129
161 162
162 120
163 52
163 164
164 19
165 113
165 166
166 87
167 168
167 187
168 188
169 170
169 179
170 173
171 24
171 172
172 184
173 139
173 174
174 186
175 91
175 176
176 68
177 67
177 178
178 18
179 10
179 180
180 123
181 107
181 182
182 22
183 108
183 184
184 35
185 43
185 186
186 148
187 56
187 188
188 202
189 154
189 190
190 198
191 42
191 192
192 82
193 194
193 210
194 166
195 117
195 196
196 192
197 198
197 211
198 6
199 155
199 200
200 33
201 143
201 202
202 208
203 127
203 204
204 206
205 103
205 206
206 13
207 150
207 208
208 2
209 12
209 210
210 102
211 66
211 212
212 75
213 178
213 214
214 65
