0 73
0 91
3 37
3 62
4 32
4 153
6 143
5 47
7 92
7 99
8 111
8 195
9 27
10 161
11 15
11 48
13 158
13 211
15 30
15 60
17 39
17 165
19 16
19 192
21 108
21 204
23 24
23 86
24 42
25 26
25 179
26 130
27 28
27 101
28 203
29 22
29 30
30 64
31 32
31 57
32 40
33 31
33 34
34 198
35 36
35 71
36 132
37 4
37 38
38 126
39 18
39 40
40 131
41 42
41 210
42 205
43 13
43 44
44 212
45 46
45 183
46 2
47 48
47 75
48 110
49 50
49 189
50 45
51 52
51 141
52 118
53 54
53 121
54 79
55 56
55 166
56 194
57 58
57 147
58 188
59 60
59 178
60 140
61 62
61 190
62 208
63 64
63 175
64 169
65 66
65 100
66 197
67 68
67 163
68 5
69 6
69 70
70 1
71 67
71 72
72 102
73 74
73 137
74 46
75 76
75 164
76 191
77 55
77 78
78 117
79 80
79 128
80 5
81 10
81 82
82 21
83 9
83 84
84 90
85 54
85 86
86 116
87 17
87 88
88 156
89 90
89 170
90 176
91 92
91 149
92 9
93 94
93 103
94 185
95 28
95 96
96 11
97 82
97 98
98 113
99 8
99 100
100 96
101 102
101 133
102 74
103 104
103 148
104 157
105 49
105 106
106 159
107 78
107 108
108 3
109 110
109 155
110 70
111 50
111 112
112 171
113 114
113 129
114 34
115 51
115 116
116 119
117 115
117 118
118 124
119 63
119 120
120 136
121 83
121 122
122 66
123 124
123 151
124 94
125 7
125 126
126 180
127 35
127 128
128 81
129 130
129 168
130 14
131 132
131 201
132 138
133 112
133 134
134 93
135 134
135 136
136 26
137 72
137 138
138 120
139 105
139 140
140 162
141 142
141 160
142 150
143 65
143 144
144 43
145 104
145 146
146 122
147 125
147 148
148 109
149 150
149 209
150 193
151 85
151 152
152 206
153 154
153 167
154 58
155 98
155 156
156 29
157 80
157 158
158 187
159 123
159 160
160 95
161 162
161 177
162 144
163 41
163 164
164 23
165 139
165 166
166 33
167 145
167 168
168 59
169 170
169 184
170 152
171 61
171 172
172 68
173 77
173 174
174 200
175 176
175 213
176 52
177 97
177 178
178 172
179 180
179 207
180 12
181 154
181 182
182 36
183 184
183 199
184 19
185 76
185 186
186 182
187 24
187 188
188 174
189 173
189 190
190 106
191 192
191 214
192 56
193 181
193 194
194 20
195 25
195 196
196 69
197 88
197 198
198 84
199 107
199 200
200 114
201 135
201 202
202 38
203 10
203 204
204 146
205 142
205 206
206 44
207 53
207 208
208 6
209 127
209 210
210 87
211 89
211 212
212 202
213 196
213 214
214 186
