0 17
0 187
1 107
1 131
3 45
3 169
4 6
4 208
5 35
6 178
9 75
9 139
10 153
10 173
11 195
12 24
13 53
13 176
15 190
15 192
17 33
17 132
19 78
19 205
21 18
21 54
23 12
23 24
24 114
25 26
25 57
26 199
27 28
27 134
28 30
29 30
29 105
30 84
31 32
31 189
32 56
33 34
33 119
34 157
35 36
35 125
36 126
37 38
37 85
38 188
39 40
39 161
40 14
41 42
41 43
42 160
43 44
43 50
44 58
45 46
45 92
46 145
47 11
47 48
48 98
49 50
49 147
50 65
51 52
51 206
52 69
53 25
53 54
54 129
55 56
55 186
56 120
57 58
57 86
58 156
59 60
59 196
60 162
61 15
61 62
62 22
63 64
63 150
64 158
65 51
65 66
66 202
67 47
67 68
68 165
69 39
69 70
70 68
71 72
71 118
72 23
73 74
73 167
74 59
75 67
75 76
76 71
77 74
77 78
78 104
79 80
79 136
80 55
81 49
81 82
82 166
83 84
83 151
84 170
85 86
85 88
86 83
87 73
87 88
88 111
89 90
89 155
90 72
91 87
91 92
92 6
93 94
93 212
94 168
95 96
95 112
96 90
97 98
97 103
98 200
99 100
99 213
100 130
101 63
101 102
102 185
103 80
103 104
104 66
105 106
105 183
106 42
107 108
107 109
108 163
109 64
109 110
110 2
111 34
111 112
112 211
113 114
113 117
114 106
115 16
115 116
116 3
117 91
117 118
118 193
119 120
119 149
120 76
121 77
121 122
122 93
123 60
123 124
124 210
125 122
125 126
126 27
127 5
127 128
128 38
129 100
129 130
130 154
131 132
131 135
132 94
133 40
133 134
134 138
135 116
135 136
136 164
137 121
137 138
138 124
139 10
139 140
140 180
141 115
141 142
142 133
143 99
143 144
144 152
145 70
145 146
146 7
147 113
147 148
148 209
149 150
149 207
150 191
151 79
151 152
152 46
153 154
153 204
154 97
155 156
155 198
156 181
157 11
157 158
158 89
159 95
159 160
160 182
161 162
161 197
162 102
163 62
163 164
164 140
165 146
165 166
166 48
167 9
167 168
168 26
169 5
169 170
170 108
171 148
171 172
172 127
173 174
173 175
174 172
175 37
175 176
176 214
177 143
177 178
178 32
179 13
179 180
180 144
181 19
181 182
182 128
183 171
183 184
184 194
185 36
185 186
186 184
187 31
187 188
188 110
189 52
189 190
190 141
191 41
191 192
192 4
193 44
193 194
194 28
195 101
195 196
196 61
197 1
197 198
198 29
199 123
199 200
200 20
201 142
201 202
202 82
203 159
203 204
204 96
205 8
205 206
206 12
207 177
207 208
208 203
209 137
209 210
210 21
211 174
211 212
212 179
213 81
213 214
214 201
