0 19
0 205
2 110
2 198
3 119
3 201
5 7
4 124
4 213
6 39
8 17
8 186
9 86
9 146
10 152
10 168
11 171
12 208
15 130
15 176
17 153
17 210
19 109
19 167
21 29
21 52
23 24
23 99
24 53
25 26
25 123
26 77
27 28
27 150
28 155
29 18
29 30
30 202
31 32
31 82
32 87
33 34
33 103
34 162
35 36
35 164
36 106
37 38
37 157
38 21
39 40
39 121
40 54
41 42
41 175
42 214
43 44
43 59
44 38
45 46
45 165
46 142
47 4
47 48
48 209
49 50
49 173
50 136
51 52
51 100
52 120
53 54
53 132
54 212
55 56
55 118
56 78
57 58
57 114
58 84
59 23
59 60
60 24
61 9
61 62
62 12
63 64
63 163
64 143
65 66
65 94
66 98
67 68
67 90
68 189
69 70
69 185
70 60
71 72
71 92
72 190
73 74
73 161
74 196
75 64
75 76
76 42
77 78
77 140
78 166
79 80
79 195
80 57
81 82
81 199
82 11
83 8
83 84
84 177
85 27
85 86
86 194
87 88
87 126
88 178
89 6
89 90
90 105
91 92
91 187
92 11
93 94
93 174
94 45
95 96
95 159
96 40
97 69
97 98
98 207
99 100
99 147
100 188
101 102
101 115
102 76
103 10
103 104
104 14
105 106
105 128
106 72
107 108
107 154
108 88
109 20
109 110
110 131
111 112
111 172
112 5
113 114
113 145
114 129
115 116
115 125
116 137
117 31
117 118
118 107
119 120
119 127
120 184
121 67
121 122
122 25
123 65
123 124
124 5
125 61
125 126
126 74
127 128
127 151
128 141
129 130
129 197
130 51
131 113
131 132
132 111
133 73
133 134
134 13
135 136
135 200
136 68
137 138
137 148
138 160
139 140
139 203
140 35
141 28
141 142
142 32
143 133
143 144
144 22
145 41
145 146
146 192
147 148
147 183
148 15
149 101
149 150
150 1
151 152
151 191
152 117
153 154
153 206
154 62
155 37
155 156
156 70
157 158
157 180
158 204
159 43
159 160
160 56
161 156
161 162
162 144
163 80
163 164
164 102
165 33
165 166
166 30
167 85
167 168
168 58
169 170
169 211
170 104
171 75
171 172
172 108
173 97
173 174
174 89
175 63
175 176
176 16
177 36
177 178
178 134
179 139
179 180
180 83
181 96
181 182
182 47
183 93
183 184
184 34
185 181
185 186
186 48
187 2
187 188
188 50
189 158
189 190
190 12
191 135
191 192
192 116
193 71
193 194
194 55
195 179
195 196
196 138
197 49
197 198
198 3
199 91
199 200
200 182
201 95
201 202
202 170
203 81
203 204
204 193
205 79
205 206
206 169
207 26
207 208
208 46
209 149
209 210
210 122
211 44
211 212
212 66
213 6
213 214
214 112
