0 127
0 196
1 7
1 111
3 4
3 19
4 6
4 143
5 181
6 103
7 9
7 131
8 176
8 193
9 105
10 42
13 75
13 183
15 100
15 212
17 31
17 79
19 33
19 88
21 199
21 213
23 24
23 89
24 84
25 26
25 60
26 207
27 28
27 144
28 120
29 30
29 182
30 50
31 32
31 67
32 38
33 34
33 145
34 70
35 36
35 45
36 150
37 38
37 173
38 94
39 40
39 202
40 136
41 42
41 107
42 134
43 44
43 86
44 141
45 23
45 46
46 54
47 48
47 178
48 68
49 50
49 200
50 20
51 52
51 201
52 30
53 54
53 195
54 15
55 56
55 130
56 22
57 58
57 159
58 46
59 60
59 208
60 148
61 27
61 62
62 110
63 35
63 64
64 25
65 39
65 66
66 205
67 68
67 165
68 118
69 70
69 95
70 10
71 37
71 72
72 93
73 74
73 113
74 167
75 58
75 76
76 90
77 74
77 78
78 59
79 80
79 117
80 191
81 6
81 82
82 85
83 84
83 123
84 66
85 16
85 86
86 119
87 88
87 162
88 52
89 90
89 179
90 197
91 92
91 124
92 14
93 17
93 94
94 139
95 96
95 152
96 177
97 98
97 163
98 140
99 100
99 170
100 26
101 41
101 102
102 151
103 21
103 104
104 29
105 49
105 106
106 210
107 108
107 157
108 158
109 32
109 110
110 214
111 112
111 169
112 172
113 51
113 114
114 194
115 116
115 125
116 160
117 28
117 118
118 146
119 48
119 120
120 18
121 104
121 122
122 114
123 61
123 124
124 56
125 8
125 126
126 190
127 128
127 203
128 142
129 9
129 130
130 188
131 97
131 132
132 40
133 134
133 138
134 12
135 129
135 136
136 44
137 57
137 138
138 69
139 112
139 140
140 96
141 53
141 142
142 149
143 83
143 144
144 189
145 63
145 146
146 108
147 102
147 148
148 106
149 150
149 164
150 186
151 99
151 152
152 78
153 71
153 154
154 109
155 73
155 156
156 72
157 156
157 158
158 204
159 160
159 192
160 166
161 154
161 162
162 11
163 80
163 164
164 87
165 166
165 180
166 2
167 133
167 168
168 43
169 170
169 175
170 121
171 137
171 172
172 168
173 101
173 174
174 198
175 115
175 176
176 64
177 178
177 206
178 92
179 180
179 187
180 81
181 24
181 182
182 161
183 47
183 184
184 10
185 98
185 186
186 91
187 5
187 188
188 34
189 65
189 190
190 128
191 192
191 211
192 122
193 135
193 194
194 77
195 184
195 196
196 116
197 132
197 198
198 55
199 147
199 200
200 13
201 3
201 202
202 5
203 155
203 204
204 36
205 153
205 206
206 82
207 126
207 208
208 174
209 1
209 210
210 76
211 171
211 212
212 62
213 209
213 214
214 185
