0 112
0 125
1 74
1 162
3 113
3 117
4 165
4 189
6 161
5 179
7 138
7 140
8 9
8 56
9 206
10 12
13 110
13 178
15 39
15 201
17 135
17 151
19 149
19 181
21 27
21 183
23 24
23 61
24 67
25 26
25 80
26 114
27 28
27 171
28 65
29 30
29 86
30 118
31 32
31 207
32 106
33 34
33 200
34 32
35 10
35 36
36 126
37 38
37 63
38 22
39 40
39 102
40 25
41 42
41 176
42 90
43 44
43 51
44 174
45 46
45 209
46 10
47 38
47 48
48 196
49 50
49 124
50 26
51 52
51 210
52 84
53 54
53 72
54 185
55 37
55 56
56 13
57 58
57 202
58 92
59 60
59 77
60 52
61 62
61 180
62 122
63 64
63 95
64 88
65 6
65 66
66 20
67 62
67 68
68 9
69 70
69 198
70 11
71 72
71 79
72 8
73 74
73 98
74 53
75 76
75 91
76 49
77 78
77 83
78 50
79 5
79 80
80 59
81 82
81 156
82 108
83 84
83 167
84 158
85 5
85 86
86 107
87 88
87 192
88 204
89 40
89 90
90 212
91 66
91 92
92 144
93 94
93 175
94 76
95 96
95 148
96 69
97 98
97 133
98 214
99 100
99 103
100 129
101 102
101 139
102 119
103 104
103 145
104 123
105 97
105 106
106 41
107 108
107 184
108 141
109 45
109 110
110 168
111 33
111 112
112 82
113 114
113 137
114 130
115 99
115 116
116 193
117 28
117 118
118 81
119 120
119 155
120 57
121 122
121 127
122 15
123 124
123 186
124 34
125 3
125 126
126 154
127 24
127 128
128 142
129 71
129 130
130 7
131 54
131 132
132 104
133 2
133 134
134 16
135 21
135 136
136 121
137 138
137 143
138 194
139 100
139 140
140 58
141 142
141 163
142 134
143 144
143 187
144 205
145 19
145 146
146 190
147 148
147 169
148 160
149 147
149 150
150 89
151 152
151 213
152 30
153 136
153 154
154 42
155 31
155 156
156 48
157 158
157 199
158 44
159 101
159 160
160 17
161 111
161 162
162 78
163 105
163 164
164 46
165 166
165 197
166 55
167 168
167 173
168 14
169 4
169 170
170 120
171 18
171 172
172 153
173 73
173 174
174 36
175 87
175 176
176 35
177 75
177 178
178 131
179 166
179 180
180 6
181 177
181 182
182 1
183 150
183 184
184 23
185 94
185 186
186 152
187 115
187 188
188 70
189 85
189 190
190 182
191 159
191 192
192 170
193 109
193 194
194 132
195 196
195 211
196 208
197 191
197 198
198 43
199 195
199 200
200 116
201 128
201 202
202 146
203 64
203 204
204 164
205 60
205 206
206 188
207 93
207 208
208 68
209 96
209 210
210 172
211 29
211 212
212 203
213 157
213 214
214 47
