0 7
0 89
3 67
3 76
4 90
4 148
5 196
6 174
7 107
7 178
8 97
8 182
9 27
10 186
11 125
11 135
13 19
13 55
15 56
15 209
17 116
17 179
19 41
19 176
21 159
21 167
23 24
23 181
24 29
25 13
25 26
26 57
27 28
27 124
28 173
29 30
29 106
30 21
31 32
31 172
32 78
33 34
33 99
34 158
35 36
35 82
36 143
37 23
37 38
38 169
39 26
39 40
40 114
41 42
41 118
42 46
43 44
43 58
44 128
45 37
45 46
46 154
47 48
47 94
48 22
49 50
49 200
50 126
51 52
51 127
52 189
53 28
53 54
54 214
55 56
55 213
56 192
57 58
57 198
58 98
59 60
59 146
60 208
61 62
61 85
62 14
63 64
63 206
64 5
65 66
65 191
66 36
67 68
67 163
68 123
69 70
69 177
70 60
71 72
71 149
72 150
73 69
73 74
74 6
75 68
75 76
76 81
77 75
77 78
78 62
79 10
79 80
80 30
81 45
81 82
82 187
83 84
83 131
84 109
85 49
85 86
86 157
87 88
87 136
88 212
89 90
89 133
90 129
91 35
91 92
92 190
93 64
93 94
94 104
95 4
95 96
96 152
97 98
97 193
98 103
99 50
99 100
100 138
101 102
101 113
102 86
103 104
103 168
104 140
105 20
105 106
106 87
107 108
107 199
108 121
109 110
109 153
110 34
111 112
111 142
112 1
113 80
113 114
114 92
115 65
115 116
116 63
117 118
117 137
118 185
119 120
119 194
120 32
121 115
121 122
122 102
123 15
123 124
124 24
125 72
125 126
126 117
127 128
127 161
128 70
129 73
129 130
130 31
131 122
131 132
132 74
133 134
133 147
134 151
135 136
135 155
136 10
137 93
137 138
138 184
139 54
139 140
140 130
141 11
141 142
142 160
143 16
143 144
144 162
145 53
145 146
146 202
147 148
147 203
148 205
149 39
149 150
150 204
151 6
151 152
152 48
153 25
153 154
154 59
155 108
155 156
156 188
157 144
157 158
158 207
159 96
159 160
160 38
161 162
161 201
162 132
163 164
163 211
164 12
165 8
165 166
166 111
167 84
167 168
168 61
169 134
169 170
170 18
171 3
171 172
172 91
173 101
173 174
174 175
175 100
175 176
176 110
177 33
177 178
178 165
179 141
179 180
180 210
181 51
181 182
182 52
183 184
183 195
184 156
185 105
185 186
186 180
187 40
187 188
188 42
189 79
189 190
190 166
191 164
191 192
192 66
193 183
193 194
194 44
195 196
195 197
196 47
197 77
197 198
198 43
199 9
199 200
200 17
201 145
201 202
202 88
203 171
203 204
204 139
205 83
205 206
206 119
207 120
207 208
208 170
209 9
209 210
210 2
211 95
211 212
212 112
213 71
213 214
214 5
