0 201
0 207
3 4
3 19
4 5
4 70
6 1
5 110
7 43
7 186
8 63
8 158
9 73
10 80
11 154
11 184
13 40
13 130
15 62
15 126
17 49
17 98
19 20
19 193
21 76
21 171
23 24
23 143
24 104
25 26
25 89
26 202
27 28
27 79
28 36
29 3
29 30
30 129
31 32
31 41
32 34
33 34
33 55
34 159
35 36
35 51
36 213
37 38
37 211
38 160
39 40
39 137
40 183
41 42
41 146
42 68
43 44
43 212
44 31
45 46
45 194
46 99
47 48
47 205
48 28
49 50
49 177
50 82
51 52
51 141
52 125
53 21
53 54
54 156
55 56
55 124
56 162
57 58
57 173
58 170
59 25
59 60
60 189
61 62
61 169
62 195
63 64
63 77
64 22
65 48
65 66
66 74
67 68
67 94
68 188
69 70
69 165
70 122
71 44
71 72
72 100
73 17
73 74
74 85
75 76
75 115
76 196
77 78
77 134
78 182
79 80
79 97
80 32
81 82
81 117
82 72
83 84
83 209
84 127
85 86
85 200
86 166
87 88
87 108
88 153
89 90
89 151
90 187
91 8
91 92
92 138
93 94
93 139
94 30
95 96
95 210
96 120
97 33
97 98
98 45
99 5
99 100
100 152
101 102
101 112
102 135
103 104
103 136
104 14
105 65
105 106
106 81
107 108
107 133
108 93
109 12
109 110
110 150
111 101
111 112
112 27
113 7
113 114
114 71
115 116
115 180
116 208
117 118
117 155
118 172
119 120
119 185
120 121
121 122
121 131
122 46
123 107
123 124
124 87
125 9
125 126
126 190
127 56
127 128
128 192
129 10
129 130
130 15
131 113
131 132
132 84
133 35
133 134
134 198
135 57
135 136
136 78
137 138
137 161
138 42
139 11
139 140
140 128
141 47
141 142
142 132
143 39
143 144
144 167
145 146
145 197
146 6
147 37
147 148
148 52
149 150
149 179
150 116
151 83
151 152
152 118
153 23
153 154
154 95
155 140
155 156
156 50
157 88
157 158
158 102
159 142
159 160
160 174
161 147
161 162
162 206
163 91
163 164
164 103
165 148
165 166
166 191
167 9
167 168
168 60
169 105
169 170
170 175
171 75
171 172
172 24
173 145
173 174
174 164
175 67
175 176
176 106
177 58
177 178
178 149
179 114
179 180
180 54
181 61
181 182
182 203
183 53
183 184
184 109
185 111
185 186
186 163
187 69
187 188
188 16
189 190
189 204
190 92
191 10
191 192
192 64
193 119
193 194
194 26
195 2
195 196
196 199
197 59
197 198
198 86
199 176
199 200
200 18
201 123
201 202
202 66
203 204
203 214
204 13
205 29
205 206
206 38
207 157
207 208
208 6
209 144
209 210
210 178
211 96
211 212
212 181
213 90
213 214
214 168
