0 11
0 151
3 89
3 133
4 30
4 31
5 165
6 204
7 124
7 162
8 178
8 208
9 196
10 120
11 141
11 153
13 54
13 161
15 81
15 160
17 121
17 186
19 137
19 156
21 22
21 212
23 24
23 174
24 188
25 26
25 59
26 70
27 13
27 28
28 74
29 30
29 185
30 47
31 32
31 131
32 76
33 23
33 34
34 172
35 36
35 157
36 197
37 35
37 38
38 71
39 40
39 78
40 2
41 42
41 49
42 140
43 44
43 155
44 122
45 10
45 46
46 84
47 48
47 213
48 67
49 17
49 50
50 171
51 52
51 109
52 192
53 54
53 135
54 102
55 56
55 184
56 45
57 58
57 116
58 207
59 60
59 107
60 139
61 3
61 62
62 106
63 4
63 64
64 177
65 57
65 66
66 166
67 68
67 159
68 10
69 70
69 211
70 33
71 72
71 138
72 52
73 74
73 87
74 183
75 76
75 103
76 34
77 8
77 78
78 93
79 80
79 202
80 56
81 82
81 115
82 12
83 84
83 191
84 40
85 41
85 86
86 21
87 61
87 88
88 44
89 63
89 90
90 132
91 5
91 92
92 96
93 94
93 158
94 180
95 58
95 96
96 128
97 98
97 154
98 130
99 6
99 100
100 32
101 102
101 114
102 14
103 83
103 104
104 190
105 106
105 194
106 167
107 108
107 134
108 182
109 110
109 209
110 94
111 112
111 150
112 170
113 114
113 147
114 43
115 73
115 116
116 28
117 29
117 118
118 48
119 120
119 173
120 148
121 27
121 122
122 86
123 64
123 124
124 111
125 91
125 126
126 85
127 128
127 169
128 100
129 130
129 205
130 68
131 5
131 132
132 201
133 134
133 179
134 198
135 79
135 136
136 144
137 138
137 145
138 80
139 90
139 140
140 99
141 119
141 142
142 108
143 144
143 152
144 38
145 20
145 146
146 9
147 148
147 175
148 46
149 82
149 150
150 176
151 152
151 193
152 50
153 154
153 164
154 26
155 51
155 156
156 104
157 15
157 158
158 112
159 55
159 160
160 16
161 95
161 162
162 187
163 6
163 164
164 149
165 127
165 166
166 39
167 24
167 168
168 88
169 60
169 170
170 146
171 92
171 172
172 206
173 65
173 174
174 189
175 75
175 176
176 118
177 25
177 178
178 72
179 105
179 180
180 1
181 36
181 182
182 53
183 110
183 184
184 62
185 113
185 186
186 19
187 66
187 188
188 195
189 7
189 190
190 210
191 192
191 199
192 98
193 37
193 194
194 181
195 77
195 196
196 129
197 117
197 198
198 69
199 123
199 200
200 18
201 202
201 214
202 143
203 126
203 204
204 97
205 142
205 206
206 168
207 42
207 208
208 9
209 203
209 210
210 200
211 125
211 212
212 136
213 163
213 214
214 101
