0 1
0 157
1 19
1 134
2 91
2 187
3 105
3 192
5 194
4 17
4 56
6 48
9 33
9 71
11 148
10 83
10 206
12 197
15 107
15 210
17 140
17 195
19 35
19 44
21 102
21 156
23 24
23 137
24 158
25 26
25 214
26 45
27 28
27 167
28 124
29 30
29 180
30 34
31 27
31 32
32 136
33 34
33 119
34 53
35 36
35 65
36 62
37 6
37 38
38 130
39 40
39 55
40 25
41 42
41 132
42 100
43 44
43 88
44 89
45 11
45 46
46 172
47 48
47 98
48 114
49 50
49 112
50 87
51 24
51 52
52 131
53 54
53 85
54 20
55 2
55 56
56 169
57 58
57 109
58 12
59 60
59 189
60 18
61 62
61 203
62 70
63 64
63 121
64 81
65 66
65 185
66 209
67 68
67 82
68 12
69 40
69 70
70 101
71 72
71 99
72 110
73 52
73 74
74 200
75 76
75 84
76 127
77 61
77 78
78 75
79 80
79 201
80 115
81 14
81 82
82 162
83 84
83 151
84 95
85 86
85 144
86 5
87 88
87 170
88 212
89 90
89 96
90 28
91 92
91 117
92 160
93 94
93 154
94 213
95 96
95 138
96 21
97 49
97 98
98 193
99 100
99 111
100 182
101 102
101 178
102 184
103 104
103 149
104 58
105 6
105 106
106 202
107 108
107 183
108 106
109 110
109 174
110 30
111 112
111 155
112 176
113 15
113 114
114 186
115 72
115 116
116 8
117 67
117 118
118 74
119 120
119 123
120 208
121 41
121 122
122 7
123 124
123 146
124 166
125 126
125 196
126 60
127 128
127 164
128 118
129 130
129 159
130 94
131 31
131 132
132 198
133 134
133 145
134 47
135 32
135 136
136 161
137 138
137 181
138 69
139 51
139 140
140 199
141 142
141 168
142 188
143 66
143 144
144 37
145 146
145 173
146 10
147 26
147 148
148 125
149 150
149 177
150 135
151 68
151 152
152 211
153 63
153 154
154 46
155 156
155 191
156 22
157 158
157 175
158 59
159 160
159 179
160 128
161 104
161 162
162 86
163 9
163 164
164 147
165 166
165 171
166 64
167 165
167 168
168 3
169 80
169 170
170 16
171 143
171 172
172 207
173 129
173 174
174 205
175 79
175 176
176 108
177 39
177 178
178 120
179 29
179 180
180 23
181 163
181 182
182 36
183 142
183 184
184 54
185 133
185 186
186 116
187 57
187 188
188 92
189 103
189 190
190 42
191 97
191 192
192 4
193 152
193 194
194 122
195 113
195 196
196 93
197 153
197 198
198 78
199 200
199 204
200 43
201 139
201 202
202 77
203 150
203 204
204 126
205 73
205 206
206 11
207 190
207 208
208 13
209 141
209 210
210 38
211 76
211 212
212 5
213 50
213 214
214 90
