0 163
0 187
3 6
3 152
4 88
4 136
6 2
5 6
7 29
7 44
8 33
8 83
9 10
10 179
11 68
11 96
13 35
13 184
15 16
15 104
17 150
17 204
19 95
19 98
21 157
21 200
23 24
23 161
24 47
25 26
25 172
26 9
27 28
27 188
28 18
29 30
29 153
30 49
31 32
31 37
32 131
33 34
33 73
34 12
35 36
35 142
36 166
37 38
37 117
38 121
39 40
39 171
40 126
41 42
41 139
42 144
43 44
43 74
44 125
45 46
45 209
46 210
47 48
47 120
48 99
49 23
49 50
50 92
51 52
51 89
52 199
53 54
53 212
54 81
55 56
55 147
56 24
57 58
57 169
58 122
59 39
59 60
60 1
61 62
61 182
62 78
63 64
63 145
64 129
65 66
65 205
66 213
67 54
67 68
68 162
69 70
69 87
70 164
71 72
71 181
72 36
73 74
73 111
74 48
75 76
75 94
76 3
77 78
77 128
78 146
79 80
79 167
80 40
81 15
81 82
82 5
83 84
83 93
84 134
85 86
85 124
86 214
87 32
87 88
88 140
89 90
89 97
90 31
91 58
91 92
92 46
93 41
93 94
94 173
95 85
95 96
96 110
97 45
97 98
98 195
99 20
99 100
100 106
101 102
101 168
102 138
103 104
103 113
104 133
105 106
105 175
106 108
107 108
107 116
108 86
109 110
109 114
110 72
111 112
111 196
112 159
113 114
113 148
114 107
115 100
115 116
116 77
117 118
117 170
118 186
119 30
119 120
120 9
121 119
121 122
122 21
123 124
123 143
124 141
125 126
125 135
126 132
127 128
127 130
128 176
129 130
129 193
130 208
131 53
131 132
132 28
133 102
133 134
134 190
135 50
135 136
136 82
137 8
137 138
138 4
139 75
139 140
140 84
141 25
141 142
142 17
143 19
143 144
144 105
145 146
145 192
146 60
147 148
147 165
148 43
149 150
149 158
150 207
151 152
151 156
152 115
153 154
153 183
154 155
155 79
155 156
156 149
157 55
157 158
158 201
159 62
159 160
160 174
161 91
161 162
162 180
163 164
163 194
164 202
165 151
165 166
166 160
167 123
167 168
168 197
169 170
169 185
170 154
171 27
171 172
172 127
173 10
173 174
174 206
175 66
175 176
176 14
177 63
177 178
178 103
179 70
179 180
180 34
181 178
181 182
182 137
183 52
183 184
184 109
185 90
185 186
186 80
187 188
187 191
188 203
189 57
189 190
190 5
191 177
191 192
192 59
193 189
193 194
194 112
195 101
195 196
196 56
197 198
197 211
198 26
199 64
199 200
200 69
201 71
201 202
202 42
203 51
203 204
204 65
205 118
205 206
206 67
207 198
207 208
208 61
209 7
209 210
210 13
211 38
211 212
212 22
213 76
213 214
214 11
