0 2
0 29
1 153
1 198
3 62
3 112
4 49
4 154
5 31
6 207
8 45
8 52
9 110
9 211
11 80
10 12
10 44
12 210
15 157
15 214
17 48
17 149
19 79
19 92
21 96
21 133
23 24
23 77
24 126
25 26
25 123
26 188
27 23
27 28
28 165
29 30
29 181
30 183
31 32
31 114
32 103
33 34
33 139
34 37
35 36
35 137
36 194
37 38
37 100
38 11
39 40
39 175
40 14
41 42
41 65
42 88
43 44
43 75
44 128
45 46
45 170
46 200
47 48
47 129
48 74
49 50
49 147
50 20
51 21
51 52
52 9
53 33
53 54
54 106
55 56
55 179
56 192
57 10
57 58
58 12
59 1
59 60
60 81
61 62
61 213
62 85
63 64
63 121
64 187
65 25
65 66
66 122
67 11
67 68
68 24
69 70
69 102
70 60
71 41
71 72
72 91
73 38
73 74
74 158
75 76
75 108
76 196
77 78
77 115
78 124
79 73
79 80
80 212
81 34
81 82
82 136
83 84
83 197
84 152
85 86
85 190
86 97
87 42
87 88
88 53
89 27
89 90
90 19
91 5
91 92
92 70
93 26
93 94
94 46
95 59
95 96
96 22
97 98
97 105
98 204
99 100
99 107
100 164
101 5
101 102
102 82
103 104
103 150
104 7
105 106
105 156
106 6
107 108
107 205
108 151
109 110
109 167
110 17
111 112
111 132
112 86
113 114
113 155
114 168
115 116
115 119
116 58
117 118
117 191
118 125
119 117
119 120
120 193
121 99
121 122
122 146
123 124
123 163
124 203
125 126
125 177
126 144
127 16
127 128
128 47
129 67
129 130
130 116
131 89
131 132
132 4
133 71
133 134
134 130
135 32
135 136
136 186
137 51
137 138
138 178
139 140
139 173
140 180
141 78
141 142
142 208
143 109
143 144
144 18
145 6
145 146
146 166
147 72
147 148
148 15
149 134
149 150
150 160
151 152
151 174
152 94
153 30
153 154
154 195
155 3
155 156
156 140
157 76
157 158
158 202
159 43
159 160
160 69
161 64
161 162
162 172
163 164
163 169
164 50
165 166
165 171
166 127
167 141
167 168
168 201
169 55
169 170
170 142
171 118
171 172
172 66
173 111
173 174
174 145
175 176
175 189
176 98
177 178
177 206
178 159
179 95
179 180
180 138
181 39
181 182
182 113
183 63
183 184
184 40
185 61
185 186
186 84
187 143
187 188
188 13
189 131
189 190
190 101
191 35
191 192
192 161
193 8
193 194
194 68
195 54
195 196
196 162
197 87
197 198
198 182
199 56
199 200
200 104
201 148
201 202
202 36
203 185
203 204
204 209
205 199
205 206
206 83
207 120
207 208
208 90
209 57
209 210
210 184
211 176
211 212
212 93
213 28
213 214
214 135
