0 61
0 171
1 3
1 192
3 6
3 57
5 84
4 43
4 93
6 19
9 10
9 90
10 24
10 196
12 156
11 37
13 96
13 184
15 16
15 145
17 35
17 177
19 28
19 172
21 116
21 208
23 24
23 75
24 191
25 26
25 126
26 110
27 28
27 209
28 53
29 30
29 121
30 151
31 32
31 211
32 155
33 22
33 34
34 185
35 36
35 77
36 141
37 38
37 122
38 67
39 40
39 46
40 160
41 42
41 137
42 25
43 44
43 71
44 7
45 46
45 92
46 26
47 48
47 199
48 95
49 50
49 146
50 178
51 52
51 213
52 9
53 8
53 54
54 86
55 56
55 106
56 50
57 58
57 197
58 214
59 60
59 169
60 144
61 62
61 161
62 190
63 64
63 166
64 175
65 66
65 125
66 212
67 30
67 68
68 98
69 65
69 70
70 42
71 72
71 153
72 152
73 74
73 104
74 108
75 76
75 115
76 102
77 78
77 176
78 158
79 80
79 105
80 64
81 82
81 165
82 134
83 84
83 193
84 45
85 86
85 113
86 180
87 88
87 128
88 173
89 23
89 90
90 204
91 92
91 117
92 168
93 94
93 162
94 14
95 96
95 135
96 38
97 63
97 98
98 70
99 100
99 194
100 124
101 76
101 102
102 94
103 104
103 157
104 89
105 47
105 106
106 139
107 99
107 108
108 97
109 110
109 203
110 186
111 112
111 198
112 100
113 114
113 140
114 179
115 116
115 147
116 33
117 73
117 118
118 130
119 120
119 202
120 159
121 122
121 142
122 170
123 124
123 205
124 34
125 41
125 126
126 200
127 82
127 128
128 69
129 83
129 130
130 131
131 132
131 201
132 72
133 15
133 134
134 48
135 136
135 195
136 5
137 138
137 167
138 58
139 140
139 182
140 11
141 18
141 142
142 55
143 52
143 144
144 210
145 111
145 146
146 85
147 148
147 183
148 74
149 80
149 150
150 101
151 132
151 152
152 68
153 32
153 154
154 21
155 119
155 156
156 60
157 4
157 158
158 150
159 107
159 160
160 56
161 127
161 162
162 87
163 81
163 164
164 129
165 27
165 166
166 39
167 91
167 168
168 40
169 170
169 189
170 12
171 163
171 172
172 181
173 31
173 174
174 29
175 176
175 207
176 49
177 66
177 178
178 44
179 180
179 206
180 12
181 182
181 187
182 154
183 51
183 184
184 59
185 136
185 186
186 188
187 174
187 188
188 78
189 148
189 190
190 54
191 138
191 192
192 5
193 133
193 194
194 149
195 120
195 196
196 109
197 103
197 198
198 118
199 6
199 200
200 112
201 88
201 202
202 79
203 17
203 204
204 62
205 114
205 206
206 36
207 143
207 208
208 20
209 1
209 210
210 2
211 13
211 212
212 123
213 164
213 214
214 11
