0 7
0 189
3 13
3 56
4 49
4 211
6 208
5 6
7 8
7 41
8 131
8 143
10 98
9 121
11 145
11 184
13 71
13 93
15 45
15 190
17 72
17 103
19 99
19 180
21 31
21 170
23 24
23 46
24 108
25 26
25 179
26 86
27 28
27 87
28 135
29 30
29 36
30 75
31 32
31 124
32 6
33 34
33 66
34 23
35 36
35 73
36 27
37 38
37 162
38 85
39 32
39 40
40 61
41 42
41 53
42 198
43 25
43 44
44 112
45 46
45 125
46 176
47 48
47 200
48 195
49 50
49 102
50 44
51 52
51 151
52 21
53 54
53 163
54 199
55 16
55 56
56 178
57 58
57 169
58 159
59 60
59 111
60 51
61 62
61 182
62 196
63 64
63 141
64 114
65 11
65 66
66 84
67 1
67 68
68 214
69 70
69 138
70 88
71 72
71 133
72 152
73 50
73 74
74 80
75 76
75 193
76 136
77 78
77 209
78 164
79 80
79 113
80 82
81 82
81 165
82 183
83 84
83 95
84 43
85 47
85 86
86 12
87 88
87 130
88 67
89 90
89 132
90 20
91 92
91 181
92 64
93 89
93 94
94 74
95 96
95 104
96 9
97 98
97 154
98 3
99 83
99 100
100 207
101 102
101 160
102 210
103 69
103 104
104 115
105 106
105 153
106 161
107 52
107 108
108 68
109 18
109 110
110 149
111 112
111 166
112 212
113 114
113 185
114 24
115 91
115 116
116 148
117 118
117 123
118 156
119 120
119 155
120 40
121 97
121 122
122 118
123 124
123 129
124 30
125 126
125 147
126 48
127 128
127 187
128 101
129 130
129 157
130 100
131 132
131 177
132 167
133 134
133 174
134 146
135 2
135 136
136 206
137 105
137 138
138 106
139 140
139 204
140 110
141 142
141 197
142 90
143 9
143 144
144 203
145 54
145 146
146 120
147 63
147 148
148 150
149 150
149 168
150 92
151 35
151 152
152 109
153 117
153 154
154 10
155 55
155 156
156 38
157 10
157 158
158 22
159 79
159 160
160 191
161 107
161 162
162 14
163 15
163 164
164 158
165 166
165 173
166 42
167 65
167 168
168 213
169 59
169 170
170 78
171 116
171 172
172 34
173 96
173 174
174 29
175 57
175 176
176 70
177 81
177 178
178 144
179 180
179 194
180 28
181 60
181 182
182 122
183 142
183 184
184 192
185 134
185 186
186 126
187 58
187 188
188 37
189 77
189 190
190 119
191 192
191 201
192 76
193 127
193 194
194 62
195 5
195 196
196 172
197 137
197 198
198 140
199 17
199 200
200 202
201 188
201 202
202 4
203 139
203 204
204 205
205 175
205 206
206 26
207 128
207 208
208 33
209 19
209 210
210 5
211 186
211 212
212 171
213 39
213 214
214 94
