0 115
0 179
1 51
1 84
3 6
3 138
5 118
4 88
4 184
6 26
9 61
9 153
10 46
10 139
12 177
11 137
13 48
13 178
15 34
15 140
17 111
17 203
19 30
19 89
21 22
21 159
23 24
23 109
24 122
25 26
25 141
26 66
27 28
27 70
28 20
29 30
29 209
30 69
31 32
31 60
32 108
33 34
33 117
34 210
35 36
35 132
36 107
37 38
37 167
38 161
39 40
39 53
40 168
41 42
41 113
42 64
43 44
43 205
44 50
45 46
45 187
46 95
47 48
47 79
48 74
49 50
49 100
50 54
51 15
51 52
52 128
53 54
53 126
54 73
55 56
55 175
56 190
57 58
57 116
58 59
59 60
59 201
60 204
61 62
61 198
62 80
63 64
63 104
64 6
65 4
65 66
66 81
67 68
67 165
68 16
69 70
69 214
70 42
71 72
71 200
72 212
73 72
73 74
74 90
75 12
75 76
76 2
77 78
77 185
78 28
79 80
79 110
80 14
81 56
81 82
82 47
83 23
83 84
84 176
85 86
85 92
86 98
87 43
87 88
88 27
89 90
89 208
90 162
91 9
91 92
92 103
93 55
93 94
94 13
95 25
95 96
96 129
97 98
97 127
98 164
99 37
99 100
100 114
101 75
101 102
102 148
103 104
103 199
104 182
105 33
105 106
106 24
107 108
107 172
108 68
109 110
109 160
110 166
111 10
111 112
112 12
113 114
113 144
114 154
115 116
115 155
116 76
117 77
117 118
118 174
119 120
119 180
120 63
121 122
121 211
122 158
123 124
123 191
124 151
125 57
125 126
126 65
127 119
127 128
128 21
129 11
129 130
130 101
131 132
131 188
132 202
133 112
133 134
134 62
135 17
135 136
136 71
137 130
137 138
138 83
139 29
139 140
140 120
141 142
141 181
142 32
143 144
143 207
144 38
145 93
145 146
146 67
147 85
147 148
148 7
149 124
149 150
150 156
151 152
151 213
152 183
153 135
153 154
154 150
155 156
155 197
156 52
157 99
157 158
158 82
159 36
159 160
160 39
161 162
161 163
162 134
163 49
163 164
164 5
165 147
165 166
166 142
167 131
167 168
168 44
169 45
169 170
170 173
171 19
171 172
172 170
173 136
173 174
174 206
175 35
175 176
176 86
177 146
177 178
178 8
179 180
179 195
180 143
181 182
181 192
182 106
183 145
183 184
184 5
185 186
185 193
186 171
187 125
187 188
188 196
189 96
189 190
190 94
191 18
191 192
192 149
193 157
193 194
194 41
195 58
195 196
196 123
197 169
197 198
198 121
199 1
199 200
200 3
201 97
201 202
202 133
203 105
203 204
204 87
205 11
205 206
206 40
207 91
207 208
208 189
209 186
209 210
210 194
211 152
211 212
212 102
213 31
213 214
214 78
