0 7
0 209
3 37
3 183
4 21
4 194
5 151
6 70
7 8
7 195
8 179
8 197
10 3
9 122
11 53
11 202
13 14
13 204
15 69
15 140
17 185
17 205
19 23
19 120
21 49
21 64
23 24
23 165
24 48
25 26
25 173
26 152
27 28
27 30
28 160
29 30
29 32
30 112
31 32
31 102
32 4
33 34
33 36
34 86
35 36
35 96
36 206
37 38
37 124
38 92
39 40
39 111
40 84
41 42
41 104
42 5
43 44
43 175
44 108
45 46
45 131
46 74
47 48
47 80
48 88
49 22
49 50
50 82
51 52
51 203
52 114
53 54
53 101
54 38
55 56
55 137
56 211
57 58
57 196
58 24
59 60
59 212
60 20
61 55
61 62
62 18
63 10
63 64
64 42
65 66
65 153
66 110
67 68
67 87
68 164
69 70
69 144
70 44
71 13
71 72
72 98
73 74
73 75
74 12
75 76
75 95
76 19
77 78
77 213
78 85
79 57
79 80
80 178
81 56
81 82
82 28
83 84
83 123
84 116
85 86
85 169
86 94
87 39
87 88
88 115
89 83
89 90
90 139
91 92
91 141
92 188
93 90
93 94
94 118
95 96
95 147
96 127
97 98
97 193
98 129
99 100
99 177
100 166
101 25
101 102
102 125
103 104
103 171
104 106
105 106
105 107
106 182
107 72
107 108
108 59
109 61
109 110
110 142
111 9
111 112
112 43
113 51
113 114
114 58
115 40
115 116
116 134
117 118
117 130
118 2
119 65
119 120
120 191
121 122
121 149
122 181
123 105
123 124
124 79
125 27
125 126
126 157
127 128
127 180
128 100
129 81
129 130
130 200
131 132
131 145
132 207
133 29
133 134
134 158
135 136
135 187
136 143
137 45
137 138
138 26
139 41
139 140
140 167
141 142
141 159
142 68
143 97
143 144
144 128
145 146
145 155
146 34
147 77
147 148
148 91
149 150
149 162
150 201
151 152
151 168
152 170
153 121
153 154
154 78
155 113
155 156
156 133
157 158
157 214
158 189
159 71
159 160
160 126
161 119
161 162
162 136
163 11
163 164
164 138
165 154
165 166
166 54
167 168
167 172
168 33
169 99
169 170
170 47
171 17
171 172
172 176
173 10
173 174
174 156
175 5
175 176
176 1
177 35
177 178
178 208
179 109
179 180
180 192
181 93
181 182
182 199
183 174
183 184
184 146
185 161
185 186
186 6
187 73
187 188
188 16
189 15
189 190
190 6
191 117
191 192
192 31
193 67
193 194
194 186
195 132
195 196
196 76
197 148
197 198
198 103
199 63
199 200
200 60
201 66
201 202
202 46
203 198
203 204
204 210
205 89
205 206
206 190
207 135
207 208
208 62
209 52
209 210
210 9
211 50
211 212
212 184
213 163
213 214
214 150
