0 107
0 177
2 45
2 71
3 53
3 117
5 193
4 6
4 133
6 157
9 12
9 146
10 11
10 170
12 200
11 12
13 3
13 144
15 6
15 184
17 102
17 130
19 136
19 152
21 180
21 192
23 24
23 39
24 90
25 26
25 91
26 80
27 28
27 145
28 122
29 30
29 72
30 155
31 26
31 32
32 36
33 34
33 210
34 153
35 36
35 77
36 50
37 38
37 69
38 54
39 40
39 185
40 96
41 42
41 106
42 101
43 37
43 44
44 14
45 46
45 151
46 213
47 48
47 135
48 49
49 50
49 134
50 94
51 52
51 190
52 22
53 54
53 59
54 60
55 56
55 139
56 92
57 58
57 194
58 118
59 60
59 66
60 124
61 43
61 62
62 35
63 64
63 99
64 189
65 28
65 66
66 75
67 68
67 143
68 174
69 56
69 70
70 7
71 65
71 72
72 150
73 74
73 89
74 172
75 67
75 76
76 188
77 78
77 103
78 10
79 80
79 175
80 51
81 82
81 211
82 123
83 84
83 85
84 169
85 86
85 158
86 44
87 63
87 88
88 160
89 17
89 90
90 5
91 92
91 141
92 57
93 94
93 109
94 88
95 40
95 96
96 121
97 31
97 98
98 159
99 100
99 186
100 116
101 73
101 102
102 61
103 104
103 115
104 162
105 106
105 149
106 13
107 47
107 108
108 140
109 41
109 110
110 212
111 112
111 167
112 173
113 74
113 114
114 52
115 116
115 182
116 198
117 33
117 118
118 206
119 104
119 120
120 16
121 122
121 168
122 178
123 38
123 124
124 208
125 25
125 126
126 15
127 34
127 128
128 119
129 130
129 203
130 100
131 132
131 209
132 5
133 134
133 197
134 95
135 19
135 136
136 20
137 32
137 138
138 18
139 87
139 140
140 98
141 142
141 147
142 68
143 4
143 144
144 214
145 93
145 146
146 76
147 111
147 148
148 62
149 81
149 150
150 114
151 131
151 152
152 127
153 154
153 163
154 82
155 83
155 156
156 138
157 158
157 179
158 199
159 160
159 187
160 8
161 162
161 181
162 164
163 108
163 164
164 70
165 64
165 166
166 171
167 23
167 168
168 42
169 156
169 170
170 11
171 172
171 196
172 58
173 27
173 174
174 183
175 125
175 176
176 29
177 161
177 178
178 148
179 180
179 195
180 176
181 105
181 182
182 97
183 132
183 184
184 120
185 186
185 201
186 129
187 30
187 188
188 46
189 190
189 191
190 207
191 110
191 192
192 128
193 21
193 194
194 84
195 165
195 196
196 48
197 113
197 198
198 204
199 9
199 200
200 154
201 55
201 202
202 112
203 2
203 204
204 137
205 166
205 206
206 24
207 142
207 208
208 1
209 202
209 210
210 126
211 79
211 212
212 205
213 78
213 214
214 86
