0 41
0 113
1 7
1 73
3 174
3 181
4 5
4 118
6 199
5 123
7 129
7 147
8 81
8 204
9 28
10 52
13 14
13 210
15 120
15 144
17 69
17 194
19 125
19 184
21 166
21 172
23 24
23 135
24 183
25 26
25 202
26 203
27 28
27 32
28 162
29 4
29 30
30 161
31 32
31 39
32 49
33 34
33 56
34 112
35 36
35 214
36 158
37 38
37 177
38 149
39 40
39 105
40 134
41 42
41 179
42 182
43 44
43 59
44 51
45 46
45 211
46 9
47 48
47 57
48 175
49 50
49 79
50 62
51 52
51 80
52 86
53 54
53 207
54 191
55 25
55 56
56 150
57 58
57 67
58 104
59 6
59 60
60 97
61 2
61 62
62 90
63 64
63 205
64 76
65 66
65 201
66 189
67 3
67 68
68 42
69 70
69 190
70 160
71 72
71 152
72 138
73 8
73 74
74 82
75 13
75 76
76 99
77 15
77 78
78 114
79 80
79 193
80 40
81 82
81 111
82 180
83 20
83 84
84 131
85 86
85 119
86 126
87 88
87 141
88 148
89 90
89 96
90 142
91 92
91 124
92 165
93 94
93 121
94 171
95 16
95 96
96 186
97 53
97 98
98 34
99 100
99 195
100 68
101 66
101 102
102 168
103 104
103 167
104 110
105 106
105 173
106 72
107 54
107 108
108 109
109 110
109 192
110 21
111 74
111 112
112 85
113 114
113 133
114 93
115 47
115 116
116 156
117 23
117 118
118 78
119 116
119 120
120 92
121 122
121 197
122 106
123 71
123 124
124 17
125 107
125 126
126 84
127 128
127 169
128 170
129 130
129 188
130 70
131 12
131 132
132 130
133 61
133 134
134 132
135 136
135 185
136 143
137 138
137 154
138 128
139 37
139 140
140 178
141 48
141 142
142 98
143 87
143 144
144 75
145 55
145 146
146 196
147 50
147 148
148 176
149 19
149 150
150 208
151 31
151 152
152 198
153 24
153 154
154 5
155 38
155 156
156 187
157 35
157 158
158 26
159 30
159 160
160 94
161 91
161 162
162 102
163 137
163 164
164 60
165 95
165 166
166 44
167 168
167 212
168 58
169 36
169 170
170 164
171 11
171 172
172 22
173 27
173 174
174 77
175 153
175 176
176 108
177 178
177 206
178 103
179 117
179 180
180 159
181 65
181 182
182 33
183 184
183 209
184 83
185 186
185 213
186 155
187 10
187 188
188 46
189 157
189 190
190 200
191 140
191 192
192 45
193 115
193 194
194 100
195 127
195 196
196 1
197 145
197 198
198 139
199 64
199 200
200 89
201 63
201 202
202 136
203 122
203 204
204 10
205 29
205 206
206 6
207 146
207 208
208 88
209 101
209 210
210 43
211 18
211 212
212 9
213 151
213 214
214 163
