0 86
0 451
2 49
2 987
3 391
3 1180
5 755
4 156
4 471
6 136
7 705
7 1078
9 29
9 1114
11 494
10 31
10 76
12 544
15 338
15 983
17 403
17 975
19 20
19 71
21 26
21 909
23 24
23 427
24 488
25 26
25 601
26 190
27 28
27 1067
28 292
29 30
29 1154
30 660
31 32
31 180
32 188
33 34
33 174
34 894
35 36
35 508
36 877
37 38
37 1104
38 6
39 40
39 720
40 402
41 42
41 1141
42 666
43 44
43 91
44 798
45 46
45 671
46 186
47 48
47 1121
48 114
49 50
49 961
50 858
51 52
51 317
52 232
53 54
53 1051
54 247
55 56
55 1182
56 680
57 58
57 125
58 944
59 51
59 60
60 706
61 62
61 224
62 216
63 64
63 628
64 725
65 66
65 141
66 626
67 68
67 505
68 936
69 70
69 1157
70 935
71 72
71 1009
72 137
73 74
73 254
74 959
75 76
75 547
76 415
77 78
77 1019
78 741
79 80
79 428
80 453
81 82
81 906
82 818
83 84
83 531
84 470
85 45
85 86
86 457
87 88
87 1090
88 838
89 90
89 589
90 810
91 92
91 963
92 196
93 94
93 957
94 970
95 96
95 122
96 357
97 10
97 98
98 958
99 100
99 1047
100 678
101 102
101 435
102 752
103 104
103 1042
104 467
105 2
105 106
106 850
107 108
107 185
108 690
109 110
109 785
110 816
111 112
111 431
112 923
113 114
113 539
114 30
115 116
115 340
116 420
117 118
117 630
118 1005
119 120
119 259
120 236
121 122
121 693
122 417
123 121
123 124
124 618
125 126
125 313
126 145
127 128
127 943
128 260
129 130
129 525
130 750
131 132
131 627
132 576
133 134
133 799
134 808
135 136
135 1074
136 228
137 15
137 138
138 684
139 140
139 379
140 740
141 129
141 142
142 404
143 144
143 1125
144 862
145 146
145 241
146 98
147 148
147 698
148 834
149 84
149 150
150 550
151 152
151 1058
152 807
153 154
153 841
154 1039
155 127
155 156
156 952
157 158
157 1151
158 9
159 5
159 160
160 22
161 162
161 312
162 889
163 23
163 164
164 168
165 166
165 238
166 1002
167 168
167 673
168 296
169 170
169 793
170 762
171 172
171 513
172 173
173 103
173 174
174 1017
175 176
175 861
176 482
177 178
177 751
178 701
179 50
179 180
180 62
181 182
181 732
182 264
183 184
183 1030
184 766
185 186
185 644
186 902
187 188
187 1211
188 570
189 190
189 381
190 537
191 192
191 1199
192 855
193 143
193 194
194 1200
195 53
195 196
196 806
197 198
197 649
198 888
199 24
199 200
200 868
201 202
201 757
202 768
203 204
203 355
204 824
205 206
205 1212
206 414
207 208
207 518
208 1202
209 193
209 210
210 406
211 212
211 686
212 496
213 214
213 903
214 682
215 216
215 677
216 632
217 218
217 1040
218 6
219 220
219 1029
220 134
221 222
221 854
222 245
223 105
223 224
224 1098
225 226
225 899
226 922
227 187
227 228
228 148
229 230
229 1052
230 1124
231 232
231 1053
232 594
233 234
233 745
234 376
235 153
235 236
236 366
237 238
237 1043
238 1126
239 240
239 1023
240 124
241 242
241 905
242 386
243 244
243 314
244 866
245 246
245 1192
246 182
247 248
247 350
248 723
249 157
249 250
250 728
251 252
251 864
252 440
253 254
253 887
254 1165
255 92
255 256
256 12
257 258
257 661
258 383
259 260
259 430
260 484
261 262
261 599
262 1119
263 264
263 931
264 162
265 266
265 760
266 592
267 268
267 1077
268 498
269 270
269 418
270 568
271 204
271 272
272 578
273 274
273 1115
274 500
275 276
275 595
276 822
277 100
277 278
278 642
279 280
279 885
280 538
281 282
281 619
282 802
283 284
283 548
284 744
285 286
285 613
286 507
287 288
287 1028
288 13
289 215
289 290
290 110
291 292
291 1117
292 128
293 294
293 542
294 598
295 296
295 949
296 60
297 298
297 692
298 966
299 300
299 965
300 910
301 289
301 302
302 781
303 304
303 840
304 46
305 306
305 772
306 1006
307 25
307 308
308 1179
309 310
309 995
310 1068
311 312
311 979
312 459
313 314
313 1159
314 658
315 227
315 316
316 1085
317 83
317 318
318 1149
319 320
319 447
320 842
321 322
321 421
322 748
323 324
323 458
324 251
325 7
325 326
326 988
327 328
327 490
328 624
329 267
329 330
330 1036
331 332
331 581
332 154
333 334
333 593
334 759
335 336
335 597
336 765
337 338
337 843
338 1150
339 340
339 1101
340 996
341 342
341 622
342 633
343 344
343 1193
344 526
345 326
345 346
346 1210
347 212
347 348
348 448
349 350
349 702
350 432
351 352
351 1064
352 1172
353 354
353 1000
354 1056
355 252
355 356
356 890
357 358
357 946
358 446
359 360
359 954
360 754
361 163
361 362
362 1142
363 364
363 439
364 130
365 177
365 366
366 323
367 368
367 900
368 207
369 370
369 1011
370 771
371 372
371 1110
372 48
373 374
373 1164
374 583
375 376
375 464
376 915
377 378
377 643
378 306
379 380
379 773
380 144
381 382
381 573
382 1144
383 384
383 553
384 913
385 43
385 386
386 243
387 388
387 1103
388 499
389 390
389 789
390 146
391 392
391 473
392 429
393 394
393 1139
394 324
395 36
395 396
396 1201
397 398
397 716
398 497
399 400
399 986
400 637
401 348
401 402
402 38
403 404
403 714
404 203
405 406
405 1189
406 882
407 408
407 1188
408 870
409 161
409 410
410 85
411 151
411 412
412 184
413 414
413 590
414 1094
415 416
415 465
416 1168
417 418
417 1107
418 56
419 420
419 886
420 1123
421 422
421 1191
422 621
423 424
423 545
424 57
425 214
425 426
426 450
427 428
427 1041
428 1038
429 277
429 430
430 495
431 432
431 777
432 1102
433 42
433 434
434 860
435 436
435 463
436 221
437 438
437 896
438 734
439 440
439 504
440 1209
441 442
441 865
442 813
443 175
443 444
444 104
445 446
445 480
446 1082
447 448
447 1084
448 1045
449 336
449 450
450 784
451 452
451 575
452 564
453 454
453 676
454 670
455 135
455 456
456 586
457 300
457 458
458 726
459 460
459 743
460 1022
461 462
461 791
462 1148
463 464
463 921
464 301
465 342
465 466
466 142
467 468
467 1083
468 746
469 172
469 470
470 95
471 472
471 859
472 1162
473 474
473 503
474 514
475 365
475 476
476 426
477 176
477 478
478 316
479 480
479 510
480 1032
481 482
481 997
482 1135
483 484
483 891
484 883
485 486
485 1062
486 948
487 488
487 1181
488 1153
489 490
489 790
490 1048
491 492
491 737
492 368
493 494
493 764
494 210
495 442
495 496
496 788
497 498
497 1080
498 18
499 117
499 500
500 1046
501 75
501 502
502 1061
503 504
503 827
504 769
505 96
505 506
506 971
507 508
507 832
508 272
509 281
509 510
510 1020
511 226
511 512
512 1147
513 514
513 837
514 1175
515 150
515 516
516 534
517 397
517 518
518 248
519 3
519 520
520 106
521 522
521 939
522 511
523 524
523 969
524 1146
525 519
525 526
526 1054
527 528
527 711
528 577
529 530
529 738
530 256
531 219
531 532
532 478
533 534
533 588
534 1086
535 536
535 1129
536 967
537 208
537 538
538 16
539 325
539 540
540 929
541 542
541 559
542 287
543 544
543 778
544 884
545 535
545 546
546 782
547 233
547 548
548 792
549 213
549 550
550 836
551 552
551 990
552 729
553 554
553 727
554 364
555 59
555 556
556 918
557 558
557 911
558 88
559 560
559 803
560 976
561 557
561 562
562 551
563 564
563 707
564 456
565 485
565 566
566 394
567 303
567 568
568 489
569 158
569 570
570 1203
571 409
571 572
572 492
573 191
573 574
574 955
575 576
575 735
576 1065
577 345
577 578
578 982
579 580
579 695
580 956
581 582
581 904
582 612
583 58
583 584
584 634
585 586
585 1035
586 433
587 588
587 916
588 600
589 99
589 590
590 307
591 361
591 592
592 1208
593 594
593 1097
594 506
595 65
595 596
596 152
597 598
597 713
598 390
599 600
599 675
600 770
601 602
601 709
602 410
603 604
603 712
604 102
605 606
605 869
606 363
607 399
607 608
608 604
609 19
609 610
610 119
611 612
611 1163
612 452
613 614
613 683
614 454
615 616
615 647
616 370
617 618
617 697
618 476
619 235
619 620
620 739
621 622
621 849
622 1152
623 624
623 812
624 1066
625 626
625 1087
626 1170
627 249
627 628
628 749
629 630
629 648
630 796
631 521
631 632
632 1205
633 634
633 1076
634 1072
635 636
635 730
636 218
637 270
637 638
638 160
639 640
639 1016
640 638
641 90
641 642
642 528
643 644
643 669
644 635
645 268
645 646
646 274
647 617
647 648
648 93
649 330
649 650
650 87
651 652
651 1044
652 1190
653 115
653 654
654 318
655 656
655 828
656 1156
657 658
657 941
658 220
659 660
659 699
660 907
661 662
661 998
662 387
663 664
663 694
664 118
665 198
665 666
666 664
667 11
667 668
668 645
669 670
669 1092
670 584
671 672
671 1059
672 474
673 674
673 1133
674 82
675 579
675 676
676 202
677 678
677 857
678 297
679 41
679 680
680 901
681 682
681 731
682 444
683 239
683 684
684 1167
685 331
685 686
686 835
687 449
687 688
688 532
689 335
689 690
690 347
691 333
691 692
692 78
693 694
693 846
694 1106
695 69
695 696
696 360
697 698
697 825
698 395
699 343
699 700
700 984
701 702
701 801
702 284
703 571
703 704
704 667
705 706
705 1025
706 319
707 392
707 708
708 455
709 155
709 710
710 12
711 615
711 712
712 64
713 299
713 714
714 438
715 716
715 1060
716 358
717 653
717 718
718 830
719 561
719 720
720 282
721 722
721 851
722 1026
723 327
723 724
724 924
725 726
725 780
726 1001
727 181
727 728
728 587
729 730
729 1138
730 205
731 17
731 732
732 536
733 55
733 734
734 378
735 736
735 985
736 880
737 167
737 738
738 113
739 610
739 740
740 462
741 742
741 1155
742 775
743 681
743 744
744 651
745 369
745 746
746 517
747 201
747 748
748 486
749 750
749 1108
750 1186
751 257
751 752
752 320
753 375
753 754
754 978
755 691
755 756
756 33
757 758
757 992
758 194
759 696
759 760
760 540
761 563
761 762
762 930
763 516
763 764
764 786
765 654
765 766
766 1003
767 334
767 768
768 40
769 269
769 770
770 400
771 772
771 973
772 926
773 351
773 774
774 783
775 776
775 964
776 574
777 126
777 778
778 826
779 780
779 937
780 437
781 782
781 863
782 263
783 234
783 784
784 246
785 786
785 875
786 811
787 788
787 980
788 240
789 790
789 1093
790 230
791 792
791 1037
792 925
793 279
793 794
794 674
795 796
795 989
796 873
797 481
797 798
798 833
799 800
799 821
800 206
801 527
801 802
802 288
803 804
803 1099
804 192
805 806
805 1197
806 460
807 603
807 808
808 1140
809 380
809 810
810 562
811 286
811 812
812 28
813 388
813 814
814 1088
815 549
815 816
816 164
817 818
817 1122
818 356
819 662
819 820
820 974
821 515
821 822
822 407
823 824
823 950
824 668
825 373
825 826
826 32
827 315
827 828
828 567
829 708
829 830
830 1021
831 800
831 832
832 700
833 258
833 834
834 34
835 81
835 836
836 874
837 838
837 1057
838 242
839 840
839 1183
840 895
841 842
841 893
842 147
843 767
843 844
844 308
845 655
845 846
846 639
847 848
847 1207
848 608
849 27
849 850
850 928
851 659
851 852
852 477
853 620
853 854
854 558
855 715
855 856
856 1105
857 169
857 858
858 44
859 377
859 860
860 914
861 491
861 862
862 1070
863 864
863 1073
864 52
865 866
865 1091
866 1204
867 819
867 868
868 761
869 848
869 870
870 304
871 533
871 872
872 328
873 874
873 917
874 266
875 876
875 1049
876 461
877 276
877 878
878 73
879 120
879 880
880 265
881 774
881 882
882 408
883 572
883 884
884 932
885 886
885 1171
886 1120
887 888
887 994
888 897
889 217
889 890
890 871
891 70
891 892
892 63
893 894
893 1071
894 582
895 896
895 1063
896 107
897 556
897 898
898 445
899 721
899 900
900 149
901 262
901 902
902 650
903 275
903 904
904 605
905 469
905 906
906 523
907 823
907 908
908 927
909 211
909 910
910 898
911 509
911 912
912 237
913 520
913 914
914 646
915 332
915 916
916 1111
917 918
917 1196
918 1112
919 920
919 1012
920 483
921 423
921 922
922 829
923 8
923 924
924 280
925 926
925 1014
926 566
927 928
927 1128
928 39
929 930
929 1132
930 11
931 569
931 932
932 382
933 611
933 934
934 636
935 881
935 936
936 229
937 291
937 938
938 74
939 131
939 940
940 425
941 493
941 942
942 310
943 189
943 944
944 1134
945 946
945 953
946 856
947 97
947 948
948 1075
949 341
949 950
950 466
951 795
951 952
952 934
953 178
953 954
954 1195
955 255
955 956
956 244
957 422
957 958
958 710
959 170
959 960
960 942
961 541
961 962
962 756
963 111
963 964
964 222
965 179
965 966
966 1178
967 367
967 968
968 685
969 596
969 970
970 337
971 294
971 972
972 1166
973 424
973 974
974 938
975 560
975 976
976 991
977 845
977 978
978 1214
979 980
979 999
980 290
981 401
981 982
982 960
983 359
983 984
984 623
985 77
985 986
986 585
987 988
987 1031
988 787
989 183
989 990
990 817
991 876
991 992
992 123
993 339
993 994
994 502
995 996
995 1013
996 1069
997 443
997 998
998 629
999 66
999 1000
1000 302
1001 305
1001 1002
1002 672
1003 736
1003 1004
1004 419
1005 346
1005 1006
1006 398
1007 67
1007 1008
1008 133
1009 1010
1009 1213
1010 555
1011 329
1011 1012
1012 758
1013 311
1013 1014
1014 529
1015 371
1015 1016
1016 354
1017 867
1017 1018
1018 543
1019 101
1019 1020
1020 389
1021 344
1021 1022
1022 68
1023 1010
1023 1024
1024 139
1025 405
1025 1026
1026 524
1027 250
1027 1028
1028 116
1029 1030
1029 1131
1030 295
1031 719
1031 1032
1032 663
1033 794
1033 1034
1034 972
1035 977
1035 1036
1036 919
1037 4
1037 1038
1038 1079
1039 804
1039 1040
1040 396
1041 1042
1041 1095
1042 912
1043 852
1043 1044
1044 54
1045 554
1045 1046
1046 530
1047 225
1047 1048
1048 820
1049 753
1049 1050
1050 580
1051 1052
1051 1187
1052 80
1053 951
1053 1054
1054 1018
1055 933
1055 1056
1056 5
1057 625
1057 1058
1058 321
1059 1060
1059 1160
1060 546
1061 1062
1061 1145
1062 1024
1063 413
1063 1064
1064 195
1065 384
1065 1066
1066 271
1067 1068
1067 1118
1068 140
1069 616
1069 1070
1070 374
1071 839
1071 1072
1072 393
1073 703
1073 1074
1074 1137
1075 809
1075 1076
1076 552
1077 411
1077 1078
1078 199
1079 1080
1079 1194
1080 722
1081 1082
1081 1096
1082 1089
1083 94
1083 1084
1084 606
1085 35
1085 1086
1086 468
1087 1088
1087 1109
1088 652
1089 981
1089 1090
1090 512
1091 805
1091 1092
1092 747
1093 200
1093 1094
1094 372
1095 1055
1095 1096
1096 565
1097 61
1097 1098
1098 285
1099 171
1099 1100
1100 656
1101 501
1101 1102
1102 231
1103 687
1103 1104
1104 436
1105 940
1105 1106
1106 742
1107 962
1107 1108
1108 879
1109 679
1109 1110
1110 1169
1111 412
1111 1112
1112 1185
1113 475
1113 1114
1114 1136
1115 1116
1115 1184
1116 1
1117 733
1117 1118
1118 89
1119 688
1119 1120
1120 165
1121 920
1121 1122
1122 853
1123 908
1123 1124
1124 1198
1125 1126
1125 1143
1126 878
1127 385
1127 1128
1128 416
1129 797
1129 1130
1130 322
1131 689
1131 1132
1132 665
1133 223
1133 1134
1134 522
1135 253
1135 1136
1136 947
1137 641
1137 1138
1138 1007
1139 472
1139 1140
1140 434
1141 441
1141 1142
1142 132
1143 273
1143 1144
1144 14
1145 353
1145 1146
1146 1050
1147 1148
1147 1158
1148 640
1149 847
1149 1150
1150 724
1151 945
1151 1152
1152 47
1153 479
1153 1154
1154 37
1155 1156
1155 1177
1156 968
1157 159
1157 1158
1158 362
1159 261
1159 1160
1160 349
1161 197
1161 1162
1162 278
1163 1113
1163 1164
1164 609
1165 831
1165 1166
1166 763
1167 1008
1167 1168
1168 298
1169 1170
1169 1173
1170 717
1171 209
1171 1172
1172 814
1173 487
1173 1174
1174 72
1175 108
1175 1176
1176 1033
1177 1161
1177 1178
1178 1176
1179 1027
1179 1180
1180 776
1181 993
1181 1182
1182 607
1183 109
1183 1184
1184 631
1185 1186
1185 1206
1186 657
1187 1174
1187 1188
1188 1004
1189 602
1189 1190
1190 1116
1191 815
1191 1192
1192 79
1193 309
1193 1194
1194 352
1195 1100
1195 1196
1196 21
1197 591
1197 1198
1198 1034
1199 1127
1199 1200
1200 1081
1201 293
1201 1202
1202 704
1203 844
1203 1204
1204 872
1205 1130
1205 1206
1206 138
1207 283
1207 1208
1208 614
1209 166
1209 1210
1210 112
1211 779
1211 1212
1212 718
1213 1015
1213 1214
1214 892
