0 85
0 873
3 831
3 1073
4 745
4 1209
6 636
5 204
7 143
7 375
8 863
8 1008
9 353
10 89
11 32
11 346
13 75
13 579
15 104
15 105
17 97
17 149
19 552
19 1202
21 775
21 956
23 24
23 1201
24 406
25 26
25 1045
26 186
27 28
27 91
28 734
29 30
29 947
30 354
31 32
31 341
32 1033
33 34
33 797
34 48
35 36
35 1029
36 125
37 14
37 38
38 28
39 40
39 921
40 751
41 42
41 881
42 857
43 44
43 794
44 827
45 46
45 245
46 1104
47 48
47 970
48 787
49 50
49 973
50 25
51 52
51 565
52 416
53 33
53 54
54 258
55 56
55 979
56 24
57 58
57 451
58 534
59 60
59 825
60 1138
61 62
61 385
62 520
63 64
63 593
64 249
65 66
65 958
66 255
67 68
67 1013
68 362
69 70
69 263
70 1156
71 72
71 491
72 1147
73 27
73 74
74 965
75 76
75 318
76 1144
77 8
77 78
78 171
79 80
79 650
80 765
81 82
81 740
82 817
83 53
83 84
84 660
85 86
85 289
86 789
87 88
87 230
88 955
89 90
89 1076
90 109
91 92
91 619
92 961
93 94
93 866
94 361
95 96
95 867
96 487
97 98
97 941
98 1100
99 100
99 423
100 680
101 102
101 527
102 698
103 104
103 137
104 141
105 106
105 547
106 1070
107 108
107 1129
108 936
109 110
109 117
110 54
111 112
111 889
112 454
113 114
113 699
114 671
115 116
115 1117
116 268
117 118
117 162
118 448
119 120
119 1037
120 403
121 122
121 1118
122 540
123 124
123 131
124 872
125 126
125 1066
126 356
127 128
127 703
128 88
129 130
129 821
130 949
131 132
131 376
132 864
133 134
133 357
134 774
135 136
135 1107
136 721
137 138
137 399
138 592
139 140
139 848
140 753
141 142
141 442
142 132
143 144
143 1035
144 766
145 146
145 834
146 1074
147 148
147 422
148 124
149 150
149 877
150 1192
151 152
151 1041
152 1040
153 154
153 935
154 1049
155 156
155 701
156 121
157 158
157 790
158 118
159 160
159 393
160 1116
161 162
161 488
162 824
163 164
163 389
164 558
165 166
165 1018
166 288
167 23
167 168
168 1061
169 170
169 901
170 335
171 172
171 276
172 858
173 174
173 574
174 800
175 176
175 779
176 60
177 178
177 295
178 610
179 180
179 893
180 737
181 182
181 394
182 13
183 184
183 1039
184 1080
185 186
185 984
186 1012
187 188
187 1089
188 640
189 190
189 791
190 923
191 31
191 192
192 265
193 194
193 1175
194 798
195 196
195 796
196 278
197 198
197 359
198 730
199 200
199 541
200 34
201 127
201 202
202 1120
203 204
203 380
204 266
205 206
205 886
206 849
207 208
207 441
208 570
209 3
209 210
210 21
211 212
211 285
212 950
213 214
213 409
214 397
215 216
215 749
216 226
217 218
217 926
218 968
219 220
219 338
220 313
221 222
221 667
222 1053
223 199
223 224
224 785
225 226
225 1086
226 1092
227 115
227 228
228 508
229 230
229 1204
230 731
231 232
231 275
232 555
233 234
233 1072
234 494
235 236
235 537
236 657
237 238
237 269
238 1094
239 240
239 836
240 869
241 242
241 529
242 185
243 244
243 688
244 1084
245 246
245 1165
246 417
247 248
247 543
248 1106
249 170
249 250
250 301
251 63
251 252
252 618
253 254
253 525
254 720
255 256
255 1125
256 754
257 178
257 258
258 480
259 126
259 260
260 198
261 262
261 1004
262 523
263 264
263 1036
264 613
265 266
265 302
266 596
267 268
267 271
268 1026
269 270
269 795
270 58
271 272
271 548
272 1195
273 219
273 274
274 648
275 276
275 1171
276 784
277 278
277 395
278 502
279 280
279 732
280 1214
281 244
281 282
282 9
283 284
283 365
284 652
285 286
285 692
286 580
287 288
287 1025
288 340
289 290
289 1191
290 876
291 136
291 292
292 624
293 66
293 294
294 930
295 193
295 296
296 1110
297 206
297 298
298 862
299 300
299 366
300 561
301 302
301 524
302 1170
303 12
303 304
304 837
305 306
305 1027
306 210
307 308
307 631
308 440
309 310
309 472
310 1014
311 148
311 312
312 996
313 96
313 314
314 436
315 113
315 316
316 307
317 318
317 414
318 160
319 320
319 905
320 95
321 322
321 937
322 238
323 42
323 324
324 10
325 326
325 673
326 430
327 328
327 993
328 1024
329 330
329 581
330 475
331 332
331 1081
332 608
333 334
333 518
334 780
335 336
335 507
336 704
337 338
337 1111
338 649
339 340
339 682
340 945
341 274
341 342
342 187
343 344
343 913
344 336
345 346
345 1001
346 122
347 348
347 1003
348 386
349 350
349 977
350 1122
351 352
351 634
352 861
353 354
353 1157
354 752
355 337
355 356
356 991
357 358
357 1185
358 154
359 360
359 625
360 960
361 362
361 684
362 538
363 364
363 694
364 446
365 43
365 366
366 718
367 368
367 856
368 904
369 370
369 969
370 1042
371 372
371 519
372 1190
373 374
373 1130
374 1054
375 376
375 627
376 571
377 378
377 1139
378 603
379 73
379 380
380 985
381 382
381 1150
382 778
383 384
383 462
384 139
385 355
385 386
386 111
387 388
387 1115
388 196
389 82
389 390
390 225
391 392
391 702
392 334
393 277
393 394
394 792
395 396
395 1093
396 161
397 398
397 809
398 655
399 400
399 553
400 890
401 391
401 402
402 273
403 404
403 763
404 1166
405 406
405 623
406 455
407 408
407 894
408 1058
409 410
409 1154
410 181
411 68
411 412
412 816
413 414
413 1043
414 882
415 416
415 517
416 1162
417 418
417 1103
418 815
419 420
419 493
420 987
421 422
421 1119
422 1105
423 319
423 424
424 1127
425 426
425 793
426 604
427 428
427 823
428 1164
429 430
429 485
430 1114
431 130
431 432
432 306
433 434
433 578
434 736
435 436
435 1141
436 164
437 438
437 1102
438 458
439 440
439 1137
440 368
441 168
441 442
442 974
443 444
443 761
444 110
445 446
445 641
446 16
447 448
447 1136
448 138
449 119
449 450
450 722
451 452
451 597
452 788
453 172
453 454
454 438
455 456
455 503
456 944
457 305
457 458
458 916
459 460
459 505
460 878
461 339
461 462
462 309
463 464
463 513
464 504
465 466
465 883
466 742
467 468
467 497
468 330
469 1
469 470
470 1148
471 472
471 643
472 489
473 444
473 474
474 781
475 476
475 642
476 412
477 4
477 478
478 842
479 480
479 772
480 1068
481 218
481 482
482 672
483 83
483 484
484 1016
485 486
485 614
486 1005
487 166
487 488
488 372
489 490
489 1152
490 482
491 443
491 492
492 746
493 494
493 783
494 668
495 496
495 602
496 1030
497 498
497 1069
498 696
499 500
499 1183
500 594
501 502
501 1010
502 840
503 504
503 617
504 845
505 464
505 506
506 620
507 508
507 829
508 1211
509 499
509 510
510 896
511 512
511 1145
512 981
513 345
513 514
514 20
515 516
515 535
516 782
517 452
517 518
518 589
519 243
519 520
520 123
521 347
521 522
522 303
523 202
523 524
524 156
525 65
525 526
526 607
527 227
527 528
528 192
529 99
529 530
530 868
531 532
531 918
532 1112
533 195
533 534
534 954
535 536
535 554
536 770
537 57
537 538
538 2
539 540
539 806
540 492
541 35
541 542
542 939
543 544
543 729
544 605
545 546
545 942
546 90
547 548
547 853
548 666
549 550
549 1206
550 804
551 61
551 552
552 1006
553 554
553 1167
554 214
555 556
555 767
556 1194
557 558
557 1113
558 207
559 50
559 560
560 100
561 562
561 1208
562 364
563 564
563 895
564 550
565 322
565 566
566 1009
567 236
567 568
568 1048
569 291
569 570
570 299
571 30
571 572
572 576
573 574
573 1159
574 84
575 576
575 1140
576 693
577 578
577 1064
578 826
579 283
579 580
580 1131
581 582
581 948
582 616
583 200
583 584
584 6
585 431
585 586
586 1098
587 40
587 588
588 1182
589 428
589 590
590 1168
591 474
591 592
592 38
593 594
593 1169
594 986
595 293
595 596
596 234
597 551
597 598
598 712
599 586
599 600
600 384
601 602
601 728
602 1158
603 29
603 604
604 562
605 150
605 606
606 1060
607 608
607 669
608 748
609 159
609 610
610 208
611 612
611 1186
612 676
613 614
613 1023
614 982
615 327
615 616
616 549
617 618
617 1199
618 239
619 465
619 620
620 990
621 622
621 632
622 1067
623 624
623 972
624 363
625 626
625 1205
626 658
627 120
627 628
628 735
629 630
629 1155
630 776
631 632
631 665
632 392
633 634
633 933
634 691
635 636
635 1108
636 912
637 427
637 638
638 810
639 635
639 640
640 758
641 642
641 1180
642 695
643 483
643 644
644 892
645 174
645 646
646 52
647 648
647 1097
648 929
649 650
649 733
650 966
651 379
651 652
652 250
653 654
653 808
654 626
655 656
655 1135
656 884
657 658
657 953
658 690
659 569
659 660
660 1200
661 457
661 662
662 590
663 320
663 664
664 184
665 666
665 899
666 421
667 668
667 747
668 1032
669 437
669 670
670 885
671 672
671 903
672 820
673 349
673 674
674 490
675 653
675 676
676 995
677 678
677 1065
678 708
679 680
679 1151
680 928
681 567
681 682
682 70
683 240
683 684
684 768
685 367
685 686
686 606
687 316
687 688
688 865
689 690
689 1134
690 1160
691 371
691 692
692 1187
693 433
693 694
694 256
695 248
695 696
696 495
697 698
697 963
698 959
699 223
699 700
700 388
701 702
701 1149
702 177
703 677
703 704
704 387
705 221
705 706
706 566
707 526
707 708
708 350
709 710
709 799
710 220
711 712
711 919
712 36
713 609
713 714
714 630
715 201
715 716
716 188
717 331
717 718
718 93
719 720
719 859
720 1172
721 9
721 722
722 833
723 662
723 724
724 922
725 45
725 726
726 272
727 728
727 1063
728 967
729 687
729 730
730 998
731 251
731 732
732 51
733 615
733 734
734 674
735 469
735 736
736 290
737 738
737 1038
738 888
739 189
739 740
740 814
741 413
741 742
742 773
743 533
743 744
744 516
745 294
745 746
746 146
747 165
747 748
748 498
749 539
749 750
750 1210
751 752
751 1019
752 59
753 382
753 754
754 724
755 756
755 1184
756 72
757 542
757 758
758 312
759 398
759 760
760 1179
761 762
761 1213
762 425
763 194
763 764
764 962
765 86
765 766
766 997
767 246
767 768
768 468
769 591
769 770
770 212
771 637
771 772
772 530
773 267
773 774
774 726
775 62
775 776
776 560
777 601
777 778
778 284
779 583
779 780
780 157
781 308
781 782
782 514
783 759
783 784
784 432
785 786
785 807
786 1034
787 685
787 788
788 818
789 232
789 790
790 1002
791 792
791 957
792 152
793 211
793 794
794 286
795 351
795 796
796 870
797 449
797 798
798 39
799 800
799 994
800 706
801 710
801 802
802 6
803 420
803 804
804 946
805 215
805 806
806 253
807 77
807 808
808 577
809 810
809 811
810 1000
811 247
811 812
812 1059
813 814
813 910
814 1056
815 182
815 816
816 988
817 107
817 818
818 5
819 237
819 820
820 898
821 725
821 822
822 741
823 209
823 824
824 1181
825 826
825 844
826 76
827 828
827 1207
828 94
829 180
829 830
830 1020
831 15
831 832
832 153
833 647
833 834
834 924
835 805
835 836
836 79
837 311
837 838
838 112
839 205
839 840
840 456
841 670
841 842
842 819
843 229
843 844
844 333
845 233
845 846
846 838
847 381
847 848
848 22
849 568
849 850
850 897
851 175
851 852
852 396
853 854
853 971
854 1178
855 856
855 934
856 80
857 261
857 858
858 506
859 595
859 860
860 714
861 424
861 862
862 415
863 116
863 864
864 158
865 866
865 1055
866 259
867 71
867 868
868 544
869 852
869 870
870 140
871 841
871 872
872 612
873 369
873 874
874 11
875 323
875 876
876 1090
877 878
877 1077
878 453
879 473
879 880
880 975
881 882
881 1085
882 812
883 179
883 884
884 1028
885 348
885 886
886 1146
887 466
887 888
888 460
889 325
889 890
890 860
891 315
891 892
892 879
893 190
893 894
894 280
895 659
895 896
896 654
897 404
897 898
898 976
899 478
899 900
900 1046
901 902
901 1087
902 5
903 407
903 904
904 943
905 906
905 999
906 855
907 344
907 908
908 176
909 358
909 910
910 920
911 321
911 912
912 628
913 914
913 1083
914 163
915 916
915 964
916 700
917 918
917 925
918 279
919 515
919 920
920 329
921 922
921 978
922 411
923 419
923 924
924 426
925 47
925 926
926 287
927 828
927 928
928 476
929 723
929 930
930 678
931 377
931 932
932 324
933 891
933 934
934 235
935 155
935 936
936 681
937 135
937 938
938 56
939 405
939 940
940 242
941 942
941 1091
942 940
943 587
943 944
944 326
945 582
945 946
946 78
947 197
947 948
948 352
949 715
949 950
950 850
951 777
951 952
952 19
953 297
953 954
954 830
955 447
955 956
956 536
957 958
957 1011
958 217
959 907
959 960
960 510
961 611
961 962
962 686
963 144
963 964
964 1082
965 707
965 966
966 803
967 968
967 1079
968 546
969 467
969 970
970 231
971 521
971 972
972 1031
973 183
973 974
974 1132
975 270
975 976
976 764
977 545
977 978
978 224
979 644
979 980
980 1047
981 282
981 982
982 556
983 213
983 984
984 909
985 835
985 986
986 716
987 914
987 988
988 1022
989 564
989 990
990 486
991 102
991 992
992 496
993 87
993 994
994 557
995 927
995 996
996 915
997 717
997 998
998 292
999 343
999 1000
1000 900
1001 705
1001 1002
1002 528
1003 241
1003 1004
1004 675
1005 501
1005 1006
1006 992
1007 951
1007 1008
1008 383
1009 317
1009 1010
1010 1177
1011 1012
1011 1153
1012 500
1013 1014
1013 1123
1014 44
1015 328
1015 1016
1016 646
1017 917
1017 1018
1018 378
1019 1020
1019 1176
1020 656
1021 264
1021 1022
1022 142
1023 563
1023 1024
1024 300
1025 167
1025 1026
1026 252
1027 709
1027 1028
1028 26
1029 739
1029 1030
1030 846
1031 101
1031 1032
1032 304
1033 98
1033 1034
1034 743
1035 69
1035 1036
1036 839
1037 911
1037 1038
1038 575
1039 621
1039 1040
1040 1198
1041 81
1041 1042
1042 1163
1043 1044
1043 1109
1044 1057
1045 7
1045 1046
1046 989
1047 151
1047 1048
1048 461
1049 435
1049 1050
1050 298
1051 477
1051 1052
1052 147
1053 600
1053 1054
1054 854
1055 133
1055 1056
1056 1173
1057 410
1057 1058
1058 908
1059 1060
1059 1174
1060 18
1061 599
1061 1062
1062 191
1063 633
1063 1064
1064 952
1065 755
1065 1066
1066 683
1067 450
1067 1068
1068 902
1069 771
1069 1070
1070 1142
1071 757
1071 1072
1072 1007
1073 64
1073 1074
1074 470
1075 342
1075 1076
1076 588
1077 713
1077 1078
1078 134
1079 750
1079 1080
1080 484
1081 622
1081 1082
1082 222
1083 1051
1083 1084
1084 173
1085 1071
1085 1086
1086 584
1087 679
1087 1088
1088 434
1089 760
1089 1090
1090 1212
1091 931
1091 1092
1092 1128
1093 1017
1093 1094
1094 67
1095 402
1095 1096
1096 738
1097 314
1097 1098
1098 1062
1099 1100
1099 1188
1100 522
1101 401
1101 1102
1102 871
1103 373
1103 1104
1104 37
1105 254
1105 1106
1106 1096
1107 203
1107 1108
1108 598
1109 459
1109 1110
1110 92
1111 103
1111 1112
1112 689
1113 980
1113 1114
1114 744
1115 228
1115 1116
1116 390
1117 463
1117 1118
1118 374
1119 559
1119 1120
1120 1193
1121 651
1121 1122
1122 1050
1123 887
1123 1124
1124 281
1125 1101
1125 1126
1126 296
1127 1095
1127 1128
1128 429
1129 1099
1129 1130
1130 629
1131 1126
1131 1132
1132 332
1133 813
1133 1134
1134 1124
1135 663
1135 1136
1136 262
1137 1138
1137 1143
1138 874
1139 1140
1139 1189
1140 1044
1141 1133
1141 1142
1142 370
1143 938
1143 1144
1144 216
1145 1121
1145 1146
1146 851
1147 10
1147 1148
1148 1196
1149 55
1149 1150
1150 114
1151 532
1151 1152
1152 106
1153 983
1153 1154
1154 511
1155 875
1155 1156
1156 801
1157 639
1157 1158
1158 145
1159 1160
1159 1161
1160 932
1161 711
1161 1162
1162 46
1163 1021
1163 1164
1164 310
1165 509
1165 1166
1166 880
1167 439
1167 1168
1168 1078
1169 762
1169 1170
1170 1015
1171 1172
1171 1197
1172 360
1173 531
1173 1174
1174 1075
1175 74
1175 1176
1176 645
1177 786
1177 1178
1178 802
1179 638
1179 1180
1180 1052
1181 664
1181 1182
1182 572
1183 41
1183 1184
1184 471
1185 661
1185 1186
1186 479
1187 822
1187 1188
1188 128
1189 727
1189 1190
1190 697
1191 573
1191 1192
1192 481
1193 257
1193 1194
1194 408
1195 756
1195 1196
1196 1088
1197 1198
1197 1203
1198 418
1199 719
1199 1200
1200 512
1201 843
1201 1202
1202 108
1203 129
1203 1204
1204 832
1205 906
1205 1206
1206 169
1207 445
1207 1208
1208 400
1209 17
1209 1210
1210 49
1211 847
1211 1212
1212 260
1213 585
1213 1214
1214 769
