0 141
0 1073
1 128
1 564
3 190
3 937
4 537
4 591
6 983
5 183
7 9
7 715
8 756
8 1127
9 739
10 657
13 231
13 673
15 583
15 1092
17 273
17 767
19 187
19 1181
21 117
21 324
23 24
23 216
24 1168
25 26
25 711
26 541
27 28
27 544
28 1013
29 30
29 228
30 1138
31 32
31 518
32 864
33 34
33 917
34 888
35 36
35 1136
36 279
37 38
37 834
38 818
39 40
39 259
40 1130
41 42
41 945
42 48
43 44
43 875
44 1179
45 46
45 1142
46 647
47 48
47 375
48 964
49 50
49 1170
50 87
51 52
51 1069
52 140
53 54
53 608
54 842
55 56
55 532
56 593
57 58
57 1074
58 726
59 60
59 176
60 296
61 62
61 656
62 93
63 64
63 206
64 934
65 66
65 965
66 1144
67 68
67 1197
68 18
69 70
69 738
70 478
71 72
71 552
72 438
73 74
73 654
74 928
75 76
75 991
76 810
77 78
77 410
78 204
79 80
79 1102
80 76
81 82
81 966
82 1199
83 84
83 804
84 462
85 86
85 962
86 126
87 88
87 836
88 242
89 90
89 225
90 29
91 92
91 214
92 984
93 94
93 1198
94 510
95 96
95 479
96 845
97 45
97 98
98 246
99 100
99 579
100 796
101 102
101 851
102 222
103 104
103 379
104 736
105 106
105 1086
106 234
107 2
107 108
108 417
109 110
109 1163
110 947
111 112
111 245
112 256
113 114
113 155
114 716
115 116
115 750
116 1206
117 118
117 865
118 172
119 120
119 706
120 524
121 122
121 723
122 717
123 59
123 124
124 291
125 78
125 126
126 386
127 128
127 787
128 547
129 130
129 540
130 428
131 132
131 420
132 730
133 134
133 761
134 550
135 136
135 185
136 285
137 138
137 1040
138 618
139 140
139 735
140 9
141 142
141 805
142 1193
143 69
143 144
144 792
145 146
145 1175
146 605
147 148
147 159
148 1210
149 150
149 467
150 850
151 152
151 607
152 936
153 154
153 710
154 454
155 156
155 461
156 1160
157 158
157 1157
158 1149
159 160
159 371
160 610
161 162
161 315
162 743
163 164
163 218
164 1000
165 166
165 612
166 809
167 168
167 737
168 624
169 170
169 628
170 1100
171 172
171 813
172 286
173 6
173 174
174 497
175 176
175 1205
176 660
177 178
177 331
178 746
179 180
179 831
180 276
181 182
181 895
182 14
183 184
183 589
184 270
185 186
185 853
186 773
187 188
187 1099
188 854
189 190
189 1039
190 1027
191 192
191 1146
192 217
193 194
193 432
194 832
195 196
195 207
196 684
197 198
197 901
198 970
199 200
199 1066
200 708
201 202
201 603
202 602
203 121
203 204
204 1053
205 206
205 1016
206 287
207 208
207 538
208 899
209 210
209 500
210 262
211 212
211 431
212 380
213 214
213 879
214 96
215 8
215 216
216 944
217 218
217 1072
218 1114
219 220
219 350
220 572
221 222
221 649
222 1090
223 224
223 281
224 909
225 226
225 257
226 543
227 228
227 765
228 39
229 221
229 230
230 1003
231 232
231 463
232 385
233 234
233 455
234 35
235 145
235 236
236 1214
237 238
237 609
238 626
239 240
239 820
240 30
241 6
241 242
242 1060
243 244
243 429
244 80
245 246
245 433
246 437
247 248
247 633
248 778
249 250
249 487
250 1071
251 3
251 252
252 1064
253 211
253 254
254 1155
255 256
255 464
256 236
257 258
257 1045
258 913
259 260
259 763
260 132
261 262
261 391
262 914
263 264
263 418
264 1118
265 266
265 891
266 959
267 268
267 359
268 488
269 270
269 636
270 174
271 272
271 702
272 95
273 274
273 326
274 652
275 88
275 276
276 304
277 278
277 627
278 494
279 280
279 427
280 757
281 282
281 1134
282 932
283 184
283 284
284 835
285 286
285 830
286 1076
287 288
287 1044
288 27
289 290
289 1173
290 1020
291 292
291 486
292 112
293 123
293 294
294 377
295 296
295 327
296 1150
297 298
297 744
298 1106
299 300
299 569
300 373
301 302
301 694
302 492
303 304
303 1167
304 372
305 306
305 751
306 998
307 308
307 722
308 754
309 212
309 310
310 573
311 312
311 699
312 786
313 314
313 1057
314 136
315 189
315 316
316 1077
317 318
317 1101
318 1083
319 265
319 320
320 452
321 322
321 1211
322 720
323 324
323 551
324 1056
325 326
325 451
326 837
327 328
327 645
328 235
329 330
329 827
330 244
331 151
331 332
332 397
333 334
333 993
334 768
335 336
335 719
336 53
337 260
337 338
338 1162
339 310
339 340
340 17
341 342
341 587
342 133
343 344
343 539
344 916
345 346
345 445
346 892
347 348
347 897
348 912
349 350
349 877
350 731
351 352
351 1085
352 910
353 241
353 354
354 795
355 356
355 499
356 814
357 358
357 520
358 156
359 351
359 360
360 348
361 362
361 1159
362 678
363 364
363 457
364 943
365 366
365 727
366 21
367 368
367 632
368 1062
369 209
369 370
370 721
371 372
371 559
372 1126
373 55
373 374
374 642
375 376
375 582
376 342
377 64
377 378
378 162
379 380
379 389
380 677
381 227
381 382
382 1097
383 229
383 384
384 70
385 386
385 961
386 606
387 388
387 473
388 1048
389 390
389 873
390 307
391 392
391 430
392 169
393 394
393 1046
394 1088
395 396
395 859
396 1023
397 398
397 799
398 616
399 400
399 777
400 426
401 402
401 695
402 182
403 404
403 511
404 646
405 406
405 504
406 99
407 408
407 997
408 283
409 410
409 933
410 175
411 412
411 567
412 979
413 407
413 414
414 197
415 74
415 416
416 905
417 418
417 745
418 446
419 420
419 815
420 258
421 422
421 952
422 489
423 416
423 424
424 254
425 426
425 781
426 1158
427 370
427 428
428 148
429 430
429 481
430 698
431 139
431 432
432 670
433 434
433 956
434 1139
435 436
435 680
436 597
437 1
437 438
438 704
439 440
439 639
440 534
441 226
441 442
442 530
443 387
443 444
444 604
445 278
445 446
446 346
447 448
447 685
448 101
449 450
449 1147
450 748
451 452
451 889
452 316
453 454
453 840
454 512
455 456
455 829
456 1018
457 365
457 458
458 772
459 460
459 545
460 306
461 462
461 973
462 578
463 73
463 464
464 223
465 466
465 697
466 393
467 468
467 577
468 319
469 158
469 470
470 230
471 472
471 565
472 1109
473 474
473 782
474 232
475 19
475 476
476 1080
477 478
477 1079
478 390
479 399
479 480
480 290
481 482
481 988
482 525
483 484
483 769
484 1061
485 486
485 1112
486 941
487 447
487 488
488 1103
489 167
489 490
490 902
491 492
491 779
492 152
493 494
493 1089
494 336
495 4
495 496
496 1038
497 498
497 679
498 165
499 129
499 500
500 1006
501 237
501 502
502 134
503 305
503 504
504 289
505 506
505 1201
506 1119
507 81
507 508
508 1052
509 510
509 981
510 163
511 512
511 554
512 170
513 458
513 514
514 900
515 516
515 801
516 1172
517 518
517 562
518 828
519 25
519 520
520 999
521 522
521 1113
522 255
523 524
523 1129
524 812
525 526
525 625
526 1001
527 528
527 631
528 860
529 325
529 530
530 1120
531 532
531 802
532 566
533 534
533 629
534 1104
535 194
535 536
536 114
537 538
537 619
538 149
539 137
539 540
540 299
541 542
541 1009
542 360
543 544
543 954
544 870
545 415
545 546
546 1035
547 548
547 733
548 600
549 313
549 550
550 599
551 552
551 635
552 181
553 147
553 554
554 491
555 556
555 561
556 355
557 558
557 568
558 942
559 560
559 563
560 594
561 77
561 562
562 1133
563 109
563 564
564 689
565 566
565 867
566 995
567 568
567 833
568 824
569 13
569 570
570 196
571 572
571 601
572 1190
573 382
573 574
574 896
575 576
575 637
576 384
577 578
577 987
578 284
579 580
579 797
580 586
581 277
581 582
582 272
583 208
583 584
584 1151
585 586
585 1025
586 502
587 588
587 885
588 939
589 509
589 590
590 674
591 213
591 592
592 996
593 292
593 594
594 344
595 436
595 596
596 513
597 598
597 692
598 770
599 600
599 808
600 252
601 602
601 982
602 890
603 604
603 766
604 846
605 606
605 1191
606 560
607 329
607 608
608 61
609 531
609 610
610 882
611 612
611 643
612 728
613 614
613 817
614 1007
615 616
615 725
616 960
617 618
617 1051
618 1176
619 620
619 683
620 776
621 575
621 622
622 595
623 624
623 752
624 950
625 626
625 1121
626 298
627 555
627 628
628 483
629 630
629 967
630 822
631 632
631 724
632 1148
633 634
633 1082
634 590
635 636
635 1207
636 930
637 546
637 638
638 826
639 280
639 640
640 263
641 251
641 642
642 474
643 343
643 644
644 116
645 646
645 1019
646 1110
647 498
647 648
648 662
649 650
649 976
650 506
651 652
651 793
652 338
653 199
653 654
654 71
655 656
655 703
656 508
657 658
657 893
658 470
659 660
659 847
660 690
661 621
661 662
662 164
663 664
663 672
664 480
665 666
665 1212
666 240
667 347
667 668
668 971
669 220
669 670
670 367
671 205
671 672
672 378
673 674
673 1029
674 1014
675 676
675 1135
676 1058
677 678
677 729
678 293
679 146
679 680
680 300
681 682
681 898
682 1140
683 684
683 927
684 248
685 5
685 686
686 1166
687 505
687 688
688 368
689 374
689 690
690 79
691 332
691 692
692 98
693 515
693 694
694 89
695 97
695 696
696 191
697 698
697 953
698 924
699 700
699 1004
700 453
701 413
701 702
702 613
703 704
703 869
704 918
705 706
705 791
706 239
707 127
707 708
708 980
709 710
709 794
710 28
711 712
711 1141
712 238
713 655
713 714
714 423
715 376
715 716
716 908
717 202
717 718
718 969
719 720
719 1067
720 62
721 7
721 722
722 948
723 443
723 724
724 131
725 576
725 726
726 1012
727 493
727 728
728 1192
729 201
729 730
730 990
731 82
731 732
732 974
733 650
733 734
734 1128
735 108
735 736
736 886
737 738
737 887
738 31
739 740
739 862
740 972
741 742
741 911
742 356
743 744
743 881
744 398
745 110
745 746
746 1180
747 748
747 1055
748 872
749 200
749 750
750 806
751 752
751 753
752 958
753 233
753 754
754 424
755 243
755 756
756 1196
757 758
757 800
758 922
759 549
759 760
760 640
761 56
761 762
762 484
763 142
763 764
764 37
765 475
765 766
766 1122
767 442
767 768
768 496
769 667
769 770
770 47
771 188
771 772
772 528
773 383
773 774
774 1008
775 776
775 1065
776 760
777 778
777 1047
778 740
779 364
779 780
780 634
781 585
781 782
782 320
783 784
783 803
784 774
785 786
785 1037
786 1152
787 425
787 788
788 762
789 43
789 790
790 16
791 792
791 923
792 1132
793 135
793 794
794 249
795 357
795 796
796 210
797 318
797 798
798 823
799 800
799 1034
800 388
801 775
801 802
802 904
803 449
803 804
804 94
805 107
805 806
806 1116
807 401
807 808
808 548
809 339
809 810
810 302
811 812
811 1036
812 275
813 268
813 814
814 322
815 441
815 816
816 294
817 203
817 818
818 178
819 783
819 820
820 742
821 516
821 822
822 648
823 824
823 878
824 816
825 460
825 826
826 308
827 828
827 1021
828 41
829 830
829 1107
830 1032
831 381
831 832
832 1209
833 834
833 844
834 440
835 282
835 836
836 1010
837 838
837 1213
838 676
839 65
839 840
840 1178
841 85
841 842
842 120
843 693
843 844
844 517
845 330
845 846
846 402
847 195
847 848
848 179
849 658
849 850
850 312
851 557
851 852
852 876
853 854
853 1005
854 1033
855 115
855 856
856 394
857 858
857 989
858 20
859 860
859 1204
860 490
861 125
861 862
862 949
863 598
863 864
864 160
865 321
865 866
866 856
867 434
867 868
868 186
869 747
869 870
870 935
871 63
871 872
872 688
873 874
873 919
874 1068
875 755
875 876
876 790
877 857
877 878
878 1169
879 707
879 880
880 866
881 10
881 882
882 1024
883 173
883 884
884 345
885 789
885 886
886 785
887 888
887 1022
888 274
889 759
889 890
890 714
891 749
891 892
892 1182
893 469
893 894
894 400
895 849
895 896
896 906
897 153
897 898
898 288
899 38
899 900
900 700
901 902
901 975
902 580
903 521
903 904
904 741
905 681
905 906
906 12
907 908
907 1161
908 1084
909 459
909 910
910 957
911 328
911 912
912 84
913 571
913 914
914 54
915 916
915 1096
916 396
917 422
917 918
918 596
919 468
919 920
920 168
921 349
921 922
922 1070
923 924
923 951
924 819
925 341
925 926
926 574
927 928
927 1203
928 103
929 267
929 930
930 177
931 219
931 932
932 1200
933 934
933 955
934 1050
935 907
935 936
936 1177
937 653
937 938
938 1075
939 15
939 940
940 1028
941 669
941 942
942 1184
943 527
943 944
944 60
945 72
945 946
946 874
947 271
947 948
948 798
949 50
949 950
950 558
951 903
951 952
952 1042
953 113
953 954
954 354
955 323
955 956
956 75
957 421
957 958
958 821
959 166
959 960
960 940
961 825
961 962
962 764
963 358
963 964
964 91
965 466
965 966
966 1111
967 482
967 968
968 472
969 180
969 970
970 32
971 24
971 972
972 1186
973 974
973 1143
974 49
975 976
975 1063
976 1078
977 663
977 978
978 456
979 317
979 980
980 1131
981 659
981 982
982 713
983 395
983 984
984 992
985 522
985 986
986 311
987 556
987 988
988 807
989 435
989 990
990 542
991 701
991 992
992 100
993 353
993 994
994 106
995 46
995 996
996 926
997 998
997 1043
998 1049
999 366
999 1000
1000 880
1001 314
1001 1002
1002 340
1003 192
1003 1004
1004 718
1005 519
1005 1006
1006 408
1007 938
1007 1008
1008 915
1009 33
1009 1010
1010 404
1011 337
1011 1012
1012 23
1013 485
1013 1014
1014 266
1015 622
1015 1016
1016 691
1017 250
1017 1018
1018 592
1019 352
1019 1020
1020 920
1021 883
1021 1022
1022 1030
1023 978
1023 1024
1024 68
1025 503
1025 1026
1026 1059
1027 611
1027 1028
1028 1115
1029 839
1029 1030
1030 1081
1031 419
1031 1032
1032 963
1033 406
1033 1034
1034 1145
1035 868
1035 1036
1036 124
1037 968
1037 1038
1038 193
1039 641
1039 1040
1040 111
1041 614
1041 1042
1042 269
1043 157
1043 1044
1044 507
1045 465
1045 1046
1046 411
1047 1048
1047 1105
1048 665
1049 36
1049 1050
1050 10
1051 471
1051 1052
1052 1017
1053 369
1053 1054
1054 638
1055 871
1055 1056
1056 675
1057 1058
1057 1091
1058 1183
1059 40
1059 1060
1060 86
1061 247
1061 1062
1062 1208
1063 44
1063 1064
1064 696
1065 51
1065 1066
1066 651
1067 295
1067 1068
1068 119
1069 687
1069 1070
1070 450
1071 1002
1071 1072
1072 855
1073 361
1073 1074
1074 985
1075 925
1075 1076
1076 392
1077 335
1077 1078
1078 104
1079 301
1079 1080
1080 1185
1081 661
1081 1082
1082 122
1083 1084
1083 1087
1084 52
1085 1086
1085 1153
1086 253
1087 526
1087 1088
1088 11
1089 1090
1089 1187
1090 894
1091 553
1091 1092
1092 666
1093 986
1093 1094
1094 83
1095 994
1095 1096
1096 303
1097 1098
1097 1195
1098 758
1099 1100
1099 1194
1100 946
1101 405
1101 1102
1102 811
1103 224
1103 1104
1104 686
1105 788
1105 1106
1106 784
1107 843
1107 1108
1108 1095
1109 1110
1109 1124
1110 130
1111 1026
1111 1112
1112 143
1113 477
1113 1114
1114 102
1115 644
1115 1116
1116 1098
1117 363
1117 1118
1118 734
1119 118
1119 1120
1120 1189
1121 261
1121 1122
1122 671
1123 523
1123 1124
1124 771
1125 409
1125 1126
1126 668
1127 439
1127 1128
1128 584
1129 533
1129 1130
1130 1137
1131 105
1131 1132
1132 138
1133 529
1133 1134
1134 1188
1135 1108
1135 1136
1136 476
1137 26
1137 1138
1138 66
1139 5
1139 1140
1140 448
1141 412
1141 1142
1142 501
1143 709
1143 1144
1144 852
1145 863
1145 1146
1146 780
1147 414
1147 1148
1148 858
1149 588
1149 1150
1150 630
1151 623
1151 1152
1152 334
1153 495
1153 1154
1154 1054
1155 362
1155 1156
1156 92
1157 581
1157 1158
1158 535
1159 1125
1159 1160
1160 1015
1161 1162
1161 1171
1162 198
1163 848
1163 1164
1164 57
1165 861
1165 1166
1166 150
1167 264
1167 1168
1168 570
1169 884
1169 1170
1170 1011
1171 841
1171 1172
1172 1093
1173 1164
1173 1174
1174 615
1175 333
1175 1176
1176 732
1177 514
1177 1178
1178 154
1179 921
1179 1180
1180 297
1181 90
1181 1182
1182 67
1183 58
1183 1184
1184 1156
1185 1186
1185 1202
1186 34
1187 705
1187 1188
1188 1041
1189 620
1189 1190
1190 144
1191 1123
1191 1192
1192 403
1193 171
1193 1194
1194 309
1195 215
1195 1196
1196 931
1197 712
1197 1198
1198 1094
1199 1174
1199 1200
1200 536
1201 1117
1201 1202
1202 22
1203 617
1203 1204
1204 1031
1205 929
1205 1206
1206 664
1207 161
1207 1208
1208 42
1209 444
1209 1210
1210 838
1211 1165
1211 1212
1212 977
1213 1154
1213 1214
1214 682
