0 317
0 1189
2 247
2 985
3 443
3 479
4 345
4 1027
6 373
5 791
7 786
7 821
8 150
8 290
9 632
10 428
13 171
13 977
15 154
15 1112
17 563
17 794
19 255
19 561
21 100
21 1024
23 24
23 712
24 456
25 26
25 205
26 408
27 28
27 799
28 204
29 30
29 1079
30 22
31 32
31 95
32 906
33 34
33 381
34 263
35 36
35 881
36 963
37 38
37 905
38 695
39 40
39 973
40 665
41 42
41 360
42 585
43 44
43 418
44 913
45 46
45 1208
46 945
47 48
47 389
48 10
49 50
49 390
50 178
51 52
51 220
52 1160
53 9
53 54
54 152
55 56
55 1197
56 637
57 58
57 222
58 192
59 60
59 498
60 538
61 62
61 1083
62 382
63 64
63 961
64 837
65 66
65 349
66 334
67 68
67 515
68 326
69 70
69 1095
70 1012
71 72
71 805
72 11
73 74
73 335
74 962
75 76
75 666
76 580
77 78
77 825
78 1199
79 80
79 1026
80 18
81 82
81 329
82 338
83 84
83 258
84 743
85 86
85 839
86 201
87 88
87 481
88 245
89 90
89 814
90 321
91 92
91 1065
92 1093
93 94
93 614
94 116
95 96
95 113
96 1088
97 98
97 1041
98 633
99 100
99 413
100 660
101 102
101 1114
102 1134
103 104
103 288
104 1085
105 106
105 397
106 292
107 108
107 411
108 365
109 110
109 998
110 328
111 112
111 1128
112 9
113 114
113 875
114 179
115 116
115 368
116 42
117 118
117 488
118 1129
119 115
119 120
120 25
121 79
121 122
122 468
123 92
123 124
124 612
125 126
125 817
126 102
127 128
127 983
128 1135
129 130
129 608
130 880
131 132
131 271
132 554
133 32
133 134
134 687
135 136
135 622
136 682
137 138
137 523
138 354
139 140
139 787
140 657
141 142
141 1195
142 341
143 144
143 356
144 296
145 146
145 539
146 656
147 148
147 1107
148 678
149 150
149 1176
150 747
151 152
151 168
152 72
153 154
153 630
154 541
155 156
155 736
156 144
157 158
157 915
158 866
159 160
159 967
160 12
161 162
161 174
162 742
163 73
163 164
164 812
165 74
165 166
166 940
167 168
167 1054
168 224
169 170
169 635
170 496
171 172
171 1087
172 576
173 174
173 311
174 153
175 176
175 1099
176 1168
177 178
177 194
178 448
179 180
179 190
180 1060
181 133
181 182
182 835
183 184
183 559
184 908
185 186
185 492
186 1127
187 188
187 1111
188 658
189 190
189 1148
190 136
191 192
191 636
192 920
193 194
193 1075
194 851
195 196
195 529
196 282
197 198
197 1169
198 122
199 200
199 1170
200 494
201 202
201 535
202 298
203 204
203 829
204 1106
205 85
205 206
206 108
207 208
207 749
208 1013
209 210
209 333
210 853
211 212
211 590
212 510
213 33
213 214
214 378
215 216
215 387
216 89
217 218
217 565
218 981
219 220
219 979
220 293
221 222
221 597
222 1007
223 224
223 629
224 754
225 226
225 437
226 1094
227 228
227 432
228 286
229 8
229 230
230 146
231 232
231 1092
232 952
233 234
233 1076
234 1104
235 236
235 426
236 782
237 238
237 669
238 202
239 240
239 909
240 476
241 242
241 617
242 1118
243 244
243 369
244 620
245 246
245 1002
246 593
247 132
247 248
248 942
249 250
249 527
250 67
251 252
251 713
252 996
253 254
253 627
254 1173
255 103
255 256
256 430
257 258
257 705
258 377
259 260
259 499
260 1110
261 262
261 618
262 1011
263 264
263 503
264 779
265 250
265 266
266 44
267 268
267 575
268 641
269 270
269 1153
270 66
271 221
271 272
272 748
273 274
273 465
274 277
275 276
275 592
276 740
277 278
277 949
278 926
279 280
279 1019
280 902
281 282
281 361
282 982
283 267
283 284
284 615
285 286
285 801
286 519
287 288
287 409
288 344
289 290
289 1033
290 595
291 292
291 330
292 800
293 294
293 1044
294 41
295 296
295 990
296 776
297 298
297 924
298 1022
299 300
299 1073
300 1140
301 302
301 777
302 680
303 304
303 708
304 427
305 229
305 306
306 233
307 308
307 324
308 162
309 28
309 310
310 412
311 312
311 471
312 463
313 314
313 987
314 659
315 265
315 316
316 469
317 155
317 318
318 904
319 274
319 320
320 280
321 322
321 714
322 1102
323 324
323 487
324 995
325 326
325 737
326 524
327 197
327 328
328 232
329 330
329 1025
330 774
331 332
331 1190
332 508
333 334
333 767
334 353
335 261
335 336
336 720
337 338
337 910
338 1194
339 340
339 807
340 1014
341 342
341 1090
342 1130
343 344
343 741
344 278
345 315
345 346
346 1105
347 348
347 1155
348 1109
349 259
349 350
350 111
351 352
351 831
352 884
353 354
353 758
354 959
355 356
355 951
356 587
357 358
357 899
358 696
359 225
359 360
360 655
361 362
361 818
362 15
363 364
363 1167
364 809
365 366
365 717
366 182
367 99
367 368
368 631
369 370
369 495
370 137
371 295
371 372
372 10
373 374
373 965
374 332
375 376
375 573
376 226
377 49
377 378
378 760
379 169
379 380
380 752
381 359
381 382
382 570
383 379
383 384
384 1046
385 386
385 470
386 1108
387 388
387 715
388 811
389 390
389 1047
390 755
391 289
391 392
392 1198
393 39
393 394
394 723
395 396
395 507
396 598
397 219
397 398
398 1205
399 400
399 431
400 1141
401 402
401 683
402 650
403 404
403 709
404 520
405 406
405 719
406 828
407 120
407 408
408 501
409 410
409 591
410 1000
411 43
411 412
412 822
413 3
413 414
414 63
415 264
415 416
416 309
417 56
417 418
418 1010
419 420
419 1067
420 726
421 135
421 422
422 240
423 325
423 424
424 707
425 426
425 731
426 928
427 428
427 706
428 160
429 234
429 430
430 594
431 78
431 432
432 125
433 371
433 434
434 956
435 436
435 903
436 505
437 438
437 625
438 236
439 440
439 947
440 827
441 442
441 970
442 490
443 91
443 444
444 922
445 27
445 446
446 404
447 448
447 673
448 82
449 450
449 1115
450 1124
451 452
451 1113
452 991
453 454
453 546
454 21
455 26
455 456
456 1074
457 458
457 1037
458 525
459 460
459 889
460 689
461 462
461 1171
462 1142
463 464
463 887
464 578
465 466
465 691
466 126
467 468
467 521
468 668
469 157
469 470
470 543
471 37
471 472
472 872
473 474
473 890
474 70
475 347
475 476
476 130
477 478
477 626
478 1
479 480
479 769
480 530
481 275
481 482
482 796
483 200
483 484
484 992
485 486
485 589
486 177
487 488
487 883
488 698
489 490
489 862
490 106
491 492
491 1009
492 13
493 494
493 596
494 938
495 331
495 496
496 672
497 498
497 611
498 375
499 399
499 500
500 1048
501 502
501 931
502 228
503 504
503 667
504 548
505 506
505 885
506 477
507 508
507 808
508 460
509 407
509 510
510 1136
511 512
511 639
512 795
513 514
513 921
514 191
515 77
515 516
516 454
517 518
517 892
518 1032
519 520
519 1159
520 933
521 419
521 522
522 971
523 119
523 524
524 1039
525 526
525 1097
526 256
527 528
527 845
528 526
529 530
529 863
530 398
531 532
531 764
532 718
533 534
533 610
534 1181
535 343
535 536
536 6
537 538
537 948
538 53
539 540
539 1021
540 852
541 294
541 542
542 619
543 544
543 850
544 534
545 68
545 546
546 1042
547 548
547 1154
548 458
549 391
549 550
550 1089
551 552
551 567
552 484
553 384
553 554
554 638
555 301
555 556
556 355
557 121
557 558
558 873
559 560
559 957
560 1179
561 562
561 781
562 480
563 564
563 770
564 313
565 566
565 989
566 1158
567 568
567 919
568 112
569 506
569 570
570 518
571 549
571 572
572 753
573 279
573 574
574 351
575 47
575 576
576 473
577 497
577 578
578 1018
579 580
579 1125
580 730
581 582
581 1081
582 242
583 472
583 584
584 306
585 514
585 586
586 302
587 588
587 1070
588 252
589 590
589 1103
590 1163
591 299
591 592
592 577
593 376
593 594
594 422
595 327
595 596
596 784
597 598
597 877
598 1162
599 600
599 1123
600 765
601 602
601 943
602 798
603 604
603 1211
604 1138
605 606
605 1034
606 722
607 542
607 608
608 648
609 610
609 724
610 446
611 65
611 612
612 478
613 203
613 614
614 212
615 616
615 1120
616 681
617 618
617 1058
618 1177
619 76
619 620
620 1004
621 513
621 622
622 849
623 241
623 624
624 336
625 186
625 626
626 83
627 628
627 1207
628 1206
629 287
629 630
630 533
631 632
631 1061
632 1164
633 634
633 925
634 244
635 189
635 636
636 172
637 599
637 638
638 1188
639 640
639 1071
640 208
641 642
641 1132
642 149
643 644
643 1212
644 48
645 266
645 646
646 1020
647 648
647 797
648 284
649 462
649 650
650 860
651 652
651 1015
652 405
653 569
653 654
654 1126
655 656
655 792
656 1080
657 183
657 658
658 644
659 51
659 660
660 230
661 662
661 874
662 964
663 213
663 664
664 214
665 447
665 666
666 536
667 668
667 1147
668 993
669 670
669 1016
670 450
671 107
671 672
672 988
673 674
673 773
674 1005
675 676
675 980
676 308
677 678
677 867
678 438
679 38
679 680
680 16
681 30
681 682
682 466
683 684
683 1055
684 1121
685 686
685 1051
686 974
687 175
687 688
688 52
689 690
689 1178
690 960
691 692
691 1203
692 1003
693 57
693 694
694 314
695 300
695 696
696 281
697 218
697 698
698 433
699 700
699 886
700 45
701 105
701 702
702 254
703 704
703 912
704 1186
705 239
705 706
706 156
707 5
707 708
708 763
709 710
709 1137
710 861
711 58
711 712
712 1146
713 459
713 714
714 898
715 716
715 1214
716 929
717 568
717 718
718 934
719 6
719 720
720 161
721 643
721 722
722 978
723 163
723 724
724 1161
725 29
725 726
726 486
727 227
727 728
728 916
729 148
729 730
730 445
731 81
731 732
732 435
733 734
733 1056
734 606
735 623
735 736
736 1045
737 215
737 738
738 684
739 316
739 740
740 772
741 661
741 742
742 310
743 319
743 744
744 196
745 211
745 746
746 710
747 318
747 748
748 674
749 750
749 1131
750 1059
751 257
751 752
752 1062
753 754
753 1001
754 744
755 756
755 923
756 552
757 758
757 1116
758 676
759 663
759 760
760 151
761 613
761 762
762 783
763 716
763 764
764 601
765 766
765 1030
766 662
767 511
767 768
768 553
769 401
769 770
770 609
771 732
771 772
772 1050
773 415
773 774
774 1202
775 776
775 1035
776 442
777 209
777 778
778 406
779 517
779 780
780 272
781 675
781 782
782 380
783 363
783 784
784 950
785 775
785 786
786 968
787 788
787 803
788 954
789 550
789 790
790 1038
791 792
791 935
792 7
793 269
793 794
794 339
795 796
795 1165
796 815
797 551
797 798
798 1209
799 88
799 800
800 566
801 185
801 802
802 685
803 733
803 804
804 475
805 572
805 806
806 94
807 388
807 808
808 562
809 670
809 810
810 80
811 181
811 812
812 158
813 504
813 814
814 522
815 180
815 816
816 878
817 145
817 818
818 142
819 820
819 932
820 838
821 822
821 854
822 238
823 467
823 824
824 1017
825 223
825 826
826 824
827 828
827 1028
828 1156
829 830
829 868
830 628
831 832
831 1175
832 1069
833 31
833 834
834 441
835 320
835 836
836 810
837 307
837 838
838 816
839 677
839 840
840 86
841 646
841 842
842 206
843 790
843 844
844 118
845 846
845 1053
846 586
847 97
847 848
848 509
849 645
849 850
850 24
851 852
851 879
852 1031
853 164
853 854
854 842
855 579
855 856
856 901
857 858
857 1193
858 101
859 860
859 941
860 654
861 862
861 1068
862 882
863 759
863 864
864 394
865 788
865 866
866 75
867 71
867 868
868 745
869 64
869 870
870 584
871 297
871 872
872 607
873 874
873 1086
874 440
875 98
875 876
876 370
877 699
877 878
878 946
879 880
879 917
880 820
881 544
881 882
882 994
883 19
883 884
884 366
885 621
885 886
886 955
887 624
887 888
888 966
889 558
889 890
890 392
891 5
891 892
892 789
893 894
893 1145
894 210
895 87
895 896
896 273
897 647
897 898
898 826
899 793
899 900
900 939
901 857
901 902
902 262
903 904
903 911
904 605
905 436
905 906
906 671
907 806
907 908
908 474
909 910
909 1213
910 897
911 147
911 912
912 844
913 358
913 914
914 870
915 916
915 1151
916 109
917 876
917 918
918 888
919 305
919 920
920 976
921 581
921 922
922 400
923 896
923 924
924 727
925 59
925 926
926 721
927 383
927 928
928 350
929 891
929 930
930 352
931 140
931 932
932 649
933 96
933 934
934 60
935 243
935 936
936 819
937 512
937 938
938 402
939 198
939 940
940 846
941 425
941 942
942 1052
943 268
943 944
944 756
945 946
945 972
946 62
947 35
947 948
948 986
949 393
949 950
950 604
951 235
951 952
952 23
953 449
953 954
954 642
955 956
955 1063
956 728
957 453
957 958
958 20
959 600
959 960
960 184
961 134
961 962
962 452
963 927
963 964
964 1192
965 856
965 966
966 502
967 141
967 968
968 1174
969 193
969 970
970 583
971 750
971 972
972 1150
973 303
973 974
974 124
975 976
975 1091
976 686
977 283
977 978
978 616
979 555
979 980
980 439
981 571
981 982
982 364
983 739
983 984
984 858
985 560
985 986
986 199
987 918
987 988
988 1122
989 990
989 1036
990 1196
991 992
991 1040
992 532
993 994
993 1157
994 14
995 692
995 996
996 248
997 340
997 998
998 1078
999 702
999 1000
1000 1200
1001 693
1001 1002
1002 1166
1003 894
1003 1004
1004 1144
1005 312
1005 1006
1006 1100
1007 69
1007 1008
1008 403
1009 725
1009 1010
1010 464
1011 778
1011 1012
1012 188
1013 346
1013 1014
1014 1049
1015 4
1015 1016
1016 104
1017 766
1017 1018
1018 984
1019 55
1019 1020
1020 176
1021 531
1021 1022
1022 396
1023 36
1023 1024
1024 46
1025 367
1025 1026
1026 545
1027 697
1027 1028
1028 165
1029 485
1029 1030
1030 143
1031 414
1031 1032
1032 1119
1033 1034
1033 1072
1034 138
1035 195
1035 1036
1036 969
1037 167
1037 1038
1038 869
1039 253
1039 1040
1040 865
1041 1042
1041 1191
1042 1139
1043 61
1043 1044
1044 270
1045 893
1045 1046
1046 843
1047 785
1047 1048
1048 1008
1049 337
1049 1050
1050 114
1051 348
1051 1052
1052 1084
1053 1043
1053 1054
1054 1152
1055 491
1055 1056
1056 847
1057 640
1057 1058
1058 395
1059 410
1059 1060
1060 260
1061 848
1061 1062
1062 500
1063 34
1063 1064
1064 322
1065 823
1065 1066
1066 688
1067 1068
1067 1201
1068 734
1069 1023
1069 1070
1070 780
1071 323
1071 1072
1072 173
1073 975
1073 1074
1074 588
1075 651
1075 1076
1076 936
1077 110
1077 1078
1078 528
1079 451
1079 1080
1080 1182
1081 833
1081 1082
1082 421
1083 540
1083 1084
1084 1096
1085 761
1085 1086
1086 855
1087 1088
1087 1185
1088 493
1089 461
1089 1090
1090 735
1091 895
1091 1092
1092 1117
1093 603
1093 1094
1094 802
1095 574
1095 1096
1096 429
1097 652
1097 1098
1098 830
1099 700
1099 1100
1100 216
1101 999
1101 1102
1102 1066
1103 131
1103 1104
1104 664
1105 937
1105 1106
1106 1184
1107 217
1107 1108
1108 690
1109 374
1109 1110
1110 489
1111 417
1111 1112
1112 900
1113 285
1113 1114
1114 1180
1115 701
1115 1116
1116 653
1117 602
1117 1118
1118 711
1119 386
1119 1120
1120 1064
1121 930
1121 1122
1122 516
1123 1124
1123 1149
1124 372
1125 455
1125 1126
1126 50
1127 357
1127 1128
1128 457
1129 1006
1129 1130
1130 944
1131 757
1131 1132
1132 17
1133 1057
1133 1134
1134 1098
1135 385
1135 1136
1136 914
1137 2
1137 1138
1138 634
1139 556
1139 1140
1140 1082
1141 237
1141 1142
1142 582
1143 139
1143 1144
1144 231
1145 1101
1145 1146
1146 170
1147 420
1147 1148
1148 40
1149 84
1149 1150
1150 1204
1151 547
1151 1152
1152 762
1153 1143
1153 1154
1154 187
1155 813
1155 1156
1156 93
1157 907
1157 1158
1158 129
1159 362
1159 1160
1160 166
1161 251
1161 1162
1162 483
1163 832
1163 1164
1164 54
1165 444
1165 1166
1166 128
1167 117
1167 1168
1168 840
1169 694
1169 1170
1170 834
1171 557
1171 1172
1172 246
1173 841
1173 1174
1174 537
1175 1133
1175 1176
1176 1172
1177 768
1177 1178
1178 738
1179 997
1179 1180
1180 1210
1181 1182
1181 1183
1182 746
1183 958
1183 1184
1184 704
1185 953
1185 1186
1186 276
1187 159
1187 1188
1188 564
1189 1187
1189 1190
1190 1029
1191 771
1191 1192
1192 434
1193 729
1193 1194
1194 291
1195 859
1195 1196
1196 679
1197 207
1197 1198
1198 1077
1199 751
1199 1200
1200 416
1201 249
1201 1202
1202 90
1203 127
1203 1204
1204 304
1205 804
1205 1206
1206 342
1207 871
1207 1208
1208 123
1209 703
1209 1210
1210 836
1211 864
1211 1212
1212 482
1213 423
1213 1214
1214 424
