0 535
0 1167
1 123
1 765
3 679
3 1071
4 811
4 1051
6 912
5 191
7 803
7 974
9 367
8 428
8 518
10 24
13 913
13 953
15 918
15 1114
17 45
17 415
19 180
19 1029
21 489
21 853
23 24
23 227
24 1055
25 26
25 234
26 620
27 28
27 1001
28 238
29 30
29 245
30 450
31 32
31 988
32 526
33 34
33 835
34 1008
35 36
35 1122
36 420
37 38
37 133
38 53
39 40
39 665
40 1034
41 42
41 924
42 46
43 44
43 841
44 1138
45 46
45 269
46 207
47 48
47 1129
48 241
49 50
49 58
50 1074
51 52
51 800
52 1042
53 54
53 1009
54 271
55 56
55 193
56 549
57 58
57 509
58 515
59 60
59 685
60 169
61 62
61 189
62 206
63 64
63 1187
64 458
65 66
65 494
66 1062
67 68
67 160
68 440
69 70
69 484
70 436
71 72
71 421
72 980
73 74
73 955
74 461
75 76
75 429
76 626
77 33
77 78
78 863
79 80
79 796
80 759
81 82
81 1195
82 1068
83 84
83 425
84 372
85 86
85 1175
86 785
87 88
87 705
88 13
89 90
89 641
90 698
91 92
91 734
92 165
93 94
93 477
94 200
95 96
95 1191
96 884
97 98
97 490
98 760
99 100
99 1137
100 1020
101 102
101 1172
102 376
103 104
103 693
104 385
105 106
105 256
106 311
107 108
107 694
108 71
109 110
109 942
110 233
111 112
111 528
112 1078
113 114
113 984
114 932
115 116
115 878
116 384
117 118
117 1202
118 142
119 120
119 1188
120 672
121 122
121 451
122 712
123 124
123 963
124 432
125 126
125 555
126 774
127 128
127 1043
128 106
129 130
129 1061
130 267
131 132
131 158
132 121
133 134
133 511
134 613
135 136
135 820
136 338
137 138
137 651
138 1210
139 21
139 140
140 1088
141 142
141 794
142 48
143 144
143 783
144 352
145 146
145 487
146 1046
147 148
147 167
148 1168
149 92
149 150
150 402
151 52
151 152
152 556
153 154
153 195
154 548
155 156
155 371
156 636
157 82
157 158
158 630
159 160
159 789
160 623
161 162
161 366
162 728
163 164
163 715
164 898
165 166
165 832
166 187
167 168
167 181
168 594
169 170
169 444
170 1014
171 29
171 172
172 807
173 174
173 177
174 1026
175 176
175 433
176 98
177 178
177 544
178 1203
179 180
179 757
180 44
181 145
181 182
182 663
183 67
183 184
184 1176
185 186
185 399
186 956
187 188
187 1149
188 505
189 190
189 497
190 1091
191 39
191 192
192 378
193 194
193 870
194 460
195 196
195 262
196 1000
197 198
197 1090
198 826
199 200
199 951
200 365
201 202
201 681
202 638
203 204
203 1211
204 716
205 99
205 206
206 1178
207 208
207 520
208 596
209 210
209 405
210 22
211 4
211 212
212 742
213 214
213 843
214 574
215 216
215 1045
216 768
217 218
217 986
218 9
219 220
219 1151
220 283
221 5
221 222
222 570
223 224
223 900
224 1040
225 226
225 1182
226 592
227 228
227 671
228 107
229 80
229 230
230 422
231 232
231 572
232 1106
233 234
233 1156
234 1036
235 236
235 1127
236 1186
237 238
237 587
238 782
239 240
239 650
240 710
241 242
241 496
242 102
243 120
243 244
244 601
245 246
245 987
246 940
247 248
247 1128
248 290
249 250
249 751
250 1022
251 252
251 925
252 394
253 254
253 793
254 707
255 47
255 256
256 111
257 258
257 522
258 278
259 1
259 260
260 524
261 262
261 588
262 780
263 30
263 264
264 635
265 266
265 997
266 1052
267 268
267 1023
268 808
269 179
269 270
270 56
271 272
271 435
272 1111
273 274
273 837
274 198
275 276
275 1213
276 396
277 278
277 848
278 100
279 280
279 287
280 724
281 282
281 419
282 499
283 284
283 454
284 430
285 286
285 885
286 468
287 288
287 531
288 1059
289 290
289 646
290 513
291 292
291 392
292 1179
293 294
293 625
294 1192
295 296
295 1141
296 355
297 298
297 374
298 617
299 300
299 1171
300 116
301 172
301 302
302 738
303 304
303 1070
304 184
305 306
305 825
306 697
307 85
307 308
308 125
309 310
309 845
310 539
311 188
311 312
312 748
313 314
313 1057
314 456
315 316
315 784
316 1212
317 318
317 704
318 521
319 318
319 320
320 683
321 322
321 695
322 1181
323 324
323 659
324 316
325 326
325 382
326 736
327 328
327 979
328 1079
329 131
329 330
330 926
331 146
331 332
332 730
333 334
333 703
334 868
335 299
335 336
336 616
337 338
337 727
338 786
339 340
339 998
340 1166
341 342
341 463
342 370
343 344
343 771
344 804
345 346
345 413
346 66
347 251
347 348
348 398
349 315
349 350
350 608
351 143
351 352
352 1012
353 354
353 829
354 168
355 356
355 603
356 797
357 358
357 469
358 361
359 163
359 360
360 91
361 362
361 591
362 954
363 364
363 573
364 830
365 366
365 390
366 320
367 109
367 368
368 928
369 370
369 375
370 578
371 372
371 867
372 792
373 374
373 989
374 726
375 376
375 1080
376 640
377 378
377 991
378 17
379 380
379 856
380 906
381 329
381 382
382 889
383 288
383 384
384 709
385 386
385 423
386 1204
387 388
387 540
388 602
389 390
389 890
390 936
391 392
391 599
392 910
393 323
393 394
394 1066
395 396
395 1197
396 965
397 398
397 674
398 1073
399 400
399 893
400 1206
401 173
401 402
402 1174
403 404
403 502
404 480
405 406
405 621
406 38
407 408
407 639
408 947
409 185
409 410
410 196
411 412
411 675
412 153
413 414
413 471
414 658
415 381
415 416
416 747
417 25
417 418
418 164
419 359
419 420
420 887
421 422
421 473
422 49
423 424
423 798
424 136
425 426
425 702
426 331
427 428
427 459
428 1102
429 430
429 595
430 1190
431 432
431 725
432 475
433 259
433 434
434 117
435 436
435 799
436 766
437 219
437 438
438 424
439 440
439 696
440 764
441 442
441 597
442 582
443 444
443 899
444 176
445 155
445 446
446 567
447 214
447 448
448 576
449 450
449 921
450 778
451 350
451 452
452 34
453 221
453 454
454 373
455 456
455 1196
456 981
457 77
457 458
458 1099
459 57
459 460
460 628
461 462
461 714
462 1160
463 464
463 1200
464 828
465 466
465 1016
466 719
467 468
467 919
468 933
469 470
469 857
470 662
471 437
471 472
472 101
473 474
473 1158
474 688
475 476
475 865
476 289
477 478
477 834
478 1123
479 480
479 529
480 692
481 482
481 761
482 500
483 408
483 484
484 96
485 486
485 1209
486 1161
487 488
487 735
488 343
489 490
489 895
490 1094
491 492
491 1013
492 452
493 282
493 494
494 708
495 122
495 496
496 14
497 498
497 503
498 1024
499 500
499 1109
500 752
501 27
501 502
502 1208
503 504
503 1135
504 37
505 401
505 506
506 300
507 508
507 1143
508 130
509 510
509 1205
510 977
511 512
511 960
512 781
513 514
513 813
514 178
515 516
515 962
516 379
517 411
517 518
518 973
519 520
519 687
520 447
521 522
521 877
522 740
523 524
523 527
524 325
525 59
525 526
526 236
527 528
527 629
528 377
529 530
529 1076
530 516
531 532
531 1018
532 609
533 534
533 538
534 342
535 313
535 536
536 999
537 317
537 538
538 732
539 540
539 1133
540 686
541 542
541 677
542 292
543 544
543 817
544 943
545 546
545 1065
546 199
547 548
547 733
548 1142
549 550
549 1153
550 1180
551 552
551 805
552 113
553 546
553 554
554 274
555 556
555 607
556 776
557 230
557 558
558 40
559 560
559 1116
560 1015
561 249
561 562
562 600
563 23
563 564
564 1148
565 566
565 701
566 386
567 400
567 568
568 846
569 570
569 851
570 286
571 572
571 721
572 89
573 393
573 574
574 388
575 553
575 576
576 644
577 578
577 915
578 720
579 63
579 580
580 346
581 582
581 622
582 514
583 507
583 584
584 151
585 586
585 1081
586 54
587 137
587 588
588 909
589 590
589 647
590 1147
591 55
591 592
592 41
593 481
593 594
594 152
595 328
595 596
596 326
597 305
597 598
598 90
599 600
599 959
600 356
601 602
601 673
602 72
603 525
603 604
604 779
605 606
605 945
606 369
607 608
607 1044
608 667
609 610
609 773
610 1104
611 296
611 612
612 886
613 501
613 614
614 266
615 64
615 616
616 403
617 348
617 618
618 1214
619 154
619 620
620 653
621 622
621 637
622 892
623 624
623 655
624 729
625 626
625 897
626 404
627 628
627 880
628 11
629 630
629 859
630 446
631 632
631 706
632 42
633 634
633 838
634 336
635 636
635 858
636 448
637 638
637 739
638 691
639 565
639 640
640 324
641 547
641 642
642 627
643 593
643 644
644 442
645 646
645 684
646 488
647 254
647 648
648 486
649 237
649 650
650 1145
651 652
651 1115
652 141
653 60
653 654
654 339
655 656
655 881
656 354
657 327
657 658
658 483
659 660
659 935
660 465
661 517
661 662
662 1032
663 664
663 983
664 610
665 571
665 666
666 756
667 668
667 746
668 666
669 670
669 1193
670 876
671 119
671 672
672 971
673 314
673 674
674 831
675 676
675 941
676 1170
677 657
677 678
678 86
679 309
679 680
680 914
681 611
681 682
682 162
683 684
683 1035
684 69
685 43
685 686
686 232
687 280
687 688
688 1064
689 412
689 690
690 246
691 533
691 692
692 302
693 694
693 907
694 562
695 88
695 696
696 902
697 144
697 698
698 1006
699 700
699 741
700 568
701 702
701 821
702 512
703 704
703 847
704 62
705 706
705 1082
706 1118
707 708
707 745
708 32
709 466
709 710
710 852
711 712
711 1108
712 174
713 714
713 772
714 722
715 716
715 769
716 414
717 242
717 718
718 755
719 557
719 720
720 170
721 220
721 722
722 632
723 724
723 1087
724 417
725 680
725 726
726 575
727 319
727 728
728 802
729 275
729 730
730 410
731 732
731 749
732 530
733 734
733 908
734 203
735 736
735 1112
736 882
737 103
737 738
738 304
739 740
739 1027
740 762
741 577
741 742
742 128
743 455
743 744
744 439
745 552
745 746
746 306
747 748
747 1152
748 150
749 750
749 883
750 891
751 559
751 752
752 84
753 754
753 824
754 341
755 68
755 756
756 642
757 217
757 758
758 332
759 6
759 760
760 1162
761 631
761 762
762 654
763 205
763 764
764 264
765 766
765 1047
766 1136
767 768
767 1155
768 1030
769 441
769 770
770 260
771 223
771 772
772 969
773 774
773 1107
774 1004
775 776
775 1039
776 931
777 669
777 778
778 308
779 310
779 780
780 229
781 383
781 782
782 532
783 307
783 784
784 996
785 108
785 786
786 194
787 660
787 788
788 558
789 790
789 839
790 855
791 792
791 972
792 872
793 794
793 1049
794 431
795 796
795 1025
796 560
797 248
797 798
798 814
799 589
799 800
800 917
801 802
801 1075
802 614
803 804
803 1201
804 668
805 661
805 806
806 862
807 485
807 808
808 464
809 445
809 810
810 690
811 201
811 812
812 161
813 83
813 814
814 478
815 87
815 816
816 397
817 818
817 871
818 790
819 633
819 820
820 1159
821 767
821 822
822 1056
823 824
823 949
824 1037
825 585
825 826
826 1110
827 321
827 828
828 717
829 228
829 830
830 903
831 104
831 832
832 28
833 834
833 1103
834 950
835 836
835 922
836 175
837 838
837 1003
838 322
839 272
839 840
840 536
841 279
841 842
842 670
843 844
843 854
844 968
845 541
845 846
846 380
847 537
847 848
848 836
849 579
849 850
850 1017
851 809
851 852
852 934
853 854
853 1007
854 563
855 856
855 1117
856 312
857 6
857 858
858 156
859 737
859 860
860 1067
861 554
861 862
862 844
863 864
863 1053
864 492
865 470
865 866
866 874
867 763
867 868
868 1199
869 265
869 870
870 615
871 619
871 872
872 788
873 93
873 874
874 284
875 818
875 876
876 476
877 51
877 878
878 1041
879 335
879 880
880 656
881 215
881 882
882 112
883 551
883 884
884 806
885 886
885 1096
886 65
887 888
887 964
888 612
889 115
889 890
890 118
891 349
891 892
892 298
893 753
893 894
894 812
895 896
895 1139
896 543
897 898
897 1164
898 1126
899 105
899 900
900 212
901 816
901 902
902 840
903 904
903 1144
904 534
905 731
905 906
906 387
907 908
907 1033
908 777
909 545
909 910
910 1189
911 79
911 912
912 277
913 149
913 914
914 457
915 213
915 916
916 358
917 148
917 918
918 16
919 81
919 920
920 202
921 879
921 922
922 923
923 510
923 924
924 901
925 523
925 926
926 643
927 75
927 928
928 946
929 97
929 930
930 966
931 257
931 932
932 866
933 934
933 1048
934 664
935 801
935 936
936 938
937 938
937 1084
938 10
939 850
939 940
940 190
941 504
941 942
942 676
943 353
943 944
944 1154
945 295
945 946
946 948
947 920
947 948
948 426
949 849
949 950
950 1031
951 952
951 1130
952 337
953 833
953 954
954 1054
955 896
955 956
956 810
957 958
957 967
958 1011
959 869
959 960
960 5
961 166
961 962
962 226
963 293
963 964
964 590
965 135
965 966
966 210
967 968
967 985
968 754
969 474
969 970
970 992
971 285
971 972
972 50
973 974
973 1198
974 770
975 976
975 1113
976 645
977 247
977 978
978 937
979 649
979 980
980 822
981 186
981 982
982 95
983 132
983 984
984 218
985 986
985 1101
986 406
987 988
987 1169
988 340
989 652
989 990
990 294
991 235
991 992
992 15
993 244
993 994
994 508
995 129
995 996
996 975
997 775
997 998
998 758
999 252
999 1000
1000 1028
1001 1002
1001 1050
1002 94
1003 1004
1003 1072
1004 70
1005 255
1005 1006
1006 36
1007 699
1007 1008
1008 330
1009 357
1009 1010
1010 297
1011 678
1011 1012
1012 624
1013 9
1013 1014
1014 268
1015 569
1015 1016
1016 1105
1017 211
1017 1018
1018 197
1019 1020
1019 1124
1020 970
1021 333
1021 1022
1022 35
1023 1024
1023 1063
1024 76
1025 273
1025 1026
1026 74
1027 1005
1027 1028
1028 618
1029 1030
1029 1038
1030 1207
1031 467
1031 1032
1032 1086
1033 795
1033 1034
1034 258
1035 982
1035 1036
1036 1092
1037 1038
1037 1121
1038 1019
1039 929
1039 1040
1040 648
1041 958
1041 1042
1042 581
1043 73
1043 1044
1044 182
1045 395
1045 1046
1046 78
1047 586
1047 1048
1048 580
1049 443
1049 1050
1050 276
1051 927
1051 1052
1052 126
1053 904
1053 1054
1054 718
1055 1056
1055 1058
1056 208
1057 823
1057 1058
1058 606
1059 434
1059 1060
1060 787
1061 1062
1061 1095
1062 224
1063 888
1063 1064
1064 791
1065 192
1065 1066
1066 944
1067 243
1067 1068
1068 134
1069 7
1069 1070
1070 183
1071 939
1071 1072
1072 453
1073 222
1073 1074
1074 389
1075 827
1075 1076
1076 334
1077 231
1077 1078
1078 20
1079 61
1079 1080
1080 1184
1081 139
1081 1082
1082 253
1083 1010
1083 1084
1084 19
1085 916
1085 1086
1086 127
1087 875
1087 1088
1088 744
1089 409
1089 1090
1090 281
1091 1092
1091 1134
1092 10
1093 479
1093 1094
1094 1131
1095 171
1095 1096
1096 842
1097 270
1097 1098
1098 482
1099 1069
1099 1100
1100 713
1101 689
1101 1102
1102 1183
1103 819
1103 1104
1104 18
1105 1106
1105 1132
1106 240
1107 1108
1107 1194
1108 239
1109 360
1109 1110
1110 124
1111 493
1111 1112
1112 860
1113 1093
1113 1114
1114 550
1115 561
1115 1116
1116 873
1117 1118
1117 1173
1118 344
1119 605
1119 1120
1120 1140
1121 1119
1121 1122
1122 1185
1123 263
1123 1124
1124 157
1125 345
1125 1126
1126 1150
1127 391
1127 1128
1128 407
1129 1130
1129 1163
1130 1097
1131 961
1131 1132
1132 952
1133 1134
1133 1177
1134 519
1135 351
1135 1136
1136 495
1137 261
1137 1138
1138 598
1139 363
1139 1140
1140 110
1141 449
1141 1142
1142 583
1143 147
1143 1144
1144 416
1145 894
1145 1146
1146 31
1147 711
1147 1148
1148 1098
1149 291
1149 1150
1150 1002
1151 427
1151 1152
1152 993
1153 861
1153 1154
1154 368
1155 301
1155 1156
1156 216
1157 976
1157 1158
1158 364
1159 362
1159 1160
1160 438
1161 1120
1161 1162
1162 930
1163 815
1163 1164
1164 1085
1165 472
1165 1166
1166 566
1167 2
1167 1168
1168 506
1169 347
1169 1170
1170 1165
1171 995
1171 1172
1172 978
1173 1157
1173 1174
1174 491
1175 1125
1175 1176
1176 12
1177 743
1177 1178
1178 750
1179 138
1179 1180
1180 462
1181 905
1181 1182
1182 1021
1183 418
1183 1184
1184 140
1185 159
1185 1186
1186 700
1187 3
1187 1188
1188 209
1189 723
1189 1190
1190 498
1191 864
1191 1192
1192 682
1193 604
1193 1194
1194 584
1195 1077
1195 1196
1196 911
1197 8
1197 1198
1198 1083
1199 957
1199 1200
1200 26
1201 250
1201 1202
1202 1060
1203 564
1203 1204
1204 114
1205 1089
1205 1206
1206 994
1207 634
1207 1208
1208 1100
1209 225
1209 1210
1210 204
1211 303
1211 1212
1212 1146
1213 542
1213 1214
1214 990
