0 259
0 316
2 515
2 1011
3 24
3 370
4 231
4 432
5 382
6 266
9 381
9 387
10 124
10 1091
12 1053
11 383
13 160
13 1140
15 36
15 481
17 18
17 79
19 152
19 564
21 824
21 906
23 24
23 885
24 192
25 26
25 29
26 1127
27 28
27 649
28 300
29 30
29 669
30 172
31 32
31 371
32 372
33 34
33 81
34 89
35 36
35 809
36 954
37 38
37 741
38 1073
39 3
39 40
40 732
41 42
41 917
42 966
43 44
43 1177
44 154
45 46
45 175
46 832
47 48
47 734
48 410
49 50
49 1007
50 565
51 52
51 727
52 344
53 54
53 144
54 808
55 56
55 913
56 271
57 58
57 221
58 206
59 60
59 411
60 245
61 62
61 347
62 1103
63 64
63 977
64 864
65 66
65 703
66 783
67 68
67 1018
68 1192
69 70
69 1176
70 37
71 72
71 859
72 1015
73 74
73 84
74 588
75 76
75 619
76 980
77 78
77 114
78 1032
79 80
79 593
80 409
81 82
81 325
82 1019
83 84
83 359
84 615
85 86
85 496
86 973
87 88
87 872
88 458
89 90
89 504
90 343
91 92
91 166
92 396
93 94
93 1051
94 901
95 96
95 498
96 744
97 98
97 299
98 318
99 100
99 1106
100 455
101 102
101 990
102 131
103 104
103 1117
104 20
105 106
105 609
106 104
107 108
107 472
108 788
109 110
109 1113
110 645
111 112
111 457
112 324
113 114
113 1152
114 631
115 1
115 116
116 764
117 118
117 791
118 506
119 120
119 869
120 135
121 122
121 399
122 149
123 124
123 171
124 1183
125 126
125 605
126 707
127 128
127 349
128 704
129 130
129 1086
130 888
131 132
131 386
132 524
133 134
133 185
134 500
135 136
135 994
136 378
137 138
137 1207
138 336
139 140
139 475
140 738
141 142
141 523
142 1044
143 144
143 842
144 48
145 146
145 527
146 118
147 148
147 1171
148 546
149 150
149 522
150 356
151 152
151 680
152 876
153 154
153 319
154 1082
155 156
155 747
156 402
157 158
157 317
158 392
159 160
159 725
160 486
161 25
161 162
162 433
163 164
163 911
164 1186
165 153
165 166
166 321
167 168
167 836
168 101
169 170
169 835
170 718
171 172
171 467
172 717
173 174
173 1071
174 950
175 176
175 1184
176 179
177 30
177 178
178 812
179 180
179 641
180 897
181 182
181 787
182 425
183 184
183 1202
184 268
185 186
185 1123
186 1029
187 188
187 622
188 1090
189 190
189 191
190 130
191 192
191 591
192 554
193 31
193 194
194 258
195 57
195 196
196 1080
197 198
197 207
198 1047
199 200
199 557
200 701
201 202
201 217
202 1211
203 204
203 422
204 533
205 206
205 394
206 1027
207 208
207 893
208 972
209 210
209 733
210 183
211 126
211 212
212 1172
213 32
213 214
214 1175
215 216
215 585
216 375
217 218
217 485
218 1205
219 220
219 569
220 620
221 115
221 222
222 798
223 111
223 224
224 586
225 64
225 226
226 846
227 228
227 287
228 507
229 230
229 577
230 550
231 232
231 794
232 1074
233 234
233 975
234 112
235 236
235 545
236 1158
237 238
237 858
238 246
239 240
239 875
240 668
241 242
241 443
242 1060
243 244
243 780
244 988
245 246
245 867
246 1062
247 248
247 335
248 1030
249 250
249 592
250 165
251 252
251 1159
252 353
253 254
253 998
254 587
255 256
255 478
256 1048
257 121
257 258
258 996
259 197
259 260
260 678
261 262
261 1150
262 555
263 264
263 671
264 236
265 266
265 929
266 1006
267 268
267 814
268 942
269 270
269 329
270 736
271 272
271 823
272 1182
273 274
273 987
274 902
275 276
275 1069
276 167
277 275
277 278
278 438
279 181
279 280
280 1040
281 282
281 419
282 59
283 10
283 284
284 991
285 150
285 286
286 1154
287 288
287 817
288 252
289 290
289 1056
290 365
291 292
291 905
292 647
293 294
293 643
294 1204
295 296
295 547
296 957
297 298
297 490
298 184
299 300
299 611
300 754
301 302
301 1009
302 91
303 304
303 726
304 831
305 306
305 355
306 935
307 308
307 993
308 992
309 310
309 447
310 964
311 229
311 312
312 95
313 278
313 314
314 792
315 316
315 621
316 233
317 63
317 318
318 244
319 320
319 333
320 76
321 322
321 806
322 456
323 212
323 324
324 552
325 155
325 326
326 637
327 328
327 1098
328 551
329 330
329 1121
330 799
331 332
331 1105
332 930
333 209
333 334
334 19
335 336
335 581
336 714
337 338
337 880
338 816
339 340
339 642
340 562
341 189
341 342
342 886
343 344
343 1064
344 686
345 346
345 1001
346 286
347 348
347 753
348 12
349 350
349 737
350 454
351 352
351 603
352 568
353 311
353 354
354 1214
355 356
355 1099
356 199
357 147
357 358
358 4
359 360
359 1033
360 28
361 362
361 1188
362 898
363 224
363 364
364 815
365 366
365 391
366 889
367 368
367 982
368 460
369 15
369 370
370 448
371 372
371 665
372 1050
373 374
373 943
374 158
375 376
375 617
376 745
377 378
377 1180
378 188
379 376
379 380
380 174
381 382
381 1059
382 1010
383 384
383 670
384 779
385 386
385 921
386 420
387 388
387 429
388 404
389 390
389 1213
390 945
391 102
391 392
392 47
393 394
393 941
394 408
395 396
395 571
396 574
397 398
397 421
398 412
399 400
399 971
400 1023
401 11
401 402
402 264
403 404
403 575
404 510
405 406
405 630
406 928
407 109
407 408
408 907
409 410
409 1058
410 190
411 412
411 493
412 834
413 9
413 414
414 822
415 313
415 416
416 360
417 418
417 470
418 86
419 420
419 1157
420 956
421 422
421 997
422 216
423 424
423 855
424 1012
425 426
425 1083
426 1114
427 428
427 1189
428 1148
429 430
429 431
430 1147
431 169
431 432
432 113
433 434
433 796
434 730
435 436
435 790
436 406
437 438
437 759
438 920
439 440
439 1167
440 995
441 384
441 442
442 449
443 55
443 444
444 484
445 446
445 1131
446 1151
447 448
447 795
448 261
449 407
449 450
450 444
451 295
451 452
452 44
453 337
453 454
454 1212
455 456
455 709
456 362
457 458
457 548
458 612
459 460
459 899
460 914
461 267
461 462
462 768
463 464
463 719
464 8
465 389
465 466
466 294
467 468
467 871
468 223
469 214
469 470
470 285
471 472
471 644
472 651
473 474
473 933
474 1038
475 145
475 476
476 1087
477 281
477 478
478 691
479 137
479 480
480 501
481 390
481 482
482 297
483 453
483 484
484 838
485 486
485 509
486 180
487 69
487 488
488 892
489 465
489 490
490 638
491 492
491 614
492 78
493 494
493 777
494 654
495 146
495 496
496 1061
497 498
497 811
498 327
499 331
499 500
500 426
501 16
501 502
502 1112
503 504
503 1017
504 441
505 506
505 722
506 877
507 508
507 1209
508 6
509 33
509 510
510 178
511 512
511 625
512 1128
513 514
513 1193
514 820
515 516
515 1129
516 474
517 251
517 518
518 72
519 520
519 731
520 662
521 522
521 576
522 538
523 524
523 769
524 298
525 526
525 558
526 1024
527 173
527 528
528 405
529 2
529 530
530 853
531 139
531 532
532 255
533 534
533 1168
534 14
535 536
535 627
536 5
537 445
537 538
538 1156
539 463
539 540
540 974
541 542
541 683
542 226
543 133
543 544
544 42
545 546
545 1039
546 578
547 548
547 919
548 141
549 312
549 550
550 1197
551 552
551 755
552 690
553 257
553 554
554 1079
555 243
555 556
556 770
557 291
557 558
558 208
559 50
559 560
560 262
561 128
561 562
562 976
563 564
563 666
564 1066
565 35
565 566
566 1194
567 568
567 1077
568 584
569 570
569 664
570 232
571 177
571 572
572 1160
573 574
573 1109
574 673
575 576
575 1199
576 1161
577 578
577 773
578 1196
579 580
579 856
580 330
581 582
581 632
582 418
583 584
583 706
584 870
585 586
585 681
586 480
587 202
587 588
588 248
589 417
589 590
590 766
591 357
591 592
592 968
593 594
593 721
594 840
595 461
595 596
596 491
597 105
597 598
598 73
599 600
599 720
600 363
601 543
601 602
602 1037
603 289
603 604
604 256
605 606
605 830
606 590
607 34
607 608
608 969
609 610
609 981
610 92
611 612
611 613
612 210
613 614
613 633
614 862
615 292
615 616
616 567
617 305
617 618
618 148
619 269
619 620
620 514
621 11
621 622
622 723
623 624
623 802
624 1107
625 626
625 663
626 542
627 628
627 793
628 749
629 630
629 924
630 710
631 632
631 1187
632 1026
633 301
633 634
634 492
635 629
635 636
636 782
637 638
637 844
638 616
639 640
639 1178
640 583
641 415
641 642
642 801
643 468
643 644
644 751
645 646
645 1075
646 1014
647 247
647 648
648 1138
649 650
649 1097
650 219
651 652
651 658
652 1206
653 511
653 654
654 400
655 656
655 729
656 623
657 342
657 658
658 323
659 308
659 660
660 156
661 225
661 662
662 946
663 664
663 1116
664 762
665 666
665 735
666 608
667 668
667 1034
668 1102
669 670
669 807
670 99
671 672
671 1135
672 428
673 674
673 1025
674 238
675 263
675 676
676 503
677 240
677 678
678 320
679 151
679 680
680 110
681 282
681 682
682 978
683 497
683 684
684 984
685 686
685 936
686 5
687 688
687 1049
688 380
689 276
689 690
690 983
691 38
691 692
692 52
693 62
693 694
694 652
695 479
695 696
696 904
697 698
697 833
698 887
699 553
699 700
700 369
701 702
701 748
702 693
703 661
703 704
704 674
705 706
705 760
706 450
707 708
707 1031
708 452
709 440
709 710
710 1210
711 635
711 712
712 561
713 239
713 714
714 677
715 699
715 716
716 393
717 718
717 1139
718 596
719 599
719 720
720 159
721 722
721 1115
722 277
723 348
723 724
724 778
725 726
725 1169
726 847
727 122
727 728
728 270
729 494
729 730
730 164
731 732
731 960
732 1000
733 698
733 734
734 21
735 279
735 736
736 556
737 535
737 738
738 242
739 740
739 1020
740 138
741 87
741 742
742 60
743 116
743 744
744 489
745 306
745 746
746 520
747 748
747 1081
748 873
749 750
749 947
750 944
751 49
751 752
752 890
753 241
753 754
754 1190
755 756
755 1041
756 332
757 309
757 758
758 234
759 307
759 760
760 579
761 762
761 1122
762 850
763 61
763 764
764 1149
765 766
765 1124
766 868
767 768
767 776
768 918
769 770
769 934
770 26
771 772
771 1200
772 140
773 774
773 1070
774 13
775 117
775 776
776 125
777 778
777 925
778 940
779 780
779 1143
780 398
781 782
781 1203
782 912
783 46
783 784
784 466
785 786
785 961
786 828
787 93
787 788
788 1065
789 767
789 790
790 1163
791 792
791 857
792 570
793 446
793 794
794 530
795 796
795 959
796 65
797 715
797 798
798 549
799 800
799 916
800 106
801 610
801 802
802 253
803 397
803 804
804 162
805 806
805 939
806 442
807 797
807 808
808 692
809 228
809 810
810 624
811 296
811 812
812 646
813 303
813 814
814 58
815 379
815 816
816 781
817 17
817 818
818 772
819 771
819 820
820 618
821 322
821 822
822 1002
823 401
823 824
824 852
825 826
825 900
826 1126
827 676
827 828
828 953
829 182
829 830
830 774
831 832
831 965
832 502
833 597
833 834
834 237
835 423
835 836
836 1165
837 838
837 1089
838 1068
839 273
839 840
840 685
841 540
841 842
842 636
843 23
843 844
844 265
845 750
845 846
846 1042
847 70
847 848
848 1164
849 284
849 850
850 1094
851 656
851 852
852 1120
853 198
853 854
854 1104
855 856
855 1013
856 280
857 763
857 858
858 1166
859 97
859 860
860 1088
861 604
861 862
862 694
863 864
863 1078
864 108
865 222
865 866
866 560
867 708
867 868
868 594
869 283
869 870
870 340
871 227
871 872
872 1185
873 96
873 874
874 6
875 341
875 876
876 818
877 403
877 878
878 1016
879 880
879 1145
880 314
881 469
881 882
882 541
883 884
883 1095
884 1067
885 471
885 886
886 361
887 882
887 888
888 1108
889 352
889 890
890 660
891 43
891 892
892 516
893 894
893 1133
894 865
895 896
895 1092
896 891
897 260
897 898
898 756
899 56
899 900
900 315
901 839
901 902
902 525
903 12
903 904
904 851
905 196
905 906
906 366
907 539
907 908
908 83
909 716
909 910
910 339
911 912
911 1153
912 1198
913 201
913 914
914 40
915 606
915 916
916 826
917 51
917 918
918 338
919 825
919 920
920 302
921 922
921 963
922 866
923 204
923 924
924 910
925 187
925 926
926 700
927 127
927 928
928 1125
929 926
929 930
930 103
931 742
931 932
932 746
933 713
933 934
934 94
935 679
935 936
936 488
937 437
937 938
938 922
939 193
939 940
940 220
941 71
941 942
942 1028
943 345
943 944
944 761
945 427
945 946
946 712
947 948
947 1055
948 860
949 950
949 1142
950 915
951 775
951 952
952 1045
953 954
953 1101
954 41
955 765
955 956
956 1208
957 602
957 958
958 948
959 90
959 960
960 416
961 962
961 1141
962 589
963 964
963 1043
964 648
965 532
965 966
966 894
967 537
967 968
968 1155
969 518
969 970
970 752
971 972
971 1119
972 659
973 519
973 974
974 1100
975 909
975 976
976 878
977 473
977 978
978 639
979 388
979 980
980 536
981 505
981 982
982 85
983 434
983 984
984 1170
985 986
985 1085
986 288
987 988
987 1005
988 512
989 459
989 990
990 544
991 837
991 992
992 804
993 572
993 994
994 672
995 476
995 996
996 711
997 998
997 1191
998 1173
999 861
999 1000
1000 74
1001 119
1001 1002
1002 368
1003 136
1003 1004
1004 970
1005 439
1005 1006
1006 254
1007 895
1007 1008
1008 1146
1009 531
1009 1010
1010 684
1011 272
1011 1012
1012 67
1013 517
1013 1014
1014 1022
1015 142
1015 1016
1016 143
1017 1018
1017 1063
1018 705
1019 293
1019 1020
1020 250
1021 274
1021 1022
1022 566
1023 757
1023 1024
1024 563
1025 367
1025 1026
1026 508
1027 931
1027 1028
1028 979
1029 740
1029 1030
1030 54
1031 634
1031 1032
1032 1076
1033 1034
1033 1035
1034 841
1035 582
1035 1036
1036 1130
1037 655
1037 1038
1038 1110
1039 45
1039 1040
1040 821
1041 528
1041 1042
1042 848
1043 687
1043 1044
1044 810
1045 215
1045 1046
1046 986
1047 495
1047 1048
1048 955
1049 785
1049 1050
1050 628
1051 395
1051 1052
1052 595
1053 529
1053 1054
1054 351
1055 559
1055 1056
1056 1084
1057 697
1057 1058
1058 696
1059 1060
1059 1179
1060 170
1061 168
1061 1062
1062 784
1063 27
1063 1064
1064 1046
1065 1066
1065 1118
1066 932
1067 600
1067 1068
1068 350
1069 743
1069 1070
1070 1162
1071 1072
1071 1132
1072 640
1073 689
1073 1074
1074 688
1075 290
1075 1076
1076 1136
1077 728
1077 1078
1078 682
1079 205
1079 1080
1080 819
1081 952
1081 1082
1082 883
1083 451
1083 1084
1084 573
1085 213
1085 1086
1086 724
1087 326
1087 1088
1088 7
1089 845
1089 1090
1090 667
1091 805
1091 1092
1092 923
1093 653
1093 1094
1094 107
1095 863
1095 1096
1096 414
1097 903
1097 1098
1098 938
1099 1100
1099 1144
1100 580
1101 358
1101 1102
1102 526
1103 430
1103 1104
1104 120
1105 829
1105 1106
1106 1057
1107 66
1107 1108
1108 534
1109 487
1109 1110
1110 424
1111 999
1111 1112
1112 68
1113 39
1113 1114
1114 1036
1115 161
1115 1116
1116 739
1117 1008
1117 1118
1118 854
1119 967
1119 1120
1120 657
1121 377
1121 1122
1122 650
1123 195
1123 1124
1124 435
1125 354
1125 1126
1126 1072
1127 328
1127 1128
1128 1004
1129 843
1129 1130
1130 800
1131 385
1131 1132
1132 1195
1133 123
1133 1134
1134 482
1135 499
1135 1136
1136 310
1137 896
1137 1138
1138 758
1139 989
1139 1140
1140 75
1141 695
1141 1142
1142 513
1143 1144
1143 1201
1144 100
1145 881
1145 1146
1146 436
1147 874
1147 1148
1148 22
1149 1150
1149 1181
1150 163
1151 675
1151 1152
1152 1003
1153 813
1153 1154
1154 462
1155 985
1155 1156
1156 884
1157 951
1157 1158
1158 334
1159 477
1159 1160
1160 827
1161 949
1161 1162
1162 203
1163 364
1163 1164
1164 958
1165 218
1165 1166
1166 211
1167 803
1167 1168
1168 176
1169 789
1169 1170
1170 626
1171 601
1171 1172
1172 1174
1173 88
1173 1174
1174 483
1175 521
1175 1176
1176 1093
1177 77
1177 1178
1178 1111
1179 373
1179 1180
1180 962
1181 937
1181 1182
1182 82
1183 927
1183 1184
1184 786
1185 200
1185 1186
1186 53
1187 80
1187 1188
1188 849
1189 908
1189 1190
1190 1137
1191 607
1191 1192
1192 98
1193 1054
1193 1194
1194 1096
1195 157
1195 1196
1196 346
1197 1052
1197 1198
1198 464
1199 879
1199 1200
1200 304
1201 249
1201 1202
1202 1134
1203 132
1203 1204
1204 134
1205 194
1205 1206
1206 129
1207 413
1207 1208
1208 374
1209 235
1209 1210
1210 702
1211 230
1211 1212
1212 186
1213 598
1213 1214
1214 1021
