0 851
0 895
2 67
2 256
3 165
3 1071
5 539
4 68
4 935
6 188
9 283
9 521
10 371
10 813
11 1130
12 318
13 900
13 916
15 572
15 1009
17 90
17 875
19 114
19 698
21 843
21 862
23 24
23 660
24 562
25 26
25 658
26 855
27 28
27 607
28 1068
29 30
29 612
30 152
31 32
31 293
32 55
33 34
33 470
34 1084
35 36
35 555
36 942
37 38
37 359
38 198
39 40
39 145
40 623
41 42
41 525
42 250
43 44
43 690
44 130
45 46
45 734
46 754
47 48
47 714
48 482
49 50
49 917
50 662
51 3
51 52
52 628
53 54
53 474
54 1034
55 56
55 796
56 881
57 58
57 158
58 1179
59 60
59 635
60 218
61 62
61 463
62 1105
63 64
63 1029
64 180
65 66
65 1172
66 1087
67 68
67 805
68 630
69 70
69 1045
70 946
71 72
71 490
72 508
73 74
73 1157
74 1167
75 76
75 1119
76 688
77 50
77 78
78 401
79 80
79 139
80 263
81 82
81 1127
82 159
83 84
83 1093
84 730
85 86
85 689
86 178
87 88
87 115
88 102
89 90
89 964
90 1162
91 92
91 1203
92 919
93 94
93 421
94 235
95 96
95 279
96 726
97 98
97 744
98 618
99 100
99 143
100 443
101 102
101 1041
102 1126
103 104
103 1139
104 710
105 106
105 366
106 129
107 108
107 489
108 32
109 110
109 520
110 692
111 112
111 717
112 604
113 114
113 986
114 1166
115 116
115 627
116 8
117 118
117 945
118 241
119 120
119 1040
120 412
121 34
121 122
122 965
123 124
123 821
124 368
125 126
125 1003
126 566
127 128
127 789
128 278
129 36
129 130
130 738
131 132
131 440
132 38
133 134
133 921
134 94
135 64
135 136
136 228
137 138
137 495
138 736
139 140
139 238
140 1148
141 142
141 993
142 112
143 144
143 407
144 878
145 146
145 281
146 242
147 39
147 148
148 795
149 150
149 565
150 869
151 152
151 655
152 624
153 154
153 1159
154 191
155 156
155 334
156 266
157 133
157 158
158 211
159 160
159 585
160 1169
161 162
161 769
162 416
163 164
163 976
164 1184
165 21
165 166
166 762
167 168
167 531
168 596
169 170
169 1186
170 860
171 172
171 292
172 998
173 174
173 701
174 213
175 110
175 176
176 1072
177 178
177 654
178 128
179 149
179 180
180 153
181 182
181 641
182 554
183 95
183 184
184 1020
185 29
185 186
186 1141
187 188
187 1168
188 845
189 190
189 676
190 844
191 192
191 1110
192 797
193 194
193 745
194 725
195 196
195 728
196 1187
197 198
197 1035
198 826
199 200
199 503
200 706
201 202
201 920
202 610
203 204
203 381
204 397
205 206
205 611
206 393
207 206
207 208
208 265
209 210
209 909
210 348
211 19
211 212
212 757
213 214
213 603
214 1014
215 216
215 819
216 1213
217 15
217 218
218 116
219 220
219 809
220 1194
221 222
221 231
222 968
223 9
223 224
224 581
225 184
225 226
226 586
227 228
227 1115
228 1088
229 230
229 661
230 647
231 232
231 743
232 880
233 234
233 788
234 908
235 141
235 236
236 59
237 238
237 617
238 687
239 240
239 484
240 6
241 242
241 1081
242 1150
243 244
243 815
244 402
245 246
245 257
246 924
247 232
247 248
248 548
249 250
249 578
250 82
251 252
251 1033
252 437
253 254
253 817
254 268
255 256
255 337
256 1090
257 249
257 258
258 11
259 260
259 477
260 96
261 262
261 512
262 884
263 264
263 1037
264 210
265 12
265 266
266 220
267 225
267 268
268 592
269 270
269 409
270 196
271 108
271 272
272 66
273 274
273 849
274 1198
275 217
275 276
276 876
277 278
277 904
278 1164
279 280
279 597
280 113
281 179
281 282
282 721
283 10
283 284
284 867
285 286
285 950
286 933
287 288
287 807
288 590
289 290
289 774
290 248
291 35
291 292
292 818
293 294
293 715
294 573
295 296
295 868
296 1143
297 4
297 298
298 202
299 186
299 300
300 201
301 92
301 302
302 912
303 185
303 304
304 536
305 237
305 306
306 500
307 308
307 636
308 364
309 310
309 493
310 1108
311 312
311 1099
312 722
313 314
313 502
314 1022
315 316
315 353
316 1046
317 318
317 748
318 564
319 320
319 682
320 741
321 322
321 683
322 939
323 324
323 1161
324 374
325 91
325 326
326 529
327 328
327 413
328 354
329 297
329 330
330 125
331 127
331 332
332 599
333 334
333 1114
334 86
335 336
335 987
336 606
337 134
337 338
338 1158
339 340
339 937
340 834
341 342
341 923
342 1193
343 344
343 1039
344 835
345 346
345 936
346 460
347 348
347 1079
348 775
349 148
349 350
350 1116
351 352
351 1053
352 137
353 354
353 1098
354 449
355 87
355 356
356 227
357 358
357 643
358 804
359 360
359 1094
360 480
361 303
361 362
362 6
363 30
363 364
364 866
365 366
365 1135
366 150
367 368
367 673
368 146
369 370
369 1106
370 24
371 372
371 1047
372 766
373 374
373 1057
374 7
375 376
375 1007
376 753
377 378
377 515
378 664
379 40
379 380
380 107
381 311
381 382
382 358
383 384
383 863
384 173
385 386
385 1075
386 189
387 2
387 388
388 1109
389 177
389 390
390 679
391 101
391 392
392 905
393 394
393 629
394 922
395 396
395 723
396 415
397 398
397 425
398 684
399 400
399 934
400 13
401 402
401 696
402 959
403 296
403 404
404 28
405 321
405 406
406 609
407 408
407 903
408 1102
409 410
409 459
410 651
411 412
411 1163
412 246
413 75
413 414
414 80
415 416
415 638
416 962
417 53
417 418
418 570
419 420
419 511
420 1113
421 352
421 422
422 932
423 163
423 424
424 428
425 426
425 772
426 587
427 428
427 487
428 226
429 44
429 430
430 307
431 432
431 575
432 671
433 434
433 1069
434 23
435 436
435 832
436 131
437 333
437 438
438 670
439 440
439 773
440 1149
441 286
441 442
442 992
443 444
443 685
444 560
445 446
445 497
446 640
447 261
447 448
448 1204
449 450
449 492
450 978
451 22
451 452
452 1066
453 454
453 488
454 282
455 456
455 1017
456 614
457 458
457 985
458 776
459 460
459 518
460 926
461 119
461 462
462 1140
463 255
463 464
464 544
465 331
465 466
466 373
467 289
467 468
468 582
469 105
469 470
470 335
471 388
471 472
472 240
473 474
473 977
474 323
475 147
475 476
476 791
477 478
477 830
478 1032
479 157
479 480
480 888
481 482
481 864
482 11
483 85
483 484
484 451
485 203
485 486
486 155
487 488
487 516
488 1160
489 432
489 490
490 1031
491 122
491 492
492 345
493 367
493 494
494 20
495 496
495 915
496 837
497 498
497 1100
498 37
499 58
499 500
500 602
501 52
501 502
502 522
503 395
503 504
504 1190
505 167
505 506
506 523
507 508
507 574
508 442
509 510
509 891
510 940
511 512
511 799
512 93
513 514
513 545
514 989
515 516
515 613
516 132
517 518
517 1010
518 1082
519 520
519 593
520 828
521 522
521 571
522 65
523 420
523 524
524 648
525 251
525 526
526 540
527 528
527 974
528 1112
529 530
529 756
530 960
531 532
531 1028
532 453
533 534
533 693
534 169
535 17
535 536
536 1059
537 538
537 825
538 408
539 540
539 1013
540 1120
541 542
541 1191
542 324
543 151
543 544
544 707
545 327
545 546
546 464
547 548
547 598
548 1064
549 550
549 1077
550 314
551 552
551 975
552 1002
553 229
553 554
554 927
555 556
555 785
556 259
557 558
557 733
558 329
559 104
559 560
560 633
561 562
561 580
562 914
563 69
563 564
564 270
565 566
565 568
566 852
567 568
567 719
568 414
569 372
569 570
570 156
571 572
571 1171
572 27
573 509
573 574
574 245
575 576
575 1061
576 988
577 269
577 578
578 208
579 580
579 1049
580 1165
581 418
581 582
582 886
583 584
583 631
584 168
585 586
585 910
586 302
587 588
587 1123
588 410
589 377
589 590
590 244
591 306
591 592
592 752
593 181
593 594
594 42
595 355
595 596
596 616
597 553
597 598
598 874
599 600
599 871
600 84
601 602
601 771
602 457
603 604
603 899
604 1052
605 606
605 770
606 729
607 339
607 608
608 1188
609 610
609 732
610 1054
611 485
611 612
612 447
613 614
613 1196
614 1137
615 517
615 616
616 782
617 483
617 618
618 41
619 620
619 1212
620 383
621 622
621 1048
622 584
623 624
623 740
624 1036
625 519
625 626
626 532
627 589
627 628
628 848
629 546
629 630
630 1019
631 361
631 632
632 1070
633 326
633 634
634 1058
635 636
635 708
636 530
637 638
637 1209
638 724
639 510
639 640
640 514
641 431
641 642
642 224
643 25
643 644
644 386
645 315
645 646
646 1005
647 473
647 648
648 907
649 650
649 672
650 764
651 652
651 1001
652 1200
653 654
653 1107
654 301
655 513
655 656
656 258
657 499
657 658
658 121
659 660
659 686
660 54
661 341
661 662
662 882
663 664
663 973
664 404
665 379
665 666
666 1189
667 61
667 668
668 822
669 81
669 670
670 486
671 83
671 672
672 980
673 674
673 996
674 780
675 676
675 1197
676 1174
677 396
677 678
678 576
679 336
679 680
680 350
681 682
681 956
682 330
683 684
683 1043
684 713
685 686
685 777
686 1004
687 619
687 688
688 887
689 690
689 763
690 260
691 351
691 692
692 1170
693 694
693 1085
694 60
695 696
695 1183
696 1026
697 677
697 698
698 430
699 389
699 700
700 1015
701 702
701 1185
702 247
703 704
703 963
704 300
705 559
705 706
706 342
707 708
707 1177
708 854
709 710
709 833
710 1076
711 363
711 712
712 1146
713 714
713 1125
714 1044
715 322
715 716
716 498
717 718
717 1145
718 504
719 720
719 953
720 501
721 702
721 722
722 779
723 724
723 931
724 1151
725 164
725 726
726 1062
727 728
727 1214
728 767
729 97
729 730
730 175
731 732
731 1063
732 433
733 734
733 1021
734 737
735 736
735 1101
736 600
737 465
737 738
738 16
739 182
739 740
740 426
741 742
741 897
742 1086
743 174
743 744
744 902
745 99
745 746
746 429
747 748
747 1175
748 761
749 344
749 750
750 209
751 588
751 752
752 252
753 214
753 754
754 1205
755 332
755 756
756 170
757 310
757 758
758 534
759 406
759 760
760 542
761 762
761 1176
762 298
763 349
763 764
764 972
765 766
765 853
766 1091
767 399
767 768
768 649
769 770
769 842
770 1078
771 772
771 925
772 1132
773 294
773 774
774 309
775 382
775 776
776 233
777 778
777 1118
778 448
779 280
779 780
780 650
781 663
781 782
782 811
783 781
783 784
784 808
785 305
785 786
786 98
787 788
787 1138
788 312
789 790
789 1195
790 1030
791 739
791 792
792 569
793 794
793 1011
794 26
795 481
795 796
796 885
797 390
797 798
798 176
799 161
799 800
800 1092
801 646
801 802
802 466
803 194
803 804
804 812
805 456
805 806
806 1097
807 653
807 808
808 666
809 810
809 1207
810 166
811 812
811 859
812 656
813 535
813 814
814 76
815 759
815 816
816 328
817 818
817 990
818 1006
819 243
819 820
820 847
821 787
821 822
822 136
823 824
823 1202
824 594
825 469
825 826
826 870
827 828
827 1027
828 207
829 830
829 1056
830 742
831 595
831 832
832 709
833 230
833 834
834 695
835 528
835 836
836 824
837 783
837 838
838 981
839 541
839 840
840 200
841 842
841 1181
842 861
843 444
843 844
844 694
845 846
845 971
846 424
847 848
847 967
848 947
849 398
849 850
850 1124
851 625
851 852
852 563
853 854
853 1199
854 468
855 46
855 856
856 700
857 360
857 858
858 77
859 338
859 860
860 1065
861 862
861 1121
862 526
863 183
863 864
864 219
865 419
865 866
866 674
867 215
867 868
868 1018
869 505
869 870
870 343
871 385
871 872
872 758
873 874
873 1111
874 642
875 79
875 876
876 142
877 878
877 1173
878 295
879 880
879 1144
880 982
881 705
881 882
882 317
883 5
883 884
884 253
885 33
885 886
886 1206
887 551
887 888
888 276
889 806
889 890
890 1038
891 506
891 892
892 462
893 765
893 894
894 944
895 896
895 1133
896 1128
897 126
897 898
898 712
899 411
899 900
900 930
901 394
901 902
902 89
903 445
903 904
904 803
905 667
905 906
906 74
907 454
907 908
908 452
909 56
909 910
910 187
911 681
911 912
912 1192
913 31
913 914
914 1136
915 476
915 916
916 547
917 436
917 918
918 800
919 221
919 920
920 858
921 205
921 922
922 577
923 543
923 924
924 608
925 926
925 1129
926 898
927 193
927 928
928 991
929 930
929 1073
930 507
931 932
931 997
932 346
933 271
933 934
934 718
935 362
935 936
936 778
937 938
937 943
938 160
939 313
939 940
940 961
941 62
941 942
942 840
943 786
943 944
944 290
945 889
945 946
946 422
947 109
947 948
948 1155
949 950
949 1211
950 955
951 857
951 952
952 816
953 911
953 954
954 1008
955 275
955 956
956 621
957 657
957 958
958 320
959 960
959 966
960 274
961 711
961 962
962 727
963 964
963 1142
964 749
965 254
965 966
966 954
967 117
967 968
968 403
969 970
969 994
970 100
971 894
971 972
972 124
973 197
973 974
974 273
975 976
975 1055
976 896
977 978
977 1080
978 70
979 45
979 980
980 472
981 47
981 982
982 264
983 838
983 984
984 72
985 370
985 986
986 236
987 423
987 988
988 1
989 990
989 1096
990 1050
991 883
991 992
992 678
993 284
993 994
994 357
995 417
995 996
996 558
997 380
997 998
998 106
999 829
999 1000
1000 699
1001 154
1001 1002
1002 794
1003 801
1003 1004
1004 938
1005 1006
1005 1147
1006 668
1007 299
1007 1008
1008 478
1009 291
1009 1010
1010 957
1011 51
1011 1012
1012 1152
1013 839
1013 1014
1014 1025
1015 458
1015 1016
1016 308
1017 827
1017 1018
1018 893
1019 319
1019 1020
1020 659
1021 731
1021 1022
1022 906
1023 304
1023 1024
1024 212
1025 550
1025 1026
1026 234
1027 223
1027 1028
1028 1051
1029 1030
1029 1089
1030 450
1031 836
1031 1032
1032 1016
1033 918
1033 1034
1034 1060
1035 1036
1035 1201
1036 1154
1037 365
1037 1038
1038 720
1039 73
1039 1040
1040 952
1041 865
1041 1042
1042 1210
1043 441
1043 1044
1044 376
1045 538
1045 1046
1046 970
1047 63
1047 1048
1048 913
1049 427
1049 1050
1050 316
1051 135
1051 1052
1052 1178
1053 111
1053 1054
1054 634
1055 615
1055 1056
1056 1000
1057 552
1057 1058
1058 438
1059 995
1059 1060
1060 850
1061 1062
1061 1134
1062 1042
1063 549
1063 1064
1064 810
1065 768
1065 1066
1066 120
1067 823
1067 1068
1068 704
1069 1023
1069 1070
1070 1012
1071 999
1071 1072
1072 434
1073 958
1073 1074
1074 144
1075 1076
1075 1131
1076 369
1077 877
1077 1078
1078 928
1079 691
1079 1080
1080 57
1081 703
1081 1082
1082 5
1083 567
1083 1084
1084 49
1085 890
1085 1086
1086 941
1087 527
1087 1088
1088 494
1089 103
1089 1090
1090 1117
1091 591
1091 1092
1092 1156
1093 537
1093 1094
1094 1074
1095 583
1095 1096
1096 622
1097 496
1097 1098
1098 439
1099 391
1099 1100
1100 665
1101 951
1101 1102
1102 697
1103 1024
1103 1104
1104 491
1105 892
1105 1106
1106 652
1107 199
1107 1108
1108 735
1109 222
1109 1110
1110 846
1111 983
1111 1112
1112 644
1113 637
1113 1114
1114 856
1115 747
1115 1116
1116 461
1117 901
1117 1118
1118 267
1119 479
1119 1120
1120 195
1121 669
1121 1122
1122 790
1123 287
1123 1124
1124 277
1125 645
1125 1126
1126 579
1127 979
1127 1128
1128 1153
1129 204
1129 1130
1130 1104
1131 1083
1131 1132
1132 1095
1133 949
1133 1134
1134 620
1135 325
1135 1136
1136 140
1137 601
1137 1138
1138 138
1139 118
1139 1140
1140 1182
1141 605
1141 1142
1142 192
1143 969
1143 1144
1144 216
1145 841
1145 1146
1146 984
1147 639
1147 1148
1148 524
1149 88
1149 1150
1150 1122
1151 556
1151 1152
1152 43
1153 793
1153 1154
1154 1180
1155 675
1155 1156
1156 123
1157 1067
1157 1158
1158 751
1159 814
1159 1160
1160 340
1161 820
1161 1162
1162 750
1163 392
1163 1164
1164 190
1165 626
1165 1166
1166 171
1167 879
1167 1168
1168 802
1169 561
1169 1170
1170 784
1171 347
1171 1172
1172 929
1173 455
1173 1174
1174 400
1175 792
1175 1176
1176 12
1177 272
1177 1178
1178 471
1179 405
1179 1180
1180 375
1181 285
1181 1182
1182 632
1183 356
1183 1184
1184 48
1185 831
1185 1186
1186 78
1187 680
1187 1188
1188 288
1189 798
1189 1190
1190 239
1191 716
1191 1192
1192 760
1193 746
1193 1194
1194 14
1195 384
1195 1196
1196 475
1197 162
1197 1198
1198 18
1199 1103
1199 1200
1200 71
1201 533
1201 1202
1202 873
1203 387
1203 1204
1204 872
1205 262
1205 1206
1206 378
1207 755
1207 1208
1208 948
1209 467
1209 1210
1210 172
1211 557
1211 1212
1212 435
1213 1208
1213 1214
1214 446
