0 539
0 907
3 337
3 1204
4 306
4 1088
5 88
6 825
7 375
7 1151
8 528
8 920
10 1054
9 492
11 457
11 953
13 381
13 662
15 255
15 388
17 162
17 563
19 74
19 817
21 338
21 841
23 24
23 1162
24 1048
25 26
25 377
26 285
27 28
27 89
28 978
29 30
29 851
30 793
31 32
31 616
32 710
33 7
33 34
34 1039
35 36
35 617
36 30
37 38
37 437
38 988
39 40
39 1102
40 50
41 42
41 620
42 227
43 44
43 871
44 443
45 46
45 680
46 362
47 48
47 95
48 1064
49 50
49 292
50 157
51 52
51 780
52 577
53 54
53 487
54 657
55 56
55 1144
56 688
57 58
57 473
58 609
59 60
59 581
60 948
61 62
61 637
62 795
63 64
63 627
64 955
65 66
65 363
66 728
67 68
67 486
68 684
69 70
69 333
70 836
71 72
71 168
72 944
73 74
73 594
74 329
75 76
75 785
76 952
77 78
77 505
78 466
79 80
79 607
80 348
81 82
81 951
82 1143
83 84
83 355
84 390
85 86
85 614
86 966
87 88
87 828
88 888
89 90
89 803
90 640
91 92
91 702
92 1180
93 94
93 597
94 980
95 96
95 1129
96 695
97 98
97 709
98 272
99 100
99 937
100 663
101 102
101 754
102 447
103 104
103 1068
104 826
105 106
105 1065
106 1032
107 108
107 127
108 494
109 110
109 675
110 1152
111 112
111 310
112 580
113 80
113 114
114 498
115 90
115 116
116 367
117 118
117 197
118 669
119 120
119 511
120 808
121 122
121 745
122 294
123 124
123 1136
124 732
125 126
125 1077
126 106
127 128
127 497
128 192
129 130
129 603
130 1108
131 132
131 655
132 293
133 134
133 919
134 393
135 136
135 602
136 725
137 11
137 138
138 696
139 140
139 870
140 748
141 142
141 997
142 809
143 144
143 555
144 1118
145 135
145 146
146 130
147 148
147 427
148 407
149 150
149 787
150 216
151 152
151 455
152 567
153 154
153 1061
154 78
155 156
155 835
156 1051
157 158
157 972
158 454
159 160
159 1166
160 102
161 162
161 1022
162 1212
163 164
163 180
164 193
165 166
165 1207
166 847
167 168
167 1055
168 215
169 170
169 798
170 1066
171 172
171 946
172 1094
173 174
173 719
174 508
175 176
175 1093
176 461
177 160
177 178
178 266
179 180
179 1089
180 360
181 182
181 503
182 933
183 184
183 426
184 450
185 186
185 546
186 781
187 188
187 927
188 682
189 34
189 190
190 863
191 192
191 1007
192 1196
193 104
193 194
194 1074
195 196
195 939
196 794
197 198
197 1031
198 72
199 200
199 1113
200 4
201 202
201 265
202 9
203 204
203 1165
204 408
205 206
205 774
206 1018
207 208
207 572
208 198
209 151
209 210
210 218
211 212
211 763
212 308
213 214
213 485
214 9
215 216
215 1172
216 896
217 218
217 247
218 1156
219 69
219 220
220 1163
221 222
221 369
222 1195
223 224
223 373
224 1125
225 226
225 786
226 873
227 228
227 850
228 1198
229 230
229 970
230 902
231 232
231 1090
232 854
233 234
233 723
234 470
235 236
235 747
236 1206
237 238
237 276
238 893
239 240
239 489
240 27
241 242
241 1157
242 302
243 113
243 244
244 94
245 246
245 368
246 364
247 248
247 959
248 18
249 250
249 626
250 1083
251 240
251 252
252 176
253 254
253 1209
254 405
255 256
255 258
256 1026
257 208
257 258
258 848
259 260
259 833
260 474
261 262
261 992
262 1024
263 264
263 674
264 1056
265 261
265 266
266 358
267 268
267 1081
268 760
269 270
269 524
270 1192
271 272
271 391
272 441
273 274
273 376
274 392
275 276
275 277
276 1003
277 278
277 1096
278 905
279 97
279 280
280 327
281 75
281 282
282 962
283 284
283 1188
284 1
285 220
285 286
286 690
287 288
287 587
288 874
289 290
289 1043
290 1150
291 292
291 557
292 237
293 294
293 814
294 1179
295 296
295 1114
296 900
297 33
297 298
298 210
299 29
299 300
300 291
301 302
301 623
302 586
303 304
303 615
304 650
305 38
305 306
306 58
307 308
307 983
308 230
309 241
309 310
310 242
311 312
311 625
312 685
313 81
313 314
314 1076
315 200
315 316
316 975
317 318
317 1133
318 647
319 320
319 1079
320 646
321 322
321 917
322 515
323 324
323 611
324 103
325 326
325 649
326 213
327 328
327 651
328 1042
329 330
329 639
330 1176
331 332
331 686
332 619
333 334
333 665
334 589
335 336
335 697
336 1178
337 315
337 338
338 652
339 340
339 677
340 12
341 342
341 585
342 866
343 344
343 822
344 722
345 346
345 1194
346 648
347 348
347 398
348 864
349 350
349 613
350 153
351 352
351 574
352 1100
353 354
353 742
354 259
355 159
355 356
356 842
357 358
357 906
358 624
359 25
359 360
360 1028
361 362
361 886
362 260
363 364
363 527
364 204
365 366
365 1016
366 122
367 56
367 368
368 354
369 370
369 704
370 1190
371 372
371 1019
372 36
373 374
373 731
374 1092
375 376
375 1047
376 1037
377 211
377 378
378 1208
379 380
379 779
380 112
381 382
381 490
382 1001
383 384
383 504
384 236
385 386
385 771
386 361
387 388
387 735
388 575
389 390
389 493
390 1126
391 352
391 392
392 340
393 342
393 394
394 67
395 396
395 965
396 273
397 398
397 757
398 1106
399 400
399 1205
400 475
401 229
401 402
402 418
403 372
403 404
404 926
405 406
405 687
406 579
407 108
407 408
408 480
409 410
409 605
410 974
411 412
411 805
412 181
413 43
413 414
414 350
415 416
415 1171
416 1034
417 418
417 551
418 891
419 420
419 672
420 423
421 422
421 813
422 1124
423 26
423 424
424 416
425 131
425 426
426 446
427 428
427 451
428 23
429 52
429 430
430 1182
431 54
431 432
432 1104
433 21
433 434
434 878
435 436
435 713
436 1119
437 438
437 599
438 1112
439 440
439 501
440 990
441 442
441 512
442 1062
443 444
443 491
444 550
445 446
445 1030
446 141
447 448
447 915
448 138
449 450
449 1135
450 1014
451 109
451 452
452 1159
453 454
453 1110
454 161
455 456
455 1075
456 901
457 458
457 751
458 633
459 460
459 736
460 834
461 462
461 1200
462 6
463 464
463 534
464 608
465 253
465 466
466 46
467 468
467 859
468 1158
469 165
469 470
470 843
471 472
471 1170
472 635
473 474
473 912
474 110
475 476
475 541
476 6
477 219
477 478
478 1038
479 359
479 480
480 526
481 482
481 1013
482 331
483 53
483 484
484 183
485 486
485 918
486 877
487 73
487 488
488 510
489 490
489 1189
490 134
491 492
491 679
492 1044
493 494
493 582
494 24
495 299
495 496
496 212
497 91
497 498
498 76
499 402
499 500
500 887
501 502
501 727
502 346
503 289
503 504
504 453
505 506
505 1033
506 264
507 464
507 508
508 298
509 400
509 510
510 1147
511 386
511 512
512 1202
513 341
513 514
514 174
515 516
515 897
516 698
517 518
517 807
518 802
519 520
519 1021
520 164
521 522
521 744
522 1006
523 267
523 524
524 872
525 526
525 666
526 880
527 528
527 755
528 995
529 530
529 977
530 1040
531 532
531 559
532 558
533 123
533 534
534 1049
535 536
535 934
536 670
537 28
537 538
538 177
539 540
539 1187
540 517
541 542
541 1085
542 250
543 544
543 923
544 384
545 519
545 546
546 1105
547 548
547 598
548 60
549 370
549 550
550 596
551 239
551 552
552 718
553 554
553 743
554 1132
555 556
555 721
556 796
557 558
557 1015
558 1130
559 560
559 1004
560 986
561 99
561 562
562 251
563 564
563 846
564 924
565 566
565 1127
566 800
567 568
567 664
568 514
569 570
569 1095
570 1148
571 269
571 572
572 481
573 574
573 653
574 1137
575 45
575 576
576 537
577 521
577 578
578 668
579 580
579 630
580 206
581 582
581 925
582 956
583 68
583 584
584 194
585 195
585 586
586 812
587 155
587 588
588 170
589 590
589 904
590 762
591 592
591 708
592 940
593 61
593 594
594 855
595 403
595 596
596 234
597 163
597 598
598 1060
599 600
599 1073
600 1214
601 602
601 791
602 142
603 529
603 604
604 935
605 49
605 606
606 424
607 608
607 1121
608 152
609 532
609 610
610 776
611 612
611 973
612 1084
613 614
613 869
614 784
615 616
615 821
616 332
617 565
617 618
618 495
619 173
619 620
620 48
621 622
621 654
622 382
623 149
623 624
624 1164
625 147
625 626
626 741
627 628
627 1029
628 642
629 630
629 632
630 334
631 632
631 1177
632 313
633 5
633 634
634 968
635 636
635 739
636 15
637 638
637 1103
638 286
639 640
639 989
640 1145
641 83
641 642
642 1041
643 644
643 691
644 1000
645 646
645 699
646 507
647 648
647 1002
648 232
649 650
649 761
650 96
651 652
651 777
652 435
653 301
653 654
654 41
655 203
655 656
656 319
657 658
657 1173
658 1184
659 35
659 660
660 321
661 662
661 892
662 434
663 145
663 664
664 184
665 63
665 666
666 300
667 479
667 668
668 706
669 670
669 1146
670 1160
671 604
671 672
672 806
673 233
673 674
674 1120
675 13
675 676
676 788
677 678
677 914
678 31
679 401
679 680
680 1012
681 484
681 682
682 844
683 684
683 911
684 1199
685 686
685 811
686 1017
687 688
687 916
688 328
689 690
689 1023
690 469
691 513
691 692
692 439
693 117
693 694
694 756
695 696
695 954
696 578
697 698
697 1141
698 749
699 429
699 700
700 92
701 395
701 702
702 379
703 345
703 704
704 47
705 257
705 706
706 158
707 708
707 1201
708 673
709 710
709 753
710 307
711 3
711 712
712 314
713 714
713 941
714 1140
715 137
715 716
716 908
717 499
717 718
718 214
719 325
719 720
720 330
721 185
721 722
722 428
723 724
723 858
724 705
725 124
725 726
726 468
727 471
727 728
728 71
729 730
729 1025
730 357
731 287
731 732
732 231
733 734
733 981
734 993
735 523
735 736
736 792
737 738
737 964
738 440
739 628
739 740
740 976
741 570
741 742
742 700
743 483
743 744
744 187
745 746
745 831
746 1128
747 711
747 748
748 1149
749 750
749 1111
750 57
751 752
751 947
752 645
753 754
753 1139
754 121
755 425
755 756
756 810
757 701
757 758
758 371
759 661
759 760
760 961
761 583
761 762
762 274
763 561
763 764
764 55
765 139
765 766
766 1185
767 768
767 1091
768 1027
769 770
769 1087
770 462
771 772
771 898
772 1161
773 482
773 774
774 202
775 312
775 776
776 801
777 171
777 778
778 840
779 488
779 780
780 385
781 782
781 862
782 374
783 349
783 784
784 819
785 5
785 786
786 889
787 769
787 788
788 119
789 186
789 790
790 10
791 199
791 792
792 797
793 496
793 794
794 566
795 410
795 796
796 830
797 191
797 798
798 568
799 800
799 903
800 448
801 562
801 802
802 766
803 20
803 804
804 290
805 667
805 806
806 839
807 734
807 808
808 963
809 810
809 875
810 1020
811 629
811 812
812 150
813 37
813 814
814 66
815 571
815 816
816 894
817 399
817 818
818 10
819 133
819 820
820 804
821 335
821 822
822 703
823 601
823 824
824 70
825 622
825 826
826 118
827 659
827 828
828 105
829 201
829 830
830 884
831 394
831 832
832 396
833 282
833 834
834 502
835 836
835 837
836 243
837 838
837 1211
838 778
839 840
839 960
840 592
841 714
841 842
842 271
843 789
843 844
844 996
845 406
845 846
846 79
847 347
847 848
848 876
849 850
849 1115
850 324
851 100
851 852
852 1036
853 221
853 854
854 782
855 856
855 987
856 248
857 858
857 1191
858 64
859 860
859 1117
860 899
861 249
861 862
862 42
863 309
863 864
864 1078
865 125
865 866
866 693
867 166
867 868
868 552
869 85
869 870
870 415
871 689
871 872
872 51
873 366
873 874
874 136
875 671
875 876
876 538
877 120
877 878
878 556
879 880
879 1099
880 1098
881 882
881 1169
882 678
883 720
883 884
884 816
885 419
885 886
886 829
887 845
887 888
888 304
889 890
889 950
890 606
891 591
891 892
892 472
893 860
893 894
894 14
895 356
895 896
896 958
897 420
897 898
898 280
899 818
899 900
900 730
901 902
901 991
902 344
903 849
903 904
904 1082
905 772
905 906
906 994
907 783
907 908
908 422
909 910
909 1080
910 729
911 885
911 912
912 98
913 59
913 914
914 827
915 16
915 916
916 820
917 775
917 918
918 156
919 417
919 920
920 1063
921 922
921 930
922 560
923 433
923 924
924 712
925 209
925 926
926 62
927 928
927 1067
928 432
929 865
929 930
930 932
931 881
931 932
932 998
933 188
933 934
934 564
935 936
935 1097
936 84
937 631
937 938
938 506
939 823
939 940
940 40
941 942
941 985
942 773
943 692
943 944
944 476
945 279
945 946
946 543
947 758
947 948
948 244
949 509
949 950
950 764
951 533
951 952
952 284
953 553
953 954
954 389
955 463
955 956
956 295
957 411
957 958
958 600
959 957
959 960
960 322
961 658
961 962
962 548
963 964
963 1153
964 716
965 618
965 966
966 205
967 430
967 968
968 535
969 931
969 970
970 715
971 759
971 972
972 895
973 573
973 974
974 1154
975 93
975 976
976 111
977 978
977 1011
978 1109
979 588
979 980
980 982
981 540
981 982
982 404
983 984
983 1086
984 910
985 909
985 986
986 444
987 303
987 988
988 861
989 445
989 990
990 154
991 992
991 1175
992 984
993 593
993 994
994 86
995 996
995 1131
996 1072
997 765
997 998
998 979
999 971
999 1000
1000 238
1001 518
1001 1002
1002 296
1003 1004
1003 1123
1004 254
1005 936
1005 1006
1006 530
1007 252
1007 1008
1008 1059
1009 943
1009 1010
1010 336
1011 733
1011 1012
1012 770
1013 452
1013 1014
1014 317
1015 1009
1015 1016
1016 326
1017 531
1017 1018
1018 442
1019 681
1019 1020
1020 178
1021 1022
1021 1058
1022 283
1023 707
1023 1024
1024 1213
1025 1026
1025 1046
1026 270
1027 1028
1027 1167
1028 636
1029 387
1029 1030
1030 467
1031 1032
1031 1181
1032 1197
1033 413
1033 1034
1034 544
1035 17
1035 1036
1036 536
1037 409
1037 1038
1038 746
1039 275
1039 1040
1040 460
1041 87
1041 1042
1042 737
1043 1044
1043 1122
1044 740
1045 1046
1045 1168
1046 1138
1047 19
1047 1048
1048 838
1049 8
1049 1050
1050 140
1051 32
1051 1052
1052 318
1053 999
1053 1054
1054 182
1055 752
1055 1056
1056 320
1057 217
1057 1058
1058 500
1059 542
1059 1060
1060 278
1061 1062
1061 1155
1062 1134
1063 351
1063 1064
1064 172
1065 1066
1065 1101
1066 726
1067 853
1067 1068
1068 584
1069 288
1069 1070
1070 246
1071 610
1071 1072
1072 824
1073 643
1073 1074
1074 116
1075 129
1075 1076
1076 694
1077 311
1077 1078
1078 169
1079 477
1079 1080
1080 516
1081 179
1081 1082
1082 520
1083 1010
1083 1084
1084 412
1085 913
1085 1086
1086 126
1087 969
1087 1088
1088 945
1089 465
1089 1090
1090 922
1091 1092
1091 1193
1092 380
1093 879
1093 1094
1094 1071
1095 449
1095 1096
1096 414
1097 223
1097 1098
1098 852
1099 207
1099 1100
1100 724
1101 224
1101 1102
1102 921
1103 65
1103 1104
1104 576
1105 459
1105 1106
1106 281
1107 676
1107 1108
1108 1070
1109 1008
1109 1110
1110 790
1111 799
1111 1112
1112 175
1113 569
1113 1114
1114 1035
1115 82
1115 1116
1116 365
1117 621
1117 1118
1118 1050
1119 190
1119 1120
1120 868
1121 478
1121 1122
1122 1210
1123 867
1123 1124
1124 245
1125 1126
1125 1183
1126 738
1127 883
1127 1128
1128 1107
1129 132
1129 1130
1130 1203
1131 456
1131 1132
1132 196
1133 1134
1133 1174
1134 1186
1135 1057
1135 1136
1136 683
1137 1053
1137 1138
1138 148
1139 77
1139 1140
1140 882
1141 397
1141 1142
1142 228
1143 638
1143 1144
1144 547
1145 436
1145 1146
1146 262
1147 815
1147 1148
1148 167
1149 644
1149 1150
1150 353
1151 857
1151 1152
1152 522
1153 612
1153 1154
1154 554
1155 44
1155 1156
1156 114
1157 832
1157 1158
1158 590
1159 101
1159 1160
1160 2
1161 226
1161 1162
1162 144
1163 525
1163 1164
1164 856
1165 641
1165 1166
1166 767
1167 378
1167 1168
1168 225
1169 929
1169 1170
1170 717
1171 549
1171 1172
1172 750
1173 222
1173 1174
1174 22
1175 545
1175 1176
1176 115
1177 297
1177 1178
1178 1116
1179 595
1179 1180
1180 938
1181 949
1181 1182
1182 268
1183 107
1183 1184
1184 768
1185 1069
1185 1186
1186 128
1187 421
1187 1188
1188 256
1189 656
1189 1190
1190 343
1191 438
1191 1192
1192 890
1193 189
1193 1194
1194 39
1195 143
1195 1196
1196 146
1197 458
1197 1198
1198 1005
1199 305
1199 1200
1200 967
1201 339
1201 1202
1202 263
1203 316
1203 1204
1204 431
1205 323
1205 1206
1206 1142
1207 942
1207 1208
1208 928
1209 235
1209 1210
1210 1045
1211 660
1211 1212
1212 634
1213 1052
1213 1214
1214 383
