0 425
0 989
3 249
3 1154
4 681
4 825
5 872
6 226
7 541
7 1099
8 361
8 981
10 416
9 149
11 107
11 928
13 17
13 838
15 29
15 138
17 752
17 914
19 456
19 1132
21 251
21 869
23 24
23 377
24 275
25 26
25 1101
26 1036
27 28
27 708
28 785
29 30
29 167
30 689
31 32
31 427
32 1073
33 34
33 1165
34 771
35 36
35 307
36 283
37 38
37 797
38 821
39 40
39 1025
40 815
41 42
41 1100
42 755
43 44
43 886
44 246
45 46
45 439
46 533
47 48
47 144
48 670
49 50
49 580
50 924
51 52
51 110
52 655
53 54
53 1096
54 1158
55 56
55 274
56 72
57 58
57 1012
58 522
59 60
59 273
60 853
61 62
61 1145
62 515
63 64
63 870
64 3
65 66
65 930
66 244
67 68
67 212
68 947
69 70
69 997
70 1048
71 72
71 536
72 345
73 74
73 796
74 624
75 76
75 600
76 81
77 78
77 763
78 594
79 80
79 250
80 351
81 82
81 269
82 471
83 78
83 84
84 688
85 86
85 701
86 171
87 88
87 907
88 892
89 90
89 615
90 399
91 92
91 374
92 669
93 37
93 94
94 556
95 96
95 1031
96 944
97 98
97 115
98 42
99 100
99 777
100 672
101 102
101 523
102 1086
103 104
103 353
104 123
105 106
105 980
106 956
107 10
107 108
108 731
109 110
109 495
110 942
111 1
111 112
112 358
113 39
113 114
114 1178
115 116
115 394
116 1074
117 118
117 1088
118 814
119 120
119 333
120 633
121 122
121 1000
122 50
123 124
123 170
124 1144
125 126
125 1131
126 294
127 128
127 933
128 475
129 38
129 130
130 236
131 132
131 507
132 1102
133 134
133 299
134 636
135 136
135 391
136 279
137 138
137 381
138 502
139 140
139 535
140 998
141 142
141 472
142 174
143 144
143 229
144 1021
145 146
145 938
146 1212
147 148
147 703
148 983
149 150
149 879
150 459
151 117
151 152
152 970
153 154
153 201
154 639
155 121
155 156
156 765
157 158
157 925
158 1156
159 160
159 291
160 298
161 162
161 245
162 330
163 164
163 489
164 184
165 166
165 954
166 242
167 168
167 823
168 784
169 66
169 170
170 95
171 163
171 172
172 843
173 174
173 390
174 1098
175 176
175 631
176 540
177 178
177 463
178 704
179 180
179 1104
180 5
181 182
181 831
182 70
183 184
183 673
184 329
185 186
185 1176
186 652
187 188
187 653
188 202
189 190
189 262
190 179
191 192
191 895
192 742
193 194
193 346
194 730
195 196
195 599
196 685
197 198
197 850
198 511
199 181
199 200
200 22
201 35
201 202
202 466
203 204
203 553
204 906
205 206
205 619
206 90
207 208
207 334
208 410
209 210
209 675
210 1149
211 212
211 1084
212 718
213 214
213 621
214 1028
215 206
215 216
216 126
217 218
217 627
218 992
219 220
219 340
220 454
221 222
221 1167
222 1126
223 224
223 923
224 134
225 226
225 321
226 1050
227 228
227 873
228 162
229 99
229 230
230 558
231 232
231 357
232 172
233 234
233 663
234 397
235 236
235 891
236 1002
237 238
237 566
238 744
239 240
239 799
240 539
241 242
241 560
242 1114
243 244
243 1019
244 1171
245 246
245 473
246 952
247 248
247 370
248 774
249 225
249 250
250 155
251 252
251 813
252 1138
253 254
253 443
254 36
255 256
255 929
256 1004
257 258
257 1170
258 341
259 33
259 260
260 591
261 103
261 262
262 409
263 264
263 713
264 1066
265 266
265 597
266 347
267 268
267 909
268 310
269 270
269 420
270 546
271 272
271 1121
272 643
273 274
273 343
274 111
275 276
275 698
276 803
277 278
277 844
278 140
279 94
279 280
280 768
281 282
281 487
282 736
283 284
283 332
284 118
285 286
285 1097
286 1068
287 288
287 1037
288 234
289 290
289 1111
290 932
291 175
291 292
292 1010
293 294
293 848
294 528
295 296
295 881
296 83
297 298
297 941
298 264
299 300
299 995
300 726
301 233
301 302
302 1177
303 304
303 565
304 480
305 306
305 645
306 626
307 308
307 1106
308 404
309 195
309 310
310 1160
311 312
311 582
312 858
313 314
313 629
314 769
315 316
315 943
316 444
317 318
317 616
318 693
319 116
319 320
320 632
321 322
321 746
322 445
323 324
323 953
324 305
325 326
325 498
326 369
327 328
327 818
328 544
329 64
329 330
330 1023
331 332
331 505
332 773
333 334
333 1210
334 69
335 336
335 550
336 694
337 261
337 338
338 1108
339 340
339 1105
340 607
341 342
341 485
342 132
343 344
343 795
344 579
345 189
345 346
346 567
347 348
347 729
348 235
349 350
349 1041
350 916
351 254
351 352
352 448
353 354
353 657
354 574
355 356
355 1180
356 440
357 358
357 993
358 335
359 360
359 1142
360 792
361 362
361 691
362 628
363 25
363 364
364 1172
365 366
365 479
366 349
367 368
367 935
368 1182
369 32
369 370
370 198
371 372
371 490
372 684
373 366
373 374
374 97
375 376
375 962
376 1052
377 378
377 395
378 971
379 380
379 441
380 834
381 382
381 1057
382 1110
383 308
383 384
384 122
385 386
385 1093
386 286
387 388
387 549
388 40
389 86
389 390
390 431
391 392
391 801
392 355
393 394
393 829
394 714
395 158
395 396
396 84
397 232
397 398
398 114
399 91
399 400
400 504
401 402
401 561
402 951
403 297
403 404
404 350
405 267
405 406
406 1081
407 408
407 999
408 356
409 218
409 410
410 470
411 412
411 501
412 915
413 414
413 1169
414 1051
415 389
415 416
416 587
417 418
417 611
418 668
419 15
419 420
420 462
421 323
421 422
422 557
423 339
423 424
424 88
425 426
425 1059
426 293
427 428
427 751
428 125
429 430
429 1011
430 387
431 187
431 432
432 620
433 237
433 434
434 1200
435 312
435 436
436 54
437 438
437 680
438 336
439 306
439 440
440 780
441 442
441 832
442 758
443 444
443 469
444 577
445 446
445 493
446 53
447 448
447 1112
448 185
449 314
449 450
450 1179
451 411
451 452
452 62
453 165
453 454
454 1094
455 148
455 456
456 438
457 458
457 1032
458 552
459 221
459 460
460 517
461 462
461 1065
462 1188
463 464
463 976
464 220
465 127
465 466
466 1116
467 468
467 1089
468 649
469 470
469 717
470 537
471 472
471 486
472 692
473 290
473 474
474 1024
475 476
475 955
476 388
477 4
477 478
478 285
479 480
479 979
480 256
481 482
481 1153
482 71
483 89
483 484
484 141
485 486
485 874
486 612
487 488
487 634
488 1128
489 407
489 490
490 326
491 492
491 793
492 811
493 494
493 1072
494 1069
495 337
495 496
496 272
497 109
497 498
498 867
499 460
499 500
500 960
501 502
501 1147
502 638
503 504
503 783
504 520
505 506
505 1181
506 748
507 508
507 865
508 491
509 510
509 1090
510 145
511 512
511 661
512 982
513 514
513 833
514 484
515 214
515 516
516 978
517 518
517 1187
518 826
519 520
519 945
520 191
521 177
521 522
522 696
523 524
523 737
524 1159
525 93
525 526
526 9
527 414
527 528
528 248
529 530
529 842
530 79
531 135
531 532
532 28
533 230
533 534
534 194
535 367
535 536
536 646
537 538
537 880
538 618
539 450
539 540
540 808
541 542
541 1015
542 723
543 13
543 544
544 492
545 546
545 1211
546 380
547 412
547 548
548 19
549 550
549 617
550 1006
551 552
551 809
552 716
553 554
553 861
554 740
555 34
555 556
556 949
557 558
557 860
558 280
559 203
559 560
560 63
561 562
561 849
562 1017
563 564
563 864
564 664
565 405
565 566
566 727
567 568
567 812
568 16
569 570
569 1003
570 868
571 572
571 841
572 756
573 217
573 574
574 651
575 157
575 576
576 994
577 364
577 578
578 68
579 580
579 889
580 508
581 582
581 606
582 902
583 584
583 990
584 836
585 8
585 586
586 43
587 542
587 588
588 753
589 590
589 913
590 840
591 112
591 592
592 1208
593 594
593 973
594 1062
595 596
595 794
596 52
597 253
597 598
598 506
599 65
599 600
600 875
601 602
601 1194
602 152
603 260
603 604
604 304
605 543
605 606
606 188
607 593
607 608
608 432
609 85
609 610
610 509
611 266
611 612
612 1018
613 393
613 614
614 882
615 616
615 1140
616 259
617 618
617 690
618 596
619 620
619 781
620 1115
621 465
621 622
622 271
623 624
623 847
624 461
625 101
625 626
626 331
627 429
627 628
628 1204
629 379
629 630
630 940
631 41
631 632
632 2
633 348
633 634
634 926
635 636
635 1146
636 424
637 98
637 638
638 568
639 302
639 640
640 859
641 23
641 642
642 418
643 595
643 644
644 702
645 646
645 1092
646 315
647 648
647 1058
648 1136
649 563
649 650
650 1203
651 190
651 652
652 210
653 654
653 1109
654 583
655 650
655 656
656 186
657 658
657 1043
658 92
659 385
659 660
660 240
661 104
661 662
662 972
663 524
663 664
664 146
665 666
665 965
666 383
667 668
667 678
668 896
669 670
669 770
670 564
671 363
671 672
672 749
673 301
673 674
674 820
675 676
675 1077
676 176
677 317
677 678
678 488
679 82
679 680
680 222
681 682
681 1141
682 435
683 684
683 810
684 760
685 666
685 686
686 1067
687 548
687 688
688 800
689 373
689 690
690 920
691 692
691 1078
692 296
693 694
693 837
694 1134
695 696
695 1001
696 894
697 698
697 1061
698 570
699 45
699 700
700 192
701 702
701 1209
702 1192
703 581
703 704
704 804
705 342
705 706
706 1014
707 708
707 778
708 687
709 209
709 710
710 453
711 519
711 712
712 360
713 641
713 714
714 608
715 654
715 716
716 656
717 153
717 718
718 790
719 483
719 720
720 313
721 715
721 722
722 1124
723 133
723 724
724 1166
725 726
725 817
726 58
727 585
727 728
728 258
729 129
729 730
730 368
731 622
731 732
732 789
733 75
733 734
734 1087
735 159
735 736
736 1022
737 725
737 738
738 1123
739 740
739 883
740 48
741 665
741 742
742 521
743 744
743 1137
744 458
745 746
745 807
746 1005
747 403
747 748
748 136
749 182
749 750
750 24
751 752
751 1083
752 767
753 27
753 754
754 5
755 756
755 816
756 527
757 758
757 877
758 934
759 516
759 760
760 948
761 423
761 762
762 922
763 679
763 764
764 1164
765 398
765 766
766 442
767 706
767 768
768 647
769 322
769 770
770 228
771 513
771 772
772 984
773 204
773 774
774 224
775 776
775 835
776 590
777 778
777 1125
778 1143
779 780
779 1197
780 1030
781 143
781 782
782 178
783 784
783 1007
784 193
785 281
785 786
786 292
787 640
787 788
788 635
789 378
789 790
790 576
791 428
791 792
792 1056
793 208
793 794
794 211
795 573
795 796
796 697
797 798
797 1127
798 732
799 800
799 900
800 614
801 545
801 802
802 885
803 572
803 804
804 674
805 806
805 961
806 400
807 288
807 808
808 124
809 810
809 1013
810 912
811 812
811 857
812 436
813 814
813 969
814 662
815 705
815 816
816 588
817 87
817 818
818 1185
819 562
819 820
820 602
821 822
821 897
822 6
823 824
823 1183
824 1133
825 156
825 826
826 822
827 709
827 828
828 1080
829 738
829 830
830 120
831 73
831 832
832 1079
833 147
833 834
834 446
835 836
835 1173
836 601
837 798
837 838
838 852
839 840
839 1045
840 320
841 842
841 845
842 344
843 482
843 844
844 878
845 10
845 846
846 1122
847 199
847 848
848 76
849 850
849 911
850 977
851 551
851 852
852 295
853 529
853 854
854 207
855 105
855 856
856 776
857 375
857 858
858 964
859 860
859 1016
860 1193
861 525
861 862
862 1129
863 287
863 864
864 1195
865 775
865 866
866 630
867 745
867 868
868 1054
869 130
869 870
870 905
871 872
871 967
872 437
873 874
873 987
874 422
875 876
875 963
876 1033
877 721
877 878
878 890
879 699
879 880
880 683
881 263
881 882
882 950
883 884
883 1075
884 931
885 886
885 1152
886 196
887 888
887 1135
888 247
889 677
889 890
890 819
891 734
891 892
892 667
893 589
893 894
894 856
895 644
895 896
896 20
897 30
897 898
898 408
899 316
899 900
900 1157
901 231
901 902
902 830
903 100
903 904
904 238
905 906
905 910
906 975
907 205
907 908
908 761
909 910
909 959
910 243
911 575
911 912
912 449
913 213
913 914
914 695
915 710
915 916
916 354
917 637
917 918
918 474
919 920
919 1044
920 74
921 922
921 1026
922 658
923 924
923 1139
924 311
925 901
925 926
926 46
927 928
927 1198
928 554
929 711
929 930
930 625
931 421
931 932
932 871
933 108
933 934
934 754
935 741
935 936
936 648
937 419
937 938
938 18
939 277
939 940
940 766
941 942
941 1175
942 1191
943 56
943 944
944 362
945 417
945 946
946 131
947 750
947 948
948 866
949 950
949 1168
950 166
951 952
951 1071
952 14
953 863
953 954
954 538
955 735
955 956
956 1082
957 433
957 958
958 526
959 960
959 1120
960 338
961 962
961 1085
962 1047
963 884
963 964
964 700
965 309
965 966
966 51
967 671
967 968
968 604
969 365
969 970
970 722
971 966
971 972
972 898
973 728
973 974
974 80
975 976
975 1184
976 786
977 613
977 978
978 1205
979 980
979 1119
980 787
981 937
981 982
982 12
983 239
983 984
984 44
985 986
985 1151
986 719
987 988
987 1064
988 1020
989 851
989 990
990 791
991 139
991 992
992 1042
993 994
993 1027
994 426
995 325
995 996
996 839
997 998
997 1199
998 282
999 257
999 1000
1000 788
1001 327
1001 1002
1002 1202
1003 1004
1003 1091
1004 434
1005 227
1005 1006
1006 1186
1007 1008
1007 1161
1008 382
1009 169
1009 1010
1010 512
1011 743
1011 1012
1012 270
1013 31
1013 1014
1014 534
1015 1016
1015 1207
1016 757
1017 903
1017 1018
1018 1214
1019 986
1019 1020
1020 160
1021 917
1021 1022
1022 676
1023 1024
1023 1190
1024 447
1025 1026
1025 1213
1026 128
1027 1028
1027 1039
1028 284
1029 392
1029 1030
1030 102
1031 1032
1031 1163
1032 452
1033 451
1033 1034
1034 828
1035 467
1035 1036
1036 215
1037 1038
1037 1107
1038 477
1039 824
1039 1040
1040 219
1041 223
1041 1042
1042 60
1043 985
1043 1044
1044 324
1045 47
1045 1046
1046 724
1047 1048
1047 1174
1048 396
1049 9
1049 1050
1050 1196
1051 180
1051 1052
1052 300
1053 154
1053 1054
1054 386
1055 328
1055 1056
1056 1162
1057 255
1057 1058
1058 918
1059 559
1059 1060
1060 497
1061 739
1061 1062
1062 276
1063 862
1063 1064
1064 1038
1065 1053
1065 1066
1066 216
1067 384
1067 1068
1068 168
1069 1070
1069 1201
1070 782
1071 1072
1071 1155
1072 503
1073 584
1073 1074
1074 899
1075 991
1075 1076
1076 957
1077 289
1077 1078
1078 1063
1079 252
1079 1080
1080 936
1081 605
1081 1082
1082 514
1083 137
1083 1084
1084 26
1085 1060
1085 1086
1086 6
1087 476
1087 1088
1088 1070
1089 430
1089 1090
1090 1095
1091 623
1091 1092
1092 1009
1093 401
1093 1094
1094 77
1095 1096
1095 1118
1096 642
1097 603
1097 1098
1098 151
1099 1100
1099 1117
1100 747
1101 1035
1101 1102
1102 1055
1103 569
1103 1104
1104 686
1105 733
1105 1106
1106 415
1107 609
1107 1108
1108 578
1109 150
1109 1110
1110 660
1111 21
1111 1112
1112 359
1113 939
1113 1114
1114 372
1115 555
1115 1116
1116 547
1117 876
1117 1118
1118 119
1119 1103
1119 1120
1120 908
1121 855
1121 1122
1122 988
1123 1049
1123 1124
1124 772
1125 303
1125 1126
1126 278
1127 59
1127 1128
1128 968
1129 805
1129 1130
1130 510
1131 610
1131 1132
1132 464
1133 197
1133 1134
1134 352
1135 659
1135 1136
1136 376
1137 113
1137 1138
1138 11
1139 161
1139 1140
1140 779
1141 468
1141 1142
1142 96
1143 571
1143 1144
1144 904
1145 7
1145 1146
1146 586
1147 413
1147 1148
1148 720
1149 518
1149 1150
1150 846
1151 958
1151 1152
1152 893
1153 265
1153 1154
1154 712
1155 164
1155 1156
1156 1040
1157 806
1157 1158
1158 1206
1159 61
1159 1160
1160 457
1161 371
1161 1162
1162 500
1163 927
1163 1164
1164 57
1165 802
1165 1166
1166 764
1167 707
1167 1168
1168 762
1169 481
1169 1170
1170 1076
1171 173
1171 1172
1172 67
1173 241
1173 1174
1174 592
1175 319
1175 1176
1176 1029
1177 531
1177 1178
1178 1113
1179 682
1179 1180
1180 1150
1181 946
1181 1182
1182 1130
1183 887
1183 1184
1184 888
1185 402
1185 1186
1186 1189
1187 49
1187 1188
1188 598
1189 499
1189 1190
1190 530
1191 268
1191 1192
1192 974
1193 478
1193 1194
1194 496
1195 854
1195 1196
1196 1034
1197 1148
1197 1198
1198 759
1199 318
1199 1200
1200 142
1201 921
1201 1202
1202 532
1203 494
1203 1204
1204 200
1205 996
1205 1206
1206 106
1207 919
1207 1208
1208 455
1209 183
1209 1210
1210 406
1211 55
1211 1212
1212 1008
1213 827
1213 1214
1214 1046
