0 1005
0 1071
2 515
2 1006
3 160
3 408
4 268
4 659
6 400
5 82
7 668
7 1080
8 1094
8 1197
9 372
10 1014
13 637
13 1172
15 6
15 128
17 739
17 838
19 245
19 1043
21 509
21 1007
23 24
23 1009
24 285
25 26
25 1193
26 998
27 28
27 1167
28 536
29 27
29 30
30 162
31 9
31 32
32 1104
33 34
33 742
34 638
35 36
35 364
36 566
37 38
37 99
38 1029
39 40
39 953
40 1099
41 42
41 263
42 561
43 44
43 1129
44 670
45 46
45 513
46 31
47 48
47 1070
48 590
49 50
49 766
50 486
51 52
51 735
52 890
53 54
53 442
54 832
55 56
55 560
56 854
57 58
57 558
58 643
59 60
59 300
60 660
61 62
61 343
62 469
63 64
63 525
64 68
65 66
65 1067
66 1091
67 68
67 247
68 826
69 70
69 446
70 867
71 72
71 1013
72 494
73 74
73 401
74 391
75 76
75 978
76 10
77 78
77 1174
78 932
79 80
79 514
80 149
81 82
81 350
82 84
83 84
83 904
84 986
85 86
85 129
86 320
87 88
87 1019
88 202
89 90
89 599
90 640
91 92
91 787
92 704
93 94
93 897
94 35
95 96
95 1194
96 193
97 98
97 658
98 360
99 100
99 1201
100 252
101 102
101 419
102 853
103 104
103 243
104 240
105 91
105 106
106 996
107 108
107 447
108 918
109 110
109 976
110 861
111 112
111 1076
112 422
113 114
113 197
114 1022
115 116
115 673
116 217
117 73
117 118
118 107
119 120
119 291
120 609
121 122
121 1131
122 132
123 124
123 973
124 744
125 126
125 398
126 110
127 128
127 451
128 1088
129 130
129 409
130 459
131 132
131 606
132 5
133 134
133 872
134 38
135 136
135 685
136 686
137 138
137 331
138 564
139 140
139 323
140 756
141 142
141 161
142 298
143 67
143 144
144 1120
145 146
145 175
146 831
147 148
147 954
148 184
149 150
149 698
150 488
151 152
151 201
152 1049
153 154
153 733
154 407
155 156
155 1030
156 477
157 158
157 249
158 794
159 160
159 835
160 789
161 162
161 696
162 218
163 164
163 929
164 223
165 166
165 1161
166 131
167 168
167 1053
168 1134
169 170
169 1078
170 142
171 172
171 237
172 476
173 174
173 363
174 30
175 176
175 608
176 700
177 178
177 387
178 572
179 180
179 1140
180 1135
181 182
181 915
182 302
183 184
183 463
184 919
185 186
185 267
186 672
187 188
187 891
188 425
189 190
189 847
190 959
191 192
191 898
192 875
193 194
193 200
194 684
195 196
195 393
196 1065
197 198
197 417
198 248
199 125
199 200
200 661
201 202
201 481
202 79
203 204
203 369
204 6
205 206
205 943
206 126
207 152
207 208
208 1209
209 137
209 210
210 386
211 212
211 290
212 345
213 214
213 1160
214 754
215 216
215 1075
216 170
217 218
217 657
218 232
219 220
219 671
220 307
221 222
221 917
222 842
223 224
223 706
224 732
225 226
225 578
226 172
227 205
227 228
228 910
229 230
229 781
230 39
231 232
231 485
232 1002
233 234
233 1061
234 613
235 45
235 236
236 856
237 238
237 955
238 654
239 240
239 427
240 710
241 163
241 242
242 1098
243 244
243 592
244 86
245 246
245 1118
246 827
247 248
247 1085
248 254
249 8
249 250
250 888
251 252
251 921
252 594
253 52
253 254
254 950
255 256
255 456
256 870
257 258
257 1158
258 424
259 260
259 741
260 462
261 257
261 262
262 623
263 264
263 951
264 326
265 266
265 1133
266 844
267 268
267 871
268 694
269 210
269 270
270 1178
271 272
271 902
272 253
273 173
273 274
274 880
275 276
275 697
276 1146
277 278
277 573
278 728
279 280
279 1021
280 860
281 282
281 883
282 1166
283 284
283 333
284 158
285 286
285 296
286 474
287 288
287 821
288 312
289 290
289 713
290 975
291 292
291 411
292 503
293 294
293 1077
294 146
295 296
295 329
296 548
297 190
297 298
298 1188
299 23
299 300
300 36
301 302
301 505
302 1060
303 304
303 633
304 887
305 306
305 1028
306 382
307 308
307 359
308 144
309 310
309 385
310 81
311 312
311 803
312 534
313 314
313 829
314 284
315 316
315 1205
316 1082
317 318
317 518
318 907
319 320
319 1042
320 1211
321 322
321 956
322 194
323 324
323 1034
324 11
325 326
325 1057
326 269
327 328
327 751
328 920
329 330
329 526
330 940
331 179
331 332
332 1183
333 334
333 1159
334 945
335 134
335 336
336 1115
337 338
337 791
338 204
339 340
339 785
340 379
341 342
341 952
342 490
343 344
343 719
344 960
345 346
345 512
346 426
347 348
347 374
348 482
349 350
349 1035
350 366
351 167
351 352
352 559
353 354
353 947
354 745
355 356
355 1079
356 1025
357 315
357 358
358 1100
359 360
359 603
360 310
361 362
361 1145
362 1153
363 2
363 364
364 1128
365 366
365 396
366 593
367 105
367 368
368 404
369 370
369 605
370 906
371 264
371 372
372 324
373 374
373 855
374 818
375 376
375 689
376 981
377 378
377 435
378 1016
379 380
379 1192
380 325
381 382
381 1069
382 649
383 77
383 384
384 734
385 386
385 1139
386 346
387 62
387 388
388 1048
389 266
389 390
390 1156
391 154
391 392
392 682
393 273
393 394
394 373
395 396
395 691
396 143
397 398
397 946
398 770
399 400
399 775
400 242
401 402
401 413
402 762
403 335
403 404
404 793
405 406
405 519
406 994
407 80
407 408
408 64
409 203
409 410
410 228
411 412
411 575
412 1110
413 414
413 1125
414 977
415 416
415 619
416 286
417 199
417 418
418 746
419 321
419 420
420 602
421 140
421 422
422 819
423 424
423 695
424 846
425 189
425 426
426 604
427 165
427 428
428 216
429 430
429 816
430 188
431 432
431 1063
432 849
433 434
433 970
434 800
435 436
435 555
436 912
437 337
437 438
438 20
439 440
439 569
440 287
441 442
441 589
442 76
443 444
443 1039
444 1199
445 446
445 944
446 984
447 151
447 448
448 1072
449 306
449 450
450 720
451 452
451 933
452 546
453 336
453 454
454 468
455 303
455 456
456 432
457 458
457 837
458 1090
459 460
459 1152
460 384
461 139
461 462
462 681
463 464
463 858
464 958
465 26
465 466
466 528
467 198
467 468
468 55
469 368
469 470
470 730
471 117
471 472
472 664
473 97
473 474
474 344
475 207
475 476
476 467
477 478
477 676
478 999
479 480
479 987
480 473
481 482
481 1171
482 358
483 412
483 484
484 313
485 486
485 630
486 1036
487 488
487 997
488 705
489 192
489 490
490 280
491 191
491 492
492 1154
493 365
493 494
494 612
495 496
495 1038
496 810
497 423
497 498
498 523
499 115
499 500
500 395
501 502
501 1206
502 1000
503 295
503 504
504 1214
505 506
505 651
506 244
507 508
507 1143
508 618
509 259
509 510
510 795
511 512
511 991
512 752
513 514
513 1020
514 1169
515 25
515 516
516 75
517 518
517 529
518 495
519 489
519 520
520 885
521 434
521 522
522 236
523 371
523 524
524 46
525 526
525 545
526 979
527 43
527 528
528 12
529 304
529 530
530 693
531 532
531 687
532 600
533 233
533 534
534 496
535 119
535 536
536 899
537 277
537 538
538 270
539 444
539 540
540 677
541 542
541 690
542 1024
543 544
543 702
544 72
545 399
545 546
546 964
547 548
547 1132
548 884
549 550
549 852
550 516
551 552
551 707
552 1107
553 187
553 554
554 498
555 556
555 1109
556 532
557 558
557 1003
558 457
559 41
559 560
560 10
561 127
561 562
562 675
563 564
563 1083
564 56
565 566
565 1050
566 32
567 557
567 568
568 908
569 63
569 570
570 294
571 572
571 772
572 338
573 567
573 574
574 17
575 576
575 1089
576 297
577 29
577 578
578 112
579 580
579 595
580 436
581 121
581 582
582 755
583 584
583 1051
584 478
585 113
585 586
586 341
587 334
587 588
588 522
589 356
589 590
590 1062
591 592
591 909
592 692
593 414
593 594
594 406
595 539
595 596
596 716
597 471
597 598
598 98
599 101
599 600
600 850
601 7
601 602
602 1182
603 443
603 604
604 674
605 606
605 645
606 583
607 171
607 608
608 963
609 483
609 610
610 1138
611 612
611 650
612 348
613 531
613 614
614 636
615 551
615 616
616 749
617 614
617 618
618 1177
619 620
619 971
620 388
621 622
621 1046
622 806
623 260
623 624
624 1026
625 626
625 765
626 520
627 628
627 1210
628 935
629 83
629 630
630 318
631 632
631 808
632 1018
633 634
633 1105
634 982
635 636
635 1011
636 53
637 289
637 638
638 632
639 640
639 939
640 761
641 221
641 642
642 656
643 644
643 1149
644 543
645 646
645 1147
646 3
647 648
647 894
648 680
649 48
649 650
650 760
651 652
651 893
652 586
653 654
653 974
654 255
655 656
655 1114
656 617
657 281
657 658
658 878
659 556
659 660
660 1068
661 662
661 873
662 580
663 664
663 1015
664 1119
665 666
665 845
666 552
667 622
667 668
668 807
669 42
669 670
670 1102
671 33
671 672
672 995
673 674
673 942
674 492
675 676
675 1058
676 924
677 504
677 678
678 222
679 541
679 680
680 104
681 238
681 682
682 452
683 390
683 684
684 136
685 437
685 686
686 460
687 688
687 937
688 209
689 690
689 834
690 1017
691 349
691 692
692 547
693 694
693 718
694 814
695 696
695 777
696 574
697 66
697 698
698 92
699 700
699 886
700 1142
701 702
701 783
702 213
703 704
703 779
704 150
705 706
705 717
706 1204
707 708
707 843
708 262
709 710
709 949
710 708
711 292
711 712
712 421
713 301
713 714
714 229
715 90
715 716
716 1084
717 480
717 718
718 1184
719 37
719 720
720 465
721 508
721 722
722 454
723 311
723 724
724 928
725 607
725 726
726 433
727 728
727 1162
728 120
729 730
729 948
730 178
731 732
731 1121
732 1181
733 405
733 734
734 276
735 736
735 989
736 1141
737 357
737 738
738 848
739 177
739 740
740 968
741 742
741 1195
742 13
743 723
743 744
744 122
745 361
745 746
746 274
747 631
747 748
748 786
749 70
749 750
750 683
751 621
751 752
752 506
753 754
753 788
754 980
755 57
755 756
756 510
757 758
757 1124
758 882
759 760
759 983
760 900
761 375
761 762
762 774
763 764
763 1151
764 54
765 766
765 841
766 1059
767 768
767 1012
768 124
769 770
769 1144
770 1066
771 772
771 993
772 1056
773 570
773 774
774 634
775 353
775 776
776 182
777 778
777 1137
778 738
779 453
779 780
780 1117
781 553
781 782
782 1008
783 464
783 784
784 502
785 786
785 876
786 1103
787 788
787 889
788 211
789 790
789 862
790 108
791 95
791 792
792 19
793 275
793 794
794 148
795 258
795 796
796 1186
797 798
797 874
798 308
799 800
799 1108
800 1176
801 802
801 1185
802 568
803 185
803 804
804 865
805 377
805 806
806 930
807 808
807 1126
808 1190
809 810
809 1095
810 18
811 812
811 839
812 1127
813 814
813 1116
814 985
815 816
815 1074
816 669
817 818
817 961
818 416
819 226
819 820
820 138
821 822
821 1175
822 811
823 797
823 824
824 799
825 826
825 881
826 458
827 822
827 828
828 790
829 103
829 830
830 282
831 652
831 832
832 466
833 834
833 957
834 28
835 703
835 836
836 866
837 250
837 838
838 903
839 527
839 840
840 164
841 342
841 842
842 438
843 581
843 844
844 1136
845 846
845 1213
846 914
847 825
847 848
848 370
849 850
849 923
850 397
851 852
851 988
852 587
853 854
853 896
854 892
855 736
855 856
856 624
857 533
857 858
858 234
859 135
859 860
860 571
861 402
861 862
862 644
863 212
863 864
864 596
865 582
865 866
866 1096
867 628
867 868
868 1164
869 219
869 870
870 757
871 21
871 872
872 181
873 74
873 874
874 747
875 876
875 1093
876 635
877 712
877 878
878 332
879 246
879 880
880 288
881 563
881 882
882 610
883 577
883 884
884 208
885 347
885 886
886 418
887 497
887 888
888 445
889 890
889 1165
890 389
891 283
891 892
892 626
893 857
893 894
894 549
895 598
895 896
896 992
897 215
897 898
898 299
899 773
899 900
900 319
901 902
901 967
902 931
903 904
903 1111
904 394
905 153
905 906
906 1168
907 330
907 908
908 916
909 235
909 910
910 820
911 912
911 1087
912 225
913 914
913 1033
914 159
915 663
915 916
916 722
917 85
917 918
918 936
919 214
919 920
920 34
921 535
921 922
922 1198
923 924
923 1086
924 322
925 354
925 926
926 256
927 455
927 928
928 554
929 339
929 930
930 271
931 932
931 965
932 4
933 688
933 934
934 102
935 196
935 936
936 410
937 938
937 1101
938 116
939 278
939 940
940 542
941 87
941 942
942 1001
943 439
943 944
944 585
945 378
945 946
946 776
947 737
947 948
948 966
949 118
949 950
950 155
951 709
951 952
952 109
953 157
953 954
954 40
955 956
955 1189
956 367
957 714
957 958
958 1027
959 824
959 960
960 176
961 941
961 962
962 392
963 491
963 964
964 60
965 376
965 966
966 470
967 771
967 968
968 316
969 156
969 970
970 758
971 93
971 972
972 798
973 859
973 974
974 679
975 493
975 976
976 796
977 272
977 978
978 94
979 591
979 980
980 168
981 823
981 982
982 314
983 905
983 984
984 1064
985 986
985 1196
986 15
987 352
987 988
988 317
989 990
989 1054
990 78
991 47
991 992
992 768
993 994
993 1041
994 1092
995 430
995 996
996 812
997 340
997 998
998 764
999 1000
999 1202
1000 699
1001 725
1001 1002
1002 1212
1003 601
1003 1004
1004 261
1005 355
1005 1006
1006 431
1007 969
1007 1008
1008 428
1009 227
1009 1010
1010 627
1011 1012
1011 1045
1012 863
1013 1014
1013 1031
1014 44
1015 183
1015 1016
1016 89
1017 383
1017 1018
1018 962
1019 743
1019 1020
1020 938
1021 265
1021 1022
1022 449
1023 147
1023 1024
1024 972
1025 911
1025 1026
1026 14
1027 309
1027 1028
1028 241
1029 877
1029 1030
1030 767
1031 901
1031 1032
1032 804
1033 1034
1033 1187
1034 71
1035 475
1035 1036
1036 830
1037 169
1037 1038
1038 544
1039 537
1039 1040
1040 665
1041 1042
1041 1073
1042 616
1043 501
1043 1044
1044 328
1045 484
1045 1046
1046 186
1047 667
1047 1048
1048 521
1049 1032
1049 1050
1050 1010
1051 500
1051 1052
1052 487
1053 1054
1053 1207
1054 550
1055 840
1055 1056
1056 629
1057 1047
1057 1058
1058 1044
1059 69
1059 1060
1060 206
1061 220
1061 1062
1062 769
1063 499
1063 1064
1064 642
1065 748
1065 1066
1066 868
1067 869
1067 1068
1068 922
1069 507
1069 1070
1070 711
1071 1072
1071 1157
1072 145
1073 1074
1073 1097
1074 440
1075 517
1075 1076
1076 1179
1077 597
1077 1078
1078 51
1079 913
1079 1080
1080 805
1081 1052
1081 1082
1082 934
1083 24
1083 1084
1084 16
1085 715
1085 1086
1086 721
1087 114
1087 1088
1088 864
1089 166
1089 1090
1090 780
1091 429
1091 1092
1092 625
1093 279
1093 1094
1094 615
1095 415
1095 1096
1096 88
1097 801
1097 1098
1098 130
1099 327
1099 1100
1100 524
1101 448
1101 1102
1102 1130
1103 576
1103 1104
1104 540
1105 65
1105 1106
1106 653
1107 180
1107 1108
1108 925
1109 833
1109 1110
1110 1004
1111 96
1111 1112
1112 879
1113 58
1113 1114
1114 1123
1115 305
1115 1116
1116 565
1117 1118
1117 1208
1118 530
1119 111
1119 1120
1120 648
1121 239
1121 1122
1122 1040
1123 792
1123 1124
1124 50
1125 381
1125 1126
1126 666
1127 753
1127 1128
1128 174
1129 1081
1129 1130
1130 750
1131 727
1131 1132
1132 441
1133 230
1133 1134
1134 740
1135 1136
1135 1200
1136 1163
1137 461
1137 1138
1138 224
1139 639
1139 1140
1140 655
1141 49
1141 1142
1142 538
1143 731
1143 1144
1144 141
1145 782
1145 1146
1146 926
1147 809
1147 1148
1148 511
1149 647
1149 1150
1150 1173
1151 1148
1151 1152
1152 1
1153 562
1153 1154
1154 584
1155 784
1155 1156
1156 362
1157 817
1157 1158
1158 472
1159 641
1159 1160
1160 1170
1161 479
1161 1162
1162 851
1163 813
1163 1164
1164 802
1165 815
1165 1166
1166 726
1167 1122
1167 1168
1168 100
1169 1037
1169 1170
1170 729
1171 195
1171 1172
1172 588
1173 701
1173 1174
1174 646
1175 1150
1175 1176
1176 59
1177 5
1177 1178
1178 450
1179 763
1179 1180
1180 836
1181 620
1181 1182
1182 678
1183 1023
1183 1184
1184 420
1185 123
1185 1186
1186 380
1187 293
1187 1188
1188 1106
1189 927
1189 1190
1190 895
1191 351
1191 1192
1192 1055
1193 759
1193 1194
1194 133
1195 1191
1195 1196
1196 1203
1197 251
1197 1198
1198 724
1199 106
1199 1200
1200 778
1201 1112
1201 1202
1202 828
1203 231
1203 1204
1204 9
1205 1113
1205 1206
1206 1180
1207 403
1207 1208
1208 662
1209 579
1209 1210
1210 611
1211 990
1211 1212
1212 1155
1213 61
1213 1214
1214 22
