0 679
0 715
3 577
3 1034
4 203
4 1018
5 610
6 872
7 531
7 881
8 433
8 1036
9 1181
10 561
11 161
11 988
13 228
13 235
15 585
15 959
17 121
17 189
19 382
19 400
21 256
21 896
23 24
23 465
24 482
25 26
25 192
26 1156
27 19
27 28
28 616
29 30
29 184
30 1106
31 32
31 599
32 512
33 34
33 549
34 370
35 36
35 997
36 532
37 38
37 380
38 100
39 40
39 87
40 976
41 29
41 42
42 984
43 44
43 606
44 84
45 46
45 381
46 394
47 48
47 593
48 952
49 15
49 50
50 424
51 52
51 277
52 1210
53 54
53 684
54 1027
55 56
55 742
56 1072
57 58
57 655
58 1088
59 60
59 546
60 285
61 62
61 395
62 339
63 64
63 793
64 998
65 66
65 981
66 259
67 68
67 975
68 717
69 70
69 849
70 1148
71 72
71 475
72 755
73 74
73 167
74 1028
75 13
75 76
76 1193
77 78
77 454
78 90
79 80
79 1071
80 246
81 82
81 261
82 706
83 84
83 321
84 1182
85 86
85 596
86 607
87 88
87 257
88 536
89 90
89 641
90 316
91 92
91 227
92 978
93 94
93 543
94 856
95 96
95 964
96 366
97 98
97 1109
98 190
99 100
99 902
100 1205
101 102
101 857
102 994
103 104
103 403
104 1073
105 106
105 1178
106 18
107 108
107 426
108 1114
109 110
109 1177
110 858
111 112
111 272
112 948
113 67
113 114
114 158
115 9
115 116
116 1022
117 118
117 882
118 308
119 20
119 120
120 812
121 76
121 122
122 932
123 124
123 1101
124 820
125 126
125 605
126 1086
127 128
127 391
128 323
129 130
129 1192
130 472
131 132
131 778
132 630
133 134
133 292
134 387
135 136
135 180
136 46
137 138
137 1025
138 626
139 140
139 786
140 174
141 142
141 459
142 82
143 144
143 873
144 878
145 146
145 865
146 4
147 148
147 565
148 880
149 150
149 689
150 102
151 101
151 152
152 313
153 154
153 351
154 672
155 156
155 719
156 710
157 158
157 844
158 16
159 160
159 1111
160 980
161 162
161 222
162 168
163 164
163 525
164 363
165 166
165 685
166 594
167 168
167 1033
168 5
169 170
169 686
170 11
171 172
171 1167
172 480
173 174
173 890
174 762
175 176
175 186
176 654
177 178
177 929
178 470
179 180
179 326
180 729
181 182
181 407
182 1100
183 184
183 375
184 1
185 186
185 1165
186 95
187 188
187 1186
188 306
189 190
189 438
190 128
191 192
191 523
192 1189
193 194
193 303
194 1153
195 196
195 587
196 568
197 198
197 619
198 486
199 200
199 838
200 698
201 202
201 618
202 843
203 204
203 611
204 824
205 206
205 483
206 467
207 208
207 275
208 916
209 72
209 210
210 714
211 8
211 212
212 153
213 214
213 359
214 452
215 109
215 216
216 498
217 218
217 741
218 358
219 206
219 220
220 716
221 222
221 1143
222 21
223 224
223 892
224 653
225 49
225 226
226 987
227 228
227 1171
228 901
229 230
229 301
230 1116
231 232
231 760
232 1039
233 234
233 1137
234 743
235 236
235 889
236 602
237 238
237 665
238 790
239 240
239 852
240 687
241 123
241 242
242 1173
243 244
243 329
244 1042
245 166
245 246
246 638
247 248
247 1002
248 262
249 250
249 1046
250 620
251 252
251 427
252 780
253 254
253 499
254 258
255 256
255 1075
256 836
257 194
257 258
258 697
259 260
259 461
260 268
261 262
261 908
262 538
263 264
263 545
264 562
265 266
265 705
266 1026
267 268
267 926
268 273
269 270
269 1068
270 960
271 272
271 567
272 436
273 274
273 1063
274 354
275 276
275 711
276 940
277 278
277 807
278 96
279 280
279 471
280 794
281 282
281 1169
282 1064
283 284
283 831
284 33
285 114
285 286
286 196
287 288
287 868
288 324
289 290
289 837
290 1074
291 292
291 1120
292 1146
293 294
293 521
294 1130
295 296
295 1191
296 169
297 298
297 915
298 419
299 300
299 1052
300 1124
301 193
301 302
302 552
303 304
303 1175
304 350
305 306
305 1047
306 557
307 308
307 1077
308 1103
309 310
309 628
310 126
311 312
311 986
312 243
313 99
313 314
314 534
315 316
315 866
316 144
317 318
317 713
318 1118
319 320
319 804
320 388
321 322
321 341
322 1198
323 324
323 1212
324 842
325 326
325 659
326 69
327 53
327 328
328 364
329 330
329 504
330 1140
331 332
331 1161
332 40
333 175
333 334
334 1004
335 336
335 1119
336 289
337 338
337 510
338 1048
339 340
339 1190
340 1055
341 342
341 992
342 77
343 344
343 1105
344 34
345 346
345 721
346 1135
347 348
347 712
348 580
349 232
349 350
350 131
351 352
351 1051
352 671
353 354
353 575
354 129
355 356
355 853
356 1083
357 358
357 676
358 62
359 360
359 1061
360 736
361 362
361 670
362 492
363 364
363 761
364 214
365 366
365 718
366 1194
367 368
367 815
368 661
369 370
369 1155
370 951
371 372
371 945
372 947
373 307
373 374
374 1082
375 138
375 376
376 372
377 378
377 1035
378 74
379 380
379 974
380 749
381 382
381 680
382 442
383 384
383 1078
384 487
385 386
385 1144
386 484
387 388
387 416
388 106
389 58
389 390
390 338
391 57
391 392
392 1050
393 163
393 394
394 1168
395 255
395 396
396 139
397 398
397 645
398 278
399 400
399 937
400 1122
401 118
401 402
402 130
403 325
403 404
404 597
405 406
405 727
406 622
407 408
407 1065
408 73
409 260
409 410
410 176
411 412
411 506
412 920
413 345
413 414
414 44
415 416
415 703
416 903
417 418
417 443
418 48
419 26
419 420
420 678
421 229
421 422
422 201
423 110
423 424
424 6
425 267
425 426
426 172
427 428
427 572
428 112
429 389
429 430
430 282
431 170
431 432
432 5
433 212
433 434
434 1176
435 436
435 745
436 792
437 438
437 1016
438 1001
439 440
439 759
440 646
441 442
441 1012
442 825
443 444
443 479
444 476
445 446
445 1023
446 576
447 411
447 448
448 1058
449 450
449 637
450 236
451 75
451 452
452 910
453 454
453 1183
454 969
455 456
455 1151
456 768
457 458
457 861
458 972
459 295
459 460
460 6
461 344
461 462
462 652
463 420
463 464
464 1113
465 466
465 797
466 1208
467 221
467 468
468 374
469 470
469 1076
470 1110
471 472
471 1123
472 462
473 474
473 1149
474 816
475 207
475 476
476 702
477 478
477 514
478 634
479 480
479 1211
480 1129
481 482
481 540
482 547
483 185
483 484
484 802
485 486
485 829
486 481
487 488
487 1214
488 398
489 245
489 490
490 24
491 492
491 885
492 1020
493 494
493 813
494 430
495 80
495 496
496 468
497 371
497 498
498 772
499 500
499 657
500 1011
501 502
501 834
502 142
503 504
503 839
504 38
505 455
505 506
506 658
507 508
507 1070
508 409
509 284
509 510
510 758
511 125
511 512
512 537
513 514
513 740
514 699
515 322
515 516
516 447
517 327
517 518
518 200
519 520
519 907
520 340
521 522
521 1030
522 156
523 397
523 524
524 570
525 241
525 526
526 869
527 113
527 528
528 636
529 530
529 1197
530 708
531 532
531 1147
532 1066
533 534
533 919
534 1164
535 500
535 536
536 300
537 538
537 1157
538 942
539 540
539 1062
540 392
541 396
541 542
542 828
543 151
543 544
544 140
545 507
545 546
546 270
547 548
547 1160
548 766
549 550
549 769
550 982
551 552
551 739
552 1166
553 271
553 554
554 731
555 97
555 556
556 1094
557 247
557 558
558 728
559 560
559 674
560 288
561 562
561 808
562 1136
563 231
563 564
564 406
565 362
565 566
566 22
567 568
567 905
568 294
569 570
569 922
570 1005
571 572
571 985
572 746
573 574
573 1159
574 1139
575 164
575 576
576 644
577 578
577 814
578 608
579 32
579 580
580 2
581 582
581 615
582 864
583 584
583 875
584 811
585 586
585 724
586 854
587 588
587 1107
588 501
589 81
589 590
590 210
591 141
591 592
592 356
593 505
593 594
594 441
595 439
595 596
596 1029
597 357
597 598
598 958
599 61
599 600
600 42
601 602
601 1037
602 817
603 36
603 604
604 554
605 413
605 606
606 1021
607 195
607 608
608 826
609 352
609 610
610 120
611 147
611 612
612 968
613 614
613 738
614 970
615 616
615 833
616 938
617 618
617 1172
618 477
619 280
619 620
620 116
621 622
621 809
622 1184
623 145
623 624
624 928
625 626
625 1081
626 642
627 628
627 633
628 146
629 399
629 630
630 841
631 312
631 632
632 965
633 319
633 634
634 862
635 71
635 636
636 251
637 623
637 638
638 220
639 640
639 996
640 474
641 415
641 642
642 446
643 644
643 803
644 784
645 393
645 646
646 105
647 648
647 789
648 551
649 650
649 1152
650 456
651 652
651 821
652 528
653 588
653 654
654 286
655 335
655 656
656 966
657 511
657 658
658 182
659 660
659 883
660 418
661 204
661 662
662 60
663 613
663 664
664 23
665 648
665 666
666 83
667 383
667 668
668 688
669 670
669 774
670 1000
671 672
671 845
672 314
673 674
673 681
674 198
675 676
675 1097
676 89
677 678
677 1199
678 440
679 680
679 999
680 673
681 682
681 691
682 216
683 684
683 956
684 640
685 187
685 686
686 1195
687 263
687 688
688 107
689 417
689 690
690 748
691 692
691 993
692 94
693 178
693 694
694 422
695 696
695 1059
696 1108
697 564
697 698
698 28
699 305
699 700
700 157
701 7
701 702
702 93
703 704
703 933
704 664
705 706
705 1187
706 957
707 287
707 708
708 65
709 218
709 710
710 365
711 445
711 712
712 367
713 714
713 1007
714 108
715 453
715 716
716 692
717 56
717 718
718 733
719 202
719 720
720 631
721 373
721 722
722 726
723 724
723 921
724 1138
725 726
725 735
726 188
727 639
727 728
728 337
729 730
729 953
730 1084
731 586
731 732
732 98
733 734
733 1003
734 796
735 736
735 961
736 1060
737 738
737 1117
738 806
739 527
739 740
740 30
741 742
741 990
742 669
743 17
743 744
744 331
745 497
745 746
746 368
747 651
747 748
748 934
749 450
749 750
750 624
751 493
751 752
752 750
753 9
753 754
754 92
755 179
755 756
756 1115
757 720
757 758
758 870
759 760
759 949
760 31
761 762
761 991
762 1080
763 355
763 764
764 1170
765 159
765 766
766 1162
767 768
767 936
768 429
769 473
769 770
770 650
771 629
771 772
772 874
773 695
773 774
774 444
775 776
775 1125
776 432
777 778
777 782
778 827
779 88
779 780
780 1056
781 209
781 782
782 848
783 725
783 784
784 1121
785 299
785 786
786 361
787 199
787 788
788 488
789 555
789 790
790 1041
791 792
791 1128
792 254
793 191
793 794
794 45
795 124
795 796
796 50
797 309
797 798
798 466
799 342
799 800
800 334
801 348
801 802
802 566
803 530
803 804
804 384
805 806
805 989
806 249
807 208
807 808
808 491
809 265
809 810
810 548
811 812
811 1040
812 1112
813 785
813 814
814 963
815 317
815 816
816 293
817 818
817 898
818 835
819 683
819 820
820 950
821 10
821 822
822 779
823 824
823 1067
824 730
825 826
825 1126
826 598
827 753
827 828
828 612
829 137
829 830
830 223
831 369
831 832
832 1132
833 834
833 1008
834 770
835 798
835 836
836 154
837 838
837 1089
838 923
839 840
839 1057
840 165
841 134
841 842
842 682
843 115
843 844
844 318
845 290
845 846
846 734
847 848
847 955
848 799
849 850
849 927
850 558
851 571
851 852
852 847
853 237
853 854
854 700
855 856
855 884
856 1031
857 51
857 858
858 704
859 425
859 860
860 954
861 862
861 1010
862 574
863 591
863 864
864 238
865 85
865 866
866 1207
867 346
867 868
868 343
869 225
869 870
870 264
871 846
871 872
872 690
873 541
873 874
874 376
875 781
875 876
876 752
877 349
877 878
878 402
879 830
879 880
880 542
881 177
881 882
882 1099
883 884
883 1141
884 1092
885 408
885 886
886 1006
887 595
887 888
888 390
889 297
889 890
890 431
891 281
891 892
892 663
893 205
893 894
894 1079
895 791
895 896
896 904
897 569
897 898
898 279
899 900
899 935
900 508
901 902
901 1154
902 160
903 660
903 904
904 912
905 906
905 1203
906 855
907 908
907 1043
908 592
909 573
909 910
910 962
911 912
911 1206
912 894
913 226
913 914
914 1200
915 916
915 1131
916 767
917 617
917 918
918 1127
919 519
919 920
920 764
921 149
921 922
922 347
923 529
923 924
924 1038
925 667
925 926
926 1102
927 928
927 977
928 600
929 666
929 930
930 1098
931 754
931 932
932 494
933 609
933 934
934 930
935 756
935 936
936 897
937 783
937 938
938 460
939 940
939 1201
940 526
941 520
941 942
942 560
943 559
943 944
944 173
945 304
945 946
946 876
947 911
947 948
948 944
949 127
949 950
950 143
951 952
951 1009
952 296
953 954
953 1013
954 252
955 925
955 956
956 535
957 832
957 958
958 302
959 539
959 960
960 27
961 63
961 962
962 860
963 234
963 964
964 517
965 966
965 1085
966 52
967 449
967 968
968 888
969 795
969 970
970 148
971 485
971 972
972 590
973 974
973 1185
974 503
975 579
975 976
976 722
977 509
977 978
978 410
979 490
979 980
980 269
981 584
981 982
982 840
983 649
983 984
984 850
985 377
985 986
986 765
987 943
987 988
988 614
989 104
989 990
990 513
991 469
991 992
992 971
993 233
993 994
994 913
995 996
995 1049
996 414
997 601
997 998
998 1054
999 1000
999 1045
1000 696
1001 320
1001 1002
1002 224
1003 496
1003 1004
1004 931
1005 117
1005 1006
1006 1024
1007 1008
1007 1019
1008 434
1009 1010
1009 1090
1010 909
1011 643
1011 1012
1012 311
1013 213
1013 1014
1014 3
1015 1016
1015 1096
1016 171
1017 1018
1017 1202
1018 1180
1019 863
1019 1020
1020 979
1021 877
1021 1022
1022 732
1023 421
1023 1024
1024 502
1025 239
1025 1026
1026 788
1027 604
1027 1028
1028 328
1029 55
1029 1030
1030 274
1031 150
1031 1032
1032 310
1033 983
1033 1034
1034 744
1035 1036
1035 1069
1036 621
1037 135
1037 1038
1038 818
1039 851
1039 1040
1040 550
1041 242
1041 1042
1042 1104
1043 899
1043 1044
1044 183
1045 1015
1045 1046
1046 404
1047 581
1047 1048
1048 12
1049 627
1049 1050
1050 132
1051 859
1051 1052
1052 677
1053 276
1053 1054
1054 810
1055 333
1055 1056
1056 119
1057 41
1057 1058
1058 1158
1059 515
1059 1060
1060 250
1061 315
1061 1062
1062 632
1063 1014
1063 1064
1064 801
1065 103
1065 1066
1066 423
1067 111
1067 1068
1068 668
1069 771
1069 1070
1070 463
1071 25
1071 1072
1072 533
1073 553
1073 1074
1074 215
1075 635
1075 1076
1076 625
1077 91
1077 1078
1078 1145
1079 946
1079 1080
1080 162
1081 79
1081 1082
1082 248
1083 918
1083 1084
1084 1204
1085 133
1085 1086
1086 332
1087 448
1087 1088
1088 59
1089 1090
1089 1091
1090 230
1091 1092
1091 1163
1092 694
1093 647
1093 1094
1094 435
1095 867
1095 1096
1096 86
1097 155
1097 1098
1098 122
1099 489
1099 1100
1100 822
1101 39
1101 1102
1102 787
1103 1053
1103 1104
1104 544
1105 217
1105 1106
1106 451
1107 1017
1107 1108
1108 675
1109 893
1109 1110
1110 967
1111 457
1111 1112
1112 1196
1113 886
1113 1114
1114 378
1115 805
1115 1116
1116 773
1117 887
1117 1118
1118 78
1119 283
1119 1120
1120 181
1121 152
1121 1122
1122 266
1123 556
1123 1124
1124 70
1125 589
1125 1126
1126 458
1127 47
1127 1128
1128 516
1129 924
1129 1130
1130 386
1131 1132
1131 1213
1132 914
1133 437
1133 1134
1134 662
1135 917
1135 1136
1136 464
1137 1138
1137 1188
1138 385
1139 800
1139 1140
1140 412
1141 211
1141 1142
1142 776
1143 136
1143 1144
1144 578
1145 1095
1145 1146
1146 656
1147 68
1147 1148
1148 995
1149 693
1149 1150
1150 1044
1151 777
1151 1152
1152 197
1153 1093
1153 1154
1154 709
1155 336
1155 1156
1156 35
1157 701
1157 1158
1158 54
1159 582
1159 1160
1160 823
1161 405
1161 1162
1162 1087
1163 563
1163 1164
1164 478
1165 353
1165 1166
1166 1134
1167 219
1167 1168
1168 495
1169 583
1169 1170
1170 518
1171 737
1171 1172
1172 291
1173 747
1173 1174
1174 941
1175 43
1175 1176
1176 37
1177 906
1177 1178
1178 10
1179 939
1179 1180
1180 522
1181 524
1181 1182
1182 401
1183 1184
1183 1209
1184 1150
1185 1179
1185 1186
1186 298
1187 707
1187 1188
1188 895
1189 723
1189 1190
1190 14
1191 879
1191 1192
1192 603
1193 757
1193 1194
1194 428
1195 1174
1195 1196
1196 330
1197 973
1197 1198
1198 775
1199 819
1199 1200
1200 244
1201 891
1201 1202
1202 379
1203 66
1203 1204
1204 360
1205 1142
1205 1206
1206 871
1207 240
1207 1208
1208 64
1209 253
1209 1210
1210 1133
1211 763
1211 1212
1212 1032
1213 751
1213 1214
1214 900
