0 1
0 895
2 181
2 694
3 283
3 1098
5 266
4 313
4 410
6 262
9 45
9 1155
10 121
10 883
11 199
12 297
13 420
13 644
15 32
15 1042
17 16
17 664
19 196
19 450
21 60
21 380
23 24
23 209
24 851
25 26
25 589
26 385
27 28
27 937
28 1075
29 30
29 915
30 354
31 2
31 32
32 624
33 34
33 69
34 488
35 36
35 426
36 229
37 38
37 650
38 619
39 40
39 773
40 14
41 42
41 153
42 1022
43 44
43 735
44 691
45 46
45 523
46 65
47 48
47 617
48 1010
49 50
49 722
50 362
51 52
51 671
52 465
53 54
53 467
54 724
55 12
55 56
56 264
57 58
57 781
58 1017
59 60
59 464
60 690
61 62
61 468
62 407
63 64
63 812
64 17
65 66
65 537
66 74
67 68
67 1211
68 1061
69 70
69 1095
70 970
71 72
71 331
72 1208
73 74
73 1122
74 112
75 76
75 905
76 697
77 78
77 219
78 904
79 80
79 231
80 23
81 82
81 669
82 411
83 84
83 1097
84 294
85 86
85 1132
86 406
87 88
87 227
88 18
89 90
89 1055
90 521
91 92
91 299
92 796
93 94
93 475
94 155
95 96
95 257
96 814
97 98
97 421
98 339
99 100
99 553
100 370
101 102
101 1072
102 1096
103 35
103 104
104 845
105 82
105 106
106 841
107 108
107 946
108 762
109 110
109 709
110 458
111 112
111 595
112 1065
113 114
113 1151
114 1138
115 116
115 441
116 1018
117 118
117 149
118 1049
119 120
119 402
120 770
121 122
121 131
122 939
123 124
123 696
124 947
125 126
125 447
126 737
127 128
127 867
128 928
129 130
129 1133
130 819
131 132
131 629
132 1180
133 134
133 259
134 838
135 136
135 749
136 1182
137 138
137 755
138 548
139 140
139 230
140 182
141 142
141 268
142 1197
143 144
143 891
144 1160
145 146
145 972
146 658
147 148
147 956
148 865
149 150
149 725
150 3
151 152
151 777
152 962
153 154
153 1107
154 466
155 156
155 1146
156 357
157 158
157 795
158 326
159 160
159 959
160 756
161 46
161 162
162 600
163 164
163 665
164 606
165 106
165 166
166 1106
167 168
167 254
168 111
169 170
169 719
170 1186
171 172
171 834
172 566
173 174
173 964
174 476
175 176
175 1115
176 772
177 178
177 287
178 502
179 180
179 704
180 334
181 182
181 1171
182 596
183 184
183 715
184 1120
185 186
185 456
186 550
187 188
187 899
188 1036
189 190
189 988
190 919
191 52
191 192
192 1191
193 194
193 1185
194 677
195 196
195 1056
196 734
197 198
197 1162
198 590
199 200
199 630
200 900
201 202
201 499
202 1127
203 134
203 204
204 720
205 206
205 365
206 25
207 208
207 673
208 83
209 210
209 1026
210 860
211 87
211 212
212 248
213 194
213 214
214 712
215 216
215 490
216 1158
217 218
217 469
218 621
219 220
219 779
220 598
221 222
221 783
222 1078
223 224
223 1189
224 154
225 226
225 856
226 876
227 29
227 228
228 892
229 217
229 230
230 678
231 232
231 823
232 547
233 234
233 276
234 994
235 236
235 945
236 1124
237 238
237 403
238 273
239 240
239 835
240 1110
241 242
241 1196
242 966
243 244
243 247
244 996
245 246
245 747
246 864
247 61
247 248
248 872
249 250
249 982
250 364
251 252
251 745
252 998
253 254
253 1161
254 991
255 256
255 1214
256 700
257 258
257 416
258 1102
259 260
259 909
260 286
261 262
261 1048
262 1192
263 264
263 971
264 849
265 266
265 315
266 934
267 109
267 268
268 907
269 270
269 505
270 448
271 26
271 272
272 446
273 274
273 1064
274 623
275 276
275 839
276 414
277 56
277 278
278 164
279 280
279 405
280 635
281 282
281 951
282 289
283 95
283 284
284 49
285 286
285 352
286 350
287 288
287 927
288 84
289 290
289 436
290 188
291 51
291 292
292 107
293 294
293 509
294 320
295 296
295 504
296 454
297 298
297 809
298 234
299 300
299 359
300 1104
301 98
301 302
302 44
303 304
303 394
304 564
305 306
305 830
306 902
307 308
307 415
308 583
309 233
309 310
310 85
311 312
311 1105
312 210
313 314
313 760
314 1066
315 115
315 316
316 203
317 318
317 545
318 189
319 176
319 320
320 348
321 100
321 322
322 500
323 212
323 324
324 1184
325 326
325 1086
326 328
327 328
327 576
328 974
329 330
329 507
330 1032
331 332
331 1035
332 1156
333 334
333 501
334 432
335 336
335 782
336 305
337 338
337 423
338 300
339 37
339 340
340 980
341 342
341 1081
342 641
343 344
343 882
344 534
345 346
345 963
346 124
347 348
347 1143
348 94
349 187
349 350
350 898
351 352
351 733
352 667
353 97
353 354
354 319
355 356
355 1037
356 969
357 6
357 358
358 999
359 360
359 880
360 826
361 362
361 369
362 1149
363 364
363 639
364 40
365 366
365 929
366 774
367 368
367 1084
368 557
369 370
369 1039
370 638
371 372
371 729
372 424
373 374
373 587
374 123
375 376
375 1014
376 126
377 378
377 560
378 1204
379 380
379 512
380 766
381 382
381 837
382 840
383 105
383 384
384 798
385 386
385 656
386 190
387 211
387 388
388 497
389 191
389 390
390 1043
391 76
391 392
392 1150
393 394
393 850
394 866
395 396
395 813
396 20
397 398
397 1103
398 88
399 400
399 763
400 602
401 402
401 1041
402 428
403 404
403 1153
404 790
405 406
405 419
406 240
407 381
407 408
408 634
409 410
409 601
410 633
411 78
411 412
412 185
413 271
413 414
414 1003
415 416
415 693
416 1194
417 292
417 418
418 868
419 420
419 721
420 481
421 253
421 422
422 1051
423 424
423 437
424 241
425 159
425 426
426 1113
427 428
427 1025
428 748
429 430
429 439
430 675
431 432
431 610
432 1046
433 434
433 567
434 967
435 81
435 436
436 1203
437 47
437 438
438 510
439 440
439 459
440 799
441 355
441 442
442 301
443 59
443 444
444 314
445 446
445 993
446 920
447 448
447 1029
448 903
449 371
449 450
450 626
451 452
451 605
452 797
453 454
453 1034
454 222
455 103
455 456
456 538
457 458
457 1063
458 802
459 11
459 460
460 390
461 462
461 942
462 1050
463 442
463 464
464 1210
465 466
465 833
466 108
467 468
467 705
468 474
469 470
469 741
470 162
471 11
471 472
472 1045
473 79
473 474
474 711
475 476
475 489
476 824
477 68
477 478
478 312
479 80
479 480
480 351
481 482
481 728
482 224
483 399
483 484
484 1195
485 445
485 486
486 568
487 488
487 863
488 874
489 490
489 778
490 308
491 492
491 1071
492 139
493 494
493 546
494 1175
495 129
495 496
496 349
497 498
497 852
498 1077
499 223
499 500
500 376
501 502
501 574
502 555
503 504
503 949
504 278
505 506
505 829
506 549
507 508
507 732
508 800
509 510
509 649
510 727
511 512
511 955
512 925
513 514
513 515
514 588
515 516
515 531
516 322
517 518
517 1057
518 396
519 520
519 896
520 346
521 522
521 679
522 612
523 457
523 524
524 1212
525 34
525 526
526 825
527 528
527 1116
528 676
529 484
529 530
530 250
531 318
531 532
532 984
533 525
533 534
534 948
535 536
535 936
536 158
537 538
537 561
538 92
539 4
539 540
540 195
541 506
541 542
542 528
543 544
543 1092
544 232
545 387
545 546
546 160
547 548
547 1083
548 472
549 221
549 550
550 986
551 552
551 767
552 377
553 554
553 1144
554 653
555 556
555 706
556 1000
557 277
557 558
558 807
559 42
559 560
560 754
561 41
561 562
562 483
563 564
563 908
564 120
565 86
565 566
566 1166
567 53
567 568
568 646
569 570
569 731
570 1033
571 173
571 572
572 30
573 574
573 1129
574 309
575 361
575 576
576 503
577 238
577 578
578 110
579 580
579 901
580 340
581 66
581 582
582 296
583 584
583 593
584 552
585 586
585 681
586 1206
587 588
587 1199
588 242
589 55
589 590
590 1100
591 592
591 1119
592 356
593 563
593 594
594 22
595 596
595 1159
596 997
597 117
597 598
598 1148
599 529
599 600
600 578
601 31
601 602
602 375
603 604
603 787
604 1209
605 163
605 606
606 1142
607 141
607 608
608 1020
609 610
609 1085
610 746
611 612
611 1009
612 6
613 614
613 911
614 409
615 353
615 616
616 397
617 618
617 780
618 1152
619 477
619 620
620 1054
621 622
621 1135
622 730
623 624
623 707
624 599
625 144
625 626
626 184
627 628
627 655
628 736
629 630
629 643
630 739
631 632
631 953
632 594
633 634
633 1200
634 695
635 636
635 1080
636 304
637 638
637 1213
638 604
639 640
639 887
640 303
641 642
641 888
642 1068
643 391
643 644
644 215
645 192
645 646
646 374
647 127
647 648
648 311
649 136
649 650
650 99
651 652
651 1013
652 723
653 288
653 654
654 979
655 656
655 857
656 440
657 658
657 848
658 171
659 660
659 818
660 859
661 628
661 662
662 968
663 492
663 664
664 1118
665 666
665 1089
666 685
667 625
667 668
668 186
669 670
669 983
670 452
671 125
671 672
672 1060
673 674
673 884
674 317
675 493
675 676
676 894
677 678
677 930
678 1038
679 218
679 680
680 682
681 119
681 682
682 486
683 684
683 1172
684 494
685 77
685 686
686 150
687 265
687 688
688 910
689 690
689 1117
690 582
691 5
691 692
692 116
693 694
693 1099
694 931
695 680
695 696
696 995
697 698
697 803
698 408
699 551
699 700
700 1047
701 607
701 702
702 180
703 90
703 704
704 462
705 706
705 1131
706 332
707 708
707 775
708 485
709 559
709 710
710 808
711 198
711 712
712 579
713 714
713 932
714 114
715 269
715 716
716 1004
717 471
717 718
718 933
719 720
719 1145
720 916
721 293
721 722
722 321
723 246
723 724
724 764
725 717
725 726
726 290
727 592
727 728
728 744
729 730
729 776
730 28
731 732
731 1179
732 516
733 72
733 734
734 652
735 461
735 736
736 327
737 393
737 738
738 822
739 245
739 740
740 565
741 73
741 742
742 435
743 285
743 744
744 1108
745 746
745 805
746 758
747 197
747 748
748 854
749 43
749 750
750 63
751 752
751 1167
752 710
753 754
753 828
754 1205
755 756
755 897
756 815
757 330
757 758
758 7
759 760
759 1121
760 793
761 473
761 762
762 444
763 764
763 1207
764 662
765 766
765 935
766 1170
767 768
767 1067
768 1178
769 770
769 871
770 518
771 10
771 772
772 703
773 543
773 774
774 1141
775 776
775 1101
776 877
777 132
777 778
778 1070
779 161
779 780
780 743
781 133
781 782
782 965
783 784
783 987
784 875
785 147
785 786
786 1094
787 687
787 788
788 1176
789 554
789 790
790 216
791 104
791 792
792 941
793 48
793 794
794 21
795 796
795 1011
796 794
797 798
797 926
798 530
799 800
799 1139
800 832
801 802
801 957
802 689
803 137
803 804
804 1164
805 281
805 806
806 206
807 663
807 808
808 692
809 91
809 810
810 1027
811 640
811 812
812 831
813 759
813 814
814 1031
815 686
815 816
816 174
817 193
817 818
818 279
819 820
819 1082
820 522
821 183
821 822
822 1202
823 307
823 824
824 870
825 826
825 889
826 482
827 828
827 938
828 157
829 830
829 1177
830 89
831 143
831 832
832 816
833 400
833 834
834 672
835 836
835 940
836 801
837 519
837 838
838 631
839 840
839 1087
840 226
841 479
841 842
842 463
843 135
843 844
844 8
845 291
845 846
846 614
847 848
847 985
848 138
849 449
849 850
850 1079
851 13
851 852
852 683
853 854
853 1188
854 581
855 151
855 856
856 585
857 858
857 981
858 950
859 860
859 1154
860 102
861 584
861 862
862 923
863 347
863 864
864 924
865 804
865 866
866 558
867 868
867 1134
868 204
869 577
869 870
870 64
871 821
871 872
872 128
873 533
873 874
874 122
875 616
875 876
876 726
877 591
877 878
878 252
879 175
879 880
880 570
881 757
881 882
882 524
883 207
883 884
884 1163
885 886
885 1126
886 556
887 771
887 888
888 684
889 260
889 890
890 1016
891 358
891 892
892 382
893 274
893 894
894 654
895 615
895 896
896 453
897 401
897 898
898 944
899 71
899 900
900 718
901 306
901 902
902 1062
903 904
903 1053
904 177
905 906
905 1069
906 140
907 846
907 908
908 536
909 235
909 910
910 520
911 912
911 1109
912 714
913 914
913 1021
914 378
915 202
915 916
916 1174
917 918
917 1181
918 337
919 540
919 920
920 244
921 316
921 922
922 526
923 622
923 924
924 535
925 926
925 1114
926 661
927 893
927 928
928 156
929 263
929 930
930 670
931 932
931 1008
932 881
933 12
933 934
934 145
935 936
935 1093
936 1028
937 761
937 938
938 395
939 659
939 940
940 784
941 647
941 942
942 1190
943 944
943 1136
944 978
945 827
945 946
946 225
947 738
947 948
948 632
949 170
949 950
950 912
951 495
951 952
952 388
953 142
953 954
954 885
955 843
955 956
956 1007
957 368
957 958
958 618
959 613
959 960
960 333
961 769
961 962
962 148
963 487
963 964
964 562
965 569
965 966
966 228
967 366
967 968
968 70
969 970
969 975
970 392
971 451
971 972
972 708
973 765
973 974
974 580
975 236
975 976
976 820
977 978
977 1012
978 5
979 752
979 980
980 58
981 810
981 982
982 609
983 785
983 984
984 527
985 986
985 1019
986 50
987 243
987 988
988 913
989 699
989 990
990 508
991 517
991 992
992 438
993 360
993 994
994 844
995 996
995 1006
996 514
997 96
997 998
998 914
999 1000
999 1024
1000 1040
1001 742
1001 1002
1002 404
1003 853
1003 1004
1004 688
1005 33
1005 1006
1006 1059
1007 345
1007 1008
1008 532
1009 701
1009 1010
1010 282
1011 1012
1011 1058
1012 1052
1013 433
1013 1014
1014 101
1015 921
1015 1016
1016 343
1017 716
1017 1018
1018 636
1019 422
1019 1020
1020 443
1021 267
1021 1022
1022 1073
1023 1001
1023 1024
1024 1090
1025 1026
1025 1091
1026 1147
1027 367
1027 1028
1028 740
1029 363
1029 1030
1030 491
1031 922
1031 1032
1032 19
1033 167
1033 1034
1034 239
1035 455
1035 1036
1036 620
1037 544
1037 1038
1038 958
1039 425
1039 1040
1040 768
1041 39
1041 1042
1042 460
1043 861
1043 1044
1044 324
1045 261
1045 1046
1046 990
1047 389
1047 1048
1048 213
1049 1050
1049 1183
1050 329
1051 169
1051 1052
1052 954
1053 674
1053 1054
1054 976
1055 379
1055 1056
1056 811
1057 817
1057 1058
1058 336
1059 890
1059 1060
1060 478
1061 713
1061 1062
1062 470
1063 205
1063 1064
1064 792
1065 906
1065 1066
1066 38
1067 75
1067 1068
1068 431
1069 57
1069 1070
1070 310
1071 1072
1071 1128
1072 572
1073 571
1073 1074
1074 753
1075 417
1075 1076
1076 886
1077 178
1077 1078
1078 54
1079 862
1079 1080
1080 858
1081 1082
1081 1201
1082 1002
1083 1084
1083 1125
1084 341
1085 255
1085 1086
1086 943
1087 806
1087 1088
1088 789
1089 575
1089 1090
1090 384
1091 9
1091 1092
1092 335
1093 1094
1093 1187
1094 323
1095 36
1095 1096
1096 272
1097 480
1097 1098
1098 1130
1099 237
1099 1100
1100 165
1101 541
1101 1102
1102 338
1103 842
1103 1104
1104 1044
1105 208
1105 1106
1106 344
1107 855
1107 1108
1108 1198
1109 429
1109 1110
1110 1173
1111 1112
1111 1140
1112 152
1113 1005
1113 1114
1114 118
1115 989
1115 1116
1116 113
1117 418
1117 1118
1118 130
1119 1015
1119 1120
1120 878
1121 917
1121 1122
1122 791
1123 869
1123 1124
1124 660
1125 651
1125 1126
1126 1157
1127 1123
1127 1128
1128 847
1129 200
1129 1130
1130 992
1131 627
1131 1132
1132 1088
1133 201
1133 1134
1134 1169
1135 657
1135 1136
1136 24
1137 513
1137 1138
1138 214
1139 666
1139 1140
1140 220
1141 586
1141 1142
1142 258
1143 873
1143 1144
1144 1137
1145 275
1145 1146
1146 539
1147 62
1147 1148
1148 608
1149 15
1149 1150
1150 166
1151 168
1151 1152
1152 434
1153 637
1153 1154
1154 325
1155 879
1155 1156
1156 302
1157 960
1157 1158
1158 398
1159 648
1159 1160
1160 1112
1161 27
1161 1162
1162 270
1163 597
1163 1164
1164 179
1165 1023
1165 1166
1166 702
1167 249
1167 1168
1168 383
1169 1030
1169 1170
1170 786
1171 1172
1171 1193
1172 750
1173 1076
1173 1174
1174 642
1175 386
1175 1176
1176 280
1177 496
1177 1178
1178 372
1179 573
1179 1180
1180 973
1181 251
1181 1182
1182 413
1183 373
1183 1184
1184 298
1185 603
1185 1186
1186 430
1187 751
1187 1188
1188 93
1189 961
1189 1190
1190 1165
1191 498
1191 1192
1192 295
1193 67
1193 1194
1194 977
1195 342
1195 1196
1196 698
1197 256
1197 1198
1198 668
1199 836
1199 1200
1200 284
1201 511
1201 1202
1202 146
1203 1111
1203 1204
1204 788
1205 952
1205 1206
1206 172
1207 611
1207 1208
1208 1074
1209 918
1209 1210
1210 412
1211 645
1211 1212
1212 542
1213 427
1213 1214
1214 1168
