0 205
0 443
3 409
3 1179
4 94
4 289
5 218
6 694
7 206
7 454
8 507
8 874
9 746
10 441
11 42
11 747
13 827
13 923
15 36
15 830
17 586
17 657
19 50
19 1129
21 417
21 585
23 24
23 901
24 564
25 26
25 1122
26 912
27 28
27 963
28 825
29 30
29 511
30 484
31 32
31 865
32 971
33 34
33 986
34 1068
35 36
35 533
36 869
37 38
37 648
38 689
39 40
39 323
40 568
41 42
41 743
42 731
43 44
43 120
44 1088
45 46
45 1171
46 741
47 48
47 674
48 1003
49 50
49 51
50 698
51 52
51 1104
52 116
53 54
53 990
54 68
55 56
55 672
56 906
57 58
57 1055
58 677
59 60
59 915
60 570
61 62
61 427
62 446
63 64
63 489
64 100
65 66
65 999
66 814
67 68
67 294
68 404
69 70
69 636
70 118
71 72
71 1001
72 1114
73 74
73 639
74 28
75 76
75 739
76 184
77 78
77 308
78 1157
79 80
79 897
80 791
81 82
81 557
82 998
83 46
83 84
84 768
85 86
85 95
86 1105
87 88
87 972
88 462
89 90
89 894
90 1110
91 92
91 629
92 1156
93 94
93 520
94 159
95 96
95 751
96 559
97 98
97 1077
98 508
99 100
99 503
100 802
101 102
101 593
102 617
103 104
103 153
104 899
105 106
105 355
106 1061
107 108
107 626
108 104
109 110
109 1007
110 989
111 112
111 266
112 440
113 114
113 957
114 875
115 116
115 354
116 214
117 16
117 118
118 290
119 120
119 967
120 21
121 122
121 699
122 333
123 124
123 1193
124 835
125 126
125 1113
126 908
127 128
127 1099
128 38
129 130
129 679
130 831
131 132
131 491
132 620
133 134
133 162
134 67
135 136
135 732
136 860
137 138
137 976
138 230
139 140
139 723
140 563
141 142
141 630
142 423
143 144
143 241
144 1093
145 146
145 625
146 1136
147 148
147 545
148 331
149 150
149 1011
150 402
151 152
151 187
152 113
153 154
153 220
154 73
155 156
155 583
156 982
157 158
157 829
158 905
159 83
159 160
160 334
161 133
161 162
162 1075
163 164
163 1102
164 26
165 166
165 645
166 315
167 168
167 909
168 56
169 170
169 737
170 898
171 172
171 1189
172 920
173 174
173 843
174 358
175 176
175 1083
176 390
177 178
177 849
178 1084
179 180
179 602
180 433
181 182
181 1119
182 644
183 184
183 329
184 382
185 186
185 887
186 995
187 93
187 188
188 435
189 190
189 269
190 480
191 192
191 917
192 267
193 190
193 194
194 304
195 196
195 615
196 59
197 198
197 345
198 6
199 200
199 1043
200 729
201 202
201 492
202 1048
203 204
203 1071
204 426
205 197
205 206
206 581
207 208
207 459
208 505
209 210
209 796
210 756
211 151
211 212
212 319
213 214
213 1121
214 318
215 85
215 216
216 836
217 218
217 1101
218 54
219 220
219 1041
220 470
221 11
221 222
222 1128
223 224
223 879
224 780
225 226
225 521
226 176
227 228
227 755
228 946
229 230
229 685
230 343
231 232
231 966
232 202
233 234
233 816
234 549
235 236
235 1054
236 275
237 32
237 238
238 79
239 240
239 558
240 712
241 242
241 1207
242 1
243 183
243 244
244 316
245 121
245 246
246 296
247 248
247 547
248 1112
249 39
249 250
250 1106
251 252
251 937
252 168
253 254
253 1029
254 970
255 256
255 535
256 81
257 258
257 616
258 371
259 260
259 680
260 164
261 149
261 262
262 163
263 264
263 292
264 944
265 266
265 327
266 1120
267 268
267 1192
268 703
269 48
269 270
270 72
271 43
271 272
272 717
273 271
273 274
274 92
275 276
275 988
276 870
277 278
277 652
278 1174
279 280
279 1175
280 541
281 282
281 681
282 838
283 284
283 403
284 419
285 286
285 349
286 1139
287 288
287 599
288 859
289 290
289 537
290 1130
291 292
291 1087
292 376
293 294
293 387
294 1168
295 296
295 471
296 496
297 13
297 298
298 848
299 300
299 954
300 588
301 302
301 573
302 649
303 304
303 1132
304 466
305 306
305 500
306 298
307 308
307 1191
308 646
309 310
309 1035
310 1085
311 312
311 890
312 1024
313 105
313 314
314 1032
315 316
315 662
316 391
317 114
317 318
318 638
319 152
319 320
320 584
321 322
321 379
322 368
323 243
323 324
324 1162
325 326
325 389
326 745
327 328
327 904
328 364
329 192
329 330
330 824
331 332
331 884
332 74
333 334
333 817
334 348
335 336
335 734
336 682
337 338
337 365
338 282
339 340
339 405
340 5
341 342
341 683
342 434
343 155
343 344
344 14
345 346
345 949
346 485
347 25
347 348
348 701
349 65
349 350
350 278
351 145
351 352
352 259
353 354
353 693
354 1160
355 87
355 356
356 580
357 257
357 358
358 523
359 360
359 406
360 412
361 362
361 1064
362 171
363 364
363 960
364 540
365 366
365 868
366 1208
367 368
367 561
368 773
369 370
369 766
370 544
371 372
371 623
372 919
373 374
373 1103
374 1010
375 376
375 787
376 933
377 378
377 1013
378 407
379 380
379 590
380 41
381 382
381 1202
382 1044
383 384
383 1147
384 783
385 386
385 804
386 228
387 148
387 388
388 962
389 390
389 1037
390 1086
391 392
391 1138
392 1181
393 394
393 973
394 279
395 396
395 1205
396 80
397 341
397 398
398 852
399 400
399 684
400 464
401 245
401 402
402 876
403 404
403 673
404 6
405 181
405 406
406 37
407 273
407 408
408 1022
409 410
409 965
410 86
411 412
411 442
412 622
413 414
413 437
414 896
415 416
415 627
416 948
417 418
417 833
418 938
419 420
419 1040
420 396
421 422
421 460
422 872
423 424
423 1135
424 574
425 122
425 426
426 704
427 428
427 647
428 445
429 430
429 1023
430 64
431 432
431 634
432 980
433 434
433 1111
434 363
435 436
435 943
436 676
437 438
437 517
438 320
439 209
439 440
440 798
441 388
441 442
442 892
443 444
443 493
444 776
445 135
445 446
446 661
447 131
447 448
448 614
449 158
449 450
450 1169
451 449
451 452
452 964
453 454
453 821
454 1183
455 456
455 606
456 69
457 458
457 461
458 1198
459 460
459 1211
460 1049
461 297
461 462
462 463
463 374
463 464
464 993
465 466
465 655
466 1195
467 468
467 759
468 801
469 125
469 470
470 473
471 161
471 472
472 1213
473 251
473 474
474 610
475 476
475 975
476 5
477 313
477 478
478 978
479 480
479 883
480 577
481 482
481 877
482 332
483 484
483 823
484 1047
485 486
485 1172
486 864
487 488
487 1145
488 321
489 490
489 926
490 932
491 492
491 785
492 510
493 307
493 494
494 255
495 293
495 496
496 322
497 78
497 498
498 112
499 97
499 500
500 57
501 9
501 502
502 656
503 504
503 886
504 385
505 506
505 873
506 974
507 394
507 508
508 1107
509 286
509 510
510 392
511 512
511 611
512 1095
513 501
513 514
514 455
515 516
515 740
516 525
517 518
517 619
518 1012
519 520
519 551
520 119
521 522
521 653
522 250
523 418
523 524
524 350
525 213
525 526
526 770
527 280
527 528
528 858
529 530
529 605
530 567
531 532
531 983
532 651
533 256
533 534
534 726
535 499
535 536
536 760
537 157
537 538
538 146
539 468
539 540
540 156
541 542
541 1069
542 478
543 165
543 544
544 264
545 141
545 546
546 486
547 548
547 1094
548 1186
549 395
549 550
550 1184
551 17
551 552
552 1182
553 432
553 554
554 935
555 66
555 556
556 936
557 558
557 665
558 1096
559 560
559 1167
560 411
561 562
561 921
562 117
563 143
563 564
564 713
565 295
565 566
566 700
567 33
567 568
568 244
569 128
569 570
570 600
571 572
571 671
572 1127
573 565
573 574
574 386
575 576
575 708
576 846
577 578
577 1150
578 658
579 580
579 719
580 794
581 447
581 582
582 1210
583 330
583 584
584 641
585 140
585 586
586 758
587 588
587 667
588 822
589 590
589 1006
590 513
591 592
591 1142
592 458
593 594
593 1025
594 226
595 199
595 596
596 579
597 429
597 598
598 1050
599 110
599 600
600 910
601 602
601 733
602 516
603 314
603 604
604 1178
605 606
605 1148
606 1144
607 608
607 855
608 380
609 610
609 764
610 968
611 595
611 612
612 512
613 614
613 1109
614 274
615 215
615 616
616 177
617 58
617 618
618 1154
619 620
619 705
620 498
621 592
621 622
622 76
623 431
623 624
624 344
625 626
625 1097
626 1209
627 529
627 628
628 372
629 630
629 1159
630 913
631 413
631 632
632 678
633 487
633 634
634 572
635 636
635 903
636 1108
637 136
637 638
638 666
639 640
639 815
640 229
641 49
641 642
642 566
643 644
643 711
644 744
645 646
645 866
646 1176
647 383
647 648
648 1051
649 650
649 721
650 439
651 338
651 652
652 306
653 75
653 654
654 84
655 656
655 1033
656 832
657 601
657 658
658 554
659 519
659 660
660 720
661 662
661 742
662 1131
663 664
663 951
664 902
665 393
665 666
666 70
667 494
667 668
668 1072
669 539
669 670
670 467
671 211
671 672
672 1009
673 674
673 793
674 1155
675 528
675 676
676 456
677 353
677 678
678 216
679 302
679 680
680 44
681 457
681 682
682 356
683 221
683 684
684 1066
685 686
685 1082
686 60
687 139
687 688
688 1052
689 690
689 709
690 20
691 692
691 1123
692 509
693 694
693 856
694 276
695 696
695 763
696 422
697 552
697 698
698 1018
699 700
699 952
700 714
701 702
701 1092
702 18
703 9
703 704
704 328
705 706
705 955
706 438
707 660
707 708
708 129
709 231
709 710
710 436
711 238
711 712
712 950
713 414
713 714
714 789
715 482
715 716
716 738
717 208
717 718
718 526
719 571
719 720
720 186
721 722
721 749
722 624
723 724
723 799
724 1158
725 726
725 1058
726 40
727 728
727 1187
728 384
729 283
729 730
730 285
731 398
731 732
732 312
733 481
733 734
734 476
735 291
735 736
736 1212
737 728
737 738
738 261
739 29
739 740
740 258
741 265
741 742
742 421
743 744
743 1137
744 1118
745 746
745 797
746 410
747 154
747 748
748 169
749 750
749 837
750 130
751 305
751 752
752 232
753 479
753 754
754 469
755 287
755 756
756 774
757 758
757 853
758 1031
759 760
759 1089
760 207
761 106
761 762
762 800
763 219
763 764
764 488
765 766
765 1149
766 284
767 768
767 891
768 1190
769 770
769 811
770 1140
771 772
771 882
772 1062
773 534
773 774
774 352
775 346
775 776
776 945
777 189
777 778
778 603
779 357
779 780
780 1065
781 185
781 782
782 1146
783 784
783 916
784 640
785 786
785 1079
786 597
787 750
787 788
788 820
789 524
789 790
790 788
791 792
791 1133
792 1206
793 4
793 794
794 841
795 796
795 1005
796 562
797 798
797 942
798 1015
799 800
799 834
800 542
801 802
801 1197
802 134
803 425
803 804
804 347
805 806
805 861
806 840
807 808
807 1201
808 1098
809 810
809 979
810 1194
811 397
811 812
812 1059
813 212
813 814
814 301
815 444
815 816
816 900
817 609
817 818
818 239
819 22
819 820
820 1056
821 191
821 822
822 696
823 326
823 824
824 311
825 194
825 826
826 123
827 722
827 828
828 1170
829 589
829 830
830 188
831 10
831 832
832 242
833 196
833 834
834 911
835 182
835 836
836 953
837 838
837 928
838 771
839 359
839 840
840 947
841 792
841 842
842 277
843 691
843 844
844 922
845 224
845 846
846 736
847 200
847 848
848 522
849 850
849 1173
850 1028
851 852
851 1100
852 132
853 107
853 854
854 172
855 856
855 885
856 596
857 858
857 1153
858 710
859 860
859 1038
860 752
861 339
861 862
862 227
863 864
863 881
864 854
865 635
865 866
866 1141
867 813
867 868
868 1203
869 870
869 918
870 174
871 399
871 872
872 490
873 874
873 1020
874 548
875 632
875 876
876 360
877 607
877 878
878 1166
879 669
879 880
880 1200
881 594
881 882
882 1081
883 515
883 884
884 179
885 102
885 886
886 377
887 310
887 888
888 150
889 262
889 890
890 1165
891 180
891 892
892 851
893 45
893 894
894 1143
895 896
895 925
896 370
897 89
897 898
898 24
899 237
899 900
900 1063
901 765
901 902
902 272
903 281
903 904
904 598
905 735
905 906
906 637
907 246
907 908
908 604
909 15
909 910
910 12
911 707
911 912
912 518
913 35
913 914
914 1021
915 451
915 916
916 111
917 795
917 918
918 465
919 504
919 920
920 1126
921 769
921 922
922 578
923 613
923 924
924 1117
925 914
925 926
926 514
927 863
927 928
928 142
929 175
929 930
930 803
931 932
931 985
932 502
933 424
933 934
934 1177
935 303
935 936
936 324
937 806
937 938
938 826
939 929
939 940
940 761
941 47
941 942
942 670
943 309
943 944
944 450
945 612
945 946
946 474
947 193
947 948
948 956
949 203
949 950
950 2
951 775
951 952
952 7
953 362
953 954
954 538
955 956
955 1017
956 448
957 805
957 958
958 888
959 452
959 960
960 642
961 195
961 962
962 778
963 818
963 964
964 235
965 55
965 966
966 23
967 217
967 968
968 650
969 748
969 970
970 178
971 373
971 972
972 889
973 109
973 974
974 550
975 254
975 976
976 63
977 288
977 978
978 416
979 781
979 980
980 715
981 587
981 982
982 82
983 268
983 984
984 381
985 777
985 986
986 1163
987 337
987 988
988 340
989 367
989 990
990 234
991 99
991 992
992 1026
993 299
993 994
994 810
995 996
995 1034
996 984
997 725
997 998
998 248
999 941
999 1000
1000 1090
1001 969
1001 1002
1002 786
1003 924
1003 1004
1004 1188
1005 961
1005 1006
1006 31
1007 779
1007 1008
1008 688
1009 867
1009 1010
1010 317
1011 124
1011 1012
1012 342
1013 809
1013 1014
1014 210
1015 19
1015 1016
1016 204
1017 101
1017 1018
1018 686
1019 1020
1019 1039
1020 253
1021 940
1021 1022
1022 1152
1023 477
1023 1024
1024 400
1025 981
1025 1026
1026 862
1027 845
1027 1028
1028 236
1029 495
1029 1030
1030 1046
1031 369
1031 1032
1032 772
1033 361
1033 1034
1034 1074
1035 103
1035 1036
1036 1116
1037 893
1037 1038
1038 1199
1039 1040
1039 1073
1040 1004
1041 8
1041 1042
1042 842
1043 1044
1043 1115
1044 260
1045 115
1045 1046
1046 819
1047 706
1047 1048
1048 1000
1049 930
1049 1050
1050 812
1051 1019
1051 1052
1052 166
1053 608
1053 1054
1054 767
1055 663
1055 1056
1056 654
1057 1058
1057 1151
1058 844
1059 506
1059 1060
1060 300
1061 1062
1061 1180
1062 1060
1063 695
1063 1064
1064 198
1065 784
1065 1066
1066 375
1067 931
1067 1068
1068 1053
1069 754
1069 1070
1070 160
1071 108
1071 1072
1072 664
1073 96
1073 1074
1074 977
1075 927
1075 1076
1076 1030
1077 633
1077 1078
1078 1164
1079 222
1079 1080
1080 52
1081 850
1081 1082
1082 247
1083 730
1083 1084
1084 249
1085 782
1085 1086
1086 575
1087 839
1087 1088
1088 1134
1089 415
1089 1090
1090 1124
1091 27
1091 1092
1092 336
1093 692
1093 1094
1094 170
1095 127
1095 1096
1096 532
1097 659
1097 1098
1098 553
1099 223
1099 1100
1100 1076
1101 3
1101 1102
1102 1091
1103 939
1103 1104
1104 718
1105 472
1105 1106
1106 621
1107 828
1107 1108
1108 790
1109 757
1109 1110
1110 497
1111 335
1111 1112
1112 1078
1113 1057
1113 1114
1114 702
1115 325
1115 1116
1116 618
1117 71
1117 1118
1118 1214
1119 1067
1119 1120
1120 543
1121 987
1121 1122
1122 420
1123 727
1123 1124
1124 958
1125 53
1125 1126
1126 675
1127 992
1127 1128
1128 527
1129 690
1129 1130
1130 270
1131 531
1131 1132
1132 98
1133 997
1133 1134
1134 1016
1135 1136
1135 1185
1136 994
1137 1027
1137 1138
1138 88
1139 959
1139 1140
1140 252
1141 591
1141 1142
1142 483
1143 807
1143 1144
1144 90
1145 225
1145 1146
1146 378
1147 167
1147 1148
1148 1002
1149 62
1149 1150
1150 716
1151 582
1151 1152
1152 144
1153 631
1153 1154
1154 576
1155 147
1155 1156
1156 724
1157 34
1157 1158
1158 560
1159 351
1159 1160
1160 77
1161 453
1161 1162
1162 240
1163 233
1163 1164
1164 556
1165 934
1165 1166
1166 1080
1167 753
1167 1168
1168 808
1169 628
1169 1170
1170 871
1171 1161
1171 1172
1172 91
1173 991
1173 1174
1174 546
1175 643
1175 1176
1176 408
1177 1070
1177 1178
1178 1036
1179 847
1179 1180
1180 1204
1181 1014
1181 1182
1182 880
1183 530
1183 1184
1184 1045
1185 668
1185 1186
1186 10
1187 857
1187 1188
1188 430
1189 697
1189 1190
1190 878
1191 173
1191 1192
1192 1125
1193 201
1193 1194
1194 1196
1195 907
1195 1196
1196 762
1197 401
1197 1198
1198 366
1199 536
1199 1200
1200 138
1201 687
1201 1202
1202 1042
1203 895
1203 1204
1204 475
1205 1008
1205 1206
1206 996
1207 428
1207 1208
1208 126
1209 61
1209 1210
1210 569
1211 555
1211 1212
1212 30
1213 137
1213 1214
1214 263
