0 578
0 675
2 126
2 957
3 159
3 775
4 501
4 1061
5 475
6 266
7 802
7 888
8 93
8 1148
9 230
10 290
13 682
13 1071
15 49
15 432
17 58
17 849
19 783
19 869
21 492
21 1112
23 24
23 950
24 690
25 26
25 502
26 134
27 28
27 1187
28 326
29 30
29 724
30 1068
31 32
31 175
32 696
33 34
33 1043
34 346
35 36
35 327
36 514
37 38
37 559
38 762
39 40
39 204
40 378
41 42
41 1048
42 191
43 44
43 919
44 411
45 46
45 160
46 1140
47 48
47 735
48 656
49 50
49 847
50 889
51 52
51 1063
52 1035
53 54
53 835
54 670
55 56
55 701
56 248
57 58
57 280
58 268
59 13
59 60
60 1163
61 62
61 837
62 798
63 64
63 323
64 1099
65 66
65 747
66 730
67 68
67 727
68 417
69 70
69 1054
70 192
71 72
71 669
72 683
73 53
73 74
74 806
75 76
75 748
76 629
77 55
77 78
78 67
79 80
79 664
80 936
81 82
81 721
82 7
83 84
83 999
84 154
85 86
85 1167
86 415
87 83
87 88
88 291
89 90
89 1047
90 710
91 92
91 1082
92 801
93 94
93 1010
94 470
95 96
95 343
96 718
97 98
97 715
98 259
99 100
99 791
100 885
101 102
101 565
102 364
103 65
103 104
104 355
105 106
105 150
106 261
107 108
107 1050
108 34
109 110
109 671
110 980
111 112
111 643
112 375
113 114
113 412
114 334
115 116
115 628
116 526
117 118
117 608
118 398
119 77
119 120
120 944
121 122
121 1005
122 370
123 124
123 423
124 480
125 126
125 216
126 42
127 8
127 128
128 300
129 130
129 737
130 716
131 132
131 371
132 918
133 134
133 1014
134 598
135 136
135 1089
136 6
137 138
137 1032
138 1111
139 140
139 445
140 217
141 142
141 906
142 180
143 144
143 1164
144 1181
145 146
145 751
146 956
147 148
147 965
148 706
149 150
149 1096
150 923
151 152
151 807
152 57
153 154
153 619
154 612
155 156
155 317
156 558
157 158
157 941
158 649
159 160
159 1015
160 392
161 162
161 1150
162 143
163 164
163 427
164 166
165 166
165 1067
166 596
167 168
167 1149
168 1210
169 170
169 725
170 390
171 132
171 172
172 1119
173 174
173 483
174 913
175 176
175 979
176 394
177 178
177 916
178 1037
179 123
179 180
180 482
181 182
181 942
182 870
183 184
183 976
184 1004
185 186
185 857
186 12
187 188
187 560
188 406
189 190
189 938
190 1098
191 192
191 554
192 372
193 194
193 231
194 1066
195 157
195 196
196 1083
197 198
197 1124
198 978
199 200
199 883
200 530
201 202
201 699
202 1
203 204
203 717
204 636
205 206
205 322
206 698
207 135
207 208
208 842
209 210
209 553
210 828
211 212
211 1134
212 1097
213 214
213 330
214 872
215 216
215 1105
216 697
217 218
217 689
218 399
219 220
219 1104
220 385
221 222
221 1052
222 39
223 79
223 224
224 692
225 226
225 1155
226 779
227 228
227 646
228 446
229 230
229 834
230 84
231 232
231 809
232 344
233 234
233 971
234 356
235 236
235 488
236 606
237 238
237 654
238 746
239 240
239 903
240 221
241 242
241 714
242 742
243 244
243 508
244 374
245 246
245 460
246 755
247 248
247 395
248 24
249 250
249 1177
250 896
251 252
251 522
252 497
253 254
253 269
254 303
255 256
255 1003
256 1094
257 120
257 258
258 332
259 137
259 260
260 764
261 262
261 766
262 246
263 264
263 585
264 408
265 266
265 495
266 1093
267 50
267 268
268 414
269 270
269 1144
270 695
271 22
271 272
272 20
273 195
273 274
274 172
275 276
275 887
276 228
277 181
277 278
278 814
279 280
279 1095
280 566
281 282
281 951
282 1157
283 200
283 284
284 674
285 286
285 623
286 579
287 288
287 627
288 1201
289 275
289 290
290 914
291 292
291 771
292 396
293 194
293 294
294 633
295 296
295 1133
296 858
297 298
297 532
298 548
299 300
299 353
300 1024
301 302
301 1121
302 660
303 304
303 362
304 1139
305 201
305 306
306 430
307 308
307 1087
308 865
309 310
309 367
310 296
311 312
311 571
312 113
313 314
313 1135
314 168
315 51
315 316
316 973
317 318
317 661
318 348
319 320
319 1103
320 462
321 322
321 1013
322 277
323 324
323 597
324 680
325 326
325 481
326 615
327 328
327 995
328 538
329 330
329 651
330 102
331 332
331 360
332 494
333 334
333 491
334 1080
335 336
335 985
336 447
337 64
337 338
338 352
339 340
339 1211
340 1034
341 162
341 342
342 860
343 344
343 510
344 709
345 346
345 731
346 218
347 348
347 871
348 752
349 87
349 350
350 440
351 82
351 352
352 1162
353 354
353 557
354 1154
355 356
355 1115
356 1038
357 149
357 358
358 1116
359 360
359 943
360 1202
361 362
361 586
362 130
363 364
363 759
364 541
365 247
365 366
366 214
367 89
367 368
368 521
369 370
369 489
370 325
371 372
371 703
372 839
373 374
373 1188
374 568
375 73
375 376
376 955
377 287
377 378
378 336
379 267
379 380
380 1090
381 382
381 617
382 23
383 63
383 384
384 949
385 386
385 453
386 626
387 388
387 1160
388 32
389 390
389 391
390 468
391 392
391 767
392 75
393 394
393 505
394 536
395 78
395 396
396 561
397 398
397 785
398 62
399 400
399 1126
400 26
401 381
401 402
402 1120
403 59
403 404
404 133
405 406
405 799
406 1132
407 302
407 408
408 190
409 279
409 410
410 235
411 156
411 412
412 410
413 414
413 1027
414 1026
415 361
415 416
416 794
417 418
417 827
418 954
419 420
419 939
420 926
421 422
421 582
422 894
423 211
423 424
424 547
425 33
425 426
426 756
427 428
427 544
428 506
429 430
429 708
430 94
431 432
431 605
432 114
433 434
433 621
434 607
435 436
435 1022
436 182
437 153
437 438
438 2
439 440
439 1062
440 124
441 442
441 981
442 988
443 138
443 444
444 74
445 446
445 1108
446 188
447 448
447 882
448 970
449 238
449 450
450 822
451 452
451 992
452 952
453 454
453 815
454 1017
455 80
455 456
456 524
457 458
457 741
458 402
459 460
459 639
460 431
461 122
461 462
462 856
463 464
463 707
464 1084
465 116
465 466
466 852
467 273
467 468
468 911
469 297
469 470
470 1102
471 239
471 472
472 1153
473 434
473 474
474 161
475 473
475 476
476 294
477 474
477 478
478 720
479 480
479 777
480 998
481 482
481 638
482 236
483 484
483 961
484 1023
485 486
485 829
486 972
487 488
487 934
488 711
489 490
489 549
490 289
491 380
491 492
492 525
493 494
493 1192
494 516
495 354
495 496
496 570
497 498
497 613
498 443
499 86
499 500
500 672
501 502
501 989
502 1165
503 504
503 830
504 382
505 506
505 873
506 1146
507 508
507 862
508 1074
509 288
509 510
510 770
511 471
511 512
512 158
513 514
513 776
514 884
515 516
515 704
516 342
517 518
517 855
518 588
519 520
519 994
520 100
521 522
521 1123
522 106
523 524
523 1197
524 634
525 526
525 1006
526 226
527 528
527 576
528 1042
529 530
529 1212
530 765
531 183
531 532
532 1156
533 534
533 921
534 895
535 536
535 1158
536 880
537 533
537 538
538 97
539 419
539 540
540 1186
541 69
541 542
542 546
543 544
543 1045
544 173
545 546
545 1036
546 10
547 548
547 667
548 234
549 499
549 550
550 213
551 308
551 552
552 659
553 358
553 554
554 347
555 556
555 841
556 241
557 335
557 558
558 286
559 560
559 573
560 139
561 465
561 562
562 142
563 345
563 564
564 840
565 293
565 566
566 504
567 568
567 1021
568 224
569 570
569 637
570 16
571 424
571 572
572 760
573 461
573 574
574 833
575 205
575 576
576 451
577 578
577 678
578 314
579 580
579 905
580 128
581 409
581 582
582 285
583 584
583 723
584 282
585 586
585 663
586 240
587 295
587 588
588 930
589 31
589 590
590 1184
591 592
591 793
592 425
593 316
593 594
594 170
595 233
595 596
596 655
597 598
597 1110
598 668
599 207
599 600
600 438
601 376
601 602
602 908
603 389
603 604
604 41
605 574
605 606
606 694
607 167
607 608
608 758
609 71
609 610
610 341
611 507
611 612
612 1130
613 614
613 990
614 984
615 337
615 616
616 850
617 349
617 618
618 826
619 620
619 1207
620 846
621 622
621 665
622 511
623 624
623 1159
624 1178
625 129
625 626
626 270
627 421
627 628
628 851
629 577
629 630
630 405
631 632
631 1000
632 363
633 271
633 634
634 712
635 539
635 636
636 441
637 4
637 638
638 1127
639 599
639 640
640 9
641 642
641 1053
642 101
643 27
643 644
644 1118
645 646
645 691
646 197
647 177
647 648
648 917
649 198
649 650
650 886
651 25
651 652
652 199
653 654
653 673
654 1081
655 656
655 757
656 46
657 658
657 893
658 515
659 660
659 1101
660 117
661 91
661 662
662 898
663 569
663 664
664 581
665 397
665 666
666 866
667 519
667 668
668 928
669 670
669 863
670 14
671 672
671 1199
672 9
673 674
673 1205
674 477
675 676
675 843
676 773
677 478
677 678
678 912
679 328
679 680
680 387
681 339
681 682
682 931
683 684
683 1137
684 111
685 686
685 975
686 258
687 164
687 688
688 583
689 545
689 690
690 780
691 692
691 901
692 640
693 694
693 1012
694 456
695 202
695 696
696 298
697 283
697 698
698 306
699 700
699 1107
700 196
701 702
701 1079
702 203
703 704
703 881
704 693
705 472
705 706
706 429
707 708
707 733
708 70
709 710
709 1059
710 52
711 624
711 712
712 458
713 688
713 714
714 127
715 145
715 716
716 40
717 653
717 718
718 804
719 437
719 720
720 1179
721 119
721 722
722 705
723 534
723 724
724 1206
725 726
725 813
726 225
727 728
727 1171
728 30
729 393
729 730
730 252
731 315
731 732
732 713
733 103
733 734
734 610
735 625
735 736
736 95
737 365
737 738
738 467
739 740
739 1195
740 189
741 742
741 1060
742 244
743 435
743 744
744 679
745 309
745 746
746 848
747 748
747 947
748 490
749 479
749 750
750 517
751 734
751 752
752 925
753 754
753 778
754 407
755 151
755 756
756 264
757 594
757 758
758 141
759 760
759 1196
760 304
761 685
761 762
762 1131
763 318
763 764
764 148
765 700
765 766
766 1214
767 121
767 768
768 1109
769 702
769 770
770 953
771 739
771 772
772 595
773 774
773 803
774 206
775 567
775 776
776 1011
777 359
777 778
778 185
779 564
779 780
780 562
781 496
781 782
782 274
783 104
783 784
784 351
785 786
785 864
786 28
787 788
787 929
788 184
789 459
789 790
790 299
791 591
791 792
792 444
793 463
793 794
794 818
795 18
795 796
796 540
797 321
797 798
798 229
799 450
799 800
800 580
801 112
801 802
802 1086
803 761
803 804
804 611
805 590
805 806
806 208
807 455
807 808
808 1151
809 810
809 1055
810 1208
811 15
811 812
812 876
813 814
813 1091
814 968
815 620
815 816
816 243
817 818
817 1041
818 384
819 820
819 904
820 11
821 822
821 877
822 781
823 401
823 824
824 1039
825 555
825 826
826 400
827 828
827 1076
828 945
829 830
829 1057
830 997
831 147
831 832
832 991
833 805
833 834
834 1122
835 836
835 1020
836 986
837 838
837 915
838 251
839 840
839 982
840 542
841 842
841 910
842 1174
843 81
843 844
844 90
845 329
845 846
846 1204
847 630
847 848
848 556
849 850
849 1100
850 572
851 550
851 852
852 448
853 433
853 854
854 428
855 486
855 856
856 838
857 845
857 858
858 616
859 377
859 860
860 1117
861 745
861 862
862 140
863 719
863 864
864 897
865 866
865 1213
866 819
867 868
867 1065
868 311
869 645
869 870
870 312
871 872
871 1170
872 552
873 769
873 874
874 808
875 749
875 876
876 48
877 861
877 878
878 1198
879 366
879 880
880 250
881 836
881 882
882 1113
883 331
883 884
884 642
885 29
885 886
886 108
887 222
887 888
888 404
889 890
889 1056
890 937
891 892
891 977
892 728
893 319
893 894
894 948
895 896
895 1078
896 242
897 163
897 898
898 932
899 900
899 1040
900 800
901 169
901 902
902 109
903 904
903 1069
904 1180
905 528
905 906
906 892
907 72
907 908
908 464
909 37
909 910
910 373
911 131
911 912
912 868
913 914
913 966
914 686
915 219
915 916
916 136
917 593
917 918
918 832
919 529
919 920
920 426
921 223
921 922
922 584
923 924
923 1058
924 796
925 245
925 926
926 924
927 44
927 928
928 792
929 531
929 930
930 1016
931 932
931 1064
932 10
933 284
933 934
934 513
935 509
935 936
936 498
937 938
937 1193
938 644
939 940
939 1051
940 292
941 891
941 942
942 209
943 753
943 944
944 38
945 66
945 946
946 666
947 635
947 948
948 379
949 632
949 950
950 535
951 340
951 952
952 418
953 43
953 954
954 36
955 45
955 956
956 900
957 76
957 958
958 662
959 909
959 960
960 1172
961 962
961 1203
962 958
963 587
963 964
964 262
965 551
965 966
966 227
967 968
967 1169
968 212
969 179
969 970
970 618
971 811
971 972
972 1088
973 575
973 974
974 1136
975 85
975 976
976 281
977 92
977 978
978 503
979 980
979 1129
980 844
981 982
981 996
982 964
983 174
983 984
984 962
985 307
985 986
986 732
987 988
987 1152
988 820
989 821
989 990
990 1007
991 457
991 992
992 817
993 969
993 994
994 1025
995 963
995 996
996 750
997 210
997 998
998 974
999 1000
999 1189
1000 107
1001 993
1001 1002
1002 1194
1003 1004
1003 1019
1004 500
1005 523
1005 1006
1006 1114
1007 313
1007 1008
1008 187
1009 879
1009 1010
1010 614
1011 1012
1011 1072
1012 98
1013 1014
1013 1185
1014 436
1015 729
1015 1016
1016 920
1017 68
1017 1018
1018 476
1019 357
1019 1020
1020 657
1021 47
1021 1022
1022 622
1023 631
1023 1024
1024 254
1025 1026
1025 1046
1026 795
1027 784
1027 1028
1028 816
1029 333
1029 1030
1030 960
1031 263
1031 1032
1032 324
1033 1034
1033 1173
1034 1030
1035 1036
1035 1075
1036 774
1037 1038
1037 1141
1038 54
1039 859
1039 1040
1040 825
1041 1029
1041 1042
1042 144
1043 171
1043 1044
1044 386
1045 1046
1045 1125
1046 115
1047 485
1047 1048
1048 907
1049 1050
1049 1073
1050 726
1051 537
1051 1052
1052 959
1053 600
1053 1054
1054 650
1055 603
1055 1056
1056 854
1057 789
1057 1058
1058 601
1059 256
1059 1060
1060 1161
1061 563
1061 1062
1062 648
1063 786
1063 1064
1064 305
1065 890
1065 1066
1066 922
1067 1068
1067 1106
1068 518
1069 369
1069 1070
1070 416
1071 383
1071 1072
1072 983
1073 484
1073 1074
1074 276
1075 831
1075 1076
1076 772
1077 681
1077 1078
1078 967
1079 1080
1079 1143
1080 1200
1081 320
1081 1082
1082 96
1083 1084
1083 1166
1084 56
1085 722
1085 1086
1086 940
1087 743
1087 1088
1088 368
1089 604
1089 1090
1090 249
1091 1092
1091 1183
1092 1018
1093 1094
1093 1191
1094 589
1095 824
1095 1096
1096 684
1097 178
1097 1098
1098 1128
1099 1085
1099 1100
1100 740
1101 787
1101 1102
1102 272
1103 853
1103 1104
1104 6
1105 1106
1105 1168
1106 738
1107 797
1107 1108
1108 927
1109 1031
1109 1110
1110 220
1111 520
1111 1112
1112 1182
1113 21
1113 1114
1114 1092
1115 155
1115 1116
1116 687
1117 17
1117 1118
1118 338
1119 1120
1119 1138
1120 442
1121 1033
1121 1122
1122 1028
1123 527
1123 1124
1124 512
1125 193
1125 1126
1126 146
1127 403
1127 1128
1128 152
1129 110
1129 1130
1130 466
1131 60
1131 1132
1132 176
1133 736
1133 1134
1134 237
1135 763
1135 1136
1136 658
1137 875
1137 1138
1138 1190
1139 754
1139 1140
1140 788
1141 487
1141 1142
1142 1008
1143 823
1143 1144
1144 902
1145 19
1145 1146
1146 105
1147 215
1147 1148
1148 420
1149 899
1149 1150
1150 232
1151 987
1151 1152
1152 388
1153 265
1153 1154
1154 61
1155 35
1155 1156
1156 310
1157 350
1157 1158
1158 782
1159 1145
1159 1160
1160 260
1161 493
1161 1162
1162 186
1163 125
1163 1164
1164 88
1165 1077
1165 1166
1166 439
1167 99
1167 1168
1168 1175
1169 1170
1169 1176
1170 867
1171 543
1171 1172
1172 1044
1173 1174
1173 1209
1174 602
1175 255
1175 1176
1176 592
1177 677
1177 1178
1178 469
1179 1001
1179 1180
1180 118
1181 1070
1181 1182
1182 1002
1183 253
1183 1184
1184 1142
1185 652
1185 1186
1186 812
1187 165
1187 1188
1188 647
1189 301
1189 1190
1190 946
1191 1049
1191 1192
1192 422
1193 878
1193 1194
1194 413
1195 454
1195 1196
1196 810
1197 609
1197 1198
1198 278
1199 935
1199 1200
1200 874
1201 1147
1201 1202
1202 5
1203 790
1203 1204
1204 933
1205 5
1205 1206
1206 449
1207 768
1207 1208
1208 452
1209 3
1209 1210
1210 1009
1211 676
1211 1212
1212 257
1213 744
1213 1214
1214 641
