0 59
0 534
2 305
2 478
3 397
3 441
5 994
4 6
4 437
6 974
7 110
7 1034
9 806
9 863
11 186
10 248
10 874
12 140
15 652
15 822
17 619
17 912
19 869
19 1030
21 132
21 793
23 24
23 1199
24 600
25 26
25 103
26 786
27 28
27 261
28 1153
29 30
29 381
30 894
31 32
31 1061
32 577
33 34
33 1049
34 332
35 36
35 392
36 954
37 38
37 832
38 905
39 40
39 231
40 750
41 42
41 293
42 626
43 44
43 243
44 448
45 46
45 239
46 966
47 48
47 487
48 96
49 21
49 50
50 1144
51 52
51 507
52 396
53 54
53 1084
54 1040
55 56
55 1178
56 1082
57 58
57 565
58 360
59 60
59 521
60 556
61 62
61 742
62 714
63 64
63 1001
64 794
65 66
65 712
66 485
67 68
67 528
68 343
69 70
69 493
70 1
71 72
71 788
72 415
73 74
73 745
74 1020
75 76
75 995
76 650
77 78
77 106
78 604
79 80
79 273
80 1088
81 82
81 536
82 689
83 84
83 377
84 175
85 86
85 1134
86 1148
87 88
87 930
88 52
89 90
89 784
90 344
91 92
91 182
92 940
93 24
93 94
94 716
95 96
95 609
96 756
97 98
97 488
98 307
99 100
99 1035
100 608
101 102
101 795
102 674
103 89
103 104
104 1107
105 106
105 893
106 667
107 108
107 519
108 1090
109 110
109 321
110 357
111 112
111 1111
112 194
113 114
113 513
114 1140
115 116
115 222
116 462
117 118
117 859
118 1214
119 120
119 699
120 1012
121 122
121 1181
122 602
123 121
123 124
124 450
125 126
125 366
126 1189
127 128
127 873
128 656
129 130
129 257
130 1086
131 132
131 942
132 393
133 134
133 283
134 758
135 136
135 496
136 890
137 138
137 1047
138 743
139 140
139 1062
140 724
141 142
141 156
142 1023
143 34
143 144
144 792
145 146
145 570
146 197
147 148
147 497
148 53
149 150
149 279
150 113
151 152
151 411
152 286
153 154
153 262
154 740
155 156
155 1149
156 947
157 158
157 524
158 1002
159 160
159 931
160 464
161 162
161 817
162 1080
163 164
163 627
164 871
165 166
165 179
166 1204
167 168
167 330
168 868
169 149
169 170
170 1154
171 172
171 1092
172 992
173 81
173 174
174 644
175 176
175 1038
176 588
177 67
177 178
178 73
179 160
179 180
180 6
181 182
181 291
182 143
183 184
183 701
184 677
185 186
185 399
186 876
187 188
187 816
188 353
189 190
189 1131
190 615
191 189
191 192
192 247
193 194
193 901
194 852
195 196
195 768
196 1180
197 198
197 1017
198 636
199 11
199 200
200 400
201 202
201 823
202 187
203 204
203 819
204 380
205 206
205 587
206 643
207 208
207 583
208 235
209 210
209 1081
210 902
211 212
211 310
212 1076
213 214
213 1129
214 820
215 137
215 216
216 205
217 218
217 798
218 412
219 220
219 349
220 584
221 222
221 1039
222 342
223 224
223 495
224 830
225 147
225 226
226 563
227 228
227 1133
228 825
229 123
229 230
230 454
231 232
231 539
232 928
233 234
233 875
234 651
235 236
235 1112
236 1056
237 238
237 923
238 571
239 240
239 761
240 166
241 242
241 723
242 808
243 244
243 732
244 747
245 246
245 256
246 70
247 248
247 691
248 532
249 250
249 576
250 339
251 252
251 1010
252 770
253 254
253 428
254 500
255 256
255 668
256 952
257 258
257 318
258 370
259 260
259 735
260 805
261 262
261 671
262 161
263 264
263 718
264 632
265 266
265 1155
266 498
267 268
267 835
268 1064
269 270
269 420
270 195
271 272
271 386
272 408
273 274
273 943
274 1122
275 276
275 1190
276 14
277 278
277 922
278 633
279 280
279 1055
280 246
281 282
281 574
282 564
283 284
283 841
284 51
285 286
285 1087
286 790
287 269
287 288
288 647
289 290
289 590
290 1196
291 292
291 837
292 484
293 108
293 294
294 270
295 296
295 898
296 601
297 298
297 300
298 746
299 300
299 925
300 1162
301 302
301 1147
302 1211
303 304
303 506
304 708
305 306
305 987
306 171
307 308
307 692
308 364
309 310
309 944
310 1109
311 312
311 697
312 466
313 314
313 653
314 510
315 316
315 973
316 694
317 318
317 849
318 544
319 320
319 991
320 976
321 322
321 842
322 766
323 146
323 324
324 362
325 326
325 785
326 523
327 328
327 1091
328 670
329 330
329 637
330 66
331 332
331 935
332 287
333 292
333 334
334 690
335 336
335 896
336 774
337 229
337 338
338 553
339 340
339 704
340 432
341 342
341 989
342 192
343 344
343 1106
344 9
345 191
345 346
346 533
347 348
347 1120
348 84
349 350
349 804
350 826
351 352
351 783
352 442
353 354
353 617
354 480
355 57
355 356
356 72
357 129
357 358
358 176
359 360
359 555
360 645
361 362
361 512
362 340
363 364
363 915
364 541
365 366
365 839
366 1191
367 368
367 1000
368 642
369 224
369 370
370 864
371 372
371 413
372 302
373 374
373 1197
374 474
375 249
375 376
376 328
377 378
377 983
378 41
379 380
379 996
380 1026
381 382
381 407
382 333
383 384
383 1042
384 884
385 315
385 386
386 1202
387 388
387 850
388 274
389 47
389 390
390 1172
391 387
391 392
392 957
393 394
393 1151
394 1192
395 396
395 575
396 1208
397 398
397 967
398 10
399 400
399 514
400 733
401 402
401 1041
402 1009
403 331
403 404
404 1123
405 365
405 406
406 421
407 17
407 408
408 54
409 410
409 579
410 782
411 412
411 1141
412 280
413 263
413 414
414 434
415 416
415 739
416 82
417 418
417 961
418 116
419 420
419 1011
420 990
421 422
421 566
422 159
423 424
423 777
424 214
425 426
425 911
426 118
427 422
427 428
428 135
429 430
429 473
430 862
431 432
431 1014
432 948
433 434
433 612
434 460
435 436
435 662
436 908
437 265
437 438
438 373
439 440
439 620
440 8
441 442
441 818
442 250
443 444
443 797
444 1053
445 55
445 446
446 463
447 448
447 1187
448 878
449 75
449 450
450 1174
451 288
451 452
452 508
453 454
453 655
454 489
455 405
455 456
456 548
457 458
457 847
458 296
459 460
459 1193
460 572
461 462
461 844
462 218
463 464
463 1125
464 202
465 466
465 963
466 1108
467 266
467 468
468 212
469 215
469 470
470 1168
471 472
471 769
472 616
473 35
473 474
474 5
475 476
475 1069
476 1205
477 478
477 977
478 438
479 480
479 1097
480 646
481 338
481 482
482 144
483 329
483 484
484 771
485 404
485 486
486 459
487 488
487 1052
488 998
489 490
489 807
490 880
491 492
491 1160
492 98
493 494
493 803
494 529
495 496
495 1119
496 531
497 207
497 498
498 390
499 500
499 1029
500 736
501 429
501 502
502 846
503 504
503 1126
504 316
505 506
505 727
506 686
507 508
507 833
508 728
509 510
509 1136
510 1068
511 512
511 683
512 738
513 237
513 514
514 228
515 516
515 599
516 258
517 518
517 659
518 282
519 520
519 658
520 827
521 522
521 997
522 623
523 346
523 524
524 933
525 526
525 949
526 46
527 528
527 965
528 3
529 530
529 705
530 416
531 178
531 532
532 821
533 534
533 730
534 141
535 455
535 536
536 1057
537 538
537 953
538 350
539 540
539 1058
540 204
541 253
541 542
542 303
543 544
543 749
544 906
545 546
545 951
546 1186
547 193
547 548
548 255
549 254
549 550
550 1146
551 552
551 1073
552 424
553 554
553 722
554 12
555 241
555 556
556 167
557 467
557 558
558 1027
559 267
559 560
560 133
561 225
561 562
562 1156
563 564
563 765
564 334
565 545
565 566
566 810
567 568
567 1124
568 910
569 570
569 1013
570 703
571 572
571 885
572 1006
573 574
573 610
574 301
575 576
575 993
576 605
577 44
577 578
578 892
579 76
579 580
580 358
581 18
581 582
582 956
583 584
583 1213
584 294
585 142
585 586
586 56
587 309
587 588
588 152
589 590
589 1161
590 635
591 592
591 787
592 19
593 117
593 594
594 1195
595 324
595 596
596 122
597 83
597 598
598 684
599 219
599 600
600 131
601 388
601 602
602 754
603 582
603 604
604 457
605 65
605 606
606 20
607 119
607 608
608 970
609 382
609 610
610 1083
611 612
611 717
612 900
613 12
613 614
614 472
615 616
615 920
616 62
617 100
617 618
618 1130
619 557
619 620
620 252
621 622
621 907
622 848
623 157
623 624
624 379
625 482
625 626
626 444
627 628
627 815
628 297
629 630
629 979
630 240
631 48
631 632
632 320
633 348
633 634
634 780
635 419
635 636
636 354
637 638
637 958
638 272
639 640
639 1096
640 439
641 642
641 1007
642 238
643 190
643 644
644 540
645 646
645 789
646 1176
647 648
647 955
648 914
649 592
649 650
650 1005
651 652
651 1117
652 1150
653 654
653 909
654 80
655 656
655 867
656 932
657 658
657 1167
658 259
659 28
659 660
660 217
661 662
661 870
662 7
663 664
663 1166
664 755
665 666
665 945
666 232
667 403
667 668
668 36
669 430
669 670
670 499
671 535
671 672
672 614
673 674
673 773
674 452
675 79
675 676
676 337
677 678
677 729
678 831
679 680
679 1021
680 607
681 227
681 682
682 223
683 91
683 684
684 860
685 5
685 686
686 1118
687 234
687 688
688 812
689 690
689 1110
690 86
691 692
691 695
692 284
693 414
693 694
694 1054
695 431
695 696
696 1142
697 698
697 1015
698 1032
699 173
699 700
700 772
701 417
701 702
702 856
703 63
703 704
704 398
705 216
705 706
706 446
707 515
707 708
708 268
709 92
709 710
710 188
711 325
711 712
712 921
713 491
713 714
714 16
715 522
715 716
716 889
717 718
717 897
718 919
719 221
719 720
720 1102
721 722
721 1121
722 927
723 724
723 1145
724 516
725 726
725 1022
726 155
727 728
727 950
728 236
729 730
729 1135
730 1070
731 139
731 732
732 918
733 112
733 734
734 672
735 736
735 1031
736 1077
737 738
737 1048
738 312
739 503
739 740
740 264
741 742
741 1171
742 323
743 744
743 813
744 1004
745 151
745 746
746 934
747 661
747 748
748 586
749 375
749 750
750 102
751 752
751 861
752 649
753 719
753 754
754 502
755 425
755 756
756 177
757 758
757 1101
758 4
759 509
759 760
760 285
761 762
761 1060
762 211
763 37
763 764
764 1212
765 766
765 981
766 1024
767 201
767 768
768 764
769 101
769 770
770 634
771 111
771 772
772 836
773 226
773 774
774 93
775 527
775 776
776 744
777 778
777 800
778 696
779 322
779 780
780 504
781 782
781 865
782 638
783 751
783 784
784 757
785 720
785 786
786 335
787 741
787 788
788 775
789 109
789 790
790 314
791 154
791 792
792 978
793 794
793 1185
794 165
795 561
795 796
796 94
797 753
797 798
798 1072
799 443
799 800
800 845
801 308
801 802
802 666
803 804
803 1094
804 984
805 180
805 806
806 660
807 808
807 1074
808 451
809 389
809 810
810 706
811 367
811 812
812 1132
813 150
813 814
814 401
815 679
815 816
816 682
817 547
817 818
818 376
819 820
819 916
820 882
821 698
821 822
822 200
823 721
823 824
824 726
825 104
825 826
826 709
827 725
827 828
828 148
829 830
829 1051
830 1198
831 107
831 832
832 675
833 43
833 834
834 913
835 836
835 1159
836 595
837 49
837 838
838 802
839 351
839 840
840 1036
841 97
841 842
842 134
843 326
843 844
844 306
845 846
845 988
846 174
847 848
847 1071
848 136
849 31
849 850
850 1183
851 669
851 852
852 130
853 854
853 1003
854 347
855 711
855 856
856 203
857 427
857 858
858 87
859 860
859 903
860 64
861 621
861 862
862 855
863 796
863 864
864 50
865 327
865 866
866 418
867 868
867 941
868 114
869 843
869 870
870 127
871 568
871 872
872 1152
873 874
873 1200
874 1018
875 876
875 1099
876 1098
877 395
877 878
878 361
879 880
879 1059
880 368
881 882
881 1139
882 1104
883 884
883 891
884 596
885 886
885 1157
886 336
887 687
887 888
888 530
889 890
889 1044
890 526
891 245
891 892
892 693
893 894
893 1165
894 639
895 363
895 896
896 277
897 453
897 898
898 128
899 900
899 924
900 838
901 569
901 902
902 606
903 809
903 904
904 120
905 385
905 906
906 78
907 317
907 908
908 199
909 899
909 910
910 1046
911 559
911 912
912 95
913 39
913 914
914 298
915 145
915 916
916 752
917 369
917 918
918 32
919 920
919 1095
920 760
921 881
921 922
922 490
923 924
923 1179
924 598
925 926
925 938
926 260
927 60
927 928
928 630
929 477
929 930
930 290
931 549
931 932
932 372
933 762
933 934
934 15
935 2
935 936
936 445
937 597
937 938
938 1163
939 940
939 962
940 158
941 447
941 942
942 883
943 851
943 944
944 476
945 371
945 946
946 811
947 42
947 948
948 22
949 163
949 950
950 1177
951 345
951 952
952 220
953 71
953 954
954 244
955 213
955 956
956 492
957 678
957 958
958 763
959 11
959 960
960 654
961 877
961 962
962 29
963 964
963 972
964 426
965 966
965 969
966 734
967 814
967 968
968 858
969 505
969 970
970 628
971 629
971 972
972 423
973 676
973 974
974 378
975 230
975 976
976 409
977 978
977 1170
978 824
979 611
979 980
980 641
981 486
981 982
982 456
983 494
983 984
984 465
985 183
985 986
986 554
987 988
987 1089
988 208
989 26
989 990
990 917
991 992
991 1201
992 74
993 25
993 994
994 1033
995 996
995 1045
996 779
997 853
997 998
998 126
999 879
999 1000
1000 355
1001 311
1001 1002
1002 1114
1003 27
1003 1004
1004 341
1005 1006
1005 1043
1006 196
1007 1008
1007 1169
1008 1206
1009 23
1009 1010
1010 68
1011 481
1011 1012
1012 964
1013 449
1013 1014
1014 402
1015 980
1015 1016
1016 242
1017 1018
1017 1127
1018 518
1019 971
1019 1020
1020 872
1021 153
1021 1022
1022 138
1023 840
1023 1024
1024 162
1025 886
1025 1026
1026 1066
1027 707
1027 1028
1028 982
1029 737
1029 1030
1030 1016
1031 1032
1031 1093
1032 410
1033 585
1033 1034
1034 1050
1035 829
1035 1036
1036 295
1037 926
1037 1038
1038 517
1039 1040
1039 1209
1040 433
1041 185
1041 1042
1042 435
1043 304
1043 1044
1044 1158
1045 665
1045 1046
1046 352
1047 799
1047 1048
1048 937
1049 85
1049 1050
1050 458
1051 999
1051 1052
1052 520
1053 384
1053 1054
1054 170
1055 593
1055 1056
1056 1116
1057 1058
1057 1063
1058 90
1059 1060
1059 1207
1060 1184
1061 99
1061 1062
1062 591
1063 939
1063 1064
1064 278
1065 276
1065 1066
1066 394
1067 702
1067 1068
1068 1078
1069 657
1069 1070
1070 1105
1071 791
1071 1072
1072 164
1073 105
1073 1074
1074 1067
1075 206
1075 1076
1076 552
1077 538
1077 1078
1078 210
1079 904
1079 1080
1080 436
1081 781
1081 1082
1082 468
1083 281
1083 1084
1084 40
1085 58
1085 1086
1086 622
1087 1088
1087 1100
1088 1173
1089 589
1089 1090
1090 801
1091 77
1091 1092
1092 673
1093 895
1093 1094
1094 631
1095 501
1095 1096
1096 558
1097 854
1097 1098
1098 648
1099 985
1099 1100
1100 1188
1101 391
1101 1102
1102 663
1103 1037
1103 1104
1104 968
1105 61
1105 1106
1106 1175
1107 594
1107 1108
1108 1113
1109 1110
1109 1128
1110 567
1111 69
1111 1112
1112 299
1113 1103
1113 1114
1114 88
1115 834
1115 1116
1116 1143
1117 181
1117 1118
1118 1025
1119 603
1119 1120
1120 542
1121 184
1121 1122
1122 479
1123 680
1123 1124
1124 578
1125 1075
1125 1126
1126 313
1127 573
1127 1128
1128 685
1129 857
1129 1130
1130 1065
1131 209
1131 1132
1132 960
1133 483
1133 1134
1134 936
1135 1136
1135 1210
1136 713
1137 461
1137 1138
1138 625
1139 169
1139 1140
1140 383
1141 1028
1141 1142
1142 748
1143 688
1143 1144
1144 618
1145 731
1145 1146
1146 710
1147 929
1147 1148
1148 613
1149 198
1149 1150
1150 640
1151 251
1151 1152
1152 580
1153 778
1153 1154
1154 13
1155 511
1155 1156
1156 470
1157 125
1157 1158
1158 828
1159 1160
1159 1203
1160 1182
1161 289
1161 1162
1162 374
1163 115
1163 1164
1164 440
1165 319
1165 1166
1166 887
1167 233
1167 1168
1168 1079
1169 681
1169 1170
1170 776
1171 525
1171 1172
1172 275
1173 986
1173 1174
1174 700
1175 124
1175 1176
1176 959
1177 664
1177 1178
1178 471
1179 537
1179 1180
1180 546
1181 946
1181 1182
1182 406
1183 551
1183 1184
1184 560
1185 543
1185 1186
1186 624
1187 475
1187 1188
1188 45
1189 1085
1189 1190
1190 581
1191 271
1191 1192
1192 866
1193 562
1193 1194
1194 715
1195 356
1195 1196
1196 1115
1197 550
1197 1198
1198 30
1199 1137
1199 1200
1200 1164
1201 469
1201 1202
1202 759
1203 38
1203 1204
1204 1138
1205 1008
1205 1206
1206 33
1207 1019
1207 1208
1208 172
1209 767
1209 1210
1210 359
1211 168
1211 1212
1212 888
1213 975
1213 1214
1214 1194
