0 611
0 765
3 519
3 849
4 5
4 68
5 815
6 35
7 137
7 279
8 84
8 899
10 393
9 1053
11 304
11 412
13 267
13 974
15 1067
15 1102
17 227
17 873
19 147
19 761
21 374
21 701
23 24
23 473
24 965
25 26
25 343
26 704
27 28
27 467
28 389
29 30
29 626
30 572
31 32
31 1198
32 1124
33 34
33 359
34 1066
35 36
35 1108
36 882
37 38
37 45
38 52
39 40
39 1131
40 1042
41 42
41 588
42 650
43 44
43 70
44 195
45 46
45 241
46 755
47 48
47 557
48 392
49 50
49 301
50 144
51 52
51 853
52 1184
53 54
53 524
54 162
55 56
55 154
56 270
57 58
57 498
58 937
59 60
59 837
60 1157
61 62
61 615
62 585
63 64
63 544
64 174
65 66
65 1081
66 1208
67 17
67 68
68 234
69 70
69 499
70 322
71 72
71 287
72 58
73 74
73 1145
74 1094
75 76
75 1112
76 966
77 78
77 159
78 700
79 80
79 113
80 6
81 82
81 543
82 523
83 84
83 333
84 635
85 86
85 366
86 282
87 88
87 677
88 372
89 90
89 170
90 730
91 92
91 176
92 762
93 94
93 514
94 954
95 96
95 599
96 376
97 98
97 244
98 682
99 100
99 1185
100 1078
101 102
101 858
102 298
103 104
103 902
104 559
105 106
105 968
106 722
107 108
107 792
108 646
109 110
109 466
110 542
111 112
111 908
112 375
113 114
113 1161
114 593
115 116
115 1195
116 1033
117 118
117 823
118 845
119 120
119 1028
120 146
121 122
121 1063
122 822
123 124
123 769
124 719
125 126
125 679
126 789
127 128
127 824
128 1148
129 99
129 130
130 759
131 132
131 963
132 1193
133 134
133 501
134 729
135 136
135 612
136 518
137 138
137 293
138 210
139 140
139 811
140 323
141 142
141 812
142 290
143 144
143 369
144 190
145 146
145 521
146 633
147 148
147 839
148 110
149 150
149 1113
150 999
151 152
151 1039
152 832
153 154
153 1135
154 1087
155 156
155 773
156 314
157 158
157 1023
158 1075
159 160
159 1034
160 34
161 162
161 1132
162 1012
163 164
163 814
164 852
165 166
165 329
166 266
167 168
167 994
168 952
169 170
169 754
170 806
171 72
171 172
172 1130
173 174
173 1105
174 1186
175 176
175 629
176 764
177 178
177 516
178 541
179 180
179 477
180 922
181 182
181 438
182 1206
183 184
183 1099
184 790
185 186
185 428
186 128
187 129
187 188
188 338
189 177
189 190
190 192
191 192
191 562
192 248
193 194
193 271
194 1151
195 196
195 1057
196 488
197 33
197 198
198 404
199 200
199 838
200 1106
201 202
201 1111
202 442
203 193
203 204
204 690
205 206
205 517
206 8
207 208
207 1203
208 971
209 75
209 210
210 1026
211 10
211 212
212 1017
213 214
213 699
214 105
215 216
215 944
216 688
217 218
217 1171
218 547
219 65
219 220
220 30
221 222
221 573
222 449
223 224
223 681
224 3
225 205
225 226
226 470
227 228
227 884
228 1041
229 230
229 457
230 142
231 232
231 689
232 1074
233 234
233 1077
234 506
235 236
235 382
236 96
237 238
237 1092
238 441
239 240
239 718
240 863
241 183
241 242
242 360
243 244
243 563
244 160
245 246
245 981
246 252
247 26
247 248
248 736
249 219
249 250
250 436
251 252
251 687
252 804
253 254
253 741
254 723
255 256
255 493
256 1037
257 181
257 258
258 53
259 260
259 745
260 1162
261 262
261 311
262 532
263 46
263 264
264 906
265 266
265 1147
266 1123
267 226
267 268
268 851
269 270
269 955
270 834
271 272
271 1169
272 949
273 274
273 871
274 1146
275 171
275 276
276 1196
277 31
277 278
278 148
279 280
279 587
280 394
281 178
281 282
282 214
283 29
283 284
284 1018
285 218
285 286
286 98
287 288
287 565
288 808
289 290
289 569
290 50
291 292
291 1166
292 1076
293 139
293 294
294 932
295 296
295 917
296 285
297 298
297 510
298 1056
299 300
299 777
300 1115
301 302
301 348
302 768
303 304
303 577
304 390
305 306
305 733
306 245
307 308
307 763
308 975
309 310
309 1177
310 378
311 312
311 341
312 913
313 314
313 738
314 478
315 316
315 1027
316 1188
317 49
317 318
318 782
319 320
319 1101
320 989
321 322
321 731
322 120
323 212
323 324
324 758
325 185
325 326
326 1061
327 328
327 511
328 464
329 330
329 525
330 1176
331 332
331 664
332 94
333 95
333 334
334 564
335 336
335 881
336 775
337 59
337 338
338 805
339 340
339 1013
340 444
341 342
341 1183
342 272
343 344
343 471
344 1024
345 346
345 568
346 737
347 348
347 799
348 929
349 350
349 1073
350 550
351 25
351 352
352 962
353 213
353 354
354 1190
355 356
355 411
356 1120
357 127
357 358
358 141
359 360
359 713
360 552
361 362
361 1088
362 760
363 238
363 364
364 90
365 366
365 459
366 407
367 368
367 946
368 614
369 357
369 370
370 1000
371 372
371 751
372 89
373 374
373 1100
374 527
375 42
375 376
376 278
377 378
377 967
378 576
379 380
379 604
380 1032
381 382
381 1192
382 1122
383 91
383 384
384 352
385 60
385 386
386 1126
387 388
387 1085
388 641
389 335
389 390
390 268
391 392
391 1055
392 88
393 351
393 394
394 868
395 396
395 513
396 165
397 398
397 991
398 854
399 400
399 610
400 916
401 402
401 709
402 594
403 269
403 404
404 860
405 406
405 489
406 235
407 408
407 781
408 596
409 71
409 410
410 533
411 412
411 1036
412 649
413 149
413 414
414 1165
415 416
415 592
416 956
417 346
417 418
418 355
419 420
419 1058
420 744
421 203
421 422
422 434
423 424
423 818
424 172
425 426
425 531
426 1020
427 428
427 747
428 51
429 344
429 430
430 897
431 432
431 481
432 145
433 67
433 434
434 300
435 251
435 436
436 948
437 438
437 900
438 706
439 347
439 440
440 1159
441 442
441 807
442 1142
443 444
443 1001
444 696
445 446
445 1173
446 847
447 420
447 448
448 350
449 419
449 450
450 200
451 9
451 452
452 560
453 454
453 826
454 292
455 456
455 951
456 995
457 255
457 458
458 684
459 396
459 460
460 1180
461 353
461 462
462 86
463 123
463 464
464 613
465 28
465 466
466 767
467 468
467 591
468 414
469 470
469 655
470 492
471 124
471 472
472 1156
473 474
473 918
474 1212
475 289
475 476
476 670
477 194
477 478
478 1119
479 312
479 480
480 362
481 482
481 1121
482 381
483 484
483 535
484 430
485 486
485 796
486 456
487 488
487 819
488 230
489 83
489 490
490 621
491 492
491 835
492 678
493 494
493 639
494 79
495 433
495 496
496 9
497 498
497 642
498 254
499 500
499 791
500 1004
501 163
501 502
502 258
503 504
503 1182
504 872
505 117
505 506
506 152
507 508
507 911
508 943
509 510
509 977
510 299
511 512
511 651
512 601
513 15
513 514
514 107
515 327
515 516
516 201
517 518
517 1140
518 1197
519 520
519 786
520 1019
521 281
521 522
522 415
523 216
523 524
524 582
525 526
525 893
526 371
527 417
527 528
528 66
529 55
529 530
530 189
531 532
531 1201
532 919
533 18
533 534
534 680
535 536
535 903
536 468
537 429
537 538
538 980
539 204
539 540
540 1155
541 542
541 579
542 1168
543 544
543 1038
544 1008
545 546
545 1207
546 1138
547 548
547 658
548 1054
549 550
549 938
550 356
551 253
551 552
552 363
553 373
553 554
554 249
555 556
555 992
556 634
557 558
557 691
558 538
559 560
559 720
560 776
561 562
561 1015
562 717
563 564
563 865
564 901
565 566
565 993
566 964
567 495
567 568
568 1191
569 305
569 570
570 870
571 572
571 666
572 972
573 197
573 574
574 400
575 10
575 576
576 1016
577 225
577 578
578 38
579 580
579 705
580 756
581 336
581 582
582 500
583 584
583 595
584 1047
585 237
585 586
586 891
587 588
587 1052
588 707
589 590
589 1005
590 121
591 325
591 592
592 548
593 594
593 831
594 1103
595 596
595 978
596 182
597 480
597 598
598 56
599 600
599 886
600 74
601 602
601 657
602 198
603 604
603 1051
604 674
605 109
605 606
606 386
607 608
607 624
608 14
609 610
609 850
610 310
611 612
611 885
612 749
613 614
613 982
614 632
615 475
615 616
616 119
617 106
617 618
618 291
619 620
619 1129
620 1082
621 126
621 622
622 418
623 624
623 1049
624 242
625 626
625 1205
626 644
627 628
627 715
628 100
629 630
629 663
630 377
631 632
631 1141
632 774
633 111
633 634
634 288
635 491
635 636
636 721
637 175
637 638
638 158
639 640
639 1107
640 866
641 284
641 642
642 209
643 365
643 644
644 877
645 600
645 646
646 450
647 648
647 1097
648 140
649 650
649 985
650 757
651 39
651 652
652 662
653 654
653 830
654 326
655 87
655 656
656 262
657 658
657 840
658 803
659 627
659 660
660 48
661 581
661 662
662 930
663 453
663 664
664 539
665 666
665 1153
666 328
667 405
667 668
668 1046
669 609
669 670
670 1160
671 41
671 672
672 816
673 342
673 674
674 924
675 461
675 676
676 302
677 7
677 678
678 1031
679 115
679 680
680 502
681 125
681 682
682 855
683 684
683 988
684 211
685 686
685 693
686 607
687 297
687 688
688 660
689 690
689 933
690 859
691 130
691 692
692 80
693 694
693 1163
694 1104
695 696
695 1202
696 732
697 698
697 779
698 1189
699 700
699 793
700 540
701 702
701 1098
702 321
703 93
703 704
704 676
705 706
705 1174
706 848
707 247
707 708
708 904
709 710
709 979
710 842
711 712
711 1069
712 1110
713 714
713 1139
714 668
715 233
715 716
716 625
717 685
717 718
718 114
719 622
719 720
720 895
721 337
721 722
722 380
723 108
723 724
724 558
725 726
725 742
726 753
727 728
727 953
728 654
729 730
729 1170
730 54
731 586
731 732
732 12
733 529
733 734
734 571
735 736
735 935
736 820
737 738
737 1181
738 264
739 740
739 879
740 1089
741 742
741 987
742 567
743 744
743 1029
744 435
745 746
745 939
746 306
747 229
747 748
748 583
749 712
749 750
750 496
751 515
751 752
752 686
753 754
753 927
754 997
755 756
755 1080
756 888
757 423
757 758
758 16
759 395
759 760
760 384
761 313
761 762
762 976
763 555
763 764
764 448
765 431
765 766
766 984
767 485
767 768
768 318
769 575
769 770
770 330
771 665
771 772
772 370
773 748
773 774
774 1134
775 4
775 776
776 1172
777 391
777 778
778 486
779 526
779 780
780 1006
781 387
781 782
782 156
783 319
783 784
784 752
785 439
785 786
786 151
787 788
787 931
788 798
789 790
789 1175
790 1144
791 81
791 792
792 1164
793 630
793 794
794 1211
795 349
795 796
796 406
797 482
797 798
798 239
799 443
799 800
800 950
801 155
801 802
802 368
803 804
803 821
804 878
805 806
805 973
806 1064
807 275
807 808
808 618
809 73
809 810
810 566
811 812
811 883
812 914
813 814
813 1065
814 294
815 816
815 1213
816 32
817 640
817 818
818 240
819 345
819 820
820 617
821 766
821 822
822 957
823 795
823 824
824 675
825 826
825 1009
826 743
827 683
827 828
828 986
829 589
829 830
830 947
831 832
831 1010
832 728
833 834
833 1011
834 97
835 697
835 836
836 528
837 838
837 846
838 224
839 840
839 945
840 1091
841 842
841 867
842 703
843 647
843 844
844 256
845 530
845 846
846 1209
847 602
847 848
848 150
849 628
849 850
850 874
851 308
851 852
852 638
853 432
853 854
854 780
855 122
855 856
856 168
857 858
857 1149
858 422
859 507
859 860
860 810
861 61
861 862
862 228
863 92
863 864
864 990
865 866
865 1137
866 296
867 711
867 868
868 76
869 659
869 870
870 497
871 397
871 872
872 1118
873 487
873 874
874 907
875 208
875 876
876 1210
877 878
877 1040
878 880
879 880
879 905
880 452
881 199
881 882
882 801
883 143
883 884
884 603
885 309
885 886
886 1021
887 888
887 909
888 1194
889 331
889 890
890 340
891 892
891 915
892 570
893 894
893 934
894 135
895 36
895 896
896 1136
897 828
897 898
898 1048
899 900
899 925
900 426
901 841
901 902
902 222
903 598
903 904
904 462
905 551
905 906
906 20
907 277
907 908
908 1204
909 910
909 923
910 702
911 509
911 912
912 1114
913 716
913 914
914 161
915 916
915 961
916 875
917 918
917 1143
918 912
919 920
919 1059
920 173
921 379
921 922
922 778
923 490
923 924
924 694
925 425
925 926
926 784
927 928
927 941
928 1
929 889
929 930
930 320
931 932
931 1167
932 1083
933 934
933 1025
934 983
935 725
935 936
936 78
937 246
937 938
938 996
939 207
939 940
940 250
941 894
941 942
942 1003
943 944
943 1109
944 892
945 427
945 946
946 388
947 783
947 948
948 166
949 636
949 950
950 136
951 280
951 952
952 740
953 295
953 954
954 276
955 112
955 956
956 410
957 802
957 958
958 367
959 896
959 960
960 138
961 962
961 1007
962 1090
963 385
963 964
964 215
965 196
965 966
966 354
967 206
967 968
968 970
969 940
969 970
970 549
971 132
971 972
972 556
973 974
973 1158
974 358
975 455
975 976
976 1086
977 978
977 1022
978 403
979 44
979 980
980 22
981 982
981 1214
982 134
983 413
983 984
984 584
985 986
985 1071
986 260
987 505
987 988
988 153
989 24
989 990
990 620
991 445
991 992
992 546
993 920
993 994
994 398
995 734
995 996
996 890
997 998
997 1070
998 578
999 1000
999 1178
1000 324
1001 809
1001 1002
1002 131
1003 399
1003 1004
1004 864
1005 47
1005 1006
1006 11
1007 402
1007 1008
1008 671
1009 887
1009 1010
1010 463
1011 827
1011 1012
1012 408
1013 232
1013 1014
1014 998
1015 37
1015 1016
1016 286
1017 69
1017 1018
1018 1014
1019 1020
1019 1084
1020 460
1021 825
1021 1022
1022 862
1023 1024
1023 1093
1024 476
1025 785
1025 1026
1026 724
1027 726
1027 1028
1028 103
1029 1030
1029 1079
1030 590
1031 21
1031 1032
1032 1117
1033 735
1033 1034
1034 451
1035 1036
1035 1179
1036 800
1037 13
1037 1038
1038 645
1039 554
1039 1040
1040 164
1041 1042
1041 1043
1042 383
1043 334
1043 1044
1044 62
1045 813
1045 1046
1046 648
1047 698
1047 1048
1048 57
1049 167
1049 1050
1050 40
1051 179
1051 1052
1052 643
1053 458
1053 1054
1054 483
1055 1002
1055 1056
1056 536
1057 545
1057 1058
1058 27
1059 361
1059 1060
1060 746
1061 307
1061 1062
1062 928
1063 619
1063 1064
1064 898
1065 673
1065 1066
1066 942
1067 261
1067 1068
1068 794
1069 508
1069 1070
1070 474
1071 710
1071 1072
1072 817
1073 259
1073 1074
1074 669
1075 969
1075 1076
1076 1096
1077 273
1077 1078
1078 1199
1079 303
1079 1080
1080 315
1081 5
1081 1082
1082 1095
1083 910
1083 1084
1084 714
1085 1086
1085 1133
1086 537
1087 421
1087 1088
1088 217
1089 64
1089 1090
1090 316
1091 692
1091 1092
1092 133
1093 409
1093 1094
1094 936
1095 202
1095 1096
1096 836
1097 1068
1097 1098
1098 522
1099 857
1099 1100
1100 265
1101 1102
1101 1125
1102 364
1103 770
1103 1104
1104 1187
1105 184
1105 1106
1106 876
1107 561
1107 1108
1108 1044
1109 695
1109 1110
1110 797
1111 869
1111 1112
1112 484
1113 771
1113 1114
1114 236
1115 608
1115 1116
1116 186
1117 169
1117 1118
1118 102
1119 188
1119 1120
1120 580
1121 1122
1121 1127
1122 447
1123 437
1123 1124
1124 454
1125 465
1125 1126
1126 597
1127 187
1127 1128
1128 520
1129 263
1129 1130
1130 472
1131 317
1131 1132
1132 652
1133 118
1133 1134
1134 672
1135 231
1135 1136
1136 339
1137 829
1137 1138
1138 605
1139 19
1139 1140
1140 861
1141 1045
1141 1142
1142 1062
1143 223
1143 1144
1144 1128
1145 1035
1145 1146
1146 332
1147 494
1147 1148
1148 424
1149 667
1149 1150
1150 631
1151 104
1151 1152
1152 921
1153 787
1153 1154
1154 23
1155 623
1155 1156
1156 220
1157 440
1157 1158
1158 959
1159 512
1159 1160
1160 1060
1161 479
1161 1162
1162 257
1163 1030
1163 1164
1164 63
1165 82
1165 1166
1166 534
1167 85
1167 1168
1168 1072
1169 469
1169 1170
1170 504
1171 1150
1171 1172
1172 416
1173 401
1173 1174
1174 750
1175 637
1175 1176
1176 1152
1177 739
1177 1178
1178 926
1179 243
1179 1180
1180 1154
1181 656
1181 1182
1182 708
1183 221
1183 1184
1184 446
1185 43
1185 1186
1186 772
1187 157
1187 1188
1188 2
1189 606
1189 1190
1190 180
1191 77
1191 1192
1192 553
1193 958
1193 1194
1194 101
1195 833
1195 1196
1196 856
1197 653
1197 1198
1198 503
1199 661
1199 1200
1200 574
1201 843
1201 1202
1202 191
1203 727
1203 1204
1204 283
1205 844
1205 1206
1206 274
1207 788
1207 1208
1208 960
1209 616
1209 1210
1210 1116
1211 116
1211 1212
1212 1050
1213 6
1213 1214
1214 1200
