0 289
0 501
1 87
1 259
3 148
3 688
4 81
4 749
5 490
6 1009
8 486
8 805
9 354
9 682
10 332
10 1204
11 310
12 272
15 360
15 848
17 61
17 667
19 452
19 755
21 488
21 1180
23 24
23 624
24 878
25 6
25 26
26 743
27 28
27 1133
28 860
29 30
29 366
30 935
31 32
31 989
32 534
33 34
33 775
34 724
35 36
35 961
36 1013
37 38
37 539
38 875
39 40
39 83
40 945
41 42
41 80
42 720
43 44
43 634
44 697
45 46
45 540
46 469
47 48
47 194
48 430
49 50
49 363
50 1149
51 52
51 711
52 766
53 54
53 341
54 336
55 56
55 161
56 1090
57 58
57 1024
58 200
59 60
59 625
60 254
61 62
61 987
62 599
63 64
63 465
64 441
65 66
65 123
66 404
67 68
67 199
68 66
69 70
69 1121
70 1071
71 72
71 677
72 551
73 74
73 728
74 567
75 76
75 799
76 30
77 78
77 317
78 1200
79 80
79 175
80 54
81 82
81 693
82 324
83 84
83 171
84 1073
85 86
85 1195
86 395
87 88
87 991
88 236
89 90
89 809
90 435
91 92
91 267
92 382
93 94
93 135
94 626
95 96
95 275
96 218
97 98
97 666
98 650
99 100
99 447
100 250
101 102
101 931
102 438
103 104
103 1049
104 136
105 106
105 453
106 842
107 108
107 847
108 518
109 110
109 1021
110 1206
111 112
111 241
112 508
113 97
113 114
114 358
115 116
115 771
116 741
117 118
117 287
118 1150
119 120
119 229
120 716
121 122
121 810
122 619
123 124
123 1137
124 1178
125 126
125 499
126 1060
127 128
127 829
128 158
129 130
129 714
130 596
131 132
131 736
132 350
133 134
133 899
134 814
135 53
135 136
136 699
137 138
137 965
138 428
139 140
139 719
140 550
141 142
141 964
142 1096
143 144
143 331
144 1046
145 146
145 826
146 912
147 148
147 526
148 5
149 150
149 260
150 880
151 152
151 308
152 1194
153 90
153 154
154 277
155 156
155 616
156 797
157 158
157 1130
158 1014
159 160
159 1099
160 95
161 162
161 198
162 1181
163 119
163 164
164 50
165 166
165 705
166 530
167 168
167 796
168 7
169 170
169 485
170 786
171 172
171 739
172 1120
173 174
173 657
174 19
175 176
175 633
176 676
177 178
177 387
178 410
179 180
179 654
180 151
181 182
181 513
182 522
183 184
183 589
184 412
185 186
185 683
186 1063
187 188
187 464
188 894
189 190
189 209
190 131
191 192
191 668
192 646
193 194
193 1153
194 37
195 196
195 1152
196 134
197 198
197 777
198 801
199 200
199 201
200 532
201 202
201 779
202 328
203 204
203 885
204 1012
205 206
205 750
206 179
207 208
207 627
208 1040
209 210
209 386
210 614
211 212
211 425
212 735
213 214
213 955
214 643
215 216
215 975
216 23
217 218
217 365
218 307
219 220
219 502
220 299
221 72
221 222
222 1001
223 25
223 224
224 694
225 226
225 284
226 71
227 228
227 1113
228 768
229 113
229 230
230 722
231 232
231 857
232 623
233 234
233 311
234 653
235 236
235 457
236 2
237 238
237 937
238 355
239 36
239 240
240 1106
241 242
241 993
242 528
243 244
243 941
244 24
245 246
245 1107
246 793
247 248
247 601
248 1026
249 250
249 1126
250 996
251 222
251 252
252 1168
253 254
253 951
254 882
255 256
255 1025
256 279
257 258
257 686
258 240
259 260
259 753
260 594
261 214
261 262
262 527
263 264
263 462
264 546
265 266
265 1087
266 670
267 268
267 621
268 474
269 270
269 605
270 1045
271 272
271 703
272 966
273 274
273 861
274 11
275 276
275 761
276 256
277 278
277 925
278 642
279 280
279 839
280 128
281 282
281 707
282 168
283 284
283 967
284 413
285 286
285 660
286 836
287 288
287 985
288 1105
289 290
289 557
290 661
291 292
291 953
292 448
293 294
293 827
294 1190
295 296
295 648
296 517
297 15
297 298
298 639
299 300
299 384
300 864
301 302
301 1186
302 798
303 35
303 304
304 911
305 306
305 769
306 481
307 308
307 1154
308 402
309 107
309 310
310 1183
311 312
311 1205
312 791
313 314
313 338
314 586
315 291
315 316
316 588
317 318
317 1089
318 378
319 320
319 503
320 843
321 322
321 602
322 394
323 324
323 556
324 142
325 326
325 1067
326 855
327 184
327 328
328 1079
329 330
329 1055
330 344
331 304
331 332
332 802
333 208
333 334
334 1016
335 336
335 1163
336 408
337 338
337 838
338 744
339 340
339 773
340 480
341 21
341 342
342 730
343 282
343 344
344 390
345 346
345 914
346 178
347 253
347 348
348 548
349 350
349 757
350 1104
351 352
351 673
352 742
353 91
353 354
354 92
355 356
355 990
356 278
357 358
357 630
358 288
359 360
359 929
360 1029
361 294
361 362
362 419
363 364
363 1064
364 726
365 366
365 765
366 974
367 361
367 368
368 11
369 370
369 1184
370 46
371 372
371 774
372 440
373 374
373 938
374 892
375 376
375 740
376 600
377 378
377 1201
378 340
379 380
379 968
380 423
381 297
381 382
382 1093
383 384
383 533
384 264
385 386
385 392
386 1098
387 388
387 1051
388 493
389 102
389 390
390 224
391 392
391 783
392 205
393 261
393 394
394 856
395 166
395 396
396 342
397 398
397 672
398 343
399 400
399 658
400 934
401 186
401 402
402 831
403 51
403 404
404 470
405 406
405 1123
406 609
407 79
407 408
408 364
409 410
409 701
410 220
411 412
411 812
412 103
413 271
413 414
414 900
415 203
415 416
416 398
417 418
417 895
418 824
419 6
419 420
420 696
421 422
421 998
422 396
423 424
423 656
424 192
425 421
425 426
426 821
427 428
427 981
428 170
429 430
429 578
430 20
431 432
431 729
432 137
433 84
433 434
434 928
435 436
435 563
436 893
437 438
437 1068
438 228
439 401
439 440
440 866
441 442
441 1127
442 608
443 189
443 444
444 190
445 446
445 631
446 216
447 221
447 448
448 252
449 450
449 1144
450 644
451 385
451 452
452 698
453 454
453 803
454 235
455 112
455 456
456 1038
457 145
457 458
458 1174
459 314
459 460
460 257
461 105
461 462
462 1112
463 464
463 905
464 195
465 466
465 920
466 1164
467 5
467 468
468 792
469 141
469 470
470 270
471 472
471 587
472 346
473 383
473 474
474 333
475 476
475 962
476 68
477 70
477 478
478 1034
479 337
479 480
480 704
481 482
481 1015
482 874
483 484
483 751
484 458
485 486
485 1017
486 992
487 488
487 1203
488 1039
489 490
489 723
490 828
491 492
491 1158
492 568
493 42
493 494
494 1000
495 496
495 944
496 984
497 498
497 1011
498 391
499 500
499 927
500 952
501 227
501 502
502 862
503 417
503 504
504 994
505 506
505 747
506 514
507 4
507 508
508 919
509 510
509 558
510 758
511 512
511 597
512 172
513 514
513 815
514 152
515 516
515 1134
516 45
517 518
517 764
518 560
519 397
519 520
520 78
521 522
521 830
522 870
523 524
523 715
524 1207
525 426
525 526
526 988
527 528
527 762
528 418
529 530
529 873
530 459
531 532
531 575
532 414
533 534
533 620
534 854
535 223
535 536
536 32
537 538
537 1010
538 280
539 540
539 1122
540 432
541 542
541 671
542 1065
543 525
543 544
544 26
545 546
545 1169
546 12
547 381
547 548
548 898
549 544
549 550
550 478
551 552
551 948
552 632
553 393
553 554
554 242
555 454
555 556
556 721
557 17
557 558
558 125
559 560
559 1214
560 368
561 562
561 833
562 120
563 159
563 564
564 622
565 566
565 1211
566 607
567 47
567 568
568 685
569 67
569 570
570 1176
571 283
571 572
572 986
573 574
573 859
574 388
575 85
575 576
576 940
577 578
577 863
578 468
579 580
579 823
580 867
581 573
581 582
582 484
583 584
583 1019
584 122
585 586
585 1050
586 800
587 588
587 1035
588 763
589 511
589 590
590 1136
591 592
591 1145
592 649
593 594
593 1097
594 293
595 596
595 746
596 300
597 598
597 1167
598 1138
599 39
599 600
600 1018
601 602
601 1160
602 496
603 604
603 1003
604 130
605 347
605 606
606 482
607 590
607 608
608 1036
609 610
609 915
610 129
611 327
611 612
612 813
613 614
613 1091
614 86
615 616
615 675
616 144
617 415
617 618
618 844
619 204
619 620
620 1032
621 622
621 795
622 18
623 553
623 624
624 890
625 613
625 626
626 207
627 628
627 804
628 1146
629 593
629 630
630 872
631 94
631 632
632 760
633 634
633 1155
634 305
635 636
635 887
636 286
637 521
637 638
638 772
639 509
639 640
640 1094
641 642
641 978
642 692
643 644
643 1210
644 906
645 646
645 918
646 258
647 43
647 648
648 581
649 231
649 650
650 946
651 106
651 652
652 370
653 654
653 1166
654 960
655 3
655 656
656 1047
657 603
657 658
658 196
659 455
659 660
660 226
661 662
661 849
662 547
663 150
663 664
664 334
665 666
665 1075
666 577
667 59
667 668
668 564
669 400
669 670
670 846
671 498
671 672
672 1198
673 126
673 674
674 926
675 676
675 680
676 850
677 678
677 785
678 58
679 680
679 997
680 491
681 682
681 727
682 868
683 542
683 684
684 555
685 686
685 781
686 916
687 688
687 1147
688 437
689 690
689 1212
690 244
691 353
691 692
692 155
693 694
693 869
694 1002
695 696
695 822
696 959
697 177
697 698
698 669
699 700
699 851
700 1054
701 434
701 702
702 167
703 111
703 704
704 321
705 659
705 706
706 732
707 708
707 877
708 1056
709 206
709 710
710 460
711 712
711 817
712 266
713 714
713 1005
714 109
715 367
715 716
716 476
717 238
717 718
718 348
719 463
719 720
720 1110
721 104
721 722
722 117
723 285
723 724
724 132
725 479
725 726
726 356
727 523
727 728
728 778
729 730
729 1058
730 1006
731 732
731 1193
732 49
733 9
733 734
734 29
735 183
735 736
736 980
737 245
737 738
738 345
739 687
739 740
740 1213
741 500
741 742
742 1023
743 662
743 744
744 1082
745 27
745 746
746 12
747 748
747 921
748 865
749 303
749 750
750 169
751 752
751 1185
752 64
753 545
753 754
754 14
755 40
755 756
756 1142
757 75
757 758
758 1043
759 138
759 760
760 939
761 762
761 1171
762 969
763 467
763 764
764 1074
765 69
765 766
766 1020
767 217
767 768
768 442
769 770
769 1175
770 422
771 497
771 772
772 1066
773 139
773 774
774 375
775 776
775 923
776 738
777 778
777 1100
778 820
779 163
779 780
780 678
781 477
781 782
782 574
783 339
783 784
784 1191
785 786
785 956
786 351
787 489
787 788
788 449
789 790
789 1033
790 776
791 431
791 792
792 690
793 579
793 794
794 313
795 98
795 796
796 910
797 191
797 798
798 48
799 475
799 800
800 1022
801 802
801 977
802 281
803 804
803 1170
804 116
805 335
805 806
806 840
807 808
807 811
808 784
809 571
809 810
810 247
811 812
811 853
812 549
813 492
813 814
814 562
815 816
815 1140
816 176
817 818
817 917
818 516
819 820
819 1117
820 834
821 290
821 822
822 767
823 824
823 1111
824 858
825 427
825 826
826 76
827 33
827 828
828 1182
829 233
829 830
830 971
831 52
831 832
832 904
833 834
833 907
834 845
835 531
835 836
836 691
837 143
837 838
838 933
839 840
839 1115
840 371
841 794
841 842
842 913
843 844
843 1081
844 606
845 846
845 963
846 790
847 848
847 1139
848 8
849 359
849 850
850 230
851 852
851 982
852 510
853 854
853 1095
854 770
855 10
855 856
856 60
857 55
857 858
858 409
859 323
859 860
860 246
861 237
861 862
862 495
863 100
863 864
864 22
865 866
865 1077
866 389
867 759
867 868
868 1084
869 695
869 870
870 180
871 872
871 1162
872 684
873 874
873 1161
874 754
875 876
875 950
876 316
877 28
877 878
878 399
879 880
879 979
880 1083
881 451
881 882
882 780
883 884
883 1116
884 1108
885 807
885 886
886 717
887 733
887 888
888 424
889 153
889 890
890 318
891 127
891 892
892 506
893 213
893 894
894 1028
895 896
895 943
896 881
897 147
897 898
898 302
899 825
899 900
900 1124
901 902
901 1008
902 1088
903 883
903 904
904 16
905 906
905 1209
906 576
907 908
907 1165
908 1062
909 910
909 1030
910 536
911 912
911 1187
912 628
913 914
913 1172
914 88
915 269
915 916
916 108
917 806
917 918
918 162
919 879
919 920
920 999
921 379
921 922
922 612
923 655
923 924
924 582
925 405
925 926
926 429
927 537
927 928
928 924
929 930
929 1061
930 326
931 922
931 932
932 494
933 934
933 1119
934 702
935 598
935 936
936 652
937 938
937 1148
938 970
939 940
939 1151
940 954
941 31
941 942
942 713
943 211
943 944
944 1092
945 816
945 946
946 146
947 541
947 948
948 1132
949 185
949 950
950 295
951 232
951 952
952 262
953 319
953 954
954 902
955 276
955 956
956 897
957 515
957 958
958 1052
959 664
959 960
960 595
961 309
961 962
962 1031
963 377
963 964
964 832
965 251
965 966
966 268
967 591
967 968
968 255
969 443
969 970
970 187
971 896
971 972
972 930
973 406
973 974
974 296
975 748
975 976
976 77
977 973
977 978
978 808
979 835
979 980
980 876
981 325
981 982
982 884
983 689
983 984
984 373
985 312
985 986
986 712
987 559
987 988
988 1159
989 439
989 990
990 852
991 992
991 1189
992 1114
993 679
993 994
994 618
995 165
995 996
996 725
997 507
997 998
998 524
999 1000
999 1069
1000 936
1001 756
1001 1002
1002 1192
1003 225
1003 1004
1004 909
1005 706
1005 1006
1006 651
1007 173
1007 1008
1008 1076
1009 592
1009 1010
1010 566
1011 737
1011 1012
1012 1188
1013 121
1013 1014
1014 572
1015 1016
1015 1027
1016 512
1017 215
1017 1018
1018 330
1019 891
1019 1020
1020 118
1021 710
1021 1022
1022 958
1023 13
1023 1024
1024 56
1025 315
1025 1026
1026 1202
1027 101
1027 1028
1028 538
1029 641
1029 1030
1030 1048
1031 837
1031 1032
1032 1080
1033 73
1033 1034
1034 472
1035 615
1035 1036
1036 182
1037 645
1037 1038
1038 1004
1039 124
1039 1040
1040 504
1041 57
1041 1042
1042 263
1043 444
1043 1044
1044 585
1045 301
1045 1046
1046 274
1047 972
1047 1048
1048 674
1049 1050
1049 1208
1050 841
1051 903
1051 1052
1052 456
1053 636
1053 1054
1054 292
1055 1007
1055 1056
1056 1070
1057 819
1057 1058
1058 942
1059 745
1059 1060
1060 99
1061 197
1061 1062
1062 1078
1063 273
1063 1064
1064 249
1065 487
1065 1066
1066 983
1067 583
1067 1068
1068 947
1069 1070
1069 1197
1070 322
1071 1041
1071 1072
1072 110
1073 665
1073 1074
1074 520
1075 93
1075 1076
1076 1102
1077 638
1077 1078
1078 376
1079 234
1079 1080
1080 554
1081 436
1081 1082
1082 306
1083 298
1083 1084
1084 1042
1085 89
1085 1086
1086 889
1087 1088
1087 1173
1088 416
1089 731
1089 1090
1090 420
1091 1092
1091 1103
1092 871
1093 709
1093 1094
1094 908
1095 1096
1095 1177
1096 140
1097 115
1097 1098
1098 466
1099 357
1099 1100
1100 1101
1101 407
1101 1102
1102 752
1103 133
1103 1104
1104 114
1105 1106
1105 1156
1106 82
1107 149
1107 1108
1108 569
1109 519
1109 1110
1110 734
1111 219
1111 1112
1112 446
1113 1114
1113 1157
1114 63
1115 629
1115 1116
1116 788
1117 787
1117 1118
1118 38
1119 886
1119 1120
1120 450
1121 1118
1121 1122
1122 552
1123 349
1123 1124
1124 41
1125 212
1125 1126
1126 1037
1127 700
1127 1128
1128 1072
1129 1130
1129 1143
1130 1044
1131 154
1131 1132
1132 1053
1133 663
1133 1134
1134 202
1135 1136
1135 1179
1136 611
1137 949
1137 1138
1138 372
1139 529
1139 1140
1140 380
1141 1131
1141 1142
1142 1196
1143 565
1143 1144
1144 433
1145 329
1145 1146
1146 239
1147 1141
1147 1148
1148 181
1149 584
1149 1150
1150 570
1151 635
1151 1152
1152 610
1153 1154
1153 1199
1154 561
1155 535
1155 1156
1156 164
1157 995
1157 1158
1158 681
1159 1059
1159 1160
1160 473
1161 1125
1161 1162
1162 174
1163 65
1163 1164
1164 580
1165 1057
1165 1166
1166 782
1167 471
1167 1168
1168 157
1169 483
1169 1170
1170 1085
1171 320
1171 1172
1172 640
1173 637
1173 1174
1174 888
1175 74
1175 1176
1176 210
1177 160
1177 1178
1178 789
1179 411
1179 1180
1180 369
1181 818
1181 1182
1182 1109
1183 352
1183 1184
1184 1128
1185 62
1185 1186
1186 374
1187 505
1187 1188
1188 932
1189 461
1189 1190
1190 362
1191 957
1191 1192
1192 718
1193 647
1193 1194
1194 188
1195 1086
1195 1196
1196 248
1197 976
1197 1198
1198 901
1199 1135
1199 1200
1200 34
1201 243
1201 1202
1202 708
1203 265
1203 1204
1204 445
1205 1
1205 1206
1206 604
1207 617
1207 1208
1208 403
1209 1129
1209 1210
1210 193
1211 543
1211 1212
1212 96
1213 44
1213 1214
1214 156
