0 741
0 854
3 438
3 832
4 537
4 1087
6 730
5 568
7 1043
7 1181
8 267
8 342
9 1045
10 122
11 328
11 838
13 657
13 937
15 192
15 548
17 691
17 1017
19 223
19 530
21 683
21 921
23 24
23 834
24 732
25 26
25 731
26 837
27 28
27 1117
28 173
29 30
29 282
30 1199
31 32
31 271
32 417
33 34
33 577
34 338
35 36
35 1091
36 165
37 38
37 97
38 529
39 40
39 265
40 935
41 42
41 727
42 283
43 44
43 1113
44 793
45 46
45 525
46 224
47 48
47 852
48 9
49 50
49 112
50 436
51 52
51 475
52 629
53 37
53 54
54 734
55 56
55 374
56 81
57 58
57 169
58 964
59 60
59 1128
60 57
61 62
61 735
62 371
63 64
63 141
64 539
65 66
65 743
66 215
67 68
67 390
68 470
69 70
69 898
70 182
71 72
71 427
72 156
73 74
73 795
74 154
75 76
75 334
76 293
77 78
77 1189
78 1183
79 80
79 103
80 1074
81 82
81 302
82 928
83 84
83 915
84 938
85 86
85 695
86 843
87 88
87 636
88 70
89 90
89 685
90 461
91 92
91 876
92 69
93 94
93 1195
94 878
95 96
95 140
96 758
97 98
97 899
98 588
99 100
99 649
100 36
101 102
101 115
102 1048
103 104
103 580
104 1135
105 106
105 1205
106 819
107 108
107 967
108 729
109 110
109 200
110 570
111 112
111 811
112 1210
113 114
113 187
114 712
115 116
115 595
116 467
117 118
117 662
118 756
119 120
119 853
120 966
121 122
121 521
122 318
123 124
123 673
124 841
125 126
125 845
126 824
127 128
127 307
128 453
129 130
129 697
130 412
131 92
131 132
132 982
133 134
133 1055
134 996
135 136
135 138
136 1030
137 138
137 263
138 908
139 140
139 261
140 714
141 142
141 609
142 956
143 144
143 243
144 792
145 146
145 512
146 152
147 148
147 1162
148 706
149 150
149 249
150 85
151 152
151 383
152 1054
153 154
153 713
154 785
155 47
155 156
156 1123
157 158
157 353
158 752
159 135
159 160
160 596
161 162
161 917
162 948
163 129
163 164
164 705
165 166
165 244
166 404
167 168
167 654
168 370
169 170
169 779
170 686
171 172
171 660
172 1142
173 174
173 486
174 300
175 176
175 483
176 130
177 178
177 911
178 903
179 180
179 481
180 181
181 182
181 294
182 466
183 184
183 597
184 246
185 186
185 309
186 711
187 188
187 1211
188 366
189 190
189 311
190 1148
191 192
191 888
192 320
193 194
193 833
194 1145
195 196
195 276
196 1000
197 198
197 827
198 66
199 200
199 449
200 567
201 202
201 401
202 1118
203 204
203 767
204 222
205 96
205 206
206 796
207 208
207 622
208 430
209 210
209 1027
210 299
211 212
211 969
212 425
213 214
213 448
214 1212
215 216
215 694
216 22
217 218
217 751
218 336
219 220
219 226
220 828
221 89
221 222
222 725
223 224
223 1033
224 818
225 226
225 356
226 368
227 228
227 1009
228 987
229 230
229 800
230 680
231 39
231 232
232 196
233 234
233 891
234 1001
235 236
235 437
236 498
237 238
237 1084
238 710
239 240
239 535
240 1088
241 242
241 1076
242 1104
243 113
243 244
244 506
245 246
245 552
246 733
247 248
247 968
248 902
249 18
249 250
250 543
251 29
251 252
252 349
253 254
253 1049
254 1085
255 256
255 1158
256 145
257 119
257 258
258 510
259 260
259 641
260 1130
261 262
261 1077
262 1098
263 264
263 487
264 625
265 266
265 682
266 585
267 48
267 268
268 798
269 270
269 817
270 822
271 272
271 981
272 360
273 274
273 616
274 1133
275 276
275 545
276 1093
277 278
277 1141
278 593
279 280
279 1038
280 592
281 38
281 282
282 315
283 284
283 608
284 870
285 286
285 750
286 40
287 288
287 607
288 238
289 290
289 771
290 460
291 292
291 378
292 232
293 294
293 670
294 624
295 296
295 745
296 656
297 298
297 1037
298 775
299 300
299 1075
300 644
301 302
301 1201
302 1007
303 304
303 1092
304 3
305 306
305 869
306 406
307 253
307 308
308 1127
309 127
309 310
310 789
311 312
311 1023
312 428
313 188
313 314
314 801
315 61
315 316
316 1184
317 167
317 318
318 722
319 320
319 505
320 1062
321 322
321 488
322 864
323 259
323 324
324 619
325 326
325 439
326 1114
327 328
327 1137
328 114
329 330
329 813
330 501
331 91
331 332
332 485
333 334
333 638
334 180
335 9
335 336
336 1188
337 33
337 338
338 502
339 340
339 561
340 507
341 342
341 1172
342 375
343 63
343 344
344 60
345 346
345 791
346 107
347 348
347 765
348 749
349 350
349 865
350 858
351 352
351 373
352 365
353 344
353 354
354 1036
355 356
355 1013
356 947
357 358
357 829
358 134
359 137
359 360
360 237
361 362
361 763
362 1078
363 364
363 1204
364 892
365 10
365 366
366 382
367 368
367 583
368 191
369 139
369 370
370 720
371 372
371 851
372 208
373 374
373 1207
374 363
375 376
375 913
376 124
377 378
377 761
378 214
379 345
379 380
380 990
381 382
381 669
382 109
383 62
383 384
384 144
385 281
385 386
386 646
387 163
387 388
388 332
389 390
389 933
390 718
391 325
391 392
392 900
393 394
393 637
394 202
395 396
395 897
396 1164
397 398
397 1051
398 540
399 400
399 799
400 190
401 402
401 443
402 974
403 404
403 424
404 566
405 406
405 1059
406 658
407 408
407 503
408 218
409 376
409 410
410 1202
411 407
411 412
412 1168
413 414
413 1012
414 904
415 111
415 416
416 684
417 418
417 623
418 228
419 420
419 816
420 102
421 422
421 527
422 452
423 424
423 497
424 337
425 150
425 426
426 866
427 428
427 961
428 778
429 430
429 849
430 199
431 100
431 432
432 116
433 13
433 434
434 587
435 436
435 455
436 844
437 438
437 1101
438 748
439 149
439 440
440 408
441 442
441 814
442 225
443 372
443 444
444 434
445 446
445 850
446 932
447 448
447 1069
448 867
449 450
449 634
450 797
451 452
451 1146
452 614
453 454
453 471
454 868
455 254
455 456
456 980
457 264
457 458
458 456
459 277
459 460
460 201
461 462
461 1094
462 802
463 464
463 971
464 688
465 65
465 466
466 784
467 296
467 468
468 458
469 470
469 554
470 75
471 189
471 472
472 1029
473 450
473 474
474 936
475 476
475 639
476 168
477 478
477 1067
478 1103
479 480
479 1190
480 628
481 482
481 610
482 574
483 484
483 698
484 465
485 352
485 486
486 1126
487 488
487 1171
488 19
489 441
489 490
490 1152
491 31
491 492
492 975
493 494
493 777
494 810
495 496
495 563
496 1060
497 498
497 738
498 1125
499 500
499 1136
500 220
501 502
501 531
502 687
503 357
503 504
504 1178
505 354
505 506
506 162
507 508
507 762
508 1
509 510
509 757
510 1072
511 512
511 1191
512 559
513 514
513 1187
514 1134
515 516
515 606
516 313
517 518
517 1143
518 17
519 392
519 520
520 979
521 522
521 1039
522 1119
523 403
523 524
524 166
525 53
525 526
526 516
527 528
527 708
528 285
529 298
529 530
530 515
531 532
531 941
532 468
533 274
533 534
534 118
535 536
535 1047
536 766
537 538
537 823
538 16
539 540
539 836
540 504
541 542
541 1031
542 409
543 183
543 544
544 952
545 213
545 546
546 1149
547 548
547 1053
548 532
549 396
549 550
550 56
551 359
551 552
552 523
553 131
553 554
554 846
555 444
555 556
556 826
557 558
557 653
558 389
559 560
559 1116
560 626
561 105
561 562
562 125
563 295
563 564
564 994
565 566
565 1144
566 560
567 568
567 1206
568 1014
569 570
569 611
570 894
571 572
571 717
572 90
573 72
573 574
574 416
575 454
575 576
576 1024
577 578
577 642
578 473
579 580
579 831
580 1021
581 582
581 613
582 924
583 584
583 875
584 1056
585 446
585 586
586 721
587 588
587 674
588 241
589 185
589 590
590 1065
591 195
591 592
592 326
593 490
593 594
594 992
595 457
595 596
596 1046
597 573
597 598
598 231
599 600
599 962
600 1193
601 429
601 602
602 679
603 604
603 635
604 1139
605 509
605 606
606 601
607 128
607 608
608 379
609 43
609 610
610 331
611 329
611 612
612 985
613 614
613 857
614 744
615 616
615 667
616 781
617 618
617 640
618 279
619 333
619 620
620 848
621 491
621 622
622 655
623 23
623 624
624 847
625 626
625 1157
626 676
627 628
627 740
628 672
629 598
629 630
630 1122
631 632
631 668
632 874
633 210
633 634
634 564
635 636
635 905
636 651
637 239
637 638
638 922
639 157
639 640
640 1108
641 423
641 642
642 8
643 644
643 1061
644 1124
645 646
645 1073
646 136
647 648
647 1150
648 76
649 650
649 893
650 1068
651 652
651 963
652 233
653 654
653 1057
654 755
655 255
655 656
656 1186
657 250
657 658
658 1196
659 660
659 839
660 895
661 662
661 1173
662 1155
663 589
663 664
664 26
665 666
665 1140
666 513
667 229
667 668
668 247
669 397
669 670
670 955
671 672
671 689
672 1182
673 674
673 1166
674 1022
675 538
675 676
676 724
677 678
677 701
678 696
679 305
679 680
680 388
681 234
681 682
682 317
683 414
683 684
684 890
685 463
685 686
686 804
687 688
687 1058
688 1214
689 421
689 690
690 960
691 558
691 692
692 666
693 41
693 694
694 522
695 418
695 696
696 1192
697 698
697 953
698 541
699 700
699 1151
700 120
701 702
701 1003
702 550
703 704
703 1063
704 324
705 706
705 861
706 410
707 272
707 708
708 995
709 710
709 965
710 783
711 386
711 712
712 514
713 714
713 1107
714 887
715 716
715 949
716 252
717 718
717 951
718 1194
719 553
719 720
720 572
721 722
721 1170
722 945
723 341
723 724
724 1010
725 547
725 726
726 840
727 728
727 1185
728 500
729 631
729 730
730 648
731 209
731 732
732 690
733 734
733 986
734 286
735 736
735 1203
736 790
737 738
737 773
738 997
739 645
739 740
740 918
741 77
741 742
742 106
743 744
743 1209
744 1112
745 492
745 746
746 704
747 748
747 788
748 158
749 703
749 750
750 364
751 419
751 752
752 914
753 754
753 931
754 489
755 615
755 756
756 480
757 758
757 815
758 433
759 760
759 1175
760 99
761 297
761 762
762 54
763 605
763 764
764 944
765 385
765 766
766 126
767 742
767 768
768 880
769 770
769 1089
770 678
771 772
771 1213
772 534
773 774
773 1019
774 248
775 776
775 1011
776 64
777 289
777 778
778 4
779 671
779 780
780 402
781 782
781 920
782 930
783 194
783 784
784 812
785 143
785 786
786 842
787 699
787 788
788 266
789 30
789 790
790 681
791 792
791 1106
792 322
793 590
793 794
794 24
795 32
795 796
796 5
797 86
797 798
798 1002
799 800
799 916
800 664
801 802
801 830
802 398
803 591
803 804
804 549
805 494
805 806
806 1008
807 746
807 808
808 142
809 578
809 810
810 1174
811 812
811 1115
812 1102
813 814
813 991
814 618
815 759
815 816
816 954
817 83
817 818
818 482
819 820
819 984
820 675
821 822
821 1109
822 728
823 206
823 824
824 46
825 442
825 826
826 49
827 399
827 828
828 774
829 650
829 830
830 440
831 343
831 832
832 178
833 59
833 834
834 335
835 571
835 836
836 977
837 838
837 873
838 528
839 339
839 840
840 872
841 420
841 842
842 958
843 844
843 856
844 462
845 846
845 1052
846 906
847 620
847 848
848 1160
849 287
849 850
850 1018
851 852
851 1169
852 20
853 854
853 1071
854 754
855 665
855 856
856 34
857 123
857 858
858 863
859 621
859 860
860 148
861 859
861 862
862 909
863 864
863 1020
864 786
865 78
865 866
866 474
867 868
867 993
868 44
869 10
869 870
870 50
871 484
871 872
872 820
873 586
873 874
874 171
875 876
875 1138
876 1121
877 221
877 878
878 934
879 316
879 880
880 1004
881 879
881 882
882 806
883 884
883 1086
884 1159
885 308
885 886
886 108
887 888
887 943
888 556
889 883
889 890
890 970
891 205
891 892
892 304
893 894
893 912
894 464
895 896
895 942
896 146
897 517
897 898
898 809
899 175
899 900
900 358
901 251
901 902
902 451
903 80
903 904
904 216
905 35
905 906
906 508
907 737
907 908
908 1105
909 459
909 910
910 1156
911 435
911 912
912 555
913 197
913 914
914 312
915 916
915 989
916 186
917 579
917 918
918 910
919 546
919 920
920 764
921 28
921 922
922 881
923 348
923 924
924 726
925 367
925 926
926 284
927 862
927 928
928 524
929 700
929 930
930 647
931 447
931 932
932 230
933 927
933 934
934 940
935 432
935 936
936 400
937 518
937 938
938 227
939 940
939 1041
940 807
941 575
941 942
942 204
943 939
943 944
944 88
945 946
945 1080
946 519
947 101
947 948
948 292
949 950
949 1165
950 290
951 25
951 952
952 1042
953 821
953 954
954 871
955 58
955 956
956 14
957 958
957 1176
958 780
959 960
959 1025
960 946
961 395
961 962
962 301
963 709
963 964
964 306
965 269
965 966
966 415
967 207
967 968
968 627
969 472
969 970
970 884
971 569
971 972
972 321
973 413
973 974
974 1110
975 715
975 976
976 632
977 217
977 978
978 600
979 576
979 980
980 6
981 659
981 982
982 1177
983 984
983 1015
984 803
985 170
985 986
986 273
987 988
987 1197
988 6
989 164
989 990
990 719
991 907
991 992
992 1016
993 27
993 994
994 760
995 42
995 996
996 240
997 93
997 998
998 978
999 288
999 1000
1000 11
1001 1002
1001 1034
1002 184
1003 776
1003 1004
1004 242
1005 557
1005 1006
1006 1066
1007 565
1007 1008
1008 422
1009 983
1009 1010
1010 384
1011 877
1011 1012
1012 692
1013 323
1013 1014
1014 278
1015 159
1015 1016
1016 258
1017 98
1017 1018
1018 769
1019 562
1019 1020
1020 860
1021 950
1021 1022
1022 973
1023 1005
1023 1024
1024 270
1025 177
1025 1026
1026 770
1027 155
1027 1028
1028 1096
1029 581
1029 1030
1030 79
1031 972
1031 1032
1032 526
1033 121
1033 1034
1034 260
1035 84
1035 1036
1036 702
1037 45
1037 1038
1038 544
1039 835
1039 1040
1040 1147
1041 235
1041 1042
1042 469
1043 1044
1043 1095
1044 310
1045 133
1045 1046
1046 21
1047 925
1047 1048
1048 380
1049 257
1049 1050
1050 340
1051 477
1051 1052
1052 551
1053 772
1053 1054
1054 1006
1055 677
1055 1056
1056 768
1057 1058
1057 1161
1058 1090
1059 355
1059 1060
1060 929
1061 411
1061 1062
1062 426
1063 707
1063 1064
1064 536
1065 1066
1065 1154
1066 1082
1067 603
1067 1068
1068 886
1069 1070
1069 1083
1070 923
1071 303
1071 1072
1072 280
1073 1074
1073 1100
1074 82
1075 1076
1075 1079
1076 314
1077 1078
1077 1153
1078 617
1079 393
1079 1080
1080 511
1081 1032
1081 1082
1082 5
1083 1084
1083 1131
1084 1111
1085 885
1085 1086
1086 51
1087 176
1087 1088
1088 110
1089 179
1089 1090
1090 1081
1091 361
1091 1092
1092 959
1093 542
1093 1094
1094 1208
1095 1096
1095 1129
1096 350
1097 262
1097 1098
1098 957
1099 377
1099 1100
1100 245
1101 73
1101 1102
1102 808
1103 1064
1103 1104
1104 594
1105 211
1105 1106
1106 479
1107 1099
1107 1108
1108 1120
1109 327
1109 1110
1110 988
1111 495
1111 1112
1112 782
1113 1114
1113 1163
1114 1028
1115 643
1115 1116
1116 431
1117 825
1117 1118
1118 2
1119 117
1119 1120
1120 630
1121 1122
1121 1200
1122 147
1123 1035
1123 1124
1124 319
1125 74
1125 1126
1126 203
1127 71
1127 1128
1128 716
1129 787
1129 1130
1130 151
1131 351
1131 1132
1132 499
1133 219
1133 1134
1134 919
1135 999
1135 1136
1136 256
1137 753
1137 1138
1138 445
1139 663
1139 1140
1140 104
1141 391
1141 1142
1142 584
1143 153
1143 1144
1144 533
1145 1146
1145 1198
1146 172
1147 652
1147 1148
1148 478
1149 805
1149 1150
1150 68
1151 604
1151 1152
1152 476
1153 381
1153 1154
1154 346
1155 52
1155 1156
1156 747
1157 736
1157 1158
1158 855
1159 582
1159 1160
1160 12
1161 1040
1161 1162
1162 496
1163 693
1163 1164
1164 67
1165 723
1165 1166
1166 1044
1167 160
1167 1168
1168 976
1169 212
1169 1170
1170 602
1171 901
1171 1172
1172 405
1173 161
1173 1174
1174 1180
1175 387
1175 1176
1176 275
1177 1050
1177 1178
1178 520
1179 330
1179 1180
1180 94
1181 87
1181 1182
1182 132
1183 739
1183 1184
1184 794
1185 493
1185 1186
1186 896
1187 236
1187 1188
1188 612
1189 369
1189 1190
1190 1179
1191 291
1191 1192
1192 15
1193 633
1193 1194
1194 268
1195 95
1195 1196
1196 394
1197 998
1197 1198
1198 198
1199 55
1199 1200
1200 889
1201 1070
1201 1202
1202 882
1203 599
1203 1204
1204 193
1205 661
1205 1206
1206 174
1207 7
1207 1208
1208 1026
1209 1097
1209 1210
1210 1132
1211 362
1211 1212
1212 1167
1213 347
1213 1214
1214 926
