0 91
0 509
3 211
3 563
4 167
4 577
5 209
6 808
7 819
7 1163
8 127
8 641
10 235
9 917
11 416
11 772
13 552
13 1105
15 150
15 1048
17 18
17 780
19 453
19 496
21 547
21 817
23 24
23 73
24 901
25 26
25 55
26 1092
27 28
27 525
28 194
29 30
29 575
30 199
31 32
31 1018
32 933
33 34
33 473
34 454
35 36
35 927
36 443
37 38
37 1085
38 64
39 40
39 1143
40 976
41 42
41 327
42 512
43 44
43 298
44 541
45 46
45 481
46 521
47 48
47 276
48 1192
49 50
49 183
50 234
51 52
51 368
52 250
53 54
53 932
54 710
55 56
55 1210
56 17
57 58
57 191
58 956
59 60
59 569
60 578
61 11
61 62
62 1106
63 64
63 875
64 179
65 66
65 139
66 952
67 68
67 744
68 328
69 70
69 157
70 720
71 72
71 1155
72 900
73 74
73 955
74 856
75 76
75 1125
76 1022
77 78
77 459
78 1063
79 80
79 375
80 336
81 82
81 639
82 921
83 84
83 580
84 148
85 86
85 910
86 40
87 88
87 308
88 429
89 90
89 828
90 1180
91 92
91 567
92 747
93 94
93 869
94 948
95 19
95 96
96 680
97 98
97 439
98 694
99 100
99 419
100 290
101 102
101 285
102 472
103 104
103 189
104 934
105 106
105 261
106 713
107 108
107 278
108 1159
109 110
109 129
110 589
111 109
111 112
112 258
113 114
113 514
114 344
115 116
115 943
116 1062
117 118
117 1039
118 6
119 76
119 120
120 188
121 122
121 156
122 342
123 124
123 690
124 1119
125 126
125 1003
126 649
127 128
127 133
128 469
129 130
129 718
130 539
131 132
131 357
132 1112
133 134
133 1147
134 275
135 103
135 136
136 78
137 89
137 138
138 61
139 140
139 667
140 249
141 142
141 247
142 400
143 144
143 871
144 656
145 146
145 963
146 281
147 148
147 341
148 731
149 150
149 629
150 1206
151 152
151 1066
152 902
153 154
153 984
154 201
155 156
155 232
156 53
157 158
157 1093
158 652
159 160
159 663
160 112
161 162
161 936
162 1050
163 164
163 843
164 609
165 22
165 166
166 1030
167 168
167 349
168 782
169 143
169 170
170 463
171 172
171 265
172 977
173 174
173 603
174 897
175 176
175 925
176 6
177 178
177 532
178 408
179 84
179 180
180 1004
181 182
181 297
182 823
183 8
183 184
184 9
185 186
185 343
186 1088
187 188
187 397
188 559
189 190
189 320
190 414
191 192
191 799
192 590
193 194
193 1168
194 378
195 196
195 504
196 207
197 171
197 198
198 519
199 200
199 422
200 118
201 202
201 334
202 766
203 10
203 204
204 283
205 206
205 827
206 338
207 208
207 417
208 1211
209 210
209 548
210 122
211 212
211 515
212 465
213 214
213 1101
214 166
215 216
215 721
216 214
217 218
217 353
218 751
219 174
219 220
220 1072
221 222
221 394
222 1020
223 7
223 224
224 51
225 226
225 958
226 946
227 228
227 286
228 1032
229 230
229 1144
230 545
231 232
231 619
232 75
233 234
233 983
234 25
235 236
235 685
236 562
237 238
237 1188
238 177
239 240
239 511
240 407
241 242
241 895
242 919
243 244
243 1013
244 789
245 175
245 246
246 750
247 248
247 777
248 741
249 250
249 816
250 672
251 252
251 371
252 815
253 254
253 681
254 147
255 256
255 1089
256 886
257 258
257 849
258 878
259 260
259 669
260 522
261 262
261 703
262 1115
263 212
263 264
264 914
265 266
265 279
266 733
267 268
267 906
268 119
269 270
269 1209
270 950
271 272
271 579
272 687
273 274
273 480
274 190
275 276
275 1019
276 543
277 259
277 278
278 581
279 280
279 533
280 364
281 233
281 282
282 373
283 239
283 284
284 1138
285 286
285 981
286 880
287 288
287 954
288 534
289 290
289 1094
290 666
291 292
291 743
292 98
293 294
293 759
294 650
295 296
295 361
296 1080
297 298
297 1029
298 136
299 300
299 683
300 272
301 242
301 302
302 71
303 304
303 531
304 433
305 93
305 306
306 962
307 308
307 845
308 881
309 310
309 523
310 337
311 312
311 989
312 39
313 264
313 314
314 288
315 316
315 820
316 386
317 318
317 979
318 872
319 320
319 1065
320 882
321 322
321 935
322 426
323 324
323 447
324 70
325 326
325 1196
326 1190
327 169
327 328
328 1070
329 243
329 330
330 1121
331 332
331 805
332 774
333 334
333 376
334 313
335 336
335 635
336 1084
337 97
337 338
338 967
339 340
339 363
340 732
341 342
341 449
342 1074
343 344
343 779
344 182
345 266
345 346
346 765
347 348
347 797
348 530
349 350
349 1023
350 913
351 352
351 493
352 1083
353 354
353 795
354 630
355 356
355 861
356 340
357 358
357 701
358 155
359 360
359 839
360 922
361 362
361 381
362 726
363 364
363 571
364 317
365 366
365 691
366 113
367 368
367 406
368 428
369 170
369 370
370 1043
371 372
371 725
372 15
373 185
373 374
374 326
375 134
375 376
376 974
377 378
377 1045
378 1200
379 380
379 487
380 832
381 382
381 1049
382 488
383 384
383 898
384 614
385 386
385 1111
386 54
387 388
387 664
388 836
389 215
389 390
390 161
391 23
391 392
392 613
393 314
393 394
394 738
395 396
395 735
396 762
397 398
397 1137
398 159
399 400
399 1057
400 771
401 402
401 1136
402 280
403 360
403 404
404 5
405 406
405 1005
406 221
407 316
407 408
408 678
409 410
409 985
410 1010
411 324
411 412
412 742
413 125
413 414
414 468
415 416
415 940
416 1113
417 270
417 418
418 1091
419 117
419 420
420 745
421 422
421 1025
422 924
423 424
423 1178
424 846
425 426
425 624
426 456
427 428
427 1183
428 1124
429 430
429 749
430 1044
431 180
431 432
432 34
433 434
433 631
434 222
435 420
435 436
436 716
437 46
437 438
438 1134
439 82
439 440
440 86
441 442
441 546
442 267
443 444
443 668
444 709
445 355
445 446
446 168
447 391
447 448
448 289
449 450
449 926
450 1
451 33
451 452
452 556
453 454
453 1204
454 708
455 456
455 800
456 1195
457 47
457 458
458 612
459 42
459 460
460 158
461 181
461 462
462 35
463 464
463 1118
464 615
465 466
465 756
466 16
467 395
467 468
468 396
469 302
469 470
470 570
471 472
471 1067
472 616
473 351
473 474
474 918
475 244
475 476
476 192
477 41
477 478
478 293
479 315
479 480
480 1015
481 87
481 482
482 162
483 484
483 648
484 273
485 486
485 628
486 178
487 138
487 488
488 436
489 197
489 490
490 971
491 492
491 787
492 959
493 123
493 494
494 908
495 496
495 700
496 1165
497 498
497 739
498 996
499 500
499 1129
500 318
501 502
501 813
502 994
503 385
503 504
504 705
505 506
505 783
506 538
507 508
507 801
508 988
509 223
509 510
510 402
511 499
511 512
512 217
513 24
513 514
514 251
515 516
515 727
516 153
517 518
517 865
518 208
519 520
519 973
520 387
521 21
521 522
522 855
523 10
523 524
524 1104
525 502
525 526
526 1172
527 198
527 528
528 662
529 530
529 931
530 706
531 532
531 1181
532 85
533 277
533 534
534 176
535 536
535 830
536 864
537 538
537 1212
538 860
539 227
539 540
540 660
541 62
541 542
542 186
543 350
543 544
544 1002
545 151
545 546
546 1164
547 238
547 548
548 826
549 550
549 960
550 374
551 552
551 792
552 778
553 554
553 903
554 202
555 556
555 775
556 100
557 558
557 1130
558 74
559 560
559 1160
560 876
561 562
561 1199
562 14
563 564
563 587
564 953
565 404
565 566
566 1038
567 339
567 568
568 268
569 570
569 859
570 1102
571 572
571 949
572 852
573 574
573 791
574 840
575 576
575 1109
576 665
577 441
577 578
578 677
579 347
579 580
580 63
581 582
581 679
582 675
583 584
583 999
584 335
585 225
585 586
586 620
587 588
587 1095
588 1103
589 437
589 590
590 224
591 438
591 592
592 790
593 594
593 912
594 798
595 596
595 923
596 1016
597 187
597 598
598 554
599 600
599 995
600 866
601 490
601 602
602 574
603 604
603 1001
604 1174
605 606
605 1009
606 542
607 300
607 608
608 560
609 96
609 610
610 1078
611 413
611 612
612 890
613 614
613 768
614 460
615 584
615 616
616 1162
617 479
617 618
618 728
619 620
619 1076
620 29
621 622
621 851
622 704
623 461
623 624
624 121
625 88
625 626
626 294
627 628
627 1069
628 475
629 630
629 997
630 1055
631 632
631 806
632 464
633 634
633 1081
634 734
635 284
635 636
636 968
637 638
637 831
638 79
639 597
639 640
640 975
641 642
641 873
642 1131
643 644
643 682
644 596
645 646
645 885
646 114
647 648
647 945
648 505
649 248
649 650
650 729
651 611
651 652
652 132
653 116
653 654
654 1053
655 656
655 697
656 440
657 658
657 770
658 825
659 128
659 660
660 48
661 662
661 776
662 442
663 664
663 899
664 205
665 666
665 1182
666 540
667 668
667 1191
668 1024
669 421
669 670
670 654
671 672
671 835
672 550
673 674
673 764
674 848
675 676
675 752
676 930
677 154
677 678
678 434
679 680
679 1087
680 598
681 365
681 682
682 485
683 684
683 822
684 1186
685 686
685 1213
686 68
687 688
687 761
688 1154
689 690
689 892
690 516
691 9
691 692
692 803
693 333
693 694
694 565
695 241
695 696
696 20
697 149
697 698
698 163
699 700
699 905
700 939
701 332
701 702
702 1150
703 307
703 704
704 978
705 706
705 767
706 1123
707 708
707 781
708 942
709 44
709 710
710 486
711 513
711 712
712 393
713 517
713 714
714 1140
715 716
715 941
716 362
717 718
717 867
718 623
719 398
719 720
720 1108
721 722
721 1079
722 1042
723 322
723 724
724 466
725 726
725 1061
726 748
727 110
727 728
728 1040
729 730
729 1139
730 920
731 732
731 1036
732 874
733 27
733 734
734 38
735 695
735 736
736 310
737 299
737 738
738 688
739 740
739 1193
740 1173
741 742
741 821
742 1114
743 642
743 744
744 992
745 746
745 753
746 604
747 748
747 1012
748 966
749 750
749 1152
750 1047
751 354
751 752
752 1059
753 423
753 754
754 458
755 252
755 756
756 379
757 95
757 758
758 1148
759 218
759 760
760 108
761 230
761 762
762 602
763 312
763 764
764 77
765 766
765 1031
766 796
767 768
767 1017
768 236
769 359
769 770
770 879
771 606
771 772
772 1120
773 435
773 774
774 31
775 105
775 776
776 1099
777 778
777 891
778 296
779 780
779 838
780 372
781 399
781 782
782 535
783 295
783 784
784 566
785 786
785 1075
786 1077
787 104
787 788
788 757
789 790
789 1177
790 810
791 529
791 792
792 520
793 274
793 794
794 498
795 524
795 796
796 348
797 495
797 798
798 1100
799 370
799 800
800 586
801 802
801 841
802 702
803 804
803 1207
804 784
805 806
805 868
806 553
807 607
807 808
808 746
809 810
809 1197
810 210
811 812
811 1128
812 193
813 69
813 814
814 1082
815 583
815 816
816 13
817 736
817 818
818 754
819 820
819 1011
820 59
821 822
821 893
822 877
823 722
823 824
824 12
825 826
825 1208
826 56
827 737
827 828
828 32
829 572
829 830
830 972
831 647
831 832
832 760
833 834
833 1021
834 894
835 50
835 836
836 1145
837 627
837 838
838 755
839 840
839 889
840 152
841 383
841 842
842 226
843 711
843 844
844 987
845 321
845 846
846 593
847 30
847 848
848 101
849 723
849 850
850 1098
851 852
851 1157
852 90
853 854
853 916
854 1146
855 856
855 1000
856 870
857 474
857 858
858 216
859 311
859 860
860 1052
861 81
861 862
862 1097
863 670
863 864
864 346
865 866
865 1073
866 444
867 323
867 868
868 659
869 671
869 870
870 412
871 769
871 872
872 646
873 213
873 874
874 998
875 636
875 876
876 506
877 135
877 878
878 306
879 271
879 880
880 510
881 637
881 882
882 304
883 692
883 884
884 448
885 219
885 886
886 568
887 888
887 1127
888 231
889 467
889 890
890 409
891 37
891 892
892 551
893 894
893 1107
894 142
895 115
895 896
896 146
897 898
897 1141
898 904
899 740
899 900
900 478
901 902
901 1117
902 557
903 904
903 1179
904 693
905 906
905 965
906 425
907 908
907 991
908 392
909 684
909 910
910 43
911 844
911 912
912 106
913 388
913 914
914 634
915 573
915 916
916 325
917 717
917 918
918 430
919 501
919 920
920 200
921 888
921 922
922 418
923 924
923 1202
924 254
925 763
925 926
926 92
927 305
927 928
928 961
929 301
929 930
930 482
931 111
931 932
932 401
933 415
933 934
934 591
935 643
935 936
936 292
937 938
937 1014
938 696
939 601
939 940
940 653
941 610
941 942
942 802
943 944
943 957
944 853
945 699
945 946
946 518
947 5
947 948
948 884
949 950
949 1175
950 1156
951 262
951 952
952 1176
953 196
953 954
954 980
955 785
955 956
956 632
957 958
957 1086
958 489
959 842
959 960
960 794
961 60
961 962
962 990
963 65
963 964
964 432
965 966
965 1027
966 240
967 968
967 970
968 526
969 970
969 1187
970 1170
971 405
971 972
972 944
973 837
973 974
974 564
975 561
975 976
976 366
977 427
977 978
978 600
979 829
979 980
980 1090
981 982
981 1158
982 72
983 585
983 984
984 576
985 811
985 986
986 257
987 369
987 988
988 730
989 990
989 1167
990 982
991 992
991 1214
992 120
993 203
993 994
994 229
995 996
995 1006
996 676
997 998
997 1068
998 812
999 951
999 1000
1000 758
1001 595
1001 1002
1002 1116
1003 445
1003 1004
1004 1037
1005 131
1005 1006
1006 536
1007 911
1007 1008
1008 303
1009 655
1009 1010
1010 352
1011 471
1011 1012
1012 282
1013 309
1013 1014
1014 390
1015 862
1015 1016
1016 140
1017 99
1017 1018
1018 809
1019 773
1019 1020
1020 714
1021 45
1021 1022
1022 1046
1023 1024
1023 1203
1024 657
1025 527
1025 1026
1026 537
1027 1028
1027 1171
1028 431
1029 1008
1029 1030
1030 52
1031 1032
1031 1058
1032 1054
1033 319
1033 1034
1034 58
1035 291
1035 1036
1036 1194
1037 494
1037 1038
1038 592
1039 969
1039 1040
1040 804
1041 621
1041 1042
1042 80
1043 1044
1043 1185
1044 909
1045 137
1045 1046
1046 938
1047 626
1047 1048
1048 814
1049 451
1049 1050
1050 410
1051 1052
1051 1096
1052 715
1053 206
1053 1054
1054 382
1055 384
1055 1056
1056 228
1057 497
1057 1058
1058 246
1059 1060
1059 1064
1060 594
1061 645
1061 1062
1062 937
1063 1064
1063 1132
1064 1056
1065 145
1065 1066
1066 483
1067 993
1067 1068
1068 141
1069 617
1069 1070
1070 544
1071 807
1071 1072
1072 1122
1073 658
1073 1074
1074 712
1075 237
1075 1076
1076 173
1077 446
1077 1078
1078 1126
1079 907
1079 1080
1080 986
1081 1041
1081 1082
1082 94
1083 1084
1083 1198
1084 1060
1085 184
1085 1086
1086 1033
1087 403
1087 1088
1088 854
1089 329
1089 1090
1090 947
1091 588
1091 1092
1092 160
1093 633
1093 1094
1094 356
1095 1096
1095 1205
1096 833
1097 625
1097 1098
1098 450
1099 786
1099 1100
1100 452
1101 605
1101 1102
1102 863
1103 492
1103 1104
1104 857
1105 818
1105 1106
1106 2
1107 331
1107 1108
1108 462
1109 144
1109 1110
1110 1184
1111 477
1111 1112
1112 380
1113 788
1113 1114
1114 724
1115 1034
1115 1116
1116 674
1117 887
1117 1118
1118 57
1119 263
1119 1120
1120 367
1121 204
1121 1122
1122 165
1123 256
1123 1124
1124 608
1125 599
1125 1126
1126 793
1127 1007
1127 1128
1128 1133
1129 1026
1129 1130
1130 28
1131 389
1131 1132
1132 83
1133 1134
1133 1166
1134 172
1135 457
1135 1136
1136 1142
1137 1138
1137 1201
1138 1071
1139 1028
1139 1140
1140 964
1141 1135
1141 1142
1142 824
1143 1051
1143 1144
1144 1189
1145 345
1145 1146
1146 220
1147 503
1147 1148
1148 164
1149 640
1149 1150
1150 500
1151 424
1151 1152
1152 1161
1153 558
1153 1154
1154 850
1155 719
1155 1156
1156 66
1157 3
1157 1158
1158 26
1159 260
1159 1160
1160 102
1161 928
1161 1162
1162 130
1163 49
1163 1164
1164 491
1165 673
1165 1166
1166 1110
1167 929
1167 1168
1168 508
1169 915
1169 1170
1170 847
1171 4
1171 1172
1172 834
1173 411
1173 1174
1174 549
1175 698
1175 1176
1176 1151
1177 1035
1177 1178
1178 126
1179 455
1179 1180
1180 287
1181 330
1181 1182
1182 507
1183 661
1183 1184
1184 358
1185 1169
1185 1186
1186 686
1187 253
1187 1188
1188 255
1189 36
1189 1190
1190 1153
1191 195
1191 1192
1192 858
1193 1149
1193 1194
1194 644
1195 67
1195 1196
1196 618
1197 470
1197 1198
1198 622
1199 245
1199 1200
1200 582
1201 555
1201 1202
1202 638
1203 377
1203 1204
1204 528
1205 651
1205 1206
1206 476
1207 269
1207 1208
1208 107
1209 707
1209 1210
1210 689
1211 484
1211 1212
1212 124
1213 896
1213 1214
1214 883
