0 783
0 1205
2 699
2 953
3 326
3 1166
4 300
4 414
5 219
6 732
7 600
7 720
8 233
8 590
9 44
10 336
13 1073
13 1182
15 108
15 929
17 477
17 1065
19 563
19 1142
21 410
21 1045
23 24
23 833
24 750
25 26
25 895
26 398
27 28
27 679
28 507
29 30
29 1137
30 324
31 32
31 635
32 595
33 34
33 541
34 817
35 36
35 646
36 883
37 38
37 487
38 1079
39 17
39 40
40 1038
41 42
41 439
42 676
43 44
43 656
44 122
45 46
45 1145
46 111
47 48
47 964
48 370
49 50
49 622
50 132
51 22
51 52
52 880
53 54
53 729
54 625
55 56
55 1121
56 5
57 58
57 443
58 72
59 60
59 952
60 1126
61 62
61 797
62 610
63 64
63 1103
64 751
65 66
65 274
66 644
67 68
67 970
68 58
69 70
69 574
70 224
71 72
71 951
72 1078
73 74
73 479
74 198
75 76
75 329
76 956
77 65
77 78
78 627
79 80
79 1112
80 620
81 82
81 509
82 298
83 84
83 171
84 456
85 86
85 1087
86 1054
87 78
87 88
88 654
89 90
89 757
90 825
91 92
91 457
92 450
93 94
93 862
94 349
95 96
95 153
96 364
97 98
97 920
98 972
99 100
99 1132
100 331
101 102
101 305
102 498
103 104
103 974
104 520
105 106
105 1195
106 73
107 108
107 762
108 1028
109 110
109 853
110 1119
111 112
111 200
112 106
113 114
113 841
114 536
115 116
115 215
116 210
117 118
117 519
118 121
119 120
119 531
120 650
121 122
121 368
122 928
123 124
123 489
124 99
125 126
125 294
126 1114
127 128
127 1093
128 1130
129 130
129 1027
130 151
131 132
131 238
132 1032
133 134
133 1122
134 801
135 136
135 1209
136 197
137 138
137 517
138 204
139 140
139 337
140 1012
141 142
141 561
142 396
143 144
143 1015
144 923
145 146
145 789
146 48
147 148
147 480
148 852
149 150
149 320
150 152
151 152
151 652
152 1024
153 154
153 292
154 513
155 156
155 766
156 160
157 158
157 211
158 653
159 160
159 813
160 1062
161 162
161 440
162 1016
163 164
163 226
164 207
165 6
165 166
166 172
167 168
167 413
168 803
169 170
169 571
170 671
171 172
171 649
172 97
173 174
173 239
174 1211
175 176
175 344
176 1164
177 178
177 1068
178 474
179 180
179 602
180 1200
181 182
181 598
182 984
183 19
183 184
184 902
185 186
185 427
186 510
187 188
187 742
188 586
189 190
189 270
190 9
191 192
191 643
192 466
193 194
193 1162
194 900
195 196
195 911
196 461
197 198
197 1150
198 365
199 200
199 947
200 1203
201 192
201 202
202 869
203 204
203 374
204 371
205 206
205 915
206 311
207 208
207 758
208 392
209 210
209 631
210 1172
211 212
211 299
212 240
213 214
213 287
214 11
215 216
215 1159
216 908
217 218
217 1104
218 632
219 220
219 835
220 1070
221 222
221 977
222 417
223 224
223 976
224 266
225 226
225 500
226 79
227 228
227 546
228 56
229 230
229 488
230 695
231 232
231 940
232 51
233 234
233 385
234 206
235 164
235 236
236 980
237 238
237 930
238 369
239 240
239 261
240 938
241 242
241 356
242 180
243 244
243 293
244 149
245 246
245 576
246 468
247 4
247 248
248 462
249 250
249 661
250 555
251 39
251 252
252 159
253 254
253 553
254 1171
255 256
255 690
256 366
257 258
257 744
258 350
259 260
259 844
260 1
261 262
261 353
262 161
263 264
263 639
264 1046
265 266
265 357
266 726
267 268
267 983
268 747
269 199
269 270
270 837
271 272
271 807
272 174
273 274
273 693
274 497
275 276
275 397
276 407
277 170
277 278
278 1177
279 35
279 280
280 1057
281 282
281 1095
282 664
283 284
283 1097
284 351
285 286
285 802
286 104
287 288
287 465
288 601
289 290
289 1053
290 312
291 292
291 845
292 402
293 294
293 1086
294 246
295 296
295 851
296 310
297 298
297 681
298 731
299 300
299 309
300 34
301 302
301 476
302 898
303 12
303 304
304 348
305 306
305 389
306 222
307 27
307 308
308 1125
309 291
309 310
310 774
311 312
311 910
312 1094
313 119
313 314
314 113
315 183
315 316
316 290
317 318
317 516
318 641
319 320
319 706
320 1213
321 45
321 322
322 680
323 324
323 521
324 971
325 326
325 1101
326 506
327 328
327 945
328 1076
329 179
329 330
330 202
331 167
331 332
332 960
333 334
333 856
334 464
335 336
335 1153
336 1031
337 338
337 403
338 87
339 340
339 793
340 916
341 342
341 875
342 437
343 344
343 655
344 944
345 120
345 346
346 147
347 348
347 378
348 442
349 350
349 409
350 103
351 352
351 452
352 32
353 354
353 549
354 558
355 356
355 685
356 665
357 325
357 358
358 942
359 14
359 360
360 235
361 362
361 905
362 301
363 227
363 364
364 677
365 190
365 366
366 868
367 368
367 401
368 341
369 134
369 370
370 166
371 372
371 515
372 946
373 141
373 374
374 1023
375 376
375 554
376 258
377 378
377 542
378 734
379 380
379 771
380 88
381 307
381 382
382 1178
383 384
383 1190
384 376
385 386
385 657
386 358
387 117
387 388
388 526
389 390
389 1077
390 334
391 392
391 1157
392 144
393 394
393 1039
394 1128
395 367
395 396
396 1196
397 398
397 823
398 765
399 400
399 1175
400 704
401 402
401 545
402 887
403 404
403 941
404 784
405 406
405 559
406 994
407 408
407 1187
408 1002
409 410
409 569
410 126
411 412
411 1197
412 24
413 414
413 415
414 162
415 247
415 416
416 912
417 418
417 530
418 800
419 420
419 522
420 524
421 422
421 968
422 9
423 424
423 597
424 85
425 426
425 499
426 38
427 428
427 619
428 689
429 430
429 701
430 550
431 432
431 810
432 770
433 361
433 434
434 672
435 169
435 436
436 399
437 438
437 736
438 175
439 139
439 440
440 966
441 442
441 1088
442 1040
443 444
443 753
444 82
445 424
445 446
446 572
447 448
447 981
448 697
449 450
449 1055
450 897
451 452
451 1135
452 870
453 454
453 1124
454 861
455 456
455 469
456 372
457 458
457 1033
458 13
459 460
459 1173
460 41
461 84
461 462
462 116
463 464
463 962
464 419
465 343
465 466
466 256
467 468
467 1144
468 931
469 470
469 843
470 286
471 472
471 1108
472 1050
473 68
473 474
474 1042
475 476
475 642
476 1169
477 272
477 478
478 772
479 125
479 480
480 872
481 482
481 675
482 2
483 481
483 484
484 596
485 90
485 486
486 181
487 488
487 955
488 1148
489 490
489 621
490 890
491 137
491 492
492 978
493 494
493 718
494 1092
495 395
495 496
496 1151
497 252
497 498
498 42
499 306
499 500
500 982
501 95
501 502
502 322
503 504
503 1118
504 848
505 289
505 506
506 805
507 508
507 1184
508 874
509 118
509 510
510 854
511 123
511 512
512 703
513 254
513 514
514 408
515 516
515 688
516 455
517 518
517 1143
518 1146
519 100
519 520
520 426
521 522
521 584
522 421
523 352
523 524
524 1198
525 526
525 585
526 822
527 315
527 528
528 18
529 449
529 530
530 308
531 532
531 1043
532 133
533 534
533 795
534 16
535 536
535 963
536 1180
537 538
537 943
538 733
539 533
539 540
540 850
541 542
541 959
542 1141
543 544
543 1106
544 1035
545 136
545 546
546 740
547 275
547 548
548 855
549 454
549 550
550 667
551 552
551 809
552 1201
553 267
553 554
554 400
555 547
555 556
556 148
557 558
557 998
558 165
559 109
559 560
560 470
561 195
561 562
562 418
563 564
563 1009
564 864
565 566
565 713
566 23
567 429
567 568
568 508
569 570
569 609
570 888
571 157
571 572
572 163
573 145
573 574
574 128
575 576
575 847
576 779
577 96
577 578
578 796
579 580
579 1063
580 1129
581 582
581 1116
582 486
583 584
583 846
584 223
585 231
585 586
586 1030
587 277
587 588
588 447
589 590
589 1007
590 422
591 236
591 592
592 412
593 594
593 1096
594 540
595 596
595 1026
596 60
597 598
597 1138
598 512
599 425
599 600
600 10
601 602
601 857
602 8
603 604
603 1139
604 316
605 115
605 606
606 1161
607 608
607 1099
608 473
609 225
609 610
610 1004
611 612
611 1081
612 186
613 614
613 1176
614 382
615 616
615 925
616 1192
617 501
617 618
618 1037
619 620
619 1025
620 836
621 622
621 867
622 89
623 624
623 1168
624 168
625 626
625 745
626 678
627 346
627 628
628 146
629 630
629 1123
630 444
631 495
631 632
632 390
633 493
633 634
634 936
635 130
635 636
636 1127
637 505
637 638
638 735
639 391
639 640
640 1034
641 642
641 663
642 1206
643 355
643 644
644 608
645 71
645 646
646 1044
647 92
647 648
648 154
649 46
649 650
650 1049
651 377
651 652
652 1191
653 654
653 1109
654 628
655 573
655 656
656 623
657 658
657 738
658 62
659 77
659 660
660 484
661 662
661 1185
662 1010
663 383
663 664
664 1036
665 666
665 1003
666 314
667 102
667 668
668 360
669 670
669 1100
670 909
671 672
671 965
672 428
673 674
673 1208
674 534
675 460
675 676
676 901
677 678
677 958
678 492
679 216
679 680
680 49
681 193
681 682
682 276
683 245
683 684
684 241
685 686
685 1105
686 827
687 688
687 1181
688 1147
689 690
689 715
690 866
691 3
691 692
692 730
693 129
693 694
694 588
695 284
695 696
696 741
697 445
697 698
698 259
699 700
699 1001
700 668
701 702
701 820
702 205
703 662
703 704
704 232
705 86
705 706
706 1083
707 651
707 708
708 217
709 710
709 759
710 1160
711 712
711 1115
712 188
713 273
713 714
714 580
715 716
715 728
716 604
717 59
717 718
718 865
719 607
719 720
720 1202
721 282
721 722
722 804
723 423
723 724
724 995
725 107
725 726
726 1005
727 523
727 728
728 991
729 436
729 730
730 150
731 248
731 732
732 840
733 734
733 863
734 478
735 684
735 736
736 708
737 738
737 1090
738 187
739 64
739 740
740 606
741 393
741 742
742 1021
743 744
743 1017
744 69
745 746
745 778
746 406
747 748
747 829
748 50
749 614
749 750
750 812
751 579
751 752
752 755
753 754
753 1131
754 700
755 458
755 756
756 787
757 230
757 758
758 838
759 760
759 1134
760 594
761 762
761 1140
762 1022
763 669
763 764
764 567
765 548
765 766
766 611
767 55
767 768
768 1210
769 295
769 770
770 220
771 483
771 772
772 721
773 297
773 774
774 1084
775 682
775 776
776 242
777 719
777 778
778 617
779 780
779 873
780 616
781 687
781 782
782 381
783 565
783 784
784 52
785 752
785 786
786 564
787 53
787 788
788 816
789 790
789 815
790 255
791 362
791 792
792 826
793 63
793 794
794 798
795 796
795 996
796 992
797 603
797 798
798 380
799 280
799 800
800 430
801 802
801 1000
802 10
803 76
803 804
804 658
805 496
805 806
806 20
807 269
807 808
808 914
809 711
809 810
810 756
811 812
811 871
812 1098
813 814
813 907
814 105
815 816
815 1091
816 790
817 467
817 818
818 212
819 820
819 1133
820 243
821 338
821 822
822 441
823 127
823 824
824 485
825 769
825 826
826 612
827 828
827 1013
828 333
829 81
829 830
830 1102
831 832
831 948
832 182
833 834
833 1074
834 208
835 6
835 836
836 660
837 727
837 838
838 434
839 840
839 849
840 234
841 698
841 842
842 993
843 659
843 844
844 1064
845 185
845 846
846 858
847 848
847 921
848 432
849 670
849 850
850 218
851 852
851 1186
852 1080
853 502
853 854
854 1156
855 781
855 856
856 794
857 575
857 858
858 589
859 860
859 1019
860 723
861 691
861 862
862 328
863 824
863 864
864 592
865 156
865 866
866 1110
867 249
867 868
868 1204
869 354
869 870
870 70
871 872
871 979
872 176
873 387
873 874
874 411
875 717
875 876
876 1183
877 30
877 878
878 98
879 173
879 880
880 330
881 31
881 882
882 1117
883 884
883 1058
884 842
885 94
885 886
886 894
887 537
887 888
888 648
889 890
889 904
890 876
891 892
891 999
892 1008
893 228
893 894
894 1066
895 587
895 896
896 562
897 737
897 898
898 899
899 696
899 900
900 761
901 705
901 902
902 828
903 459
903 904
904 263
905 405
905 906
906 919
907 908
907 913
908 763
909 332
909 910
910 788
911 739
911 912
912 66
913 91
913 914
914 886
915 916
915 987
916 814
917 764
917 918
918 556
919 882
919 920
920 319
921 281
921 922
922 342
923 924
923 932
924 304
925 265
925 926
926 985
927 54
927 928
928 114
929 83
929 930
930 954
931 583
931 932
932 1120
933 28
933 934
934 748
935 131
935 936
936 528
937 577
937 938
938 831
939 317
939 940
940 1020
941 942
941 969
942 834
943 673
943 944
944 926
945 946
945 1158
946 323
947 158
947 948
948 760
949 950
949 1011
950 1179
951 435
951 952
952 1113
953 791
953 954
954 36
955 221
955 956
956 666
957 958
957 1067
958 494
959 879
959 960
960 767
961 962
961 1089
962 893
963 889
963 964
964 1006
965 966
965 1189
966 593
967 633
967 968
968 716
969 605
969 970
970 821
971 140
971 972
972 1048
973 244
973 974
974 47
975 961
975 976
976 924
977 229
977 978
978 201
979 209
979 980
980 986
981 773
981 982
982 754
983 957
983 984
984 74
985 21
985 986
986 990
987 67
987 988
988 189
989 213
989 990
990 935
991 892
991 992
992 420
993 839
993 994
994 618
995 996
995 1136
996 375
997 43
997 998
998 285
999 283
999 1000
1000 630
1001 566
1001 1002
1002 142
1003 448
1003 1004
1004 578
1005 1006
1005 1152
1006 1188
1007 686
1007 1008
1008 463
1009 949
1009 1010
1010 1194
1011 37
1011 1012
1012 692
1013 262
1013 1014
1014 950
1015 101
1015 1016
1016 110
1017 647
1017 1018
1018 560
1019 1020
1019 1085
1020 527
1021 438
1021 1022
1022 1056
1023 379
1023 1024
1024 384
1025 903
1025 1026
1026 539
1027 859
1027 1028
1028 568
1029 57
1029 1030
1030 746
1031 636
1031 1032
1032 471
1033 345
1033 1034
1034 1060
1035 388
1035 1036
1036 591
1037 40
1037 1038
1038 626
1039 340
1039 1040
1040 514
1041 1042
1041 1170
1042 792
1043 989
1043 1044
1044 363
1045 93
1045 1046
1046 177
1047 178
1047 1048
1048 504
1049 785
1049 1050
1050 878
1051 1052
1051 1061
1052 359
1053 1029
1053 1054
1054 482
1055 1056
1055 1111
1056 404
1057 927
1057 1058
1058 988
1059 511
1059 1060
1060 5
1061 490
1061 1062
1062 7
1063 1059
1063 1064
1064 538
1065 1066
1065 1107
1066 884
1067 191
1067 1068
1068 786
1069 1070
1069 1207
1070 1041
1071 1047
1071 1072
1072 260
1073 1074
1073 1193
1074 624
1075 638
1075 1076
1076 714
1077 1078
1077 1149
1078 475
1079 503
1079 1080
1080 780
1081 1082
1081 1155
1082 683
1083 768
1083 1084
1084 818
1085 373
1085 1086
1086 518
1087 599
1087 1088
1088 433
1089 939
1089 1090
1090 155
1091 637
1091 1092
1092 570
1093 33
1093 1094
1094 264
1095 339
1095 1096
1096 75
1097 1098
1097 1167
1098 934
1099 279
1099 1100
1100 819
1101 138
1101 1102
1102 112
1103 321
1103 1104
1104 973
1105 288
1105 1106
1106 1174
1107 615
1107 1108
1108 1018
1109 860
1109 1110
1110 184
1111 318
1111 1112
1112 937
1113 702
1113 1114
1114 237
1115 203
1115 1116
1116 251
1117 557
1117 1118
1118 472
1119 997
1119 1120
1120 327
1121 532
1121 1122
1122 749
1123 313
1123 1124
1124 135
1125 1126
1125 1163
1126 918
1127 303
1127 1128
1128 634
1129 906
1129 1130
1130 806
1131 253
1131 1132
1132 694
1133 1082
1133 1134
1134 347
1135 431
1135 1136
1136 613
1137 143
1137 1138
1138 26
1139 29
1139 1140
1140 446
1141 881
1141 1142
1142 268
1143 543
1143 1144
1144 917
1145 1146
1145 1165
1146 799
1147 777
1147 1148
1148 885
1149 25
1149 1150
1150 707
1151 124
1151 1152
1152 640
1153 453
1153 1154
1154 674
1155 891
1155 1156
1156 80
1157 544
1157 1158
1158 775
1159 271
1159 1160
1160 877
1161 529
1161 1162
1162 743
1163 535
1163 1164
1164 194
1165 975
1165 1166
1166 551
1167 782
1167 1168
1168 725
1169 830
1169 1170
1170 1214
1171 196
1171 1172
1172 1014
1173 335
1173 1174
1174 278
1175 416
1175 1176
1176 302
1177 811
1177 1178
1178 933
1179 712
1179 1180
1180 722
1181 491
1181 1182
1182 1212
1183 808
1183 1184
1184 709
1185 645
1185 1186
1186 967
1187 710
1187 1188
1188 1154
1189 250
1189 1190
1190 451
1191 552
1191 1192
1192 832
1193 896
1193 1194
1194 1051
1195 582
1195 1196
1196 257
1197 386
1197 1198
1198 214
1199 776
1199 1200
1200 296
1201 15
1201 1202
1202 922
1203 581
1203 1204
1204 394
1205 629
1205 1206
1206 724
1207 61
1207 1208
1208 525
1209 1069
1209 1210
1210 1199
1211 1075
1211 1212
1212 1052
1213 1071
1213 1214
1214 1072
