0 329
0 507
2 481
2 953
3 571
3 725
4 577
4 933
5 393
6 1149
7 1019
7 1190
8 321
8 737
9 1008
10 1212
13 681
13 915
15 732
15 1198
17 427
17 1092
19 879
19 1039
21 515
21 983
23 24
23 865
24 706
25 26
25 175
26 676
27 28
27 873
28 742
29 30
29 1151
30 487
31 32
31 215
32 87
33 34
33 1138
34 648
35 36
35 1133
36 504
37 38
37 171
38 1176
39 40
39 1042
40 436
41 42
41 453
42 477
43 44
43 146
44 386
45 46
45 1041
46 235
47 48
47 561
48 554
49 50
49 533
50 44
51 52
51 822
52 892
53 17
53 54
54 409
55 56
55 1045
56 598
57 58
57 842
58 535
59 60
59 655
60 385
61 62
61 523
62 1066
63 64
63 887
64 638
65 66
65 861
66 338
67 68
67 399
68 332
69 70
69 984
70 970
71 72
71 111
72 1043
73 74
73 721
74 631
75 76
75 773
76 619
77 78
77 877
78 82
79 80
79 811
80 39
81 82
81 354
82 652
83 84
83 847
84 937
85 86
85 188
86 1088
87 88
87 1150
88 1015
89 90
89 226
90 192
91 92
91 94
92 1031
93 94
93 576
94 1070
95 6
95 96
96 942
97 98
97 793
98 502
99 13
99 100
100 468
101 102
101 1072
102 722
103 104
103 349
104 718
105 90
105 106
106 442
107 108
107 450
108 1052
109 77
109 110
110 480
111 112
111 623
112 968
113 114
113 517
114 180
115 116
115 921
116 839
117 5
117 118
118 202
119 120
119 319
120 1115
121 122
121 669
122 259
123 124
123 934
124 890
125 126
125 278
126 949
127 128
127 1191
128 91
129 130
129 458
130 634
131 132
131 856
132 816
133 134
133 149
134 696
135 117
135 136
136 786
137 138
137 397
138 678
139 140
139 1167
140 476
141 3
141 142
142 862
143 137
143 144
144 317
145 146
145 975
146 190
147 148
147 513
148 1179
149 150
149 1037
150 72
151 152
151 733
152 659
153 71
153 154
154 594
155 156
155 158
156 864
157 158
157 574
158 380
159 160
159 581
160 181
161 162
161 367
162 254
163 128
163 164
164 1180
165 166
165 1035
166 789
167 168
167 1081
168 1026
169 19
169 170
170 1208
171 150
171 172
172 978
173 174
173 798
174 728
175 176
175 912
176 1144
177 97
177 178
178 1018
179 26
179 180
180 1046
181 182
181 741
182 350
183 184
183 547
184 500
185 186
185 343
186 136
187 188
187 291
188 95
189 190
189 411
190 760
191 192
191 318
192 645
193 194
193 307
194 1011
195 196
195 904
196 494
197 198
197 233
198 114
199 200
199 857
200 113
201 202
201 387
202 100
203 132
203 204
204 1164
205 206
205 674
206 980
207 208
207 710
208 81
209 210
209 843
210 471
211 102
211 212
212 986
213 214
213 683
214 542
215 27
215 216
216 528
217 218
217 406
218 1112
219 220
219 403
220 647
221 222
221 1058
222 1203
223 224
223 1025
224 923
225 226
225 361
226 996
227 228
227 575
228 107
229 230
229 345
230 401
231 232
231 994
232 98
233 229
233 234
234 265
235 236
235 957
236 993
237 227
237 238
238 228
239 240
239 963
240 206
241 242
241 1022
242 592
243 155
243 244
244 412
245 246
245 694
246 365
247 248
247 1173
248 1174
249 250
249 447
250 212
251 252
251 435
252 926
253 254
253 745
254 612
255 256
255 1152
256 1002
257 258
257 1012
258 184
259 260
259 429
260 556
261 262
261 327
262 691
263 264
263 1055
264 1163
265 266
265 845
266 101
267 25
267 268
268 68
269 270
269 499
270 590
271 135
271 272
272 189
273 274
273 1027
274 908
275 276
275 687
276 868
277 278
277 381
278 76
279 280
279 340
280 1116
281 282
281 511
282 1214
283 284
283 604
284 108
285 286
285 689
286 11
287 249
287 288
288 809
289 290
289 945
290 30
291 292
291 433
292 443
293 294
293 543
294 918
295 296
295 1113
296 431
297 298
297 729
298 46
299 300
299 398
300 751
301 302
301 382
302 124
303 241
303 304
304 635
305 306
305 668
306 1181
307 308
307 991
308 127
309 310
309 941
310 344
311 312
311 976
312 394
313 314
313 680
314 105
315 316
315 562
316 88
317 318
317 974
318 163
319 320
319 627
320 1146
321 322
321 495
322 296
323 324
323 1095
324 209
325 326
325 462
326 548
327 328
327 395
328 103
329 330
329 1123
330 717
331 49
331 332
332 784
333 75
333 334
334 772
335 129
335 336
336 558
337 338
337 855
338 1204
339 340
339 1197
340 185
341 342
341 731
342 1071
343 324
343 344
344 258
345 287
345 346
346 326
347 309
347 348
348 1143
349 350
349 875
350 24
351 352
351 553
352 1085
353 354
353 559
354 266
355 147
355 356
356 456
357 238
357 358
358 1168
359 92
359 360
360 563
361 362
361 508
362 891
363 364
363 962
364 614
365 290
365 366
366 1010
367 368
367 1209
368 174
369 370
369 587
370 1129
371 257
371 372
372 1120
373 374
373 818
374 434
375 89
375 376
376 1004
377 378
377 611
378 805
379 173
379 380
380 264
381 382
381 989
382 1044
383 166
383 384
384 824
385 386
385 943
386 1172
387 388
387 749
388 607
389 390
389 1007
390 724
391 392
391 545
392 1110
393 394
393 1108
394 314
395 225
395 396
396 658
397 115
397 398
398 1059
399 400
399 582
400 142
401 402
401 700
402 764
403 404
403 1009
404 270
405 406
405 1013
406 119
407 408
407 519
408 1024
409 410
409 459
410 10
411 412
411 524
412 286
413 414
413 851
414 364
415 416
415 649
416 819
417 418
417 987
418 516
419 183
419 420
420 281
421 422
421 878
422 1145
423 177
423 424
424 661
425 426
425 1137
426 445
427 145
427 428
428 328
429 430
429 603
430 292
431 432
431 736
432 9
433 248
433 434
434 422
435 436
435 990
436 140
437 268
437 438
438 829
439 440
439 866
440 466
441 442
441 840
442 965
443 61
443 444
444 538
445 58
445 446
446 740
447 391
447 448
448 1029
449 139
449 450
450 768
451 246
451 452
452 33
453 161
453 454
454 104
455 456
455 697
456 836
457 458
457 479
458 83
459 384
459 460
460 454
461 305
461 462
462 93
463 274
463 464
464 348
465 466
465 1213
466 282
467 269
467 468
468 22
469 470
469 1062
470 639
471 472
471 778
472 408
473 400
473 474
474 726
475 476
475 650
476 928
477 279
477 478
478 16
479 480
479 947
480 1096
481 482
481 837
482 898
483 484
483 959
484 36
485 486
485 536
486 564
487 488
487 1160
488 720
489 302
489 490
490 463
491 86
491 492
492 414
493 494
493 893
494 998
495 496
495 981
496 566
497 498
497 754
498 1100
499 500
499 539
500 640
501 502
501 570
502 428
503 504
503 1030
504 330
505 506
505 867
506 191
507 285
507 508
508 1207
509 510
509 1001
510 417
511 512
511 1036
512 585
513 514
513 1083
514 14
515 516
515 1117
516 164
517 518
517 552
518 63
519 154
519 520
520 126
521 522
521 534
522 448
523 524
523 935
524 1057
525 1
525 526
526 708
527 528
527 663
528 1089
529 475
529 530
530 1104
531 532
531 995
532 160
533 534
533 677
534 601
535 460
535 536
536 205
537 208
537 538
538 766
539 125
539 540
540 182
541 542
541 1061
542 972
543 323
543 544
544 932
545 169
545 546
546 979
547 505
547 548
548 525
549 441
549 550
550 118
551 133
551 552
552 179
553 554
553 1205
554 1038
555 556
555 621
556 950
557 558
557 1098
558 420
559 560
559 735
560 1094
561 413
561 562
562 780
563 564
563 747
564 730
565 288
565 566
566 7
567 568
567 791
568 1183
569 570
569 715
570 940
571 572
571 977
572 473
573 574
573 1186
574 120
575 576
575 615
576 341
577 578
577 938
578 57
579 580
579 813
580 368
581 371
581 582
582 695
583 159
583 584
584 28
585 18
585 586
586 872
587 588
587 1097
588 331
589 590
589 1135
590 723
591 211
591 592
592 906
593 2
593 594
594 267
595 596
595 719
596 850
597 598
597 1109
598 572
599 597
599 600
600 853
601 482
601 602
602 1077
603 604
603 757
604 1017
605 213
605 606
606 69
607 275
607 608
608 157
609 610
609 782
610 242
611 121
611 612
612 50
613 143
613 614
614 1076
615 308
615 616
616 247
617 96
617 618
618 484
619 407
619 620
620 54
621 467
621 622
622 936
623 624
623 967
624 620
625 530
625 626
626 812
627 628
627 1188
628 464
629 630
629 657
630 1175
631 632
631 1074
632 1028
633 634
633 775
634 711
635 636
635 692
636 84
637 122
637 638
638 244
639 372
639 640
640 62
641 642
641 1040
642 1060
643 644
643 927
644 672
645 646
645 761
646 712
647 346
647 648
648 858
649 650
649 1087
650 273
651 195
651 652
652 38
653 20
653 654
654 116
655 656
655 1082
656 144
657 658
657 955
658 924
659 170
659 660
660 250
661 662
661 693
662 606
663 664
663 881
664 1032
665 666
665 777
666 210
667 668
667 763
668 298
669 151
669 670
670 613
671 60
671 672
672 550
673 255
673 674
674 310
675 483
675 676
676 32
677 223
677 678
678 844
679 680
679 917
680 1184
681 80
681 682
682 472
683 684
683 1003
684 489
685 686
685 939
686 703
687 457
687 688
688 832
689 690
689 797
690 360
691 167
691 692
692 602
693 694
693 808
694 378
695 488
695 696
696 43
697 698
697 1125
698 322
699 424
699 700
700 1050
701 702
701 901
702 1162
703 704
703 954
704 964
705 706
705 752
706 490
707 35
707 708
708 1014
709 710
709 848
710 1161
711 712
711 814
712 874
713 573
713 714
714 617
715 5
715 716
716 790
717 232
717 718
718 806
719 720
719 1068
720 684
721 277
721 722
722 628
723 514
723 724
724 966
725 726
725 1199
726 781
727 705
727 728
728 702
729 730
729 825
730 1128
731 130
731 732
732 478
733 734
733 1195
734 1192
735 736
735 821
736 220
737 99
737 738
738 162
739 740
739 1005
740 52
741 742
741 774
742 664
743 744
743 762
744 544
745 234
745 746
746 948
747 748
747 1196
748 560
749 449
749 750
750 794
751 752
751 1119
752 465
753 294
753 754
754 595
755 51
755 756
756 402
757 347
757 758
758 311
759 760
759 911
760 1053
761 762
761 1202
762 48
763 415
763 764
764 834
765 37
765 766
766 230
767 262
767 768
768 802
769 770
769 820
770 404
771 772
771 783
772 67
773 8
773 774
774 520
775 237
775 776
776 800
777 276
777 778
778 586
779 297
779 780
780 1177
781 312
781 782
782 1106
783 784
783 1124
784 342
785 786
785 919
786 596
787 788
787 1101
788 178
789 790
789 885
790 1158
791 792
791 931
792 541
793 794
793 973
794 699
795 796
795 1159
796 871
797 529
797 798
798 193
799 662
799 800
800 23
801 303
801 802
802 405
803 301
803 804
804 1210
805 806
805 883
806 646
807 59
807 808
808 910
809 293
809 810
810 679
811 812
811 1075
812 231
813 199
813 814
814 1090
815 816
815 1069
816 1178
817 353
817 818
818 1118
819 629
819 820
820 633
821 21
821 822
822 12
823 256
823 824
824 1211
825 826
825 905
826 1048
827 568
827 828
828 56
829 830
829 1034
830 325
831 727
831 832
832 900
833 834
833 960
834 770
835 716
835 836
836 452
837 207
837 838
838 801
839 622
839 840
840 746
841 787
841 842
842 221
843 844
843 1051
844 546
845 379
845 846
846 653
847 641
847 848
848 336
849 197
849 850
850 1132
851 493
851 852
852 1157
853 701
853 854
854 823
855 856
855 1155
856 260
857 767
857 858
858 880
859 461
859 860
860 537
861 670
861 862
862 1078
863 518
863 864
864 152
865 555
865 866
866 734
867 868
867 1165
868 759
869 870
869 1148
870 580
871 532
871 872
872 240
873 874
873 1056
874 584
875 876
875 1171
876 992
877 878
877 1091
878 425
879 880
879 1121
880 204
881 567
881 882
882 4
883 859
883 884
884 358
885 886
885 899
886 70
887 888
887 1182
888 1206
889 557
889 890
890 860
891 168
891 892
892 66
893 527
893 894
894 271
895 852
895 896
896 1065
897 392
897 898
898 1021
899 776
899 900
900 1054
901 902
901 920
902 106
903 333
903 904
904 738
905 685
905 906
906 886
907 352
907 908
908 826
909 31
909 910
910 245
911 112
911 912
912 831
913 914
913 1200
914 644
915 416
915 916
916 389
917 375
917 918
918 1049
919 920
919 922
920 1111
921 889
921 922
922 1185
923 455
923 924
924 854
925 624
925 926
926 1139
927 616
927 928
928 356
929 421
929 930
930 334
931 239
931 932
932 756
933 85
933 934
934 42
935 804
935 936
936 506
937 938
937 1122
938 637
939 551
939 940
940 758
941 799
941 942
942 591
943 153
943 944
944 902
945 419
945 946
946 300
947 335
947 948
948 1084
949 828
949 950
950 10
951 423
951 952
952 863
953 599
953 954
954 1105
955 437
955 956
956 1047
957 671
957 958
958 969
959 337
959 960
960 916
961 283
961 962
962 1126
963 909
963 964
964 743
965 914
965 966
966 1016
967 362
967 968
968 882
969 219
969 970
970 78
971 972
971 1193
972 884
973 109
973 974
974 1006
975 74
975 976
976 835
977 388
977 978
978 34
979 980
979 1063
980 446
981 369
981 982
982 1064
983 765
983 984
984 451
985 79
985 986
986 1170
987 45
987 988
988 869
989 588
989 990
990 1093
991 289
991 992
992 64
993 339
993 994
994 753
995 593
995 996
996 600
997 807
997 998
998 526
999 930
999 1000
1000 907
1001 73
1001 1002
1002 280
1003 165
1003 1004
1004 651
1005 194
1005 1006
1006 1023
1007 713
1007 1008
1008 666
1009 217
1009 1010
1010 426
1011 803
1011 1012
1012 894
1013 295
1013 1014
1014 1189
1015 138
1015 1016
1016 486
1017 841
1017 1018
1018 383
1019 625
1019 1020
1020 1140
1021 605
1021 1022
1022 9
1023 110
1023 1024
1024 876
1025 1026
1025 1201
1026 817
1027 1028
1027 1141
1028 1000
1029 997
1029 1030
1030 698
1031 982
1031 1032
1032 512
1033 510
1033 1034
1034 187
1035 951
1035 1036
1036 148
1037 521
1037 1038
1038 444
1039 667
1039 1040
1040 583
1041 589
1041 1042
1042 200
1043 636
1043 1044
1044 569
1045 833
1045 1046
1046 682
1047 626
1047 1048
1048 186
1049 1050
1049 1156
1050 390
1051 985
1051 1052
1052 320
1053 688
1053 1054
1054 755
1055 370
1055 1056
1056 1187
1057 359
1057 1058
1058 608
1059 1033
1059 1060
1060 870
1061 1062
1061 1107
1062 632
1063 952
1063 1064
1064 673
1065 1066
1065 1153
1066 498
1067 430
1067 1068
1068 642
1069 253
1069 1070
1070 470
1071 313
1071 1072
1072 410
1073 565
1073 1074
1074 439
1075 1067
1075 1076
1076 1194
1077 769
1077 1078
1078 744
1079 531
1079 1080
1080 440
1081 707
1081 1082
1082 304
1083 522
1083 1084
1084 1020
1085 1086
1085 1166
1086 618
1087 438
1087 1088
1088 134
1089 771
1089 1090
1090 656
1091 261
1091 1092
1092 306
1093 1094
1093 1134
1094 496
1095 355
1095 1096
1096 1169
1097 849
1097 1098
1098 201
1099 961
1099 1100
1100 176
1101 739
1101 1102
1102 549
1103 218
1103 1104
1104 363
1105 654
1105 1106
1106 418
1107 1108
1107 1142
1108 1127
1109 903
1109 1110
1110 946
1111 55
1111 1112
1112 243
1113 788
1113 1114
1114 252
1115 888
1115 1116
1116 214
1117 929
1117 1118
1118 224
1119 579
1119 1120
1120 131
1121 509
1121 1122
1122 272
1123 795
1123 1124
1124 65
1125 315
1125 1126
1126 196
1127 830
1127 1128
1128 610
1129 779
1129 1130
1130 503
1131 299
1131 1132
1132 366
1133 838
1133 1134
1134 123
1135 827
1135 1136
1136 141
1137 665
1137 1138
1138 796
1139 469
1139 1140
1140 944
1141 792
1141 1142
1142 630
1143 485
1143 1144
1144 432
1145 956
1145 1146
1146 1130
1147 1079
1147 1148
1148 690
1149 236
1149 1150
1150 1103
1151 895
1151 1152
1152 925
1153 1099
1153 1154
1154 704
1155 815
1155 1156
1156 497
1157 1136
1157 1158
1158 376
1159 1147
1159 1160
1160 896
1161 316
1161 1162
1162 40
1163 988
1163 1164
1164 492
1165 897
1165 1166
1166 203
1167 41
1167 1168
1168 714
1169 357
1169 1170
1170 540
1171 491
1171 1172
1172 660
1173 913
1173 1174
1174 846
1175 216
1175 1176
1176 198
1177 810
1177 1178
1178 172
1179 251
1179 1180
1180 156
1181 709
1181 1182
1182 351
1183 675
1183 1184
1184 686
1185 1073
1185 1186
1186 643
1187 1131
1187 1188
1188 578
1189 222
1189 1190
1190 396
1191 750
1191 1192
1192 373
1193 15
1193 1194
1194 609
1195 47
1195 1196
1196 1080
1197 53
1197 1198
1198 999
1199 785
1199 1200
1200 958
1201 377
1201 1202
1202 1114
1203 971
1203 1204
1204 1154
1205 748
1205 1206
1206 501
1207 29
1207 1208
1208 1102
1209 263
1209 1210
1210 284
1211 474
1211 1212
1212 1086
1213 6
1213 1214
1214 374
