0 419
0 957
2 817
2 1179
3 439
3 471
5 596
4 959
4 1063
6 68
9 441
9 1117
10 25
10 739
11 1003
12 1178
13 148
13 740
15 610
15 781
17 422
17 536
19 157
19 786
21 37
21 580
23 24
23 403
24 641
25 26
25 548
26 71
27 28
27 440
28 656
29 30
29 464
30 600
31 32
31 713
32 202
33 34
33 52
34 712
35 36
35 759
36 851
37 38
37 1192
38 834
39 40
39 429
40 716
41 42
41 568
42 352
43 44
43 937
44 360
45 46
45 714
46 323
47 48
47 385
48 257
49 50
49 884
50 631
51 52
51 571
52 682
53 54
53 140
54 637
55 56
55 163
56 563
57 58
57 178
58 612
59 60
59 198
60 1133
61 62
61 544
62 7
63 64
63 463
64 476
65 66
65 373
66 406
67 65
67 68
68 97
69 70
69 1079
70 639
71 72
71 85
72 879
73 74
73 526
74 18
75 76
75 599
76 864
77 78
77 468
78 169
79 80
79 502
80 1035
81 82
81 491
82 362
83 84
83 339
84 752
85 86
85 761
86 114
87 88
87 164
88 12
89 90
89 167
90 813
91 92
91 315
92 615
93 94
93 699
94 737
95 96
95 119
96 799
97 98
97 990
98 679
99 53
99 100
100 326
101 102
101 446
102 718
103 104
103 827
104 86
105 106
105 816
106 1112
107 108
107 901
108 1196
109 94
109 110
110 831
111 112
111 499
112 622
113 114
113 242
114 12
115 116
115 745
116 1206
117 118
117 269
118 852
119 120
119 1195
120 722
121 122
121 635
122 203
123 124
123 882
124 165
125 126
125 365
126 732
127 128
127 1041
128 566
129 130
129 922
130 248
131 132
131 939
132 872
133 134
133 214
134 482
135 136
135 238
136 557
137 138
137 159
138 316
139 140
139 413
140 145
141 142
141 344
142 1187
143 60
143 144
144 481
145 146
145 554
146 378
147 6
147 148
148 312
149 150
149 1182
150 540
151 152
151 797
152 246
153 154
153 889
154 733
155 156
155 791
156 166
157 158
157 565
158 266
159 160
159 932
160 364
161 91
161 162
162 1095
163 164
163 802
164 822
165 166
165 915
166 1172
167 168
167 1054
168 525
169 170
169 592
170 343
171 172
171 291
172 697
173 174
173 1118
174 534
175 176
175 583
176 300
177 178
177 859
178 926
179 180
179 210
180 74
181 182
181 427
182 79
183 184
183 956
184 1052
185 186
185 479
186 418
187 188
187 964
188 920
189 190
189 382
190 917
191 192
191 1109
192 111
193 194
193 1024
194 424
195 196
195 837
196 546
197 143
197 198
198 1076
199 200
199 789
200 669
201 34
201 202
202 193
203 204
203 954
204 158
205 206
205 771
206 1212
207 208
207 505
208 617
209 210
209 420
210 1135
211 212
211 1008
212 498
213 214
213 903
214 1167
215 216
215 377
216 663
217 218
217 595
218 508
219 220
219 719
220 1002
221 222
221 484
222 1208
223 108
223 224
224 255
225 226
225 961
226 650
227 228
227 1213
228 322
229 230
229 924
230 218
231 24
231 232
232 1027
233 11
233 234
234 44
235 236
235 1053
236 611
237 238
237 381
238 1121
239 240
239 887
240 4
241 242
241 537
242 83
243 244
243 793
244 978
245 246
245 720
246 874
247 248
247 368
248 302
249 181
249 250
250 1108
251 252
251 828
252 850
253 254
253 1007
254 948
255 256
255 591
256 800
257 258
257 276
258 28
259 260
259 1057
260 756
261 262
261 1071
262 128
263 264
263 273
264 100
265 266
265 442
266 632
267 268
267 289
268 1140
269 270
269 293
270 150
271 272
271 1205
272 495
273 274
273 461
274 105
275 276
275 945
276 706
277 98
277 278
278 333
279 280
279 1214
280 1018
281 282
281 372
282 62
283 284
283 535
284 1168
285 286
285 994
286 742
287 288
287 341
288 76
289 290
289 687
290 944
291 292
291 1181
292 245
293 294
293 338
294 1162
295 296
295 848
296 174
297 298
297 1185
298 396
299 300
299 640
300 976
301 302
301 724
302 820
303 304
303 465
304 400
305 306
305 805
306 144
307 308
307 690
308 670
309 36
309 310
310 743
311 312
311 829
312 1107
313 314
313 539
314 1144
315 316
315 475
316 918
317 318
317 523
318 1150
319 320
319 891
320 984
321 322
321 501
322 196
323 275
323 324
324 750
325 326
325 723
326 1203
327 328
327 643
328 587
329 330
329 579
330 628
331 332
331 678
332 1201
333 334
333 648
334 652
335 336
335 1113
336 104
337 338
337 511
338 437
339 330
339 340
340 72
341 58
341 342
342 258
343 344
343 630
344 1141
345 311
345 346
346 896
347 348
347 705
348 545
349 350
349 1175
350 204
351 132
351 352
352 958
353 264
353 354
354 423
355 356
355 846
356 395
357 358
357 649
358 527
359 360
359 1190
360 906
361 362
361 1045
362 1046
363 364
363 768
364 1102
365 271
365 366
366 726
367 59
367 368
368 87
369 370
369 1019
370 236
371 372
371 696
372 348
373 374
373 821
374 1012
375 206
375 376
376 130
377 173
377 378
378 1163
379 380
379 455
380 459
381 382
381 601
382 605
383 384
383 1146
384 456
385 386
385 411
386 224
387 384
387 388
388 154
389 390
389 606
390 138
391 392
391 661
392 1048
393 394
393 1067
394 226
395 396
395 1161
396 1023
397 383
397 398
398 1193
399 136
399 400
400 1072
401 402
401 621
402 151
403 404
403 943
404 101
405 406
405 875
406 608
407 408
407 434
408 935
409 171
409 410
410 509
411 223
411 412
412 182
413 347
413 414
414 22
415 249
415 416
416 301
417 418
417 812
418 754
419 420
419 811
420 116
421 422
421 447
422 530
423 424
423 856
424 968
425 366
425 426
426 284
427 379
427 428
428 766
429 430
429 680
430 122
431 432
431 1116
432 1104
433 407
433 434
434 272
435 63
435 436
436 779
437 183
437 438
438 1138
439 440
439 613
440 19
441 389
441 442
442 929
443 321
443 444
444 324
445 103
445 446
446 1147
447 259
447 448
448 27
449 237
449 450
450 141
451 452
451 1051
452 306
453 454
453 1060
454 56
455 456
455 693
456 810
457 458
457 833
458 830
459 448
459 460
460 552
461 462
461 803
462 972
463 464
463 1075
464 408
465 294
465 466
466 528
467 177
467 468
468 1025
469 470
469 871
470 987
471 472
471 627
472 1132
473 474
473 839
474 129
475 235
475 476
476 927
477 478
477 760
478 914
479 156
479 480
480 1142
481 482
481 1176
482 524
483 453
483 484
484 318
485 213
485 486
486 147
487 208
487 488
488 694
489 367
489 490
490 1165
491 391
491 492
492 1009
493 487
493 494
494 651
495 207
495 496
496 790
497 498
497 849
498 460
499 500
499 541
500 50
501 502
501 1164
502 549
503 401
503 504
504 31
505 64
505 506
506 845
507 370
507 508
508 634
509 109
509 510
510 585
511 240
511 512
512 1091
513 274
513 514
514 390
515 516
515 522
516 588
517 518
517 1151
518 361
519 121
519 520
520 1174
521 522
521 735
522 133
523 233
523 524
524 986
525 67
525 526
526 472
527 528
527 1170
528 328
529 195
529 530
530 658
531 532
531 1056
532 894
533 23
533 534
534 369
535 536
535 806
536 80
537 69
537 538
538 33
539 540
539 561
540 8
541 493
541 542
542 668
543 544
543 777
544 950
545 450
545 546
546 66
547 548
547 975
548 672
549 550
549 660
550 285
551 118
551 552
552 584
553 161
553 554
554 490
555 436
555 556
556 895
557 356
557 558
558 222
559 560
559 677
560 734
561 562
561 1083
562 319
563 564
563 1020
564 598
565 280
565 566
566 880
567 349
567 568
568 711
569 570
569 738
570 676
571 572
571 747
572 279
573 574
573 923
574 244
575 567
575 576
576 727
577 578
577 911
578 870
579 131
579 580
580 1044
581 582
581 1011
582 110
583 359
583 584
584 1066
585 586
585 662
586 480
587 252
587 588
588 334
589 445
589 590
590 510
591 592
591 674
592 375
593 96
593 594
594 1124
595 135
595 596
596 1010
597 13
597 598
598 283
599 600
599 749
600 221
601 93
601 602
602 286
603 604
603 881
604 175
605 107
605 606
606 421
607 404
607 608
608 48
609 610
609 753
610 254
611 496
611 612
612 942
613 371
613 614
614 1101
615 81
615 616
616 374
617 618
617 1139
618 775
619 620
619 715
620 277
621 622
621 955
622 704
623 624
623 858
624 184
625 626
625 1061
626 550
627 628
627 853
628 1105
629 630
629 1082
630 556
631 520
631 632
632 776
633 634
633 1149
634 1064
635 636
635 659
636 57
637 555
637 638
638 303
639 640
639 1131
640 908
641 642
641 921
642 397
643 644
643 1110
644 1087
645 646
645 782
646 542
647 267
647 648
648 910
649 329
649 650
650 474
651 320
651 652
652 458
653 654
653 904
654 414
655 656
655 702
656 1111
657 433
657 658
658 531
659 317
659 660
660 558
661 662
661 912
662 39
663 497
663 664
664 730
665 410
665 666
666 250
667 609
667 668
668 796
669 670
669 1129
670 974
671 672
671 1198
672 982
673 469
673 674
674 190
675 676
675 1199
676 77
677 678
677 1097
678 873
679 578
679 680
680 205
681 268
681 682
682 220
683 684
683 1134
684 854
685 686
685 1078
686 564
687 9
687 688
688 298
689 54
689 690
690 1047
691 692
691 861
692 729
693 43
693 694
694 666
695 15
695 696
696 808
697 517
697 698
698 1077
699 700
699 825
700 230
701 55
701 702
702 30
703 704
703 815
704 82
705 331
705 706
706 590
707 708
707 794
708 1092
709 507
709 710
710 744
711 296
711 712
712 412
713 714
713 728
714 1210
715 559
715 716
716 804
717 685
717 718
718 40
719 720
719 999
720 1100
721 722
721 772
722 358
723 209
723 724
724 1160
725 2
725 726
726 570
727 728
727 1128
728 38
729 17
729 730
730 126
731 149
731 732
732 186
733 734
733 1080
734 532
735 736
735 1098
736 751
737 738
737 1093
738 189
739 740
739 931
740 47
741 742
741 1069
742 14
743 744
743 798
744 462
745 231
745 746
746 1085
747 748
747 1015
748 636
749 750
749 1043
750 350
751 752
751 1016
752 262
753 754
753 784
754 624
755 332
755 756
756 551
757 574
757 758
758 1090
759 619
759 760
760 913
761 573
761 762
762 376
763 603
763 764
764 707
765 766
765 865
766 247
767 3
767 768
768 304
769 415
769 770
770 228
771 772
771 892
772 765
773 243
773 774
774 614
775 776
775 1173
776 342
777 778
777 883
778 951
779 780
779 788
780 139
781 782
781 886
782 45
783 543
783 784
784 899
785 435
785 786
786 671
787 788
787 885
788 533
789 790
789 979
790 146
791 538
791 792
792 336
793 794
793 809
794 675
795 796
795 1055
796 155
797 798
797 938
798 692
799 800
799 900
800 102
801 261
801 802
802 867
803 695
803 804
804 824
805 806
805 1042
806 909
807 808
807 1197
808 335
809 810
809 1040
810 1189
811 409
811 812
812 172
813 814
813 1158
814 1013
815 513
815 816
816 653
817 807
817 818
818 1022
819 625
819 820
820 586
821 767
821 822
822 5
823 824
823 1058
824 952
825 783
825 826
826 295
827 386
827 828
828 770
829 357
829 830
830 930
831 388
831 832
832 1021
833 736
833 834
834 1188
835 836
835 841
836 308
837 265
837 838
838 936
839 327
839 840
840 657
841 325
841 842
842 893
843 844
843 933
844 1030
845 774
845 846
846 688
847 191
847 848
848 529
849 655
849 850
850 1070
851 199
851 852
852 905
853 417
853 854
854 106
855 856
855 862
856 32
857 858
857 1094
858 88
859 860
859 1059
860 1
861 153
861 862
862 200
863 864
863 916
864 1202
865 866
865 1032
866 211
867 645
867 868
868 1036
869 483
869 870
870 185
871 10
871 872
872 503
873 647
873 874
874 1143
875 876
875 971
876 176
877 878
877 993
878 836
879 880
879 888
880 438
881 297
881 882
882 232
883 884
883 989
884 431
885 51
885 886
886 90
887 241
887 888
888 1152
889 890
889 1037
890 778
891 892
891 970
892 494
893 894
893 1137
894 966
895 896
895 1000
896 814
897 898
897 973
898 78
899 900
899 1099
900 168
901 92
901 902
902 239
903 904
903 925
904 1006
905 897
905 906
906 1166
907 589
907 908
908 41
909 910
909 1028
910 1130
911 912
911 1089
912 995
913 313
913 914
914 620
915 741
915 916
916 428
917 703
917 918
918 452
919 920
919 1211
920 281
921 673
921 922
922 1088
923 924
923 997
924 1126
925 926
925 1153
926 819
927 575
927 928
928 953
929 309
929 930
930 792
931 932
931 1125
932 593
933 934
933 1184
934 354
935 260
935 936
936 399
937 125
937 938
938 969
939 940
939 947
940 49
941 818
941 942
942 708
943 944
943 967
944 1086
945 562
945 946
946 486
947 519
947 948
948 983
949 946
949 950
950 907
951 430
951 952
952 516
953 504
953 954
954 500
955 633
955 956
956 506
957 958
957 981
958 29
959 960
959 1186
960 1065
961 569
961 962
962 1191
963 642
963 964
964 629
965 95
965 966
966 229
967 968
967 1157
968 866
969 838
969 970
970 857
971 855
971 972
972 1074
973 582
973 974
974 758
975 215
975 976
976 1200
977 755
977 978
978 21
979 616
979 980
980 192
981 665
981 982
982 1114
983 402
983 984
984 394
985 764
985 986
986 282
987 604
987 988
988 299
989 787
989 990
990 152
991 769
991 992
992 1004
993 960
993 994
994 878
995 780
995 996
996 5
997 763
997 998
998 963
999 253
999 1000
1000 426
1001 61
1001 1002
1002 112
1003 1004
1003 1084
1004 638
1005 227
1005 1006
1006 305
1007 393
1007 1008
1008 278
1009 197
1009 1010
1010 700
1011 115
1011 1012
1012 949
1013 488
1013 1014
1014 270
1015 89
1015 1016
1016 832
1017 314
1017 1018
1018 1050
1019 572
1019 1020
1020 709
1021 623
1021 1022
1022 877
1023 478
1023 1024
1024 20
1025 363
1025 1026
1026 180
1027 263
1027 1028
1028 1154
1029 518
1029 1030
1030 310
1031 216
1031 1032
1032 398
1033 489
1033 1034
1034 1183
1035 514
1035 1036
1036 84
1037 11
1037 1038
1038 710
1039 127
1039 1040
1040 123
1041 99
1041 1042
1042 988
1043 748
1043 1044
1044 594
1045 142
1045 1046
1046 876
1047 217
1047 1048
1048 962
1049 225
1049 1050
1050 251
1051 1031
1051 1052
1052 654
1053 449
1053 1054
1054 219
1055 618
1055 1056
1056 1026
1057 667
1057 1058
1058 162
1059 547
1059 1060
1060 746
1061 1017
1061 1062
1062 444
1063 292
1063 1064
1064 134
1065 113
1065 1066
1066 1136
1067 1039
1067 1068
1068 405
1069 46
1069 1070
1070 868
1071 477
1071 1072
1072 1194
1073 117
1073 1074
1074 762
1075 553
1075 1076
1076 576
1077 451
1077 1078
1078 646
1079 345
1079 1080
1080 380
1081 1082
1081 1155
1082 454
1083 577
1083 1084
1084 919
1085 392
1085 1086
1086 842
1087 691
1087 1088
1088 201
1089 991
1089 1090
1090 432
1091 457
1091 1092
1092 560
1093 689
1093 1094
1094 6
1095 351
1095 1096
1096 1148
1097 801
1097 1098
1098 823
1099 902
1099 1100
1100 980
1101 75
1101 1102
1102 346
1103 124
1103 1104
1104 1180
1105 290
1105 1106
1106 73
1107 898
1107 1108
1108 684
1109 1110
1109 1209
1110 998
1111 212
1111 1112
1112 1204
1113 1114
1113 1156
1114 512
1115 1116
1115 1171
1116 515
1117 847
1117 1118
1118 581
1119 1120
1119 1127
1120 1068
1121 869
1121 1122
1122 416
1123 467
1123 1124
1124 863
1125 644
1125 1126
1126 626
1127 785
1127 1128
1128 187
1129 1130
1129 1169
1130 425
1131 1120
1131 1132
1132 985
1133 597
1133 1134
1134 1122
1135 1136
1135 1207
1136 288
1137 934
1137 1138
1138 256
1139 1115
1139 1140
1140 1001
1141 602
1141 1142
1142 1062
1143 1005
1143 1144
1144 70
1145 940
1145 1146
1146 1106
1147 443
1147 1148
1148 992
1149 387
1149 1150
1150 340
1151 470
1151 1152
1152 683
1153 1154
1153 1159
1154 188
1155 1119
1155 1156
1156 1103
1157 731
1157 1158
1158 307
1159 35
1159 1160
1160 717
1161 1162
1161 1177
1162 194
1163 843
1163 1164
1164 1145
1165 353
1165 1166
1166 844
1167 698
1167 1168
1168 287
1169 492
1169 1170
1170 1029
1171 1034
1171 1172
1172 686
1173 355
1173 1174
1174 1096
1175 826
1175 1176
1176 757
1177 607
1177 1178
1178 1038
1179 1081
1179 1180
1180 996
1181 725
1181 1182
1182 485
1183 701
1183 1184
1184 42
1185 835
1185 1186
1186 840
1187 234
1187 1188
1188 890
1189 1033
1189 1190
1190 337
1191 977
1191 1192
1192 664
1193 928
1193 1194
1194 466
1195 1123
1195 1196
1196 681
1197 26
1197 1198
1198 941
1199 120
1199 1200
1200 16
1201 473
1201 1202
1202 160
1203 137
1203 1204
1204 860
1205 1049
1205 1206
1206 773
1207 521
1207 1208
1208 721
1209 965
1209 1210
1210 170
1211 179
1211 1212
1212 1014
1213 1073
1213 1214
1214 795
