0 29
0 1071
1 241
1 542
3 25
3 27
4 647
4 1094
6 900
5 283
7 725
7 758
9 368
8 606
8 1044
10 1028
13 480
13 1180
15 461
15 1202
17 59
17 121
19 759
19 856
21 909
21 1182
23 24
23 511
24 36
25 26
25 839
26 255
27 28
27 899
28 322
29 30
29 1103
30 539
31 32
31 1158
32 1150
33 34
33 106
34 356
35 36
35 704
36 1055
37 38
37 175
38 928
39 40
39 579
40 739
41 42
41 898
42 189
43 44
43 993
44 564
45 46
45 865
46 312
47 48
47 921
48 206
49 50
49 628
50 431
51 52
51 969
52 737
53 54
53 181
54 74
55 56
55 1139
56 1108
57 58
57 63
58 995
59 18
59 60
60 874
61 62
61 333
62 918
63 64
63 529
64 490
65 66
65 226
66 556
67 68
67 199
68 1
69 70
69 506
70 702
71 72
71 1022
72 228
73 74
73 360
74 394
75 76
75 279
76 1107
77 78
77 619
78 414
79 80
79 239
80 46
81 82
81 926
82 104
83 84
83 1070
84 284
85 86
85 503
86 98
87 88
87 95
88 93
89 90
89 339
90 1146
91 92
91 1098
92 873
93 94
93 817
94 1014
95 96
95 243
96 207
97 98
97 417
98 172
99 100
99 353
100 756
101 102
101 695
102 400
103 61
103 104
104 582
105 106
105 572
106 110
107 108
107 1111
108 507
109 110
109 734
110 935
111 112
111 911
112 1092
113 114
113 305
114 416
115 116
115 441
116 56
117 118
117 509
118 208
119 120
119 516
120 470
121 60
121 122
122 820
123 124
123 265
124 1118
125 126
125 951
126 740
127 128
127 1076
128 464
129 130
129 184
130 1141
131 132
131 426
132 840
133 134
133 1172
134 747
135 136
135 587
136 86
137 138
137 314
138 308
139 55
139 140
140 741
141 142
141 1165
142 148
143 144
143 819
144 961
145 146
145 459
146 282
147 148
147 626
148 738
149 150
149 641
150 230
151 152
151 886
152 1211
153 154
153 242
154 1019
155 156
155 357
156 686
157 158
157 777
158 696
159 160
159 518
160 860
161 162
161 519
162 119
163 164
163 1207
164 776
165 166
165 623
166 449
167 168
167 178
168 1122
169 170
169 717
170 405
171 172
171 684
172 1004
173 174
173 841
174 233
175 176
175 473
176 966
177 178
177 804
178 939
179 180
179 774
180 671
181 4
181 182
182 218
183 184
183 1114
184 609
185 186
185 785
186 402
187 188
187 812
188 1116
189 190
189 413
190 968
191 192
191 523
192 1012
193 159
193 194
194 1104
195 196
195 1059
196 465
197 198
197 536
198 1046
199 200
199 548
200 1175
201 202
201 971
202 786
203 204
203 731
204 21
205 206
205 497
206 573
207 208
207 320
208 500
209 2
209 210
210 306
211 212
211 943
212 567
213 214
213 809
214 483
215 216
215 627
216 902
217 218
217 318
218 854
219 220
219 858
220 129
221 222
221 252
222 176
223 224
223 456
224 126
225 226
225 278
226 538
227 228
227 685
228 198
229 230
229 420
230 383
231 232
231 397
232 514
233 234
233 1029
234 1200
235 236
235 650
236 950
237 238
237 1089
238 697
239 240
239 659
240 1096
241 242
241 710
242 748
243 244
243 447
244 992
245 246
245 1086
246 1178
247 170
247 248
248 1212
249 250
249 351
250 168
251 252
251 762
252 288
253 254
253 863
254 270
255 256
255 633
256 1032
257 258
257 745
258 256
259 204
259 260
260 903
261 183
261 262
262 406
263 264
263 986
264 656
265 266
265 527
266 754
267 268
267 566
268 91
269 270
269 837
270 142
271 272
271 661
272 1140
273 237
273 274
274 988
275 276
275 973
276 498
277 278
277 440
278 1168
279 280
279 722
280 134
281 282
281 471
282 71
283 284
283 896
284 672
285 286
285 309
286 679
287 288
287 1020
288 280
289 290
289 1001
290 210
291 292
291 1027
292 1016
293 291
293 294
294 267
295 296
295 458
296 315
297 298
297 1187
298 116
299 300
299 457
300 588
301 161
301 302
302 220
303 65
303 304
304 34
305 306
305 698
306 638
307 308
307 891
308 348
309 261
309 310
310 35
311 312
311 488
312 954
313 314
313 341
314 1024
315 316
315 594
316 742
317 318
317 524
318 1036
319 6
319 320
320 165
321 322
321 751
322 216
323 324
323 727
324 466
325 192
325 326
326 109
327 328
327 1151
328 254
329 67
329 330
330 1102
331 332
331 636
332 113
333 329
333 334
334 260
335 30
335 336
336 296
337 338
337 435
338 703
339 289
339 340
340 442
341 342
341 1176
342 510
343 344
343 1005
344 304
345 346
345 648
346 335
347 348
347 849
348 832
349 350
349 1123
350 327
351 352
351 583
352 331
353 354
353 753
354 736
355 356
355 578
356 822
357 293
357 358
358 532
359 360
359 1008
360 76
361 185
361 362
362 209
363 362
363 364
364 949
365 366
365 612
366 936
367 368
367 559
368 866
369 219
369 370
370 534
371 346
371 372
372 652
373 374
373 495
374 247
375 376
375 715
376 815
377 275
377 378
378 290
379 380
379 998
380 630
381 195
381 382
382 326
383 384
383 424
384 980
385 386
385 1067
386 111
387 107
387 388
388 984
389 390
389 585
390 224
391 392
391 445
392 955
393 394
393 1039
394 668
395 144
395 396
396 761
397 376
397 398
398 370
399 400
399 501
400 196
401 402
401 884
402 800
403 404
403 434
404 10
405 377
405 406
406 194
407 17
407 408
408 8
409 173
409 410
410 227
411 412
411 525
412 879
413 414
413 1088
414 1082
415 102
415 416
416 14
417 418
417 1033
418 859
419 420
419 1106
420 323
421 422
421 591
422 1078
423 424
423 701
424 332
425 410
425 426
426 302
427 317
427 428
428 83
429 385
429 430
430 835
431 432
431 597
432 479
433 20
433 434
434 244
435 203
435 436
436 443
437 438
437 978
438 658
439 440
439 1191
440 404
441 442
441 665
442 574
443 444
443 537
444 654
445 446
445 895
446 1061
447 448
447 688
448 580
449 328
449 450
450 81
451 294
451 452
452 7
453 454
453 675
454 234
455 456
455 1037
456 24
457 458
457 797
458 266
459 439
459 460
460 864
461 462
461 613
462 1179
463 464
463 997
464 660
465 466
465 982
466 828
467 33
467 468
468 432
469 338
469 470
470 156
471 215
471 472
472 299
473 474
473 1201
474 133
475 476
475 608
476 251
477 359
477 478
478 953
479 344
479 480
480 750
481 482
481 1119
482 1025
483 484
483 851
484 418
485 486
485 857
486 803
487 6
487 488
488 515
489 490
489 913
490 1013
491 492
491 985
492 674
493 494
493 890
494 694
495 319
495 496
496 128
497 498
497 1167
498 1130
499 500
499 547
500 924
501 502
501 541
502 87
503 504
503 676
504 784
505 506
505 624
506 634
507 508
507 914
508 1210
509 510
509 1197
510 888
511 481
511 512
512 764
513 158
513 514
514 783
515 415
515 516
516 522
517 518
517 807
518 1117
519 520
519 1171
520 1173
521 522
521 1177
522 136
523 524
523 1093
524 1199
525 526
525 1145
526 1081
527 231
527 528
528 336
529 530
529 883
530 429
531 393
531 532
532 870
533 534
533 1195
534 810
535 536
535 946
536 160
537 49
537 538
538 444
539 155
539 540
540 141
541 542
541 732
542 526
543 544
543 882
544 240
545 321
545 546
546 82
547 548
547 1129
548 214
549 143
549 550
550 316
551 552
551 766
552 788
553 554
553 1184
554 960
555 556
555 908
556 581
557 558
557 941
558 263
559 560
559 765
560 552
561 562
561 907
562 1134
563 564
563 1099
564 1034
565 57
565 566
566 163
567 568
567 1198
568 1174
569 125
569 570
570 454
571 572
571 872
572 334
573 574
573 912
574 78
575 544
575 576
576 412
577 578
577 975
578 691
579 19
579 580
580 1186
581 582
581 596
582 826
583 584
583 1060
584 355
585 531
585 586
586 601
587 588
587 744
588 108
589 590
589 842
590 1057
591 592
591 699
592 512
593 594
593 673
594 1147
595 262
595 596
596 910
597 482
597 598
598 922
599 297
599 600
600 371
601 602
601 640
602 197
603 201
603 604
604 1128
605 477
605 606
606 682
607 608
607 1042
608 187
609 259
609 610
610 620
611 349
611 612
612 150
613 430
613 614
614 906
615 268
615 616
616 983
617 618
617 938
618 211
619 51
619 620
620 10
621 3
621 622
622 463
623 171
623 624
624 492
625 626
625 791
626 154
627 628
627 1083
628 1097
629 372
629 630
630 964
631 632
631 708
632 644
633 634
633 1213
634 528
635 533
635 636
636 705
637 638
637 871
638 403
639 423
639 640
640 590
641 642
641 746
642 1105
643 611
643 644
644 358
645 646
645 743
646 925
647 569
647 648
648 1052
649 489
649 650
650 934
651 476
651 652
652 462
653 238
653 654
654 1164
655 656
655 721
656 869
657 658
657 952
658 584
659 660
659 662
660 970
661 436
661 662
662 639
663 664
663 667
664 94
665 337
665 666
666 586
667 646
667 668
668 1064
669 139
669 670
670 520
671 672
671 1110
672 80
673 674
673 885
674 167
675 676
675 919
676 92
677 26
677 678
678 799
679 670
679 680
680 974
681 555
681 682
682 232
683 666
683 684
684 1192
685 5
685 686
686 1166
687 421
687 688
688 929
689 690
689 771
690 629
691 131
691 692
692 166
693 77
693 694
694 380
695 530
695 696
696 905
697 248
697 698
698 595
699 499
699 700
700 147
701 375
701 702
702 780
703 193
703 704
704 1079
705 706
705 1155
706 836
707 708
707 735
708 894
709 607
709 710
710 469
711 245
711 712
712 769
713 714
713 773
714 127
715 716
715 763
716 340
717 718
717 1000
718 677
719 720
719 823
720 692
721 722
721 881
722 493
723 724
723 846
724 1159
725 277
725 726
726 16
727 728
727 963
728 793
729 576
729 730
730 1138
731 517
731 732
732 981
733 599
733 734
734 843
735 736
735 801
736 38
737 738
737 989
738 1080
739 740
739 1063
740 303
741 274
741 742
742 300
743 557
743 744
744 625
745 213
745 746
746 617
747 748
747 916
748 1148
749 551
749 750
750 972
751 455
751 752
752 235
753 754
753 795
754 719
755 593
755 756
756 450
757 502
757 758
758 558
759 311
759 760
760 1018
761 68
761 762
762 223
763 764
763 1127
764 749
765 766
765 967
766 637
767 313
767 768
768 1137
769 151
769 770
770 47
771 273
771 772
772 1163
773 382
773 774
774 330
775 776
775 830
776 827
777 103
777 778
778 438
779 487
779 780
780 22
781 782
781 920
782 796
783 610
783 784
784 1131
785 350
785 786
786 225
787 788
787 999
788 1189
789 790
789 1206
790 140
791 792
791 850
792 726
793 794
793 1026
794 792
795 79
795 796
796 221
797 798
797 876
798 770
799 800
799 1007
800 28
801 802
801 821
802 1087
803 5
803 804
804 714
805 651
805 806
806 478
807 808
807 1149
808 892
809 271
809 810
810 162
811 453
811 812
812 1183
813 41
813 814
814 37
815 767
815 816
816 878
817 818
817 1075
818 631
819 387
819 820
820 1068
821 822
821 1169
822 782
823 484
823 824
824 264
825 826
825 915
826 112
827 798
827 828
828 44
829 687
829 830
830 301
831 832
831 1050
832 1188
833 475
833 834
834 1101
835 718
835 836
836 212
837 521
837 838
838 182
839 840
839 977
840 295
841 842
841 889
842 285
843 124
843 844
844 1132
845 565
845 846
846 1135
847 89
847 848
848 1162
849 618
849 850
850 97
851 852
851 1112
852 683
853 854
853 1209
854 957
855 856
855 1031
856 962
857 858
857 1047
858 149
859 562
859 860
860 616
861 862
861 923
862 122
863 553
863 864
864 834
865 615
865 866
866 398
867 118
867 868
868 1160
869 870
869 940
870 446
871 451
871 872
872 930
873 790
873 874
874 904
875 75
875 876
876 1015
877 878
877 1121
878 474
879 407
879 880
880 680
881 882
881 1065
882 1045
883 622
883 884
884 217
885 752
885 886
886 363
887 888
887 917
888 994
889 723
889 890
890 62
891 892
891 1010
892 681
893 657
893 894
894 276
895 485
895 896
896 1023
897 543
897 898
898 373
899 491
899 900
900 861
901 205
901 902
902 772
903 653
903 904
904 180
905 712
905 906
906 325
907 711
907 908
908 1100
909 910
909 1069
910 246
911 690
911 912
912 1170
913 23
913 914
914 496
915 916
915 1056
916 48
917 545
917 918
918 249
919 655
919 920
920 164
921 602
921 922
922 716
923 145
923 924
924 996
925 926
925 1203
926 794
927 847
927 928
928 781
929 411
929 930
930 778
931 342
931 932
932 114
933 381
933 934
934 1002
935 724
935 936
936 728
937 802
937 938
938 755
939 179
939 940
940 378
941 115
941 942
942 1156
943 779
943 944
944 202
945 635
945 946
946 1011
947 391
947 948
948 664
949 816
949 950
950 944
951 389
951 952
952 669
953 954
953 1048
954 13
955 130
955 956
956 379
957 452
957 958
958 40
959 58
959 960
960 729
961 962
961 1161
962 1152
963 880
963 964
964 825
965 966
965 1090
966 604
967 968
967 1133
968 570
969 970
969 1205
970 867
971 592
971 972
972 868
973 974
973 979
974 401
975 117
975 976
976 1157
977 191
977 978
978 419
979 806
979 980
980 1058
981 877
981 982
982 1084
983 504
983 984
984 508
985 853
985 986
986 958
987 805
987 988
988 96
989 352
989 990
990 540
991 50
991 992
992 11
993 367
993 994
994 1204
995 649
995 996
996 66
997 998
997 1009
998 1142
999 733
999 1000
1000 425
1001 589
1001 1002
1002 642
1003 789
1003 1004
1004 990
1005 345
1005 1006
1006 437
1007 987
1007 1008
1008 1049
1009 409
1009 1010
1010 561
1011 1012
1011 1095
1012 757
1013 494
1013 1014
1014 12
1015 1016
1015 1125
1016 90
1017 1018
1017 1113
1018 932
1019 287
1019 1020
1020 467
1021 43
1021 1022
1022 852
1023 99
1023 1024
1024 408
1025 42
1025 1026
1026 720
1027 486
1027 1028
1028 188
1029 947
1029 1030
1030 70
1031 829
1031 1032
1032 120
1033 364
1033 1034
1034 422
1035 85
1035 1036
1036 186
1037 787
1037 1038
1038 730
1039 1040
1039 1193
1040 73
1041 53
1041 1042
1042 897
1043 942
1043 1044
1044 818
1045 689
1045 1046
1046 1194
1047 663
1047 1048
1048 229
1049 253
1049 1050
1050 768
1051 101
1051 1052
1052 945
1053 343
1053 1054
1054 347
1055 1056
1055 1136
1056 1074
1057 123
1057 1058
1058 844
1059 855
1059 1060
1060 535
1061 1038
1061 1062
1062 760
1063 250
1063 1064
1064 931
1065 257
1065 1066
1066 100
1067 395
1067 1068
1068 39
1069 236
1069 1070
1070 1043
1071 1072
1071 1109
1072 1073
1073 9
1073 1074
1074 550
1075 152
1075 1076
1076 976
1077 1078
1077 1181
1078 468
1079 1080
1079 1144
1080 948
1081 1003
1081 1082
1082 460
1083 174
1083 1084
1084 132
1085 645
1085 1086
1086 563
1087 600
1087 1088
1088 88
1089 693
1089 1090
1090 824
1091 893
1091 1092
1092 632
1093 1085
1093 1094
1094 875
1095 169
1095 1096
1096 272
1097 1017
1097 1098
1098 1035
1099 157
1099 1100
1100 269
1101 848
1101 1102
1102 1066
1103 513
1103 1104
1104 956
1105 361
1105 1106
1106 177
1107 1108
1107 1115
1108 222
1109 549
1109 1110
1110 838
1111 621
1111 1112
1112 1041
1113 307
1113 1114
1114 643
1115 862
1115 1116
1116 388
1117 292
1117 1118
1118 700
1119 775
1119 1120
1120 84
1121 927
1121 1122
1122 137
1123 959
1123 1124
1124 200
1125 1021
1125 1126
1126 298
1127 472
1127 1128
1128 433
1129 811
1129 1130
1130 706
1131 153
1131 1132
1132 258
1133 709
1133 1134
1134 105
1135 1051
1135 1136
1136 135
1137 32
1137 1138
1138 1062
1139 814
1139 1140
1140 1154
1141 1040
1141 1142
1142 1072
1143 396
1143 1144
1144 1077
1145 991
1145 1146
1146 808
1147 31
1147 1148
1148 1030
1149 845
1149 1150
1150 9
1151 1054
1151 1152
1152 505
1153 901
1153 1154
1154 554
1155 575
1155 1156
1156 354
1157 374
1157 1158
1158 1126
1159 365
1159 1160
1160 598
1161 1153
1161 1162
1162 384
1163 1164
1163 1196
1164 64
1165 138
1165 1166
1166 965
1167 281
1167 1168
1168 428
1169 1053
1169 1170
1170 560
1171 937
1171 1172
1172 45
1173 146
1173 1174
1174 72
1175 713
1175 1176
1176 605
1177 833
1177 1178
1178 448
1179 310
1179 1180
1180 546
1181 286
1181 1182
1182 392
1183 386
1183 1184
1184 1214
1185 390
1185 1186
1186 324
1187 399
1187 1188
1188 568
1189 54
1189 1190
1190 190
1191 427
1191 1192
1192 1006
1193 577
1193 1194
1194 1185
1195 1091
1195 1196
1196 571
1197 707
1197 1198
1198 1208
1199 15
1199 1200
1200 1120
1201 887
1201 1202
1202 614
1203 933
1203 1204
1204 1190
1205 369
1205 1206
1206 1124
1207 52
1207 1208
1208 831
1209 813
1209 1210
1210 366
1211 1143
1211 1212
1212 69
1213 678
1213 1214
1214 603
