0 145
0 1077
1 627
1 921
3 341
3 944
4 271
4 605
5 340
6 103
9 105
9 647
10 407
10 476
12 1135
11 447
13 142
13 805
15 312
15 692
17 728
17 992
19 633
19 961
21 22
21 521
23 24
23 747
24 70
25 26
25 873
26 1190
27 28
27 137
28 964
29 30
29 535
30 721
31 32
31 999
32 604
33 34
33 445
34 130
35 36
35 877
36 548
37 38
37 539
38 884
39 40
39 935
40 978
41 42
41 1211
42 364
43 44
43 841
44 565
45 46
45 889
46 716
47 48
47 1189
48 52
49 50
49 306
50 358
51 52
51 1059
52 808
53 54
53 738
54 1094
55 56
55 150
56 774
57 58
57 686
58 542
59 60
59 683
60 58
61 62
61 727
62 750
63 64
63 1118
64 104
65 66
65 717
66 965
67 26
67 68
68 1072
69 70
69 603
70 308
71 72
71 769
72 639
73 74
73 451
74 370
75 76
75 687
76 883
77 78
77 1202
78 1018
79 80
79 251
80 1134
81 1
81 82
82 916
83 84
83 88
84 345
85 86
85 505
86 763
87 88
87 374
88 102
89 90
89 1130
90 178
91 92
91 549
92 661
93 94
93 706
94 594
95 27
95 96
96 87
97 98
97 1127
98 568
99 100
99 797
100 421
101 102
101 260
102 289
103 104
103 675
104 1128
105 106
105 107
106 528
107 108
107 803
108 440
109 110
109 288
110 888
111 112
111 389
112 249
113 114
113 1057
114 66
115 59
115 116
116 1122
117 118
117 283
118 496
119 112
119 120
120 742
121 122
121 891
122 222
123 124
123 818
124 269
125 126
125 274
126 878
127 118
127 128
128 1054
129 130
129 325
130 218
131 132
131 263
132 690
133 134
133 1131
134 181
135 136
135 230
136 24
137 138
137 413
138 694
139 140
139 1075
140 890
141 142
141 1056
142 184
143 144
143 480
144 822
145 146
145 754
146 431
147 148
147 182
148 602
149 150
149 835
150 465
151 152
151 365
152 174
153 154
153 293
154 726
155 156
155 637
156 663
157 158
157 379
158 60
159 160
159 1176
160 1113
161 162
161 214
162 970
163 164
163 490
164 396
165 166
165 331
166 186
167 168
167 316
168 554
169 170
169 1079
170 968
171 172
171 394
172 217
173 174
173 798
174 1076
175 176
175 415
176 842
177 178
177 668
178 328
179 180
179 920
180 1160
181 182
181 507
182 128
183 184
183 191
184 524
185 186
185 221
186 424
187 188
187 1025
188 943
189 190
189 788
190 712
191 192
191 299
192 938
193 194
193 677
194 543
195 196
195 776
196 563
197 198
197 1180
198 829
199 200
199 981
200 318
201 202
201 963
202 1204
203 204
203 1017
204 469
205 206
205 411
206 399
207 208
207 367
208 1048
209 210
209 1015
210 392
211 212
211 723
212 93
213 2
213 214
214 701
215 216
215 1123
216 752
217 218
217 745
218 1049
219 220
219 1185
220 704
221 222
221 1041
222 812
223 224
223 974
224 619
225 226
225 831
226 1008
227 228
227 489
228 825
229 61
229 230
230 446
231 232
231 951
232 224
233 234
233 292
234 536
235 236
235 1080
236 584
237 201
237 238
238 226
239 240
239 699
240 414
241 242
241 845
242 762
243 244
243 303
244 154
245 246
245 1187
246 126
247 47
247 248
248 1153
249 250
249 880
250 1023
251 252
251 785
252 1105
253 254
253 1165
254 945
255 256
255 820
256 296
257 65
257 258
258 982
259 260
259 962
260 996
261 262
261 1159
262 990
263 264
263 550
264 117
265 266
265 427
266 228
267 268
267 1045
268 660
269 34
269 270
270 1052
271 272
271 756
272 572
273 274
273 1092
274 691
275 276
275 918
276 685
277 278
277 452
278 156
279 280
279 423
280 270
281 282
281 650
282 1125
283 284
283 393
284 790
285 286
285 653
286 598
287 288
287 470
288 1050
289 290
289 1038
290 1140
291 292
291 705
292 273
293 294
293 425
294 114
295 296
295 491
296 702
297 298
297 908
298 640
299 69
299 300
300 1003
301 302
301 662
302 219
303 169
303 304
304 91
305 306
305 859
306 976
307 308
307 1147
308 280
309 310
309 922
310 958
311 312
311 917
312 1124
313 314
313 601
314 240
315 316
315 719
316 338
317 215
317 318
318 1083
319 29
319 320
320 784
321 322
321 587
322 759
323 324
323 599
324 208
325 326
325 497
326 681
327 328
327 936
328 382
329 330
329 667
330 361
331 332
331 950
332 77
333 85
333 334
334 261
335 336
335 1203
336 636
337 338
337 730
338 861
339 340
339 591
340 676
341 342
341 500
342 14
343 301
343 344
344 622
345 346
345 832
346 1032
347 348
347 635
348 589
349 300
349 350
350 1042
351 352
351 942
352 614
353 354
353 969
354 298
355 356
355 519
356 1006
357 358
357 463
358 746
359 360
359 806
360 143
361 94
361 362
362 418
363 364
363 838
364 948
365 366
365 801
366 558
367 199
367 368
368 416
369 370
369 1137
370 578
371 372
371 1099
372 923
373 374
373 527
374 768
375 376
375 885
376 781
377 378
377 862
378 442
379 333
379 380
380 277
381 326
381 382
382 1158
383 41
383 384
384 1207
385 386
385 395
386 977
387 388
387 1063
388 586
389 193
389 390
390 255
391 392
391 767
392 608
393 223
393 394
394 466
395 252
395 396
396 559
397 398
397 1106
398 101
399 400
399 1002
400 302
401 402
401 403
402 613
403 404
403 839
404 579
405 92
405 406
406 735
407 408
407 1073
408 552
409 134
409 410
410 7
411 412
411 562
412 975
413 414
413 1169
414 438
415 416
415 652
416 1182
417 141
417 418
418 952
419 380
419 420
420 615
421 422
421 910
422 846
423 175
423 424
424 512
425 353
425 426
426 758
427 428
427 855
428 1071
429 430
429 1197
430 907
431 432
431 925
432 138
433 434
433 971
434 642
435 265
435 436
436 1012
437 31
437 438
438 930
439 146
439 440
440 1116
441 49
441 442
442 606
443 444
443 1177
444 124
445 446
445 993
446 556
447 167
447 448
448 387
449 450
449 783
450 168
451 452
451 1171
452 499
453 405
453 454
454 443
455 456
455 1060
456 1151
457 43
457 458
458 1096
459 351
459 460
460 874
461 462
461 972
462 865
463 160
463 464
464 189
465 466
465 1201
466 1110
467 461
467 468
468 44
469 470
469 901
470 1058
471 3
471 472
472 621
473 474
473 732
474 350
475 476
475 1089
476 339
477 478
477 824
478 796
479 294
479 480
480 6
481 482
481 927
482 192
483 484
483 879
484 791
485 486
485 847
486 826
487 488
487 967
488 782
489 490
489 739
490 815
491 492
491 585
492 89
493 494
493 555
494 1043
495 496
495 819
496 48
497 347
497 498
498 770
499 500
499 852
500 352
501 502
501 1064
502 171
503 504
503 547
504 840
505 506
505 887
506 195
507 385
507 508
508 1138
509 510
509 1209
510 821
511 512
511 1051
512 557
513 514
513 651
514 1062
515 516
515 789
516 388
517 518
517 743
518 600
519 250
519 520
520 457
521 522
521 1101
522 147
523 524
523 708
524 502
525 390
525 526
526 1170
527 528
527 973
528 941
529 530
529 813
530 760
531 67
531 532
532 1040
533 534
533 1027
534 210
535 536
535 834
536 1085
537 485
537 538
538 486
539 540
539 751
540 538
541 42
541 542
542 582
543 170
543 544
544 72
545 295
545 546
546 567
547 253
547 548
548 200
549 37
549 550
550 577
551 76
551 552
552 320
553 554
553 786
554 309
555 556
555 771
556 460
557 558
557 1031
558 876
559 454
559 560
560 616
561 562
561 1112
562 1014
563 564
563 1066
564 588
565 98
565 566
566 904
567 568
567 1061
568 629
569 570
569 857
570 1206
571 572
571 1129
572 426
573 574
573 1039
574 262
575 576
575 1166
576 1100
577 97
577 578
578 956
579 580
579 737
580 290
581 45
581 582
582 1162
583 584
583 733
584 384
585 586
585 915
586 881
587 588
587 646
588 998
589 467
589 590
590 828
591 311
591 592
592 1020
593 183
593 594
594 906
595 477
595 596
596 354
597 598
597 864
598 56
599 355
599 600
600 78
601 602
601 607
602 1188
603 604
603 1213
604 1208
605 606
605 715
606 980
607 349
607 608
608 986
609 610
609 1011
610 1148
611 612
611 620
612 1022
613 614
613 895
614 731
615 305
615 616
616 940
617 243
617 618
618 817
619 520
619 620
620 234
621 622
621 1047
622 672
623 624
623 836
624 198
625 420
625 626
626 330
627 484
627 628
628 777
629 473
629 630
630 679
631 510
631 632
632 18
633 455
633 634
634 152
635 322
635 636
636 284
637 335
637 638
638 575
639 640
639 778
640 540
641 139
641 642
642 278
643 163
643 644
644 376
645 285
645 646
646 593
647 495
647 648
648 32
649 650
649 655
650 267
651 409
651 652
652 937
653 51
653 654
654 304
655 35
655 656
656 1115
657 658
657 757
658 1016
659 529
659 660
660 609
661 517
661 662
662 837
663 664
663 1102
664 850
665 666
665 772
666 811
667 212
667 668
668 1028
669 670
669 882
670 722
671 644
671 672
672 744
673 674
673 711
674 664
675 623
675 676
676 109
677 678
677 799
678 1132
679 532
679 680
680 682
681 162
681 682
682 297
683 433
683 684
684 412
685 686
685 1141
686 241
687 188
687 688
688 810
689 690
689 1009
690 310
691 692
691 1044
692 658
693 291
693 694
694 1001
695 202
695 696
696 736
697 383
697 698
698 422
699 700
699 931
700 475
701 702
701 714
702 870
703 704
703 1181
704 1046
705 515
705 706
706 159
707 708
707 1150
708 462
709 401
709 710
710 1007
711 229
711 712
712 375
713 73
713 714
714 523
715 716
715 947
716 327
717 133
717 718
718 576
719 720
719 753
720 871
721 722
721 1093
722 17
723 459
723 724
724 710
725 665
725 726
726 638
727 329
727 728
728 858
729 545
729 730
730 25
731 732
731 1082
732 624
733 321
733 734
734 64
735 157
735 736
736 1114
737 738
737 1074
738 544
739 740
739 823
740 1111
741 503
741 742
742 893
743 744
743 765
744 868
745 746
745 1210
746 220
747 748
747 1095
748 38
749 439
749 750
750 179
751 752
751 987
752 1155
753 740
753 754
754 207
755 756
755 1133
756 50
757 487
757 758
758 734
759 760
759 1035
760 164
761 762
761 1065
762 238
763 194
763 764
764 136
765 766
765 1013
766 886
767 135
767 768
768 86
769 693
769 770
770 919
771 772
771 979
772 946
773 774
773 983
774 1186
775 776
775 1067
776 84
777 778
777 1037
778 570
779 641
779 780
780 450
781 481
781 782
782 417
783 493
783 784
784 276
785 247
785 786
786 149
787 111
787 788
788 259
789 700
789 790
790 108
791 792
791 1214
792 80
793 359
793 794
794 939
795 796
795 1196
796 590
797 483
797 798
798 106
799 657
799 800
800 581
801 741
801 802
802 1212
803 804
803 897
804 334
805 806
805 853
806 185
807 808
807 991
808 718
809 11
809 810
810 378
811 812
811 1069
812 896
813 561
813 814
814 848
815 75
815 816
816 795
817 818
817 1107
818 1179
819 99
819 820
820 453
821 822
821 1157
822 344
823 203
823 824
824 464
825 68
825 826
826 1034
827 231
827 828
828 1088
829 172
829 830
830 346
831 775
831 832
832 856
833 10
833 834
834 437
835 573
835 836
836 1121
837 155
837 838
838 724
839 36
839 840
840 213
841 482
841 842
842 696
843 713
843 844
844 902
845 488
845 846
846 456
847 197
847 848
848 1010
849 516
849 850
850 110
851 852
851 911
852 205
853 357
853 854
854 408
855 856
855 1195
856 314
857 373
857 858
858 526
859 531
859 860
860 534
861 862
861 1053
862 1090
863 115
863 864
864 245
865 866
865 1126
866 324
867 246
867 868
868 802
869 204
869 870
870 432
871 872
871 1081
872 356
873 494
873 874
874 618
875 369
875 876
876 5
877 429
877 878
878 15
879 19
879 880
880 187
881 140
881 882
882 177
883 275
883 884
884 434
885 886
885 1154
886 1152
887 659
887 888
888 20
889 12
889 890
890 348
891 81
891 892
892 1000
893 458
893 894
894 674
895 800
895 896
896 1070
897 851
897 898
898 580
899 900
899 1103
900 689
901 902
901 994
902 574
903 13
903 904
904 74
905 571
905 906
906 725
907 905
907 908
908 272
909 773
909 910
910 1030
911 583
911 912
912 176
913 816
913 914
914 158
915 151
915 916
916 381
917 509
917 918
918 479
919 235
919 920
920 362
921 319
921 922
922 995
923 924
923 955
924 794
925 4
925 926
926 400
927 282
927 928
928 386
929 501
929 930
930 997
931 899
931 932
932 28
933 83
933 934
934 596
935 71
935 936
936 518
937 428
937 938
938 165
939 144
939 940
940 436
941 643
941 942
942 121
943 869
943 944
944 332
945 928
945 946
946 313
947 827
947 948
948 498
949 950
949 1161
950 1142
951 248
951 952
952 830
953 12
953 954
954 666
955 468
955 956
956 867
957 100
957 958
958 90
959 79
959 960
960 863
961 592
961 962
962 1164
963 761
963 964
964 1156
965 903
965 966
966 281
967 257
967 968
968 492
969 211
969 970
970 1024
971 33
971 972
972 966
973 779
973 974
974 595
975 553
975 976
976 1055
977 232
977 978
978 1026
979 980
979 1205
980 225
981 504
981 982
982 1104
983 654
983 984
984 1068
985 216
985 986
986 632
987 988
987 1091
988 398
989 898
989 990
990 1178
991 372
991 992
992 196
993 258
993 994
994 929
995 996
995 1167
996 933
997 954
997 998
998 478
999 406
999 1000
1000 264
1001 244
1001 1002
1002 792
1003 471
1003 1004
1004 926
1005 707
1005 1006
1006 40
1007 268
1007 1008
1008 989
1009 1010
1009 1021
1010 127
1011 125
1011 1012
1012 46
1013 119
1013 1014
1014 1198
1015 377
1015 1016
1016 924
1017 1018
1017 1078
1018 132
1019 113
1019 1020
1020 236
1021 669
1021 1022
1022 984
1023 793
1023 1024
1024 541
1025 11
1025 1026
1026 1108
1027 513
1027 1028
1028 419
1029 227
1029 1030
1030 764
1031 688
1031 1032
1032 206
1033 1029
1033 1034
1034 16
1035 953
1035 1036
1036 564
1037 371
1037 1038
1038 698
1039 1040
1039 1120
1040 913
1041 55
1041 1042
1042 286
1043 1044
1043 1097
1044 695
1045 391
1045 1046
1046 5
1047 814
1047 1048
1048 566
1049 988
1049 1050
1050 612
1051 1052
1051 1184
1052 148
1053 402
1053 1054
1054 1192
1055 626
1055 1056
1056 537
1057 949
1057 1058
1058 671
1059 239
1059 1060
1060 435
1061 525
1061 1062
1062 307
1063 129
1063 1064
1064 397
1065 625
1065 1066
1066 1086
1067 522
1067 1068
1068 410
1069 63
1069 1070
1070 934
1071 849
1071 1072
1072 360
1073 1074
1073 1087
1074 323
1075 909
1075 1076
1076 363
1077 1033
1077 1078
1078 875
1079 1080
1079 1175
1080 610
1081 780
1081 1082
1082 209
1083 1084
1083 1145
1084 266
1085 441
1085 1086
1086 860
1087 511
1087 1088
1088 1149
1089 9
1089 1090
1090 656
1091 1092
1091 1193
1092 96
1093 254
1093 1094
1094 242
1095 514
1095 1096
1096 1146
1097 533
1097 1098
1098 866
1099 900
1099 1100
1100 342
1101 611
1101 1102
1102 648
1103 729
1103 1104
1104 1109
1105 546
1105 1106
1106 1173
1107 892
1107 1108
1108 166
1109 569
1109 1110
1110 82
1111 1112
1111 1191
1112 279
1113 1084
1113 1114
1114 872
1115 755
1115 1116
1116 53
1117 233
1117 1118
1118 748
1119 1120
1119 1163
1120 95
1121 161
1121 1122
1122 804
1123 449
1123 1124
1124 54
1125 123
1125 1126
1126 912
1127 673
1127 1128
1128 1098
1129 597
1129 1130
1130 720
1131 843
1131 1132
1132 180
1133 57
1133 1134
1134 116
1135 985
1135 1136
1136 1174
1137 697
1137 1138
1138 6
1139 1140
1139 1143
1140 1144
1141 1117
1141 1142
1142 21
1143 131
1143 1144
1144 256
1145 833
1145 1146
1146 807
1147 1148
1147 1172
1148 120
1149 1136
1149 1150
1150 474
1151 766
1151 1152
1152 560
1153 1139
1153 1154
1154 854
1155 1156
1155 1194
1156 703
1157 62
1157 1158
1158 8
1159 678
1159 1160
1160 932
1161 430
1161 1162
1162 506
1163 551
1163 1164
1164 628
1165 959
1165 1166
1166 631
1167 287
1167 1168
1168 122
1169 190
1169 1170
1170 368
1171 315
1171 1172
1172 684
1173 153
1173 1174
1174 844
1175 39
1175 1176
1176 1119
1177 30
1177 1178
1178 366
1179 237
1179 1180
1180 343
1181 1168
1181 1182
1182 1036
1183 337
1183 1184
1184 960
1185 957
1185 1186
1186 894
1187 809
1187 1188
1188 670
1189 317
1189 1190
1190 404
1191 709
1191 1192
1192 444
1193 1019
1193 1194
1194 173
1195 1196
1195 1199
1196 1005
1197 645
1197 1198
1198 23
1199 448
1199 1200
1200 630
1201 530
1201 1202
1202 914
1203 634
1203 1204
1204 508
1205 617
1205 1206
1206 1200
1207 336
1207 1208
1208 680
1209 1183
1209 1210
1210 472
1211 649
1211 1212
1212 1004
1213 787
1213 1214
1214 749
