0 131
0 667
1 322
1 861
3 969
3 1091
4 318
4 1067
6 834
5 442
7 35
7 485
8 232
8 898
9 214
10 894
13 189
13 997
15 261
15 961
17 157
17 1097
19 96
19 907
21 29
21 1175
23 24
23 415
24 300
25 26
25 385
26 455
27 28
27 164
28 695
29 30
29 952
30 388
31 32
31 901
32 1193
33 34
33 129
34 454
35 36
35 177
36 549
37 38
37 512
38 386
39 40
39 877
40 596
41 42
41 1072
42 1179
43 44
43 815
44 747
45 46
45 128
46 238
47 48
47 389
48 430
49 50
49 249
50 323
51 16
51 52
52 1197
53 54
53 421
54 808
55 56
55 992
56 793
57 58
57 1075
58 939
59 60
59 1111
60 20
61 62
61 416
62 1136
63 64
63 374
64 1070
65 66
65 552
66 990
67 68
67 338
68 195
69 67
69 70
70 851
71 10
71 72
72 404
73 53
73 74
74 270
75 76
75 1113
76 536
77 78
77 987
78 1128
79 12
79 80
80 1176
81 82
81 326
82 829
83 84
83 1121
84 702
85 86
85 205
86 226
87 88
87 1125
88 59
89 90
89 1041
90 1186
91 92
91 666
92 944
93 94
93 962
94 120
95 96
95 347
96 598
97 98
97 317
98 481
99 100
99 779
100 395
101 91
101 102
102 294
103 8
103 104
104 854
105 106
105 1129
106 444
107 108
107 699
108 1166
109 110
109 400
110 1077
111 112
111 874
112 1189
113 114
113 791
114 124
115 116
115 201
116 800
117 118
117 928
118 62
119 120
119 169
120 850
121 122
121 811
122 1104
123 124
123 451
124 118
125 126
125 838
126 13
127 128
127 994
128 432
129 85
129 130
130 445
131 132
131 591
132 957
133 134
133 697
134 136
135 136
135 571
136 859
137 138
137 369
138 348
139 140
139 724
140 90
141 25
141 142
142 367
143 144
143 1177
144 393
145 146
145 959
146 174
147 148
147 419
148 14
149 73
149 150
150 36
151 152
151 971
152 100
153 154
153 841
154 954
155 156
155 783
156 50
157 143
157 158
158 931
159 160
159 519
160 116
161 162
161 1071
162 499
163 164
163 533
164 82
165 166
165 569
166 500
167 168
167 1184
168 608
169 170
169 583
170 31
171 172
171 754
172 1012
173 174
173 1153
174 234
175 176
175 1093
176 1213
177 27
177 178
178 11
179 147
179 180
180 714
181 182
181 1161
182 1102
183 184
183 1109
184 902
185 186
185 259
186 1069
187 188
187 963
188 855
189 190
189 425
190 1120
191 192
191 1039
192 308
193 194
193 661
194 570
195 196
195 1068
196 458
197 187
197 198
198 532
199 200
199 516
200 76
201 202
201 245
202 970
203 204
203 607
204 614
205 92
205 206
206 916
207 208
207 767
208 466
209 210
209 833
210 890
211 212
211 1049
212 846
213 214
213 362
214 514
215 216
215 756
216 806
217 218
217 1106
218 247
219 141
219 220
220 137
221 222
221 965
222 5
223 101
223 224
224 642
225 226
225 489
226 224
227 228
227 951
228 399
229 225
229 230
230 878
231 232
231 368
232 562
233 234
233 250
234 669
235 40
235 236
236 71
237 238
237 644
238 332
239 240
239 984
240 911
241 242
241 558
242 148
243 244
243 1170
244 1051
245 246
245 584
246 544
247 248
247 573
248 1074
249 250
249 424
250 68
251 252
251 701
252 749
253 254
253 681
254 525
255 135
255 256
256 488
257 49
257 258
258 578
259 17
259 260
260 333
261 262
261 1082
262 679
263 221
263 264
264 950
265 119
265 266
266 360
267 268
267 809
268 545
269 228
269 270
270 995
271 220
271 272
272 884
273 274
273 629
274 140
275 55
275 276
276 905
277 258
277 278
278 1073
279 185
279 280
280 440
281 98
281 282
282 32
283 284
283 653
284 686
285 286
285 849
286 1081
287 288
287 1141
288 127
289 290
289 675
290 613
291 292
291 1002
292 196
293 159
293 294
294 601
295 296
295 541
296 736
297 298
297 662
298 1127
299 300
299 475
300 103
301 302
301 823
302 42
303 304
303 403
304 802
305 306
305 1158
306 942
307 308
307 774
308 720
309 310
309 989
310 1126
311 312
311 1033
312 70
313 314
313 836
314 6
315 316
315 719
316 260
317 295
317 318
318 986
319 320
319 1065
320 505
321 265
321 322
322 617
323 152
323 324
324 1022
325 326
325 759
326 126
327 328
327 847
328 1115
329 89
329 330
330 758
331 332
331 1085
332 577
333 334
333 822
334 382
335 336
335 745
336 946
337 338
337 1146
338 853
339 61
339 340
340 480
341 342
341 580
342 208
343 344
343 1169
344 792
345 346
345 1016
346 504
347 348
347 805
348 548
349 350
349 1020
350 241
351 352
351 1160
352 1100
353 354
353 593
354 622
355 356
355 674
356 470
357 358
357 632
358 80
359 360
359 1138
360 794
361 75
361 362
362 309
363 269
363 364
364 156
365 319
365 366
366 844
367 176
367 368
368 1055
369 370
369 757
370 612
371 372
371 1191
372 314
373 374
373 478
374 19
375 184
375 376
376 550
377 117
377 378
378 1036
379 359
379 380
380 231
381 65
381 382
382 1148
383 301
383 384
384 852
385 386
385 477
386 1145
387 388
387 731
388 1023
389 390
389 1043
390 744
391 392
391 1047
392 327
393 394
393 788
394 63
395 396
395 804
396 888
397 130
397 398
398 1107
399 283
399 400
400 979
401 402
401 949
402 628
403 404
403 921
404 146
405 406
405 559
406 474
407 408
407 1009
408 797
409 410
409 1214
410 2
411 412
411 799
412 1181
413 414
413 1038
414 199
415 88
415 416
416 413
417 418
417 1151
418 1117
419 420
419 627
420 825
421 422
421 645
422 83
423 287
423 424
424 110
425 418
425 426
426 30
427 428
427 1130
428 48
429 430
429 1101
430 648
431 409
431 432
432 976
433 257
433 434
434 1006
435 160
435 436
436 352
437 438
437 554
438 1046
439 341
439 440
440 155
441 442
441 447
442 798
443 444
443 459
444 700
445 446
445 897
446 396
447 353
447 448
448 1063
449 450
449 655
450 1076
451 452
451 937
452 582
453 454
453 649
454 1116
455 433
455 456
456 282
457 377
457 458
458 1140
459 460
459 889
460 692
461 460
461 462
462 180
463 464
463 1058
464 1112
465 203
465 466
466 58
467 255
467 468
468 354
469 470
469 1080
470 1156
471 197
471 472
472 6
473 474
473 1003
474 484
475 227
475 476
476 832
477 478
477 619
478 268
479 428
479 480
480 755
481 320
481 482
482 276
483 74
483 484
484 542
485 469
485 486
486 748
487 488
487 837
488 659
489 490
489 945
490 972
491 492
491 531
492 486
493 494
493 737
494 690
495 441
495 496
496 652
497 212
497 498
498 384
499 139
499 500
500 1122
501 502
501 1029
502 1135
503 94
503 504
504 446
505 506
505 528
506 93
507 508
507 773
508 1152
509 510
509 703
510 365
511 151
511 512
512 816
513 514
513 722
514 664
515 78
515 516
516 1048
517 518
517 866
518 980
519 1
519 520
520 1095
521 522
521 605
522 1034
523 219
523 524
524 165
525 526
525 1090
526 154
527 3
527 528
528 229
529 530
529 537
530 1086
531 532
531 651
532 501
533 534
533 646
534 1154
535 536
535 848
536 606
537 538
537 967
538 925
539 161
539 540
540 39
541 540
541 542
542 688
543 544
543 567
544 237
545 175
545 546
546 1212
547 548
547 1192
548 342
549 5
549 550
550 1014
551 552
551 876
552 173
553 554
553 1083
554 895
555 556
555 842
556 427
557 558
557 1105
558 296
559 275
559 560
560 346
561 495
561 562
562 10
563 564
563 1019
564 381
565 566
565 826
566 738
567 435
567 568
568 248
569 15
569 570
570 1005
571 539
571 572
572 1205
573 526
573 574
574 948
575 576
575 803
576 292
577 546
577 578
578 461
579 580
579 1061
580 331
581 582
581 721
582 778
583 330
583 584
584 689
585 586
585 1053
586 1066
587 588
587 839
588 492
589 343
589 590
590 685
591 293
591 592
592 819
593 594
593 1037
594 1025
595 437
595 596
596 443
597 158
597 598
598 38
599 24
599 600
600 462
601 4
601 602
602 615
603 535
603 604
604 1010
605 606
605 899
606 402
607 608
607 892
608 865
609 564
609 610
610 358
611 144
611 612
612 818
613 614
613 637
614 472
615 392
615 616
616 1178
617 503
617 618
618 739
619 620
619 1199
620 285
621 622
621 771
622 290
623 9
623 624
624 676
625 626
625 913
626 740
627 628
627 733
628 190
629 630
629 1183
630 162
631 632
631 769
632 599
633 520
633 634
634 464
635 636
635 977
636 167
637 638
637 975
638 277
639 640
639 869
640 760
641 69
641 642
642 1208
643 149
643 644
644 7
645 335
645 646
646 355
647 648
647 943
648 1132
649 650
649 953
650 914
651 635
651 652
652 328
653 244
653 654
654 1182
655 33
655 656
656 938
657 171
657 658
658 54
659 589
659 660
660 1052
661 662
661 1187
662 115
663 339
663 664
664 106
665 603
665 666
666 1144
667 361
667 668
668 862
669 349
669 670
670 730
671 253
671 672
672 1026
673 193
673 674
674 716
675 676
675 1031
676 372
677 556
677 678
678 375
679 298
679 680
680 1190
681 682
681 893
682 363
683 391
683 684
684 1060
685 686
685 873
686 297
687 482
687 688
688 398
689 690
689 1011
690 654
691 634
691 692
692 1210
693 448
693 694
694 813
695 52
695 696
696 344
697 142
697 698
698 122
699 236
699 700
700 973
701 702
701 835
702 172
703 704
703 1001
704 463
705 706
705 882
706 422
707 345
707 708
708 595
709 710
709 1015
710 712
711 387
711 712
712 1008
713 420
713 714
714 450
715 647
715 716
716 903
717 657
717 718
718 34
719 251
719 720
720 1064
721 722
721 935
722 717
723 724
723 751
724 743
725 223
725 726
726 168
727 728
727 983
728 198
729 730
729 821
730 940
731 191
731 732
732 1137
733 734
733 1133
734 41
735 706
735 736
736 1211
737 738
737 1195
738 678
739 324
739 740
740 192
741 518
741 742
742 434
743 493
743 744
744 366
745 746
745 1173
746 517
747 711
747 748
748 1196
749 312
749 750
750 568
751 57
751 752
752 109
753 207
753 754
754 449
755 696
755 756
756 728
757 279
757 758
758 964
759 43
759 760
760 713
761 762
761 1162
762 316
763 764
763 857
764 498
765 491
765 766
766 299
767 768
767 810
768 108
769 45
769 770
770 132
771 636
771 772
772 1207
773 708
773 774
774 426
775 732
775 776
776 553
777 439
777 778
778 170
779 163
779 780
780 252
781 87
781 782
782 988
783 508
783 784
784 334
785 727
785 786
786 166
787 709
787 788
788 1167
789 523
789 790
790 1094
791 408
791 792
792 638
793 216
793 794
794 616
795 529
795 796
796 1088
797 625
797 798
798 604
799 102
799 800
800 555
801 291
801 802
802 479
803 280
803 804
804 764
805 806
805 1188
806 337
807 538
807 808
808 515
809 401
809 810
810 1092
811 812
811 1021
812 357
813 814
813 885
814 304
815 371
815 816
816 390
817 95
817 818
818 213
819 683
819 820
820 1108
821 822
821 1013
822 1180
823 777
823 824
824 1098
825 729
825 826
826 707
827 179
827 828
828 787
829 830
829 915
830 780
831 380
831 832
832 1198
833 834
833 1042
834 1185
835 836
835 880
836 668
837 753
837 838
838 906
839 840
839 910
840 883
841 467
841 842
842 506
843 812
843 844
844 830
845 846
845 1206
846 534
847 848
847 1200
848 547
849 145
849 850
850 315
851 852
851 982
852 456
853 854
853 934
854 438
855 856
855 1084
856 511
857 597
857 858
858 47
859 860
859 1139
860 670
861 487
861 862
862 37
863 840
863 864
864 1204
865 406
865 866
866 790
867 640
867 868
868 543
869 121
869 870
870 968
871 872
871 1202
872 410
873 407
873 874
874 397
875 551
875 876
876 471
877 383
877 878
878 111
879 880
879 1123
880 587
881 882
881 900
882 134
883 246
883 884
884 64
885 311
885 886
886 991
887 665
887 888
888 56
889 890
889 1040
890 1124
891 892
891 933
892 436
893 585
893 894
894 356
895 633
895 896
896 394
897 898
897 1054
898 641
899 423
899 900
900 412
901 902
901 1087
902 530
903 507
903 904
904 1056
905 524
905 906
906 202
907 26
907 908
908 278
909 561
909 910
910 817
911 912
911 1134
912 376
913 914
913 1131
914 262
915 687
915 916
916 242
917 181
917 918
918 999
919 182
919 920
920 1000
921 123
921 922
922 912
923 235
923 924
924 233
925 565
925 926
926 958
927 510
927 928
928 955
929 313
929 930
930 762
931 881
931 932
932 922
933 765
933 934
934 104
935 936
935 1027
936 691
937 271
937 938
938 1174
939 150
939 940
940 742
941 942
941 1118
942 9
943 944
943 978
944 611
945 590
945 946
946 680
947 918
947 948
948 752
949 725
949 950
950 831
951 289
951 952
952 694
953 734
953 954
954 923
955 868
955 956
956 23
957 364
957 958
958 1099
959 579
959 960
960 746
961 452
961 962
962 631
963 496
963 964
964 1007
965 557
965 966
966 272
967 968
967 1143
968 18
969 775
969 970
970 929
971 972
971 1103
972 513
973 494
973 974
974 22
975 704
975 976
976 588
977 978
977 1079
978 776
979 980
979 1024
980 966
981 453
981 982
982 609
983 620
983 984
984 527
985 986
985 1045
986 981
987 896
987 988
988 60
989 468
989 990
990 684
991 305
991 992
992 871
993 994
993 1142
994 483
995 286
995 996
996 820
997 405
997 998
998 1172
999 766
999 1000
1000 266
1001 263
1001 1002
1002 417
1003 856
1003 1004
1004 206
1005 998
1005 1006
1006 46
1007 879
1007 1008
1008 796
1009 1010
1009 1114
1010 1044
1011 288
1011 1012
1012 1032
1013 239
1013 1014
1014 1004
1015 801
1015 1016
1016 917
1017 985
1017 1018
1018 243
1019 81
1019 1020
1020 941
1021 673
1021 1022
1022 786
1023 105
1023 1024
1024 1110
1025 77
1025 1026
1026 932
1027 795
1027 1028
1028 284
1029 204
1029 1030
1030 210
1031 188
1031 1032
1032 200
1033 602
1033 1034
1034 1164
1035 99
1035 1036
1036 574
1037 1038
1037 1165
1038 960
1039 1040
1039 1203
1040 378
1041 273
1041 1042
1042 594
1043 677
1043 1044
1044 72
1045 867
1045 1046
1046 930
1047 581
1047 1048
1048 502
1049 781
1049 1050
1050 1030
1051 21
1051 1052
1052 566
1053 1054
1053 1163
1054 307
1055 28
1055 1056
1056 919
1057 321
1057 1058
1058 863
1059 183
1059 1060
1060 924
1061 927
1061 1062
1062 705
1063 643
1063 1064
1064 750
1065 521
1065 1066
1066 772
1067 1059
1067 1068
1068 79
1069 718
1069 1070
1070 864
1071 1072
1071 1159
1072 373
1073 222
1073 1074
1074 672
1075 1017
1075 1076
1076 782
1077 886
1077 1078
1078 215
1079 827
1079 1080
1080 306
1081 379
1081 1082
1082 630
1083 807
1083 1084
1084 1018
1085 693
1085 1086
1086 624
1087 240
1087 1088
1088 870
1089 891
1089 1090
1090 761
1091 256
1091 1092
1092 281
1093 947
1093 1094
1094 86
1095 1096
1095 1155
1096 860
1097 1050
1097 1098
1098 230
1099 218
1099 1100
1100 656
1101 1089
1101 1102
1102 908
1103 254
1103 1104
1104 735
1105 325
1105 1106
1106 600
1107 887
1107 1108
1108 112
1109 133
1109 1110
1110 843
1111 138
1111 1112
1112 576
1113 639
1113 1114
1114 875
1115 926
1115 1116
1116 414
1117 1118
1117 1149
1118 1171
1119 1057
1119 1120
1120 920
1121 66
1121 1122
1122 336
1123 1028
1123 1124
1124 476
1125 509
1125 1126
1126 1209
1127 1128
1127 1157
1128 1168
1129 370
1129 1130
1130 845
1131 125
1131 1132
1132 217
1133 211
1133 1134
1134 209
1135 936
1135 1136
1136 194
1137 909
1137 1138
1138 763
1139 575
1139 1140
1140 522
1141 44
1141 1142
1142 1201
1143 785
1143 1144
1144 710
1145 650
1145 1146
1146 626
1147 350
1147 1148
1148 186
1149 302
1149 1150
1150 264
1151 351
1151 1152
1152 310
1153 497
1153 1154
1154 996
1155 1119
1155 1156
1156 1062
1157 814
1157 1158
1158 107
1159 572
1159 1160
1160 715
1161 97
1161 1162
1162 113
1163 682
1163 1164
1164 610
1165 828
1165 1166
1166 178
1167 563
1167 1168
1168 956
1169 993
1169 1170
1170 671
1171 1078
1171 1172
1172 1096
1173 411
1173 1174
1174 51
1175 621
1175 1176
1176 741
1177 267
1177 1178
1178 274
1179 457
1179 1180
1180 623
1181 490
1181 1182
1182 618
1183 153
1183 1184
1184 1035
1185 872
1185 1186
1186 114
1187 429
1187 1188
1188 824
1189 340
1189 1190
1190 784
1191 789
1191 1192
1192 658
1193 904
1193 1194
1194 768
1195 858
1195 1196
1196 586
1197 431
1197 1198
1198 660
1199 592
1199 1200
1200 473
1201 303
1201 1202
1202 1150
1203 329
1203 1204
1204 84
1205 723
1205 1206
1206 465
1207 1147
1207 1208
1208 698
1209 663
1209 1210
1210 974
1211 560
1211 1212
1212 1194
1213 770
1213 1214
1214 726
