0 55
0 775
3 544
3 629
4 668
4 767
5 670
6 750
7 232
7 391
8 513
8 885
10 376
9 541
11 401
11 1063
13 28
13 953
15 96
15 256
17 381
17 757
19 444
19 620
21 37
21 1139
23 24
23 154
24 867
25 26
25 82
26 861
27 28
27 703
28 732
29 30
29 829
30 65
31 32
31 836
32 318
33 34
33 571
34 517
35 36
35 97
36 201
37 38
37 818
38 85
39 40
39 514
40 301
41 42
41 863
42 850
43 44
43 756
44 36
45 46
45 747
46 330
47 48
47 914
48 712
49 50
49 789
50 1174
51 52
51 1053
52 10
53 54
53 959
54 132
55 56
55 805
56 745
57 58
57 1165
58 1202
59 60
59 210
60 596
61 62
61 764
62 740
63 64
63 1095
64 1026
65 66
65 166
66 121
67 68
67 739
68 280
69 70
69 351
70 1171
71 72
71 163
72 418
73 74
73 211
74 213
75 76
75 724
76 574
77 78
77 79
78 484
79 80
79 779
80 1187
81 82
81 269
82 688
83 84
83 761
84 300
85 86
85 429
86 734
87 88
87 495
88 922
89 90
89 307
90 1048
91 92
91 979
92 279
93 94
93 673
94 961
95 40
95 96
96 64
97 98
97 117
98 140
99 100
99 457
100 158
101 102
101 511
102 414
103 104
103 843
104 888
105 106
105 499
106 187
107 108
107 475
108 1153
109 110
109 891
110 1132
111 112
111 195
112 719
113 114
113 677
114 842
115 116
115 209
116 400
117 118
117 480
118 539
119 83
119 120
120 801
121 122
121 369
122 827
123 124
123 254
124 5
125 126
125 1115
126 718
127 128
127 956
128 572
129 130
129 840
130 990
131 81
131 132
132 624
133 134
133 460
134 1203
135 136
135 808
136 361
137 21
137 138
138 125
139 140
139 1058
140 123
141 142
141 443
142 1173
143 80
143 144
144 628
145 146
145 1073
146 841
147 148
147 199
148 428
149 150
149 814
150 332
151 152
151 621
152 56
153 154
153 625
154 768
155 156
155 707
156 375
157 158
157 765
158 1092
159 160
159 910
160 1118
161 162
161 1155
162 748
163 164
163 260
164 1086
165 166
165 875
166 276
167 168
167 390
168 812
169 170
169 1069
170 913
171 172
171 641
172 143
173 174
173 522
174 1091
175 144
175 176
176 720
177 178
177 694
178 869
179 180
179 1067
180 129
181 182
181 631
182 742
183 184
183 895
184 948
185 186
185 287
186 926
187 188
187 1145
188 134
189 190
189 382
190 561
191 192
191 1030
192 305
193 194
193 497
194 1110
195 196
195 981
196 54
197 198
197 485
198 1038
199 69
199 200
200 196
201 202
201 766
202 136
203 204
203 1024
204 649
205 206
205 243
206 854
207 208
207 386
208 556
209 210
209 437
210 618
211 212
211 569
212 639
213 214
213 224
214 466
215 216
215 377
216 983
217 29
217 218
218 566
219 203
219 220
220 274
221 222
221 464
222 468
223 224
223 651
224 492
225 226
225 1186
226 1180
227 228
227 531
228 788
229 202
229 230
230 866
231 232
231 679
232 447
233 234
233 359
234 797
235 236
235 878
236 760
237 238
237 345
238 960
239 111
239 240
240 45
241 242
241 743
242 374
243 244
243 615
244 291
245 246
245 611
246 473
247 248
247 820
248 116
249 250
249 896
250 919
251 184
251 252
252 114
253 254
253 949
254 110
255 256
255 912
256 1068
257 258
257 285
258 137
259 260
259 821
260 880
261 262
261 792
262 839
263 249
263 264
264 802
265 266
265 817
266 50
267 268
267 678
268 90
269 270
269 410
270 1062
271 272
271 799
272 908
273 274
273 616
274 277
275 276
275 1022
276 9
277 278
277 478
278 935
279 280
279 474
280 24
281 282
281 493
282 208
283 284
283 413
284 1144
285 286
285 945
286 1185
287 288
287 627
288 43
289 170
289 290
290 324
291 167
291 292
292 538
293 294
293 1138
294 451
295 250
295 296
296 749
297 175
297 298
298 86
299 300
299 897
300 1103
301 130
301 302
302 206
303 266
303 304
304 504
305 306
305 358
306 612
307 308
307 445
308 1175
309 310
309 364
310 524
311 312
311 777
312 782
313 314
313 558
314 207
315 316
315 907
316 508
317 318
317 700
318 396
319 320
319 1151
320 862
321 322
321 811
322 16
323 73
323 324
324 1210
325 112
325 326
326 950
327 61
327 328
328 690
329 330
329 1168
330 378
331 332
331 505
332 951
333 334
333 387
334 1211
335 336
335 1077
336 542
337 4
337 338
338 652
339 340
339 711
340 182
341 342
341 515
342 809
343 344
343 662
344 76
345 346
345 577
346 954
347 238
347 348
348 317
349 350
349 701
350 744
351 311
351 352
352 433
353 323
353 354
354 900
355 17
355 356
356 244
357 93
357 358
358 1156
359 333
359 360
360 77
361 168
361 362
362 512
363 364
363 676
364 803
365 355
365 366
366 479
367 368
367 958
368 557
369 370
369 1083
370 142
371 372
371 545
372 648
373 101
373 374
374 126
375 198
375 376
376 684
377 378
377 589
378 427
379 253
379 380
380 727
381 235
381 382
382 980
383 237
383 384
384 693
385 386
385 828
386 540
387 265
387 388
388 255
389 390
389 1191
390 1010
391 392
391 1071
392 852
393 394
393 543
394 892
395 396
395 674
396 937
397 398
397 1094
398 465
399 400
399 1105
400 1162
401 44
401 402
402 695
403 155
403 404
404 1057
405 406
405 1154
406 218
407 11
407 408
408 1045
409 327
409 410
410 335
411 412
411 807
412 336
413 185
413 414
414 1012
415 416
415 968
416 849
417 418
417 1152
418 573
419 420
419 644
420 672
421 422
421 559
422 283
423 424
423 1148
424 95
425 426
425 933
426 74
427 428
427 450
428 1056
429 430
429 716
430 614
431 432
431 1078
432 994
433 434
433 787
434 322
435 191
435 436
436 710
437 7
437 438
438 530
439 151
439 440
440 920
441 442
441 903
442 755
443 217
443 444
444 102
445 409
445 446
446 681
447 448
447 806
448 370
449 450
449 699
450 886
451 23
451 452
452 346
453 454
453 967
454 506
455 456
455 737
456 731
457 453
457 458
458 432
459 417
459 460
460 986
461 46
461 462
462 222
463 464
463 859
464 587
465 306
465 466
466 326
467 468
467 1019
468 728
469 99
469 470
470 1126
471 472
471 481
472 632
473 474
473 666
474 602
475 89
475 476
476 657
477 371
477 478
478 1169
479 480
479 837
480 1178
481 290
481 482
482 964
483 484
483 844
484 294
485 486
485 605
486 350
487 257
487 488
488 3
489 490
489 877
490 663
491 492
491 876
492 368
493 494
493 669
494 1130
495 496
495 1192
496 1090
497 498
497 590
498 5
499 449
499 500
500 2
501 502
501 721
502 392
503 334
503 504
504 88
505 67
505 506
506 1199
507 508
507 1117
508 565
509 510
509 697
510 520
511 512
511 819
512 1164
513 514
513 595
514 655
515 197
515 516
516 865
517 518
517 730
518 1052
519 520
519 1039
520 1050
521 522
521 853
522 626
523 115
523 524
524 594
525 526
525 548
526 59
527 108
527 528
528 35
529 352
529 530
530 696
531 525
531 532
532 810
533 534
533 623
534 773
535 536
535 1125
536 1054
537 538
537 1204
538 75
539 540
539 656
540 190
541 542
541 752
542 6
543 544
543 1021
544 314
545 275
545 546
546 909
547 389
547 548
548 1085
549 550
549 1107
550 702
551 552
551 1209
552 9
553 554
553 793
554 456
555 556
555 838
556 974
557 558
557 698
558 680
559 41
559 560
560 441
561 372
561 562
562 338
563 564
563 804
564 1172
565 15
565 566
566 328
567 568
567 987
568 826
569 169
569 570
570 415
571 425
571 572
572 148
573 384
573 574
574 916
575 576
575 1116
576 491
577 578
577 833
578 643
579 180
579 580
580 72
581 582
581 1109
582 1140
583 584
583 1201
584 394
585 373
585 586
586 471
587 271
587 588
588 446
589 439
589 590
590 887
591 408
591 592
592 1076
593 594
593 1114
594 722
595 365
595 596
596 98
597 189
597 598
598 252
599 600
599 883
600 1075
601 602
601 717
602 871
603 344
603 604
604 462
605 606
605 995
606 1119
607 608
607 1005
608 984
609 308
609 610
610 1205
611 470
611 612
612 426
613 442
613 614
614 312
615 403
615 616
616 105
617 618
617 977
618 1208
619 620
619 1087
620 642
621 487
621 622
622 282
623 339
623 624
624 860
625 626
625 832
626 440
627 529
627 628
628 653
629 149
629 630
630 405
631 632
631 975
632 723
633 221
633 634
634 660
635 636
635 942
636 251
637 431
637 638
638 856
639 240
639 640
640 436
641 349
641 642
642 496
643 325
643 644
644 1093
645 646
645 1025
646 1122
647 145
647 648
648 872
649 650
649 1011
650 1150
651 652
651 1017
652 18
653 156
653 654
654 603
655 656
655 713
656 272
657 393
657 658
658 402
659 568
659 660
660 519
661 662
661 969
662 931
663 664
663 1137
664 1100
665 591
665 666
666 1080
667 668
667 1031
668 39
669 501
669 670
670 881
671 672
671 790
672 584
673 674
673 894
674 434
675 109
675 676
676 906
677 586
677 678
678 1197
679 680
679 1195
680 682
681 356
681 682
682 758
683 422
683 684
684 650
685 686
685 1127
686 638
687 38
687 688
688 14
689 690
689 901
690 1099
691 692
691 1029
692 48
693 62
693 694
694 118
695 395
695 696
696 962
697 698
697 1200
698 1007
699 700
699 816
700 223
701 33
701 702
702 313
703 157
703 704
704 6
705 66
705 706
706 1196
707 708
707 1160
708 665
709 710
709 1035
710 902
711 258
711 712
712 562
713 212
713 714
714 262
715 716
715 771
716 19
717 555
717 718
718 1016
719 720
719 1159
720 104
721 722
721 893
722 608
723 385
723 724
724 124
725 636
725 726
726 242
727 303
727 728
728 518
729 261
729 730
730 588
731 71
731 732
732 580
733 734
733 846
734 536
735 736
735 1170
736 1149
737 738
737 911
738 57
739 667
739 740
740 1028
741 742
741 985
742 162
743 744
743 763
744 127
745 354
745 746
746 58
747 748
747 1001
748 600
749 750
749 1102
750 164
751 183
751 752
752 1064
753 754
753 1009
754 398
755 293
755 756
756 245
757 192
757 758
758 1163
759 760
759 1121
760 972
761 467
761 762
762 174
763 341
763 764
764 1065
765 630
765 766
766 193
767 619
767 768
768 122
769 353
769 770
770 284
771 411
771 772
772 554
773 610
773 774
774 1014
775 138
775 776
776 247
777 715
777 778
778 225
779 780
779 997
780 606
781 782
781 784
782 31
783 360
783 784
784 1179
785 675
785 786
786 1194
787 788
787 1032
788 952
789 288
789 790
790 1008
791 295
791 792
792 583
793 751
793 794
794 884
795 796
795 1141
796 938
797 106
797 798
798 704
799 800
799 1061
800 560
801 516
801 802
802 84
803 204
803 804
804 746
805 806
805 1003
806 989
807 270
807 808
808 770
809 810
809 1157
810 776
811 523
811 812
812 1004
813 490
813 814
814 705
815 816
815 1079
816 879
817 785
817 818
818 476
819 231
819 820
820 454
821 822
821 923
822 772
823 49
823 824
824 552
825 150
825 826
826 834
827 220
827 828
828 988
829 533
829 830
830 689
831 321
831 832
832 957
833 709
833 834
834 316
835 599
835 836
836 1182
837 838
837 1143
838 791
839 840
839 1060
840 576
841 842
841 930
842 128
843 844
843 939
844 534
845 119
845 846
846 60
847 848
847 928
848 955
849 135
849 850
850 1
851 601
851 852
852 458
853 854
853 1176
854 1104
855 856
855 1108
856 152
857 27
857 858
858 10
859 860
859 1181
860 754
861 862
861 982
862 582
863 347
863 864
864 1033
865 593
865 866
866 51
867 868
867 874
868 461
869 550
869 870
870 996
871 830
871 872
872 1046
873 874
873 978
874 296
875 683
875 876
876 267
877 647
877 878
878 1129
879 691
879 880
880 563
881 564
881 882
882 1000
883 228
883 884
884 42
885 886
885 1096
886 412
887 34
887 888
888 936
889 161
889 890
890 459
891 239
891 892
892 1120
893 894
893 973
894 633
895 896
895 899
896 133
897 898
897 1059
898 1088
899 216
899 900
900 120
901 348
901 902
902 1124
903 273
903 904
904 857
905 8
905 906
906 1036
907 68
907 908
908 100
909 635
909 910
910 848
911 778
911 912
912 22
913 890
913 914
914 1214
915 181
915 916
916 176
917 463
917 918
918 379
919 472
919 920
920 795
921 922
921 1037
922 214
923 281
923 924
924 263
925 800
925 926
926 236
927 928
927 1055
928 823
929 103
929 930
930 159
931 357
931 932
932 329
933 342
933 934
934 898
935 725
935 936
936 640
937 938
937 1072
938 1136
939 904
939 940
940 1147
941 507
941 942
942 234
943 934
943 944
944 598
945 661
945 946
946 729
947 613
947 948
948 526
949 950
949 1131
950 438
951 952
951 1113
952 1018
953 153
953 954
954 824
955 956
955 1101
956 780
957 131
957 958
958 1013
959 421
959 960
960 1183
961 268
961 962
962 798
963 297
963 964
964 692
965 940
965 966
966 388
967 753
967 968
968 13
969 383
969 970
970 918
971 972
971 1190
972 796
973 233
973 974
974 340
975 905
975 976
976 1146
977 547
977 978
978 1084
979 407
979 980
980 1098
981 927
981 982
982 535
983 984
983 1089
984 870
985 831
985 986
986 503
987 988
987 1049
988 1112
989 477
989 990
990 264
991 781
991 992
992 1047
993 309
993 994
994 94
995 489
995 996
996 186
997 578
997 998
998 139
999 1000
999 1188
1000 1042
1001 917
1001 1002
1002 963
1003 921
1003 1004
1004 858
1005 1006
1005 1167
1006 992
1007 423
1007 1008
1008 1142
1009 1010
1009 1023
1010 509
1011 873
1011 1012
1012 946
1013 993
1013 1014
1014 521
1015 1016
1015 1041
1016 944
1017 835
1017 1018
1018 486
1019 146
1019 1020
1020 47
1021 783
1021 1022
1022 607
1023 107
1023 1024
1024 685
1025 1026
1025 1207
1026 502
1027 932
1027 1028
1028 25
1029 1027
1029 1030
1030 579
1031 63
1031 1032
1032 759
1033 597
1033 1034
1034 924
1035 769
1035 1036
1036 825
1037 241
1037 1038
1038 230
1039 1006
1039 1040
1040 498
1041 92
1041 1042
1042 70
1043 91
1043 1044
1044 177
1045 585
1045 1046
1046 1040
1047 1048
1047 1189
1048 178
1049 483
1049 1050
1050 380
1051 424
1051 1052
1052 971
1053 581
1053 1054
1054 320
1055 215
1055 1056
1056 406
1057 1058
1057 1133
1058 52
1059 78
1059 1060
1060 736
1061 941
1061 1062
1062 929
1063 741
1063 1064
1064 786
1065 915
1065 1066
1066 1034
1067 337
1067 1068
1068 194
1069 813
1069 1070
1070 246
1071 259
1071 1072
1072 310
1073 171
1073 1074
1074 794
1075 292
1075 1076
1076 1134
1077 399
1077 1078
1078 299
1079 1080
1079 1106
1080 1161
1081 706
1081 1082
1082 664
1083 366
1083 1084
1084 165
1085 553
1085 1086
1086 1198
1087 1088
1087 1123
1088 435
1089 549
1089 1090
1090 20
1091 1092
1091 1212
1092 999
1093 815
1093 1094
1094 527
1095 617
1095 1096
1096 343
1097 570
1097 1098
1098 1070
1099 658
1099 1100
1100 1074
1101 567
1101 1102
1102 173
1103 302
1103 1104
1104 537
1105 1081
1105 1106
1106 947
1107 708
1107 1108
1108 1097
1109 1110
1109 1206
1110 12
1111 416
1111 1112
1112 714
1113 397
1113 1114
1114 687
1115 488
1115 1116
1116 943
1117 278
1117 1118
1118 229
1119 1020
1119 1120
1120 160
1121 1122
1121 1177
1122 970
1123 925
1123 1124
1124 304
1125 510
1125 1126
1126 882
1127 609
1127 1128
1128 654
1129 53
1129 1130
1130 141
1131 637
1131 1132
1132 1051
1133 430
1133 1134
1134 976
1135 1136
1135 1193
1136 362
1137 1138
1137 1213
1138 864
1139 847
1139 1140
1140 592
1141 671
1141 1142
1142 1128
1143 205
1143 1144
1144 774
1145 845
1145 1146
1146 868
1147 315
1147 1148
1148 1044
1149 965
1149 1150
1150 733
1151 147
1151 1152
1152 448
1153 219
1153 1154
1154 546
1155 367
1155 1156
1156 226
1157 1043
1157 1158
1158 991
1159 286
1159 1160
1160 331
1161 188
1161 1162
1162 420
1163 726
1163 1164
1164 1082
1165 659
1165 1166
1166 200
1167 419
1167 1168
1168 363
1169 686
1169 1170
1170 113
1171 966
1171 1172
1172 298
1173 735
1173 1174
1174 998
1175 551
1175 1176
1176 87
1177 646
1177 1178
1178 822
1179 532
1179 1180
1180 482
1181 851
1181 1182
1182 1066
1183 494
1183 1184
1184 172
1185 30
1185 1186
1186 528
1187 622
1187 1188
1188 452
1189 1002
1189 1190
1190 32
1191 227
1191 1192
1192 455
1193 1158
1193 1194
1194 26
1195 179
1195 1196
1196 319
1197 1166
1197 1198
1198 604
1199 289
1199 1200
1200 404
1201 1135
1201 1202
1202 1184
1203 248
1203 1204
1204 500
1205 645
1205 1206
1206 762
1207 889
1207 1208
1208 634
1209 855
1209 1210
1210 1015
1211 738
1211 1212
1212 575
1213 469
1213 1214
1214 1111
