0 429
0 457
1 403
1 652
3 599
3 829
5 191
4 227
4 1021
6 1122
7 264
7 861
9 91
9 1079
11 248
10 1092
10 1096
12 701
15 409
15 863
17 762
17 997
19 439
19 569
21 687
21 935
23 24
23 325
24 934
25 26
25 845
26 180
27 28
27 255
28 484
29 15
29 30
30 725
31 32
31 48
32 882
33 34
33 1078
34 792
35 36
35 1207
36 1001
37 38
37 702
38 981
39 40
39 642
40 962
41 42
41 543
42 826
43 44
43 369
44 166
45 46
45 408
46 139
47 48
47 723
48 100
49 50
49 337
50 318
51 52
51 776
52 285
53 37
53 54
54 374
55 56
55 763
56 747
57 58
57 73
58 516
59 60
59 1081
60 914
61 62
61 95
62 538
63 64
63 106
64 607
65 66
65 394
66 878
67 68
67 703
68 406
69 70
69 623
70 928
71 25
71 72
72 1002
73 74
73 758
74 493
75 76
75 1185
76 859
77 78
77 470
78 727
79 80
79 841
80 584
81 82
81 219
82 277
83 84
83 594
84 435
85 86
85 233
86 742
87 88
87 923
88 784
89 90
89 858
90 216
91 92
91 380
92 1089
93 94
93 909
94 186
95 96
95 991
96 12
97 98
97 1111
98 472
99 100
99 231
100 1049
101 102
101 779
102 514
103 104
103 1105
104 206
105 106
105 494
106 368
107 108
107 673
108 530
109 110
109 469
110 694
111 112
111 833
112 743
113 114
113 301
114 1006
115 116
115 603
116 790
117 118
117 734
118 51
119 120
119 267
120 676
121 122
121 617
122 555
123 124
123 508
124 1007
125 126
125 985
126 610
127 128
127 327
128 848
129 130
129 830
130 250
131 132
131 657
132 1010
133 134
133 836
134 80
135 136
135 413
136 576
137 21
137 138
138 424
139 140
139 730
140 390
141 93
141 142
142 580
143 135
143 144
144 550
145 146
145 902
146 417
147 148
147 209
148 279
149 150
149 509
150 667
151 152
151 1130
152 881
153 138
153 154
154 828
155 123
155 156
156 480
157 46
157 158
158 536
159 160
159 661
160 537
161 162
161 824
162 1084
163 149
163 164
164 967
165 166
165 189
166 153
167 168
167 201
168 1200
169 170
169 341
170 321
171 172
171 752
172 448
173 174
173 243
174 1030
175 5
175 176
176 630
177 161
177 178
178 52
179 180
179 188
180 616
181 182
181 932
182 238
183 184
183 288
184 1072
185 186
185 937
186 906
187 65
187 188
188 919
189 190
189 1031
190 827
191 192
191 365
192 562
193 194
193 199
194 1060
195 196
195 471
196 785
197 198
197 377
198 246
199 31
199 200
200 612
201 202
201 425
202 28
203 204
203 441
204 13
205 206
205 1056
206 431
207 208
207 1141
208 589
209 210
209 832
210 1016
211 212
211 224
212 632
213 214
213 262
214 18
215 216
215 547
216 1171
217 218
217 1033
218 10
219 165
219 220
220 1080
221 222
221 1142
222 454
223 224
223 1115
224 774
225 226
225 700
226 590
227 228
227 741
228 988
229 230
229 977
230 1099
231 232
231 443
232 679
233 234
233 755
234 940
235 236
235 389
236 849
237 238
237 495
238 664
239 240
239 1174
240 1012
241 242
241 989
242 55
243 230
243 244
244 187
245 246
245 884
246 1175
247 248
247 333
248 582
249 250
249 1150
250 402
251 252
251 658
252 688
253 254
253 998
254 504
255 256
255 1005
256 886
257 258
257 1071
258 310
259 260
259 440
260 568
261 262
261 793
262 978
263 264
263 1123
264 63
265 266
265 995
266 583
267 268
267 498
268 952
269 270
269 799
270 488
271 272
271 815
272 1190
273 274
273 319
274 320
275 276
275 346
276 1050
277 278
277 1195
278 87
279 280
279 943
280 964
281 122
281 282
282 678
283 284
283 338
284 356
285 286
285 1004
286 622
287 61
287 288
288 168
289 290
289 1008
290 1090
291 292
291 1023
292 295
293 41
293 294
294 144
295 296
295 1178
296 326
297 298
297 783
298 1176
299 300
299 731
300 474
301 302
301 1054
302 618
303 304
303 362
304 218
305 306
305 1051
306 29
307 308
307 615
308 1140
309 67
309 310
310 316
311 312
311 883
312 485
313 314
313 1093
314 810
315 316
315 911
316 868
317 318
317 759
318 228
319 195
319 320
320 719
321 322
321 711
322 1118
323 324
323 813
324 519
325 326
325 823
326 181
327 300
327 328
328 421
329 330
329 554
330 573
331 332
331 395
332 542
333 334
333 899
334 466
335 336
335 475
336 1159
337 338
337 885
338 1204
339 340
339 843
340 524
341 342
341 635
342 1158
343 344
343 951
344 1181
345 346
345 557
346 303
347 348
347 853
348 276
349 350
349 770
350 265
351 352
351 811
352 983
353 354
353 438
354 726
355 356
355 629
356 158
357 358
357 372
358 529
359 110
359 360
360 1014
361 362
361 680
362 64
363 364
363 521
364 376
365 366
365 802
366 1136
367 368
367 515
368 1083
369 370
369 769
370 66
371 372
371 948
372 282
373 374
373 1201
374 220
375 35
375 376
376 850
377 378
377 1109
378 973
379 275
379 380
380 96
381 382
381 744
382 1192
383 384
383 698
384 348
385 263
385 386
386 272
387 388
387 1013
388 578
389 390
389 1191
390 178
391 12
391 392
392 1180
393 394
393 491
394 190
395 396
395 961
396 22
397 398
397 1036
398 548
399 400
399 1042
400 1061
401 402
401 855
402 364
403 404
403 463
404 352
405 223
405 406
406 456
407 408
407 449
408 261
409 410
409 444
410 609
411 412
411 1203
412 154
413 340
413 414
414 332
415 416
415 1112
416 789
417 418
417 468
418 780
419 127
419 420
420 718
421 116
421 422
422 446
423 424
423 721
424 399
425 283
425 426
426 313
427 428
427 831
428 360
429 430
429 933
430 120
431 334
431 432
432 203
433 434
433 1121
434 1152
435 436
435 586
436 992
437 438
437 1091
438 150
439 440
439 1154
440 60
441 126
441 442
442 720
443 444
443 804
444 939
445 446
445 728
446 1172
447 448
447 1173
448 482
449 450
449 1113
450 982
451 452
451 818
452 134
453 336
453 454
454 761
455 109
455 456
456 965
457 437
457 458
458 6
459 460
459 1187
460 27
461 462
461 637
462 944
463 464
463 1029
464 1035
465 466
465 645
466 50
467 468
467 1041
468 604
469 470
469 677
470 339
471 472
471 1145
472 359
473 474
473 1043
474 740
475 476
475 1209
476 501
477 478
477 787
478 990
479 480
479 768
480 202
481 447
481 482
482 94
483 140
483 484
484 54
485 486
485 1047
486 450
487 430
487 488
488 898
489 490
489 889
490 958
491 492
491 659
492 354
493 314
493 494
494 1168
495 496
495 597
496 385
497 498
497 819
498 353
499 117
499 500
500 388
501 502
501 1015
502 294
503 504
503 605
504 428
505 236
505 506
506 1199
507 217
507 508
508 293
509 164
509 510
510 1196
511 512
511 532
512 47
513 43
513 514
514 77
515 297
515 516
516 361
517 518
517 852
518 350
519 208
519 520
520 88
521 244
521 522
522 500
523 121
523 524
524 510
525 526
525 640
526 104
527 49
527 528
528 732
529 530
529 1116
530 34
531 532
531 803
532 949
533 71
533 534
534 322
535 536
535 651
536 608
537 538
537 1131
538 592
539 384
539 540
540 462
541 542
541 704
542 86
543 323
543 544
544 179
545 405
545 546
546 1135
547 548
547 699
548 16
549 141
549 550
550 214
551 249
551 552
552 486
553 554
553 1085
554 20
555 556
555 695
556 167
557 558
557 795
558 540
559 560
559 705
560 581
561 81
561 562
562 397
563 503
563 564
564 328
565 566
565 1169
566 866
567 528
567 568
568 926
569 118
569 570
570 1138
571 572
571 1039
572 476
573 574
573 709
574 108
575 576
575 912
576 938
577 137
577 578
578 708
579 580
579 1165
580 890
581 112
581 582
582 522
583 14
583 584
584 198
585 586
585 936
586 426
587 588
587 643
588 1120
589 549
589 590
590 1082
591 592
591 724
592 644
593 241
593 594
594 229
595 596
595 690
596 1048
597 598
597 969
598 101
599 600
599 1153
600 436
601 602
601 869
602 913
603 604
603 1193
604 45
605 606
605 655
606 451
607 608
607 766
608 974
609 610
609 668
610 794
611 237
611 612
612 1128
613 415
613 614
614 1104
615 616
615 746
616 806
617 618
617 1179
618 142
619 278
619 620
620 17
621 622
621 650
622 1110
623 624
623 689
624 564
625 53
625 626
626 1100
627 628
627 696
628 796
629 630
629 953
630 1162
631 632
631 945
632 358
633 634
633 1102
634 1163
635 636
635 782
636 613
637 638
637 929
638 614
639 487
639 640
640 396
641 642
641 1019
642 559
643 387
643 644
644 98
645 33
645 646
646 330
647 257
647 648
648 626
649 307
649 650
650 79
651 636
651 652
652 1067
653 654
653 1194
654 290
655 349
655 656
656 342
657 658
657 798
658 375
659 111
659 660
660 270
661 585
661 662
662 915
663 664
663 706
664 1148
665 666
665 671
666 1055
667 311
667 668
668 760
669 665
669 670
670 1027
671 672
671 1167
672 404
673 674
673 1137
674 1198
675 595
675 676
676 656
677 678
677 893
678 200
679 393
679 680
680 146
681 26
681 682
682 854
683 292
683 684
684 308
685 225
685 686
686 366
687 496
687 688
688 846
689 690
689 733
690 887
691 268
691 692
692 36
693 145
693 694
694 1197
695 696
695 809
696 539
697 698
697 1053
698 894
699 700
699 1069
700 304
701 606
701 702
702 662
703 527
703 704
704 880
705 561
705 706
706 193
707 708
707 749
708 1018
709 74
709 710
710 970
711 712
711 986
712 410
713 714
713 773
714 712
715 713
715 716
716 184
717 58
717 718
718 392
719 647
719 720
720 638
721 427
721 722
722 433
723 499
723 724
724 738
725 726
725 1211
726 551
727 596
727 728
728 130
729 460
729 730
730 78
731 732
731 901
732 115
733 693
733 734
734 567
735 85
735 736
736 1156
737 235
737 738
738 461
739 740
739 1119
740 750
741 742
741 808
742 1160
743 744
743 788
744 714
745 735
745 746
746 771
747 611
747 748
748 960
749 505
749 750
750 1127
751 531
751 752
752 600
753 754
753 807
754 1003
755 756
755 979
756 971
757 758
757 1086
758 24
759 83
759 760
760 1117
761 762
761 814
762 625
763 669
763 764
764 1155
765 210
765 766
766 546
767 768
767 839
768 897
769 23
769 770
770 917
771 383
771 772
772 976
773 163
773 774
774 84
775 666
775 776
776 331
777 778
777 1149
778 68
779 780
779 1009
780 162
781 782
781 999
782 579
783 269
783 784
784 904
785 786
785 844
786 648
787 30
787 788
788 419
789 317
789 790
790 847
791 452
791 792
792 2
793 794
793 947
794 541
795 159
795 796
796 908
797 798
797 851
798 781
799 416
799 800
800 1151
801 802
801 924
802 621
803 804
803 1065
804 57
805 806
805 1132
806 434
807 808
807 905
808 553
809 697
809 810
810 483
811 812
811 1143
812 722
813 251
813 814
814 70
815 39
815 816
816 114
817 818
817 1202
818 598
819 737
819 820
820 183
821 739
821 822
822 627
823 707
823 824
824 345
825 132
825 826
826 865
827 347
827 828
828 791
829 830
829 1046
830 520
831 832
831 835
832 90
833 89
833 834
834 9
835 1
835 836
836 874
837 838
837 891
838 381
839 465
839 840
840 601
841 675
841 842
842 772
843 812
843 844
844 133
845 105
845 846
846 834
847 848
847 860
848 171
849 232
849 850
850 422
851 523
851 852
852 378
853 854
853 922
854 253
855 215
855 856
856 1011
857 234
857 858
858 194
859 175
859 860
860 1074
861 837
861 862
862 575
863 373
863 864
864 371
865 489
865 866
866 628
867 868
867 1183
868 1070
869 870
869 1040
870 558
871 211
871 872
872 490
873 874
873 1101
874 1044
875 663
875 876
876 624
877 479
877 878
878 274
879 880
879 1058
880 1208
881 882
881 1052
882 786
883 467
883 884
884 177
885 886
885 1000
886 11
887 306
887 888
888 192
889 871
889 890
890 950
891 351
891 892
892 634
893 245
893 894
894 459
895 756
895 896
896 591
897 898
897 994
898 892
899 900
899 1068
900 1214
901 291
901 902
902 1063
903 574
903 904
904 879
905 593
905 906
906 1087
907 566
907 908
908 996
909 556
909 910
910 492
911 3
911 912
912 864
913 620
913 914
914 805
915 544
915 916
916 534
917 817
917 918
918 907
919 418
919 920
920 654
921 840
921 922
922 19
923 924
923 1147
924 4
925 271
925 926
926 930
927 281
927 928
928 44
929 213
929 930
930 38
931 685
931 932
932 1146
933 473
933 934
934 946
935 312
935 936
936 1066
937 69
937 938
938 526
939 729
939 940
940 102
941 633
941 942
942 646
943 260
943 944
944 296
945 946
945 1205
946 660
947 563
947 948
948 888
949 649
949 950
950 716
951 715
951 952
952 1037
953 7
953 954
954 239
955 477
955 956
956 920
957 266
957 958
958 903
959 289
959 960
960 254
961 962
961 1184
962 259
963 754
963 964
964 870
965 963
965 966
966 1028
967 513
967 968
968 867
969 670
969 970
970 1126
971 147
971 972
972 560
973 777
973 974
974 1144
975 273
975 976
976 1213
977 76
977 978
978 1022
979 797
979 980
980 511
981 681
981 982
982 1064
983 717
983 984
984 204
985 97
985 986
986 176
987 954
987 988
988 872
989 407
989 990
990 710
991 343
991 992
992 40
993 994
993 1125
994 324
995 996
995 1124
996 298
997 502
997 998
998 1088
999 107
999 1000
1000 1129
1001 148
1001 1002
1002 256
1003 1004
1003 1103
1004 684
1005 959
1005 1006
1006 873
1007 401
1007 1008
1008 895
1009 157
1009 1010
1010 42
1011 1012
1011 1020
1012 984
1013 975
1013 1014
1014 1062
1015 160
1015 1016
1016 152
1017 129
1017 1018
1018 156
1019 745
1019 1020
1020 653
1021 748
1021 1022
1022 942
1023 767
1023 1024
1024 481
1025 801
1025 1026
1026 344
1027 464
1027 1028
1028 692
1029 751
1029 1030
1030 910
1031 242
1031 1032
1032 921
1033 1034
1033 1139
1034 918
1035 619
1035 1036
1036 143
1037 857
1037 1038
1038 672
1039 99
1039 1040
1040 877
1041 993
1041 1042
1042 875
1043 287
1043 1044
1044 92
1045 925
1045 1046
1046 968
1047 507
1047 1048
1048 62
1049 816
1049 1050
1050 357
1051 367
1051 1052
1052 588
1053 753
1053 1054
1054 1025
1055 169
1055 1056
1056 1177
1057 432
1057 1058
1058 458
1059 5
1059 1060
1060 972
1061 196
1061 1062
1062 552
1063 124
1063 1064
1064 258
1065 497
1065 1066
1066 197
1067 185
1067 1068
1068 370
1069 980
1069 1070
1070 280
1071 825
1071 1072
1072 1094
1073 305
1073 1074
1074 900
1075 400
1075 1076
1076 572
1077 119
1077 1078
1078 155
1079 941
1079 1080
1080 386
1081 1082
1081 1134
1082 764
1083 453
1083 1084
1084 1107
1085 1086
1085 1210
1086 736
1087 1026
1087 1088
1088 72
1089 226
1089 1090
1090 420
1091 1092
1091 1133
1092 778
1093 1094
1093 1106
1094 1212
1095 1032
1095 1096
1096 683
1097 757
1097 1098
1098 682
1099 987
1099 1100
1100 302
1101 174
1101 1102
1102 170
1103 391
1103 1104
1104 11
1105 252
1105 1106
1106 896
1107 518
1107 1108
1108 412
1109 131
1109 1110
1110 478
1111 1045
1111 1112
1112 56
1113 59
1113 1114
1114 1188
1115 856
1115 1116
1116 506
1117 151
1117 1118
1118 286
1119 207
1119 1120
1120 1182
1121 247
1121 1122
1122 8
1123 571
1123 1124
1124 822
1125 821
1125 1126
1126 820
1127 136
1127 1128
1128 800
1129 775
1129 1130
1130 631
1131 1097
1131 1132
1132 1186
1133 411
1133 1134
1134 577
1135 205
1135 1136
1136 916
1137 299
1137 1138
1138 1166
1139 125
1139 1140
1140 1075
1141 927
1141 1142
1142 1024
1143 765
1143 1144
1144 414
1145 221
1145 1146
1146 6
1147 113
1147 1148
1148 240
1149 1150
1149 1189
1150 842
1151 1108
1151 1152
1152 284
1153 82
1153 1154
1154 103
1155 1156
1155 1157
1156 602
1157 862
1157 1158
1158 445
1159 955
1159 1160
1160 1206
1161 1077
1161 1162
1162 931
1163 212
1163 1164
1164 956
1165 535
1165 1166
1166 128
1167 455
1167 1168
1168 172
1169 309
1169 1170
1170 363
1171 533
1171 1172
1172 570
1173 173
1173 1174
1174 545
1175 838
1175 1176
1176 1057
1177 1170
1177 1178
1178 639
1179 1161
1179 1180
1180 182
1181 398
1181 1182
1182 1034
1183 691
1183 1184
1184 329
1185 315
1185 1186
1186 674
1187 1114
1187 1188
1188 1073
1189 587
1189 1190
1190 1164
1191 641
1191 1192
1192 32
1193 1095
1193 1194
1194 222
1195 565
1195 1196
1196 1076
1197 957
1197 1198
1198 966
1199 525
1199 1200
1200 1098
1201 355
1201 1202
1202 517
1203 423
1203 1204
1204 1059
1205 876
1205 1206
1206 686
1207 335
1207 1208
1208 382
1209 75
1209 1210
1210 512
1211 1038
1211 1212
1212 442
1213 379
1213 1214
1214 1017
