0 571
0 877
2 894
2 1197
3 99
3 881
4 355
4 695
5 717
6 926
7 370
7 681
9 663
9 1159
11 344
10 218
10 368
12 741
15 307
15 714
17 467
17 963
19 608
19 1121
21 871
21 969
23 24
23 632
24 686
25 26
25 482
26 862
27 28
27 711
28 1164
29 4
29 30
30 831
31 32
31 705
32 582
33 34
33 1161
34 579
35 36
35 385
36 386
37 38
37 909
38 536
39 40
39 183
40 624
41 42
41 1105
42 55
43 44
43 1002
44 870
45 46
45 73
46 1054
47 48
47 835
48 262
49 50
49 1206
50 1036
51 52
51 689
52 740
53 54
53 973
54 166
55 56
55 601
56 777
57 40
57 58
58 210
59 60
59 933
60 420
61 62
61 1170
62 1072
63 64
63 1021
64 8
65 66
65 1194
66 1151
67 68
67 549
68 971
69 70
69 869
70 92
71 72
71 205
72 532
73 74
73 476
74 79
75 76
75 825
76 676
77 78
77 712
78 897
79 80
79 305
80 528
81 82
81 381
82 515
83 84
83 1094
84 246
85 86
85 514
86 770
87 88
87 223
88 135
89 90
89 141
90 391
91 92
91 709
92 1156
93 94
93 527
94 1016
95 96
95 754
96 538
97 98
97 459
98 432
99 100
99 209
100 517
101 102
101 326
102 1027
103 104
103 890
104 986
105 106
105 369
106 1103
107 108
107 185
108 834
109 110
109 152
110 968
111 112
111 382
112 66
113 114
113 1192
114 1047
115 116
115 557
116 1026
117 118
117 570
118 1034
119 120
119 753
120 146
121 122
121 1018
122 733
123 124
123 1118
124 692
125 126
125 1005
126 540
127 128
127 660
128 728
129 130
129 495
130 685
131 91
131 132
132 985
133 134
133 917
134 83
135 136
135 767
136 546
137 138
137 815
138 384
139 140
139 655
140 960
141 142
141 1203
142 392
143 144
143 155
144 918
145 146
145 592
146 1065
147 76
147 148
148 710
149 150
149 907
150 823
151 152
151 511
152 874
153 154
153 333
154 278
155 156
155 643
156 231
157 158
157 1007
158 310
159 160
159 321
160 575
161 162
161 503
162 972
163 164
163 687
164 757
165 166
165 615
166 567
167 168
167 1099
168 682
169 170
169 1102
170 580
171 172
171 605
172 946
173 49
173 174
174 923
175 176
175 1178
176 1020
177 77
177 178
178 265
179 180
179 494
180 665
181 182
181 1001
182 162
183 184
183 674
184 523
185 5
185 186
186 118
187 188
187 270
188 147
189 61
189 190
190 976
191 192
191 469
192 647
193 194
193 396
194 640
195 196
195 631
196 7
197 63
197 198
198 304
199 200
199 303
200 1154
201 202
201 727
202 670
203 204
203 429
204 814
205 206
205 1061
206 565
207 208
207 841
208 82
209 210
209 473
210 706
211 212
211 1093
212 490
213 214
213 649
214 920
215 216
215 226
216 1116
217 218
217 721
218 602
219 220
219 1031
220 1144
221 222
221 644
222 616
223 224
223 377
224 1078
225 226
225 1163
226 529
227 228
227 410
228 779
229 230
229 737
230 1133
231 98
231 232
232 160
233 234
233 1113
234 785
235 236
235 607
236 723
237 238
237 239
238 720
239 233
239 240
240 433
241 242
241 1136
242 198
243 244
243 376
244 22
245 246
245 997
246 639
247 248
247 1015
248 496
249 250
249 434
250 1182
251 252
251 502
252 43
253 254
253 1111
254 684
255 256
255 464
256 435
257 258
257 672
258 562
259 260
259 659
260 758
261 262
261 998
262 942
263 264
263 336
264 316
265 266
265 623
266 54
267 184
267 268
268 742
269 270
269 361
270 247
271 272
271 1199
272 780
273 274
273 937
274 281
275 276
275 343
276 558
277 149
277 278
278 726
279 280
279 1073
280 238
281 28
281 282
282 25
283 284
283 596
284 202
285 286
285 893
286 861
287 288
287 666
288 1186
289 290
289 1045
290 1162
291 39
291 292
292 1112
293 294
293 987
294 144
295 273
295 296
296 996
297 125
297 298
298 465
299 300
299 518
300 44
301 302
301 337
302 1083
303 201
303 304
304 126
305 306
305 1101
306 980
307 308
307 322
308 896
309 236
309 310
310 519
311 312
311 499
312 678
313 314
313 992
314 1098
315 245
315 316
316 984
317 318
317 504
318 11
319 320
319 360
320 610
321 225
321 322
322 1107
323 235
323 324
324 1115
325 37
325 326
326 599
327 328
327 751
328 492
329 330
329 794
330 440
331 332
331 837
332 1204
333 334
333 619
334 1035
335 336
335 749
336 485
337 338
337 1089
338 130
339 340
339 1032
340 1179
341 342
341 1167
342 856
343 251
343 344
344 220
345 346
345 791
346 826
347 348
347 778
348 472
349 84
349 350
350 994
351 352
351 902
352 1048
353 354
353 955
354 300
355 172
355 356
356 938
357 358
357 1188
358 1038
359 234
359 360
360 842
361 362
361 1079
362 426
363 364
363 914
364 656
365 366
365 550
366 634
367 368
367 622
368 488
369 370
369 999
370 921
371 372
371 447
372 594
373 301
373 374
374 693
375 376
375 1212
376 718
377 259
377 378
378 131
379 318
379 380
380 617
381 382
381 441
382 3
383 384
383 664
384 50
385 386
385 449
386 348
387 388
387 1097
388 793
389 132
389 390
390 668
391 282
391 392
392 509
393 167
393 394
394 646
395 396
395 513
396 690
397 88
397 398
398 13
399 400
399 903
400 1085
401 402
401 889
402 1171
403 404
403 977
404 428
405 397
405 406
406 762
407 100
407 408
408 1184
409 410
409 431
410 1004
411 412
411 1185
412 9
413 403
413 414
414 69
415 416
415 773
416 1168
417 257
417 418
418 956
419 420
419 872
420 1042
421 422
421 1088
422 838
423 153
423 424
424 24
425 426
425 1165
426 352
427 428
427 775
428 1008
429 430
429 574
430 906
431 401
431 432
432 886
433 434
433 729
434 559
435 436
435 1127
436 378
437 124
437 438
438 6
439 440
439 1129
440 379
441 442
441 805
442 702
443 444
443 457
444 1017
445 446
445 584
446 194
447 448
447 1145
448 524
449 232
449 450
450 708
451 452
451 965
452 863
453 406
453 454
454 1104
455 456
455 853
456 478
457 458
457 932
458 1172
459 460
459 1041
460 446
461 462
461 800
462 548
463 464
463 743
464 347
465 466
465 539
466 38
467 407
467 468
468 516
469 470
469 735
470 588
471 472
471 545
472 1
473 17
473 474
474 229
475 42
475 476
476 975
477 478
477 1074
478 1214
479 480
479 964
480 448
481 297
481 482
482 1063
483 484
483 507
484 253
485 486
485 901
486 904
487 488
487 857
488 993
489 490
489 797
490 296
491 492
491 941
492 652
493 494
493 765
494 174
495 163
495 496
496 357
497 29
497 498
498 244
499 500
499 1120
500 654
501 502
501 744
502 642
503 504
503 1067
504 696
505 497
505 506
506 522
507 508
507 551
508 658
509 510
509 1055
510 512
511 512
511 1069
512 1174
513 514
513 983
514 364
515 453
515 516
516 822
517 481
517 518
518 409
519 520
519 732
520 900
521 522
521 928
522 764
523 524
523 750
524 982
525 526
525 839
526 572
527 302
527 528
528 722
529 95
529 530
530 934
531 389
531 532
532 554
533 436
533 534
534 356
535 323
535 536
536 168
537 538
537 1025
538 948
539 10
539 540
540 456
541 542
541 883
542 1181
543 367
543 544
544 561
545 546
545 1082
546 138
547 548
547 1126
548 450
549 550
549 1160
550 1087
551 552
551 701
552 319
553 27
553 554
554 954
555 556
555 679
556 526
557 558
557 1013
558 1190
559 543
559 560
560 1180
561 562
561 804
562 930
563 564
563 1052
564 64
565 221
565 566
566 176
567 12
567 568
568 1019
569 207
569 570
570 139
571 285
571 572
572 970
573 311
573 574
574 71
575 489
575 576
576 1070
577 75
577 578
578 365
579 320
579 580
580 910
581 177
581 582
582 394
583 584
583 905
584 626
585 58
585 586
586 330
587 588
587 868
588 32
589 41
589 590
590 671
591 216
591 592
592 498
593 34
593 594
594 978
595 596
595 895
596 1100
597 587
597 598
598 256
599 145
599 600
600 398
601 399
601 602
602 59
603 208
603 604
604 72
605 279
605 606
606 115
607 2
607 608
608 241
609 610
609 1044
610 1122
611 612
611 833
612 961
613 578
613 614
614 830
615 616
615 1091
616 638
617 618
617 808
618 280
619 373
619 620
620 215
621 622
621 1205
622 801
623 606
623 624
624 206
625 341
625 626
626 70
627 228
627 628
628 421
629 430
629 630
630 563
631 632
631 945
632 19
633 634
633 876
634 1058
635 577
635 636
636 272
637 611
637 638
638 1155
639 6
639 640
640 1086
641 387
641 642
642 736
643 644
643 1009
644 521
645 90
645 646
646 454
647 96
647 648
648 944
649 159
649 650
650 819
651 462
651 652
652 18
653 654
653 1022
654 1146
655 291
655 656
656 1014
657 308
657 658
658 136
659 402
659 660
660 849
661 204
661 662
662 585
663 664
663 811
664 16
665 328
665 666
666 688
667 668
667 1191
668 783
669 670
669 806
670 264
671 569
671 672
672 484
673 674
673 683
674 730
675 676
675 694
676 314
677 455
677 678
678 761
679 680
679 847
680 1037
681 682
681 873
682 60
683 105
683 684
684 33
685 299
685 686
686 127
687 688
687 1209
688 866
689 690
689 979
690 591
691 692
691 782
692 268
693 249
693 694
694 380
695 696
695 829
696 1201
697 196
697 698
698 855
699 700
699 1169
700 261
701 667
701 702
702 832
703 704
703 1043
704 648
705 706
705 1177
706 816
707 178
707 708
708 840
709 252
709 710
710 959
711 65
711 712
712 746
713 625
713 714
714 461
715 716
715 1143
716 315
717 335
717 718
718 912
719 720
719 799
720 860
721 589
721 722
722 349
723 74
723 724
724 629
725 698
725 726
726 458
727 728
727 875
728 614
729 286
729 730
730 537
731 732
731 771
732 11
733 734
733 858
734 48
735 736
735 1003
736 114
737 404
737 738
738 966
739 338
739 740
740 181
741 93
741 742
742 843
743 715
743 744
744 1077
745 103
745 746
746 1028
747 501
747 748
748 848
749 324
749 750
750 564
751 165
751 752
752 425
753 133
753 754
754 419
755 756
755 919
756 345
757 758
757 796
758 508
759 35
759 760
760 12
761 51
761 762
762 583
763 534
763 764
764 1084
765 766
765 845
766 263
767 161
767 768
768 306
769 770
769 1198
770 633
771 772
771 887
772 213
773 487
773 774
774 950
775 81
775 776
776 274
777 45
777 778
778 1106
779 780
779 1010
780 724
781 657
781 782
782 884
783 620
783 784
784 1153
785 395
785 786
786 97
787 788
787 1075
788 199
789 635
789 790
790 400
791 544
791 792
792 1166
793 293
793 794
794 699
795 796
795 817
796 1033
797 500
797 798
798 294
799 774
799 800
800 1137
801 802
801 1149
802 669
803 804
803 927
804 525
805 806
805 827
806 339
807 568
807 808
808 470
809 354
809 810
810 424
811 812
811 1092
812 182
813 792
813 814
814 604
815 816
815 1195
816 445
817 677
817 818
818 31
819 555
819 820
820 542
821 195
821 822
822 362
823 108
823 824
824 1196
825 826
825 1114
826 85
827 828
827 916
828 1062
829 414
829 830
830 480
831 474
831 832
832 15
833 834
833 1053
834 359
835 836
835 915
836 191
837 697
837 838
838 651
839 766
839 840
840 962
841 171
841 842
842 224
843 704
843 844
844 200
845 117
845 846
846 442
847 848
847 1109
848 254
849 850
849 892
850 691
851 292
851 852
852 20
853 854
853 1175
854 119
855 101
855 856
856 222
857 129
857 858
858 586
859 242
859 860
860 14
861 862
861 1139
862 852
863 417
863 864
864 957
865 866
865 885
866 1090
867 269
867 868
868 255
869 836
869 870
870 802
871 872
871 925
872 1050
873 776
873 874
874 745
875 351
875 876
876 309
877 878
877 1131
878 94
879 175
879 880
880 763
881 157
881 882
882 824
883 573
883 884
884 332
885 886
885 1210
886 882
887 217
887 888
888 661
889 890
889 1211
890 468
891 331
891 892
892 243
893 894
893 899
894 553
895 556
895 896
896 531
897 533
897 898
898 636
899 197
899 900
900 898
901 471
901 902
902 277
903 865
903 904
904 121
905 56
905 906
906 940
907 908
907 931
908 219
909 637
909 910
910 128
911 912
911 1081
912 1108
913 914
913 953
914 350
915 916
915 989
916 967
917 353
917 918
918 1130
919 920
919 935
920 408
921 405
921 922
922 443
923 719
923 924
924 949
925 30
925 926
926 974
927 787
927 928
928 479
929 725
929 930
930 140
931 113
931 932
932 137
933 934
933 1124
934 186
935 237
935 936
936 142
937 854
937 938
938 104
939 203
939 940
940 334
941 250
941 942
942 466
943 491
943 944
944 600
945 313
945 946
946 786
947 911
947 948
948 675
949 112
949 950
950 864
951 952
951 1173
952 438
953 86
953 954
954 576
955 653
955 956
956 422
957 936
957 958
958 375
959 287
959 960
960 26
961 613
961 962
962 618
963 416
963 964
964 609
965 752
965 966
966 812
967 143
967 968
968 1132
969 46
969 970
970 790
971 134
971 972
972 990
973 974
973 995
974 192
975 976
975 1068
976 276
977 755
977 978
978 1158
979 603
979 980
980 1128
981 552
981 982
982 1138
983 510
983 984
984 1066
985 212
985 986
986 116
987 988
987 1147
988 21
989 795
989 990
990 781
991 411
991 992
992 187
993 190
993 994
994 342
995 107
995 996
996 390
997 110
997 998
998 1029
999 1000
999 1119
1000 1096
1001 828
1001 1002
1002 850
1003 53
1003 1004
1004 759
1005 541
1005 1006
1006 393
1007 156
1007 1008
1008 739
1009 505
1009 1010
1010 612
1011 493
1011 1012
1012 662
1013 1006
1013 1014
1014 189
1015 650
1015 1016
1016 748
1017 707
1017 1018
1018 784
1019 680
1019 1020
1020 530
1021 913
1021 1022
1022 590
1023 597
1023 1024
1024 922
1025 988
1025 1026
1026 810
1027 230
1027 1028
1028 908
1029 363
1029 1030
1030 188
1031 150
1031 1032
1032 703
1033 275
1033 1034
1034 547
1035 1012
1035 1036
1036 258
1037 943
1037 1038
1038 288
1039 413
1039 1040
1040 248
1041 880
1041 1042
1042 1140
1043 1044
1043 1150
1044 878
1045 298
1045 1046
1046 179
1047 1048
1047 1071
1048 929
1049 1050
1049 1056
1050 1189
1051 1052
1051 1202
1052 958
1053 1054
1053 1060
1054 803
1055 820
1055 1056
1056 1213
1057 463
1057 1058
1058 169
1059 427
1059 1060
1060 1011
1061 1062
1061 1208
1062 211
1063 1064
1063 1176
1064 214
1065 52
1065 1066
1066 460
1067 312
1067 1068
1068 78
1069 1070
1069 1207
1070 520
1071 1023
1071 1072
1072 851
1073 641
1073 1074
1074 645
1075 813
1075 1076
1076 193
1077 412
1077 1078
1078 888
1079 1039
1079 1080
1080 807
1081 747
1081 1082
1082 452
1083 1084
1083 1152
1084 260
1085 846
1085 1086
1086 36
1087 329
1087 1088
1088 700
1089 789
1089 1090
1090 418
1091 415
1091 1092
1092 788
1093 173
1093 1094
1094 1134
1095 283
1095 1096
1096 358
1097 327
1097 1098
1098 383
1099 154
1099 1100
1100 630
1101 340
1101 1102
1102 628
1103 87
1103 1104
1104 267
1105 772
1105 1106
1106 1110
1107 1024
1107 1108
1108 80
1109 475
1109 1110
1110 595
1111 67
1111 1112
1112 158
1113 621
1113 1114
1114 483
1115 1057
1115 1116
1116 1141
1117 120
1117 1118
1118 566
1119 1120
1119 1125
1120 423
1121 1122
1121 1183
1122 123
1123 47
1123 1124
1124 924
1125 535
1125 1126
1126 372
1127 180
1127 1128
1128 1148
1129 1049
1129 1130
1130 1064
1131 951
1131 1132
1132 560
1133 289
1133 1134
1134 346
1135 68
1135 1136
1136 734
1137 859
1137 1138
1138 768
1139 5
1139 1140
1140 148
1141 593
1141 1142
1142 506
1143 271
1143 1144
1144 1095
1145 325
1145 1146
1146 947
1147 371
1147 1148
1148 1030
1149 756
1149 1150
1150 1187
1151 809
1151 1152
1152 1080
1153 716
1153 1154
1154 1200
1155 844
1155 1156
1156 170
1157 102
1157 1158
1158 798
1159 106
1159 1160
1160 477
1161 1135
1161 1162
1162 62
1163 151
1163 1164
1164 227
1165 1059
1165 1166
1166 89
1167 109
1167 1168
1168 598
1169 738
1169 1170
1170 1000
1171 374
1171 1172
1172 760
1173 673
1173 1174
1174 266
1175 731
1175 1176
1176 164
1177 1157
1177 1178
1178 1046
1179 1076
1179 1180
1180 366
1181 581
1181 1182
1182 439
1183 57
1183 1184
1184 486
1185 821
1185 1186
1186 1142
1187 444
1187 1188
1188 23
1189 981
1189 1190
1190 290
1191 240
1191 1192
1192 769
1193 111
1193 1194
1194 1123
1195 1051
1195 1196
1196 952
1197 1193
1197 1198
1198 317
1199 388
1199 1200
1200 284
1201 1117
1201 1202
1202 879
1203 713
1203 1204
1204 122
1205 295
1205 1206
1206 818
1207 867
1207 1208
1208 991
1209 451
1209 1210
1210 891
1211 939
1211 1212
1212 437
1213 1040
1213 1214
1214 627
