0 195
0 555
1 690
1 1017
3 46
3 491
4 424
4 1093
5 159
6 522
9 252
9 652
10 213
10 227
12 780
11 1016
13 854
13 1012
15 215
15 984
17 50
17 708
19 648
19 1196
21 624
21 906
23 24
23 147
24 803
25 26
25 709
26 42
27 28
27 671
28 237
29 30
29 805
30 26
31 32
31 1145
32 585
33 34
33 1031
34 452
35 36
35 1009
36 599
37 38
37 831
38 468
39 40
39 855
40 681
41 42
41 738
42 1056
43 44
43 999
44 434
45 46
45 597
46 735
47 48
47 951
48 282
49 50
49 830
50 1144
51 52
51 325
52 655
53 54
53 994
54 774
55 56
55 311
56 1058
57 58
57 1151
58 894
59 60
59 612
60 1018
61 62
61 943
62 800
63 64
63 183
64 12
65 66
65 905
66 1121
67 68
67 1010
68 1050
69 70
69 732
70 964
71 72
71 481
72 1203
73 74
73 1130
74 702
75 76
75 527
76 588
77 78
77 548
78 152
79 80
79 1152
80 62
81 82
81 632
82 620
83 84
83 239
84 911
85 86
85 393
86 374
87 88
87 770
88 258
89 90
89 1022
90 274
91 92
91 364
92 326
93 94
93 777
94 728
95 96
95 827
96 505
97 98
97 523
98 503
99 17
99 100
100 461
101 24
101 102
102 1205
103 104
103 295
104 727
105 106
105 352
106 723
107 108
107 1088
108 532
109 110
109 963
110 408
111 112
111 121
112 879
113 114
113 1081
114 465
115 44
115 116
116 766
117 118
117 333
118 746
119 120
119 277
120 675
121 122
121 181
122 1096
123 124
123 1019
124 924
125 126
125 972
126 918
127 128
127 545
128 80
129 59
129 130
130 811
131 132
131 745
132 170
133 134
133 138
134 455
135 99
135 136
136 935
137 103
137 138
138 66
139 140
139 1067
140 1175
141 142
141 1170
142 430
143 144
143 683
144 382
145 146
145 1132
146 218
147 148
147 553
148 1071
149 150
149 426
150 700
151 112
151 152
152 158
153 154
153 375
154 1006
155 156
155 166
156 848
157 158
157 391
158 650
159 160
159 1077
160 368
161 162
161 521
162 1070
163 164
163 878
164 336
165 166
165 367
166 887
167 101
167 168
168 899
169 170
169 1057
170 156
171 172
171 385
172 142
173 174
173 903
174 372
175 176
175 813
176 392
177 178
177 703
178 19
179 180
179 559
180 1181
181 182
181 749
182 944
183 184
183 614
184 34
185 186
185 561
186 768
187 188
187 449
188 401
189 190
189 529
190 729
191 192
191 489
192 81
193 194
193 531
194 482
195 196
195 659
196 590
197 198
197 1184
198 533
199 84
199 200
200 952
201 202
201 560
202 312
203 204
203 1161
204 817
205 206
205 1211
206 125
207 208
207 734
208 696
209 210
209 948
210 804
211 212
211 303
212 378
213 102
213 214
214 463
215 216
215 240
216 422
217 218
217 490
218 1068
219 220
219 1115
220 1207
221 222
221 915
222 769
223 224
223 781
224 526
225 226
225 979
226 342
227 228
227 938
228 660
229 230
229 744
230 798
231 232
231 433
232 862
233 23
233 234
234 445
235 236
235 931
236 507
237 238
237 722
238 346
239 240
239 1157
240 123
241 242
241 997
242 1114
243 244
243 809
244 794
245 235
245 246
246 1202
247 248
247 1167
248 871
249 172
249 250
250 1180
251 252
251 925
252 799
253 254
253 617
254 927
255 256
255 1111
256 480
257 258
257 668
258 1005
259 91
259 260
260 1106
261 262
261 1149
262 1025
263 264
263 269
264 296
265 191
265 266
266 1137
267 268
267 1033
268 677
269 270
269 543
270 601
271 272
271 435
272 715
273 274
273 692
274 300
275 276
275 693
276 150
277 4
277 278
278 568
279 280
279 427
280 956
281 149
281 282
282 420
283 205
283 284
284 7
285 1
285 286
286 496
287 288
287 737
288 1171
289 290
289 667
290 1210
291 292
291 1135
292 755
293 94
293 294
294 201
295 296
295 815
296 1101
297 298
297 767
298 254
299 248
299 300
300 18
301 283
301 302
302 982
303 304
303 317
304 376
305 306
305 395
306 118
307 308
307 1209
308 456
309 310
309 881
310 472
311 312
311 361
312 341
313 314
313 453
314 629
315 316
315 793
316 280
317 260
317 318
318 132
319 320
319 1045
320 1116
321 87
321 322
322 174
323 324
323 623
324 100
325 257
325 326
326 255
327 328
327 1060
328 458
329 73
329 330
330 706
331 332
331 863
332 418
333 334
333 479
334 975
335 164
335 336
336 12
337 137
337 338
338 750
339 340
339 913
340 748
341 116
341 342
342 1061
343 344
343 950
344 409
345 346
345 810
346 120
347 306
347 348
348 330
349 350
349 955
350 339
351 352
351 575
352 843
353 354
353 864
354 910
355 356
355 961
356 476
357 358
357 387
358 678
359 360
359 765
360 968
361 362
361 365
362 400
363 364
363 649
364 1011
365 366
365 849
366 987
367 368
367 891
368 1126
369 370
369 1163
370 271
371 372
371 1178
372 858
373 374
373 1110
374 190
375 376
375 993
376 838
377 217
377 378
378 324
379 380
379 1053
380 646
381 309
381 382
382 840
383 384
383 897
384 656
385 386
385 1002
386 219
387 388
387 1059
388 506
389 231
389 390
390 291
391 203
391 392
392 509
393 359
393 394
394 478
395 396
395 498
396 111
397 357
397 398
398 1125
399 129
399 400
400 310
401 402
401 608
402 1086
403 386
403 404
404 644
405 148
405 406
406 986
407 202
407 408
408 388
409 410
409 890
410 996
411 412
411 443
412 198
413 187
413 414
414 578
415 416
415 1055
416 814
417 418
417 511
418 49
419 420
419 786
420 493
421 422
421 959
422 1054
423 261
423 424
424 725
425 426
425 792
426 904
427 428
427 926
428 914
429 135
429 430
430 604
431 169
431 432
432 550
433 381
433 434
434 537
435 262
435 436
436 1026
437 438
437 743
438 21
439 440
439 707
440 70
441 37
441 442
442 504
443 267
443 444
444 327
445 446
445 697
446 276
447 411
447 448
448 14
449 241
449 450
450 595
451 452
451 1177
452 889
453 417
453 454
454 1147
455 40
455 456
456 462
457 9
457 458
458 1120
459 55
459 460
460 294
461 462
461 1158
462 210
463 464
463 922
464 1015
465 466
465 562
466 1082
467 468
467 747
468 1154
469 470
469 584
470 113
471 472
471 528
472 873
473 474
473 1079
474 211
475 469
475 476
476 1188
477 281
477 478
478 1024
479 457
479 480
480 544
481 482
481 859
482 356
483 484
483 653
484 242
485 486
485 949
486 5
487 488
487 699
488 577
489 490
489 619
490 1095
491 492
491 573
492 136
493 494
493 1066
494 658
495 496
495 635
496 628
497 459
497 498
498 157
499 500
499 627
500 923
501 502
501 1001
502 1118
503 504
503 1027
504 474
505 448
505 506
506 1044
507 51
507 508
508 88
509 396
509 510
510 139
511 61
511 512
512 875
513 483
513 514
514 316
515 52
515 516
516 1094
517 29
517 518
518 33
519 25
519 520
520 380
521 413
521 522
522 679
523 524
523 947
524 85
525 526
525 759
526 308
527 528
527 633
528 419
529 519
529 530
530 823
531 10
531 532
532 178
533 534
533 1122
534 43
535 536
535 1008
536 284
537 124
537 538
538 764
539 540
539 796
540 713
541 542
541 1112
542 30
543 544
543 1107
544 661
545 45
545 546
546 192
547 168
547 548
548 1197
549 92
549 550
550 594
551 398
551 552
552 334
553 275
553 554
554 773
555 513
555 556
556 35
557 558
557 841
558 1036
559 133
559 560
560 960
561 3
561 562
562 836
563 564
563 670
564 789
565 379
565 566
566 345
567 362
567 568
568 547
569 570
569 967
570 1176
571 58
571 572
572 1206
573 353
573 574
574 1108
575 556
575 576
576 344
577 425
577 578
578 108
579 223
579 580
580 866
581 185
581 582
582 884
583 584
583 945
584 72
585 557
585 586
586 358
587 588
587 639
588 990
589 590
589 664
590 1102
591 592
591 1199
592 122
593 534
593 594
594 96
595 596
595 1179
596 226
597 581
597 598
598 6
599 600
599 933
600 1182
601 171
601 602
602 328
603 604
603 739
604 870
605 606
605 901
606 1162
607 608
607 695
608 567
609 610
609 761
610 582
611 612
611 621
612 1091
613 28
613 614
614 32
615 441
615 616
616 965
617 451
617 618
618 839
619 363
619 620
620 936
621 399
621 622
622 688
623 624
623 637
624 301
625 626
625 869
626 182
627 628
627 1189
628 1072
629 175
629 630
630 919
631 106
631 632
632 593
633 634
633 909
634 63
635 636
635 1165
636 710
637 638
637 1117
638 60
639 640
639 882
640 1004
641 288
641 642
642 6
643 22
643 644
644 402
645 369
645 646
646 587
647 648
647 730
648 432
649 390
649 650
650 788
651 569
651 652
652 1089
653 500
653 654
654 900
655 199
655 656
656 896
657 658
657 711
658 1014
659 660
659 801
660 86
661 662
661 847
662 958
663 664
663 883
664 714
665 415
665 666
666 109
667 668
667 741
668 757
669 289
669 670
670 634
671 222
671 672
672 410
673 350
673 674
674 908
675 128
675 676
676 674
677 678
677 806
678 439
679 566
679 680
680 886
681 682
681 973
682 1146
683 499
683 684
684 850
685 686
685 1029
686 844
687 688
687 833
688 821
689 591
689 690
690 795
691 406
691 692
692 1194
693 143
693 694
694 977
695 290
695 696
696 812
697 27
697 698
698 298
699 700
699 712
700 834
701 11
701 702
702 146
703 583
703 704
704 1156
705 706
705 893
706 828
707 708
707 1003
708 464
709 383
709 710
710 67
711 389
711 712
712 791
713 266
713 714
714 115
715 622
715 716
716 1198
717 718
717 1043
718 978
719 287
719 720
720 829
721 517
721 722
722 1041
723 724
723 1023
724 1028
725 204
725 726
726 932
727 292
727 728
728 536
729 440
729 730
730 1174
731 229
731 732
732 338
733 734
733 971
734 71
735 736
735 937
736 466
737 431
737 738
738 705
739 613
739 740
740 1168
741 473
741 742
742 756
743 331
743 744
744 1037
745 746
745 929
746 642
747 748
747 1136
748 736
749 750
749 983
750 995
751 176
751 752
752 808
753 485
753 754
754 934
755 541
755 756
756 907
757 758
757 1007
758 16
759 208
759 760
760 76
761 762
761 917
762 41
763 307
763 764
764 38
765 766
765 1098
766 144
767 486
767 768
768 1119
769 770
769 1212
770 797
771 772
771 953
772 68
773 742
773 774
774 570
775 405
775 776
776 319
777 778
777 802
778 318
779 625
779 780
780 1155
781 423
781 782
782 470
783 784
783 1074
784 602
785 355
785 786
786 663
787 788
787 1183
788 874
789 641
789 790
790 880
791 397
791 792
792 471
793 524
793 794
794 868
795 351
795 796
796 69
797 626
797 798
798 684
799 631
799 800
800 1042
801 689
801 802
802 512
803 83
803 804
804 322
805 806
805 1052
806 230
807 636
807 808
808 992
809 605
809 810
810 966
811 412
811 812
812 477
813 814
813 1190
814 200
815 286
815 816
816 501
817 97
817 818
818 824
819 225
819 820
820 928
821 596
821 822
822 758
823 256
823 824
824 898
825 826
825 1191
826 1075
827 197
827 828
828 404
829 778
829 830
830 1064
831 832
831 877
832 940
833 516
833 834
834 82
835 606
835 836
836 1143
837 763
837 838
838 776
839 840
839 1085
840 1090
841 835
841 842
842 1164
843 844
843 1021
844 565
845 846
845 969
846 371
847 848
847 857
848 212
849 313
849 850
850 1166
851 785
851 852
852 921
853 854
853 1150
854 1214
855 207
855 856
856 508
857 48
857 858
858 90
859 370
859 860
860 1084
861 862
861 1160
862 20
863 497
863 864
864 251
865 564
865 866
866 155
867 243
867 868
868 673
869 870
869 1159
870 332
871 872
871 1140
872 976
873 686
873 874
874 784
875 65
875 876
876 630
877 574
877 878
878 377
879 609
879 880
880 985
881 882
881 1051
882 249
883 698
883 884
884 760
885 886
885 946
886 1069
887 558
887 888
888 450
889 436
889 890
890 717
891 892
891 1099
892 514
893 47
893 894
894 680
895 552
895 896
896 57
897 366
897 898
898 268
899 253
899 900
900 428
901 165
901 902
902 970
903 904
903 1076
904 186
905 825
905 906
906 1087
907 860
907 908
908 980
909 851
909 910
910 245
911 912
911 916
912 407
913 914
913 1039
914 209
915 751
915 916
916 1186
917 918
917 1038
918 160
919 669
919 920
920 64
921 922
921 1103
922 790
923 837
923 924
924 36
925 926
925 1097
926 1104
927 546
927 928
928 74
929 930
929 1204
930 194
931 5
931 932
932 530
933 580
933 934
934 114
935 782
935 936
936 1046
937 938
937 1073
938 957
939 645
939 940
940 180
941 733
941 942
942 373
943 93
943 944
944 1063
945 442
945 946
946 542
947 151
947 948
948 1128
949 685
949 950
950 77
951 952
951 981
952 571
953 954
953 1169
954 1030
955 956
955 1139
956 718
957 942
957 958
958 107
959 960
959 1192
960 304
961 731
961 962
962 1142
963 964
963 998
964 302
965 966
965 1035
966 783
967 189
967 968
968 1134
969 263
969 970
970 1080
971 807
971 972
972 720
973 888
973 974
974 676
975 540
975 976
976 79
977 2
977 978
978 974
979 188
979 980
980 1124
981 206
981 982
982 320
983 779
983 984
984 1020
985 460
985 986
986 1173
987 127
987 988
988 429
989 321
989 990
990 1048
991 98
991 992
992 13
993 246
993 994
994 598
995 996
995 1131
996 232
997 665
997 998
998 337
999 131
999 1000
1000 643
1001 853
1001 1002
1002 173
1003 214
1003 1004
1004 224
1005 484
1005 1006
1006 384
1007 989
1007 1008
1008 348
1009 775
1009 1010
1010 1109
1011 141
1011 1012
1012 662
1013 852
1013 1014
1014 1195
1015 8
1015 1016
1016 687
1017 1018
1017 1201
1018 640
1019 771
1019 1020
1020 726
1021 819
1021 1022
1022 586
1023 920
1023 1024
1024 716
1025 163
1025 1026
1026 1200
1027 616
1027 1028
1028 299
1029 845
1029 1030
1030 467
1031 105
1031 1032
1032 414
1033 297
1033 1034
1034 216
1035 1036
1035 1213
1036 1172
1037 305
1037 1038
1038 1187
1039 502
1039 1040
1040 494
1041 315
1041 1042
1042 1153
1043 446
1043 1044
1044 394
1045 618
1045 1046
1046 654
1047 454
1047 1048
1048 682
1049 119
1049 1050
1050 360
1051 233
1051 1052
1052 447
1053 740
1053 1054
1054 672
1055 438
1055 1056
1056 134
1057 39
1057 1058
1058 563
1059 354
1059 1060
1060 95
1061 610
1061 1062
1062 554
1063 475
1063 1064
1064 1047
1065 278
1065 1066
1066 1148
1067 954
1067 1068
1068 228
1069 250
1069 1070
1070 572
1071 161
1071 1072
1072 1123
1073 518
1073 1074
1074 988
1075 818
1075 1076
1076 701
1077 816
1077 1078
1078 861
1079 236
1079 1080
1080 193
1081 762
1081 1082
1082 110
1083 912
1083 1084
1084 1032
1085 343
1085 1086
1086 196
1087 666
1087 1088
1088 416
1089 153
1089 1090
1090 754
1091 539
1091 1092
1092 822
1093 247
1093 1094
1094 492
1095 421
1095 1096
1096 1193
1097 314
1097 1098
1098 279
1099 259
1099 1100
1100 691
1101 525
1101 1102
1102 340
1103 603
1103 1104
1104 167
1105 611
1105 1106
1106 117
1107 721
1107 1108
1108 15
1109 753
1109 1110
1110 1138
1111 615
1111 1112
1112 510
1113 234
1113 1114
1114 895
1115 145
1115 1116
1116 1062
1117 787
1117 1118
1118 832
1119 885
1119 1120
1120 403
1121 856
1121 1122
1122 865
1123 1124
1123 1185
1124 1000
1125 1049
1125 1126
1126 704
1127 991
1127 1128
1128 78
1129 329
1129 1130
1130 1141
1131 551
1131 1132
1132 694
1133 657
1133 1134
1134 576
1135 1013
1135 1136
1136 270
1137 130
1137 1138
1138 104
1139 1105
1139 1140
1140 89
1141 179
1141 1142
1142 647
1143 1040
1143 1144
1144 54
1145 349
1145 1146
1146 752
1147 273
1147 1148
1148 1092
1149 495
1149 1150
1150 265
1151 724
1151 1152
1152 1100
1153 520
1153 1154
1154 1034
1155 272
1155 1156
1156 535
1157 867
1157 1158
1158 264
1159 31
1159 1160
1160 293
1161 323
1161 1162
1162 177
1163 437
1163 1164
1164 140
1165 1133
1165 1166
1166 444
1167 607
1167 1168
1168 347
1169 719
1169 1170
1170 930
1171 515
1171 1172
1172 1078
1173 244
1173 1174
1174 1208
1175 126
1175 1176
1176 846
1177 549
1177 1178
1178 962
1179 238
1179 1180
1180 600
1181 589
1181 1182
1182 162
1183 285
1183 1184
1184 56
1185 651
1185 1186
1186 592
1187 941
1187 1188
1188 872
1189 75
1189 1190
1190 1113
1191 579
1191 1192
1192 1127
1193 902
1193 1194
1194 1083
1195 335
1195 1196
1196 842
1197 11
1197 1198
1198 538
1199 939
1199 1200
1200 220
1201 221
1201 1202
1202 1129
1203 892
1203 1204
1204 154
1205 488
1205 1206
1206 184
1207 820
1207 1208
1208 638
1209 1065
1209 1210
1210 53
1211 876
1211 1212
1212 487
1213 826
1213 1214
1214 772
