0 257
0 846
2 284
2 449
3 833
3 963
4 699
4 987
6 357
5 825
7 263
7 1030
8 93
8 967
9 1080
10 436
13 127
13 594
15 268
15 922
17 287
17 391
19 303
19 851
21 484
21 900
23 24
23 1203
24 1049
25 26
25 724
26 366
27 28
27 362
28 443
29 30
29 795
30 778
31 32
31 671
32 918
33 34
33 748
34 1078
35 36
35 1025
36 998
37 38
37 574
38 113
39 40
39 822
40 370
41 42
41 76
42 496
43 44
43 580
44 582
45 46
45 359
46 378
47 48
47 563
48 660
49 50
49 206
50 417
51 52
51 154
52 243
53 54
53 959
54 416
55 56
55 115
56 790
57 58
57 380
58 765
59 60
59 561
60 1105
61 62
61 757
62 1110
63 64
63 523
64 1209
65 66
65 1077
66 596
67 68
67 104
68 865
69 70
69 783
70 199
71 72
71 270
72 785
73 74
73 756
74 406
75 76
75 917
76 539
77 78
77 320
78 480
79 80
79 694
80 934
81 82
81 511
82 505
83 84
83 663
84 28
85 86
85 1170
86 1054
87 88
87 1164
88 874
89 43
89 90
90 1174
91 92
91 1091
92 553
93 94
93 322
94 655
95 96
95 453
96 863
97 98
97 1165
98 1130
99 100
99 866
100 304
101 102
101 321
102 432
103 104
103 275
104 310
105 106
105 171
106 1150
107 108
107 807
108 974
109 91
109 110
110 205
111 109
111 112
112 598
113 114
113 330
114 719
115 116
115 195
116 1036
117 118
117 835
118 635
119 120
119 251
120 396
121 122
121 1187
122 1064
123 124
123 679
124 653
125 126
125 859
126 1114
127 128
127 404
128 260
129 130
129 131
130 882
131 132
131 1099
132 788
133 134
133 816
134 958
135 136
135 937
136 128
137 138
137 668
138 290
139 79
139 140
140 1100
141 142
141 1135
142 1154
143 144
143 762
144 640
145 146
145 728
146 589
147 148
147 437
148 607
149 150
149 537
150 429
151 152
151 858
152 1087
153 81
153 154
154 507
155 156
155 560
156 753
157 158
157 1181
158 1121
159 160
159 462
160 636
161 162
161 1012
162 526
163 164
163 361
164 1016
165 166
165 340
166 1017
167 168
167 354
168 218
169 170
169 693
170 346
171 119
171 172
172 349
173 174
173 706
174 1010
175 176
175 738
176 622
177 178
177 992
178 58
179 180
179 188
180 472
181 182
181 617
182 652
183 184
183 277
184 612
185 186
185 666
186 87
187 106
187 188
188 430
189 190
189 1148
190 1042
191 192
191 1143
192 892
193 148
193 194
194 747
195 196
195 935
196 358
197 198
197 979
198 1020
199 78
199 200
200 161
201 202
201 1015
202 258
203 204
203 1115
204 371
205 206
205 323
206 297
207 208
207 814
208 160
209 210
209 334
210 890
211 212
211 638
212 806
213 214
213 360
214 247
215 216
215 799
216 285
217 218
217 236
218 1196
219 220
219 454
220 70
221 222
221 773
222 244
223 224
223 433
224 725
225 226
225 600
226 632
227 228
227 997
228 59
229 230
229 273
230 1186
231 232
231 587
232 118
233 234
233 1176
234 62
235 29
235 236
236 256
237 238
237 843
238 522
239 202
239 240
240 176
241 242
241 1003
242 1053
243 244
243 1062
244 968
245 246
245 801
246 989
247 248
247 996
248 952
249 250
249 1191
250 8
251 252
251 667
252 431
253 254
253 620
254 1060
255 256
255 805
256 547
257 258
257 345
258 782
259 260
259 1085
260 1144
261 16
261 262
262 415
263 264
263 1096
264 138
265 266
265 1069
266 184
267 116
267 268
268 988
269 270
269 365
270 299
271 272
271 975
272 318
273 105
273 274
274 233
275 276
275 535
276 925
277 278
277 1063
278 1000
279 280
279 744
280 314
281 177
281 282
282 375
283 284
283 438
284 796
285 239
285 286
286 24
287 288
287 1081
288 646
289 142
289 290
290 12
291 292
291 1103
292 246
293 294
293 739
294 44
295 27
295 296
296 581
297 298
297 787
298 172
299 203
299 300
300 168
301 295
301 302
302 328
303 304
303 928
304 688
305 306
305 1189
306 932
307 308
307 853
308 211
309 310
309 497
310 155
311 19
311 312
312 1018
313 314
313 331
314 262
315 316
315 529
316 868
317 318
317 650
318 100
319 320
319 732
320 554
321 322
321 525
322 1201
323 324
323 465
324 1142
325 175
325 326
326 551
327 145
327 328
328 1204
329 330
329 707
330 1002
331 64
331 332
332 870
333 334
333 711
334 931
335 3
335 336
336 775
337 338
337 532
338 368
339 340
339 1192
340 516
341 271
341 342
342 871
343 344
343 976
344 101
345 346
345 441
346 1102
347 348
347 1047
348 629
349 89
349 350
350 695
351 352
351 881
352 624
353 354
353 498
354 381
355 356
355 602
356 74
357 358
357 1037
358 414
359 335
359 360
360 515
361 362
361 427
362 760
363 364
363 681
364 658
365 33
365 366
366 898
367 355
367 368
368 718
369 370
369 562
370 1050
371 372
371 514
372 458
373 374
373 585
374 726
375 123
375 376
376 1084
377 378
377 631
378 878
379 380
379 1109
380 1019
381 382
381 1075
382 32
383 384
383 845
384 1076
385 386
385 803
386 56
387 36
387 388
388 327
389 390
389 793
390 213
391 392
391 849
392 102
393 394
393 1214
394 326
395 396
395 770
396 841
397 398
397 1149
398 405
399 400
399 1153
400 1210
401 402
401 910
402 819
403 404
403 1101
404 633
405 406
405 721
406 382
407 390
407 408
408 875
409 45
409 410
410 140
411 141
411 412
412 146
413 69
413 414
414 1119
415 416
415 750
416 944
417 418
417 1116
418 364
419 384
419 420
420 329
421 422
421 1057
422 1090
423 424
423 873
424 552
425 426
425 558
426 740
427 428
427 1175
428 488
429 430
429 1195
430 420
431 432
431 675
432 372
433 434
433 913
434 1024
435 54
435 436
436 556
437 111
437 438
438 957
439 440
439 1145
440 860
441 442
441 731
442 872
443 444
443 626
444 830
445 398
445 446
446 938
447 219
447 448
448 302
449 450
449 648
450 729
451 452
451 1122
452 896
453 454
453 490
454 1128
455 456
455 492
456 966
457 281
457 458
458 96
459 460
459 1092
460 500
461 462
461 930
462 630
463 464
463 879
464 296
465 466
465 883
466 136
467 156
467 468
468 1190
469 470
469 749
470 183
471 472
471 961
472 908
473 474
473 479
474 352
475 269
475 476
476 614
477 478
477 1211
478 1198
479 480
479 1011
480 789
481 482
481 1134
482 1126
483 484
483 1193
484 1177
485 486
485 1023
486 338
487 446
487 488
488 98
489 490
489 1043
490 198
491 353
491 492
492 545
493 494
493 571
494 953
495 274
495 496
496 210
497 498
497 555
498 1185
499 500
499 1089
500 1173
501 502
501 1005
502 88
503 255
503 504
504 40
505 401
505 506
506 451
507 413
507 508
508 452
509 510
509 1136
510 741
511 351
511 512
512 374
513 514
513 647
514 616
515 336
515 516
516 962
517 95
517 518
518 973
519 292
519 520
520 42
521 291
521 522
522 524
523 17
523 524
524 955
525 426
525 526
526 367
527 31
527 528
528 9
529 235
529 530
530 6
531 532
531 603
532 1129
533 534
533 578
534 348
535 536
535 797
536 615
537 122
537 538
538 1151
539 71
539 540
540 1079
541 542
541 1041
542 1070
543 544
543 743
544 66
545 112
545 546
546 1152
547 313
547 548
548 606
549 550
549 567
550 702
551 552
551 920
552 686
553 554
553 572
554 737
555 207
555 556
556 520
557 25
557 558
558 383
559 560
559 1127
560 324
561 562
561 665
562 595
563 377
563 564
564 844
565 566
565 1056
566 894
567 568
567 811
568 108
569 570
569 897
570 984
571 201
571 572
572 418
573 191
573 574
574 178
575 157
575 576
576 763
577 409
577 578
578 470
579 580
579 960
580 949
581 179
581 582
582 10
583 584
583 980
584 570
585 586
585 758
586 1161
587 588
587 618
588 137
589 316
589 590
590 676
591 592
591 1027
592 1112
593 583
593 594
594 1094
595 510
595 596
596 22
597 598
597 1021
598 735
599 97
599 600
600 130
601 602
601 1183
602 1052
603 604
603 1061
604 86
605 181
605 606
606 52
607 194
607 608
608 487
609 231
609 610
610 698
611 612
611 1133
612 752
613 469
613 614
614 337
615 85
615 616
616 517
617 421
617 618
618 77
619 65
619 620
620 861
621 588
621 622
622 143
623 624
623 983
624 862
625 626
625 869
626 776
627 197
627 628
628 48
629 192
629 630
630 895
631 49
631 632
632 939
633 634
633 678
634 566
635 282
635 636
636 356
637 363
637 638
638 680
639 6
639 640
640 809
641 536
641 642
642 904
643 50
643 644
644 826
645 57
645 646
646 30
647 648
647 673
648 999
649 650
649 761
650 768
651 527
651 652
652 448
653 568
653 654
654 764
655 656
655 964
656 990
657 485
657 658
658 902
659 593
659 660
660 1072
661 662
661 995
662 1055
663 664
663 877
664 1038
665 666
665 1197
666 888
667 4
667 668
668 827
669 442
669 670
670 450
671 228
671 672
672 670
673 319
673 674
674 408
675 676
675 1013
676 1014
677 678
677 1035
678 1139
679 680
679 1006
680 190
681 51
681 682
682 428
683 684
683 926
684 46
685 245
685 686
686 182
687 47
687 688
688 1040
689 690
689 857
690 940
691 627
691 692
692 162
693 307
693 694
694 714
695 84
695 696
696 196
697 698
697 950
698 834
699 700
699 915
700 508
701 702
701 970
702 248
703 704
703 946
704 767
705 706
705 1001
706 664
707 117
707 708
708 710
709 710
709 985
710 608
711 393
711 712
712 621
713 714
713 901
714 831
715 546
715 716
716 144
717 718
717 982
718 14
719 212
719 720
720 544
721 121
721 722
722 657
723 573
723 724
724 83
725 126
725 726
726 502
727 584
727 728
728 559
729 690
729 730
730 786
731 732
731 933
732 549
733 734
733 817
734 746
735 736
735 1097
736 534
737 738
737 837
738 792
739 265
739 740
740 230
741 742
741 884
742 1065
743 397
743 744
744 379
745 163
745 746
746 1180
747 459
747 748
748 759
749 63
749 750
750 410
751 187
751 752
752 1118
753 173
753 754
754 798
755 240
755 756
756 1202
757 227
757 758
758 493
759 760
759 893
760 538
761 762
761 1159
762 99
763 286
763 764
764 730
765 298
765 766
766 1
767 232
767 768
768 476
769 149
769 770
770 1034
771 772
771 1058
772 132
773 774
773 848
774 300
775 776
775 1059
776 38
777 778
777 1095
778 586
779 309
779 780
780 610
781 782
781 945
782 250
783 784
783 1167
784 815
785 165
785 786
786 628
787 788
787 1113
788 220
789 656
789 790
790 720
791 107
791 792
792 948
793 575
793 794
794 1029
795 499
795 796
796 37
797 252
797 798
798 1106
799 800
799 1088
800 124
801 477
801 802
802 691
803 53
803 804
804 513
805 333
805 806
806 34
807 455
807 808
808 259
809 810
809 1212
810 1206
811 55
811 812
812 1046
813 661
813 814
814 67
815 347
815 816
816 889
817 712
817 818
818 444
819 579
819 820
820 325
821 597
821 822
822 21
823 751
823 824
824 590
825 475
825 826
826 464
827 474
827 828
828 550
829 501
829 830
830 914
831 774
831 832
832 899
833 834
833 1155
834 294
835 836
835 1039
836 350
837 225
837 838
838 927
839 521
839 840
840 1146
841 39
841 842
842 180
843 565
843 844
844 311
845 846
845 993
846 503
847 779
847 848
848 1108
849 850
849 1184
850 169
851 308
851 852
852 278
853 129
853 854
854 637
855 856
855 1093
856 392
857 858
857 885
858 781
859 5
859 860
860 489
861 167
861 862
862 467
863 592
863 864
864 94
865 866
865 1009
866 672
867 855
867 868
868 214
869 870
869 1068
870 604
871 466
871 872
872 941
873 599
873 874
874 864
875 876
875 1194
876 654
877 403
877 878
878 518
879 880
879 1022
880 237
881 882
881 887
882 419
883 791
883 884
884 1048
885 533
885 886
886 700
887 389
887 888
888 609
889 90
889 890
890 978
891 892
891 905
892 276
893 894
893 1200
894 468
895 896
895 1071
896 222
897 613
897 898
898 185
899 435
899 900
900 716
901 557
901 902
902 253
903 829
903 904
904 564
905 60
905 906
906 842
907 186
907 908
908 994
909 745
909 910
910 1117
911 643
911 912
912 669
913 914
913 1156
914 886
915 916
915 1163
916 1178
917 150
917 918
918 424
919 402
919 920
920 880
921 204
921 922
922 266
923 147
923 924
924 447
925 576
925 926
926 1166
927 394
927 928
928 1104
929 930
929 991
930 840
931 821
931 932
932 1031
933 541
933 934
934 519
935 153
935 936
936 820
937 938
937 1141
938 68
939 644
939 940
940 1138
941 528
941 942
942 824
943 548
943 944
944 1074
945 35
945 946
946 301
947 611
947 948
948 1188
949 950
949 1111
950 1213
951 723
951 952
952 312
953 954
953 1123
954 217
955 540
955 956
956 305
957 911
957 958
958 189
959 601
959 960
960 241
961 907
961 962
962 674
963 685
963 964
964 1158
965 966
965 1120
966 134
967 823
967 968
968 542
969 577
969 970
970 1199
971 215
971 972
972 159
973 280
973 974
974 986
975 689
975 976
976 315
977 306
977 978
978 264
979 491
979 980
980 619
981 385
981 982
982 373
983 293
983 984
984 625
985 947
985 986
986 1137
987 717
987 988
988 261
989 684
989 990
990 818
991 722
991 992
992 854
993 193
993 994
994 11
995 969
995 996
996 1168
997 209
997 998
998 92
999 1000
999 1140
1000 832
1001 411
1001 1002
1002 771
1003 483
1003 1004
1004 376
1005 921
1005 1006
1006 1044
1007 471
1007 1008
1008 463
1009 15
1009 1010
1010 780
1011 1008
1011 1012
1012 1172
1013 13
1013 1014
1014 734
1015 645
1015 1016
1016 223
1017 736
1017 1018
1018 742
1019 343
1019 1020
1020 808
1021 279
1021 1022
1022 481
1023 703
1023 1024
1024 683
1025 152
1025 1026
1026 440
1027 715
1027 1028
1028 936
1029 164
1029 1030
1030 434
1031 512
1031 1032
1032 852
1033 942
1033 1034
1034 1086
1035 158
1035 1036
1036 317
1037 727
1037 1038
1038 238
1039 9
1039 1040
1040 906
1041 981
1041 1042
1042 412
1043 216
1043 1044
1044 342
1045 1046
1045 1051
1046 1182
1047 110
1047 1048
1048 903
1049 226
1049 1050
1050 272
1051 867
1051 1052
1052 10
1053 1007
1053 1054
1054 977
1055 344
1055 1056
1056 697
1057 813
1057 1058
1058 733
1059 704
1059 1060
1060 388
1061 103
1061 1062
1062 332
1063 701
1063 1064
1064 1207
1065 73
1065 1066
1066 810
1067 569
1067 1068
1068 651
1069 1070
1069 1082
1070 208
1071 254
1071 1072
1072 234
1073 423
1073 1074
1074 800
1075 26
1075 1076
1076 662
1077 339
1077 1078
1078 754
1079 1080
1079 1160
1080 461
1081 445
1081 1082
1082 151
1083 72
1083 1084
1084 956
1085 473
1085 1086
1086 696
1087 5
1087 1088
1088 221
1089 1090
1089 1131
1090 439
1091 1067
1091 1092
1092 61
1093 23
1093 1094
1094 1132
1095 125
1095 1096
1096 407
1097 709
1097 1098
1098 1026
1099 341
1099 1100
1100 1033
1101 425
1101 1102
1102 18
1103 1104
1103 1205
1104 943
1105 166
1105 1106
1106 289
1107 460
1107 1108
1108 919
1109 229
1109 1110
1110 20
1111 399
1111 1112
1112 828
1113 794
1113 1114
1114 139
1115 659
1115 1116
1116 1125
1117 530
1117 1118
1118 400
1119 682
1119 1120
1120 133
1121 249
1121 1122
1122 1073
1123 687
1123 1124
1124 766
1125 649
1125 1126
1126 965
1127 772
1127 1128
1128 120
1129 839
1129 1130
1130 1171
1131 623
1131 1132
1132 224
1133 1107
1133 1134
1134 838
1135 486
1135 1136
1136 7
1137 755
1137 1138
1138 456
1139 1140
1139 1208
1140 971
1141 509
1141 1142
1142 856
1143 713
1143 1144
1144 836
1145 2
1145 1146
1146 495
1147 784
1147 1148
1148 924
1149 605
1149 1150
1150 369
1151 1147
1151 1152
1152 82
1153 242
1153 1154
1154 174
1155 75
1155 1156
1156 288
1157 543
1157 1158
1158 482
1159 1160
1159 1179
1160 708
1161 531
1161 1162
1162 692
1163 777
1163 1164
1164 135
1165 641
1165 1166
1166 912
1167 639
1167 1168
1168 916
1169 283
1169 1170
1170 387
1171 642
1171 1172
1172 170
1173 494
1173 1174
1174 1032
1175 802
1175 1176
1176 812
1177 386
1177 1178
1178 114
1179 591
1179 1180
1180 1162
1181 1157
1181 1182
1182 972
1183 804
1183 1184
1184 847
1185 769
1185 1186
1186 1028
1187 850
1187 1188
1188 1045
1189 80
1189 1190
1190 1124
1191 457
1191 1192
1192 929
1193 506
1193 1194
1194 1098
1195 677
1195 1196
1196 705
1197 422
1197 1198
1198 267
1199 951
1199 1200
1200 909
1201 395
1201 1202
1202 200
1203 954
1203 1204
1204 504
1205 1083
1205 1206
1206 634
1207 41
1207 1208
1208 1169
1209 478
1209 1210
1210 1004
1211 923
1211 1212
1212 876
1213 891
1213 1214
1214 1066
