0 558
0 987
1 881
1 1195
3 232
3 457
5 126
4 843
4 1055
6 607
8 114
8 572
9 868
9 1021
10 50
10 265
11 422
12 898
15 1011
15 1016
17 505
17 1158
19 1082
19 1140
21 174
21 703
23 24
23 811
24 574
25 26
25 1203
26 1206
27 28
27 952
28 926
29 30
29 476
30 918
31 32
31 329
32 540
33 34
33 389
34 342
35 36
35 1005
36 290
37 38
37 1149
38 331
39 40
39 417
40 1010
41 42
41 705
42 76
43 44
43 1073
44 166
45 31
45 46
46 520
47 48
47 335
48 924
49 50
49 1199
50 169
51 52
51 599
52 202
53 54
53 411
54 1004
55 56
55 845
56 896
57 58
57 903
58 1115
59 21
59 60
60 306
61 62
61 746
62 884
63 64
63 697
64 263
65 66
65 501
66 471
67 68
67 455
68 340
69 70
69 285
70 371
71 72
71 621
72 222
73 74
73 1145
74 16
75 76
75 297
76 473
77 78
77 317
78 1007
79 80
79 165
80 580
81 82
81 1015
82 233
83 84
83 575
84 544
85 86
85 605
86 1104
87 88
87 807
88 424
89 90
89 1020
90 397
91 92
91 275
92 398
93 94
93 383
94 1103
95 96
95 420
96 936
97 98
97 970
98 612
99 100
99 835
100 113
101 102
101 206
102 1166
103 104
103 933
104 1122
105 85
105 106
106 1126
107 108
107 651
108 779
109 110
109 1031
110 219
111 112
111 663
112 1177
113 114
113 1125
114 967
115 116
115 644
116 258
117 118
117 830
118 392
119 120
119 347
120 499
121 69
121 122
122 1062
123 124
123 740
124 84
125 126
125 799
126 934
127 128
127 649
128 1212
129 130
129 1191
130 696
131 132
131 1091
132 441
133 9
133 134
134 958
135 41
135 136
136 1029
137 138
137 976
138 378
139 140
139 1156
140 262
141 142
141 549
142 452
143 144
143 942
144 636
145 146
145 344
146 44
147 148
147 315
148 462
149 150
149 781
150 289
151 152
151 815
152 1060
153 3
153 154
154 1095
155 156
155 951
156 485
157 158
157 386
158 11
159 160
159 1043
160 474
161 162
161 689
162 1074
163 164
163 832
164 428
165 166
165 543
166 117
167 168
167 1092
168 116
169 170
169 654
170 1009
171 172
171 790
172 1188
173 174
173 895
174 108
175 176
175 890
176 960
177 178
177 514
178 1152
179 180
179 821
180 598
181 182
181 647
182 453
183 184
183 1071
184 971
185 186
185 1105
186 1175
187 188
187 313
188 537
189 190
189 625
190 1137
191 192
191 1052
192 197
193 89
193 194
194 608
195 196
195 883
196 358
197 198
197 503
198 146
199 200
199 303
200 440
201 202
201 493
202 744
203 46
203 204
204 214
205 206
205 555
206 722
207 208
207 1080
208 1124
209 134
209 210
210 1044
211 212
211 1128
212 217
213 214
213 728
214 594
215 216
215 774
216 968
217 138
217 218
218 875
219 220
219 348
220 475
221 222
221 800
222 582
223 224
223 374
224 686
225 226
225 597
226 20
227 228
227 596
228 1138
229 230
229 325
230 1083
231 55
231 232
232 6
233 234
233 445
234 676
235 205
235 236
236 982
237 238
237 254
238 1070
239 240
239 737
240 628
241 242
241 446
242 1078
243 244
243 1048
244 400
245 246
245 672
246 418
247 248
247 1173
248 218
249 250
249 611
250 841
251 252
251 432
252 1086
253 254
253 619
254 876
255 256
255 693
256 461
257 258
257 1113
258 268
259 260
259 879
260 1172
261 262
261 889
262 660
263 248
263 264
264 1214
265 266
265 1002
266 772
267 268
267 661
268 1068
269 189
269 270
270 323
271 272
271 370
272 848
273 274
273 1157
274 1213
275 72
275 276
276 579
277 45
277 278
278 921
279 280
279 565
280 504
281 282
281 511
282 1109
283 284
283 1046
284 937
285 286
285 629
286 640
287 288
287 965
288 1181
289 290
289 1019
290 891
291 73
291 292
292 1096
293 294
293 880
294 291
295 296
295 1051
296 568
297 298
297 489
298 240
299 300
299 639
300 1130
301 294
301 302
302 387
303 304
303 410
304 974
305 175
305 306
306 993
307 151
307 308
308 804
309 310
309 908
310 1204
311 312
311 610
312 414
313 314
313 373
314 736
315 129
315 316
316 491
317 318
317 767
318 405
319 269
319 320
320 550
321 322
321 802
322 1200
323 177
323 324
324 450
325 326
325 385
326 502
327 328
327 702
328 1110
329 330
329 1085
330 983
331 327
331 332
332 855
333 334
333 753
334 683
335 141
335 336
336 1000
337 338
337 770
338 1072
339 340
339 1134
340 115
341 342
341 1097
342 260
343 344
343 1135
344 825
345 346
345 1153
346 251
347 348
347 687
348 793
349 350
349 1127
350 634
351 43
351 352
352 842
353 124
353 354
354 160
355 257
355 356
356 429
357 358
357 698
358 208
359 360
359 451
360 840
361 362
361 614
362 192
363 364
363 447
364 1151
365 366
365 907
366 357
367 368
367 1106
368 953
369 183
369 370
370 179
371 372
371 700
372 1014
373 185
373 374
374 366
375 288
375 376
376 887
377 66
377 378
378 916
379 380
379 778
380 352
381 337
381 382
382 554
383 384
383 699
384 893
385 225
385 386
386 1069
387 388
387 665
388 377
389 38
389 390
390 708
391 392
391 496
392 1008
393 394
393 909
394 978
395 360
395 396
396 295
397 398
397 479
398 948
399 128
399 400
400 1012
401 402
401 764
402 426
403 404
403 852
404 237
405 406
405 484
406 782
407 82
407 408
408 1211
409 410
409 1131
410 243
411 412
411 588
412 1038
413 414
413 589
414 523
415 416
415 789
416 1116
417 287
417 418
418 434
419 259
419 420
420 25
421 158
421 422
422 837
423 424
423 1170
424 678
425 51
425 426
426 1054
427 428
427 752
428 706
429 194
429 430
430 497
431 256
431 432
432 1160
433 56
433 434
434 380
435 49
435 436
436 528
437 87
437 438
438 267
439 440
439 1121
440 992
441 442
441 526
442 1056
443 193
443 444
444 211
445 446
445 853
446 788
447 448
447 849
448 1032
449 450
449 714
450 536
451 173
451 452
452 655
453 454
453 867
454 444
455 92
455 456
456 902
457 458
457 915
458 675
459 10
459 460
460 566
461 369
461 462
462 645
463 75
463 464
464 332
465 466
465 1079
466 1059
467 273
467 468
468 1034
469 350
469 470
470 1208
471 472
471 911
472 406
473 474
473 1094
474 13
475 476
475 1047
476 547
477 324
477 478
478 684
479 137
479 480
480 142
481 482
481 559
482 381
483 484
483 864
484 355
485 486
485 946
486 198
487 367
487 488
488 823
489 490
489 535
490 321
491 492
491 545
492 749
493 458
493 494
494 677
495 496
495 928
496 512
497 498
497 633
498 416
499 136
499 500
500 200
501 119
501 502
502 894
503 266
503 504
504 394
505 477
505 506
506 732
507 220
507 508
508 532
509 510
509 1017
510 412
511 229
511 512
512 1139
513 514
513 773
514 966
515 516
515 573
516 745
517 518
517 1190
518 423
519 520
519 829
520 886
521 522
521 653
522 32
523 140
523 524
524 421
525 182
525 526
526 154
527 1
527 528
528 681
529 390
529 530
530 758
531 532
531 635
532 991
533 349
533 534
534 826
535 536
535 1075
536 1205
537 241
537 538
538 570
539 333
539 540
540 506
541 542
541 755
542 630
543 107
543 544
544 162
545 546
545 997
546 1210
547 548
547 906
548 564
549 550
549 585
550 498
551 552
551 885
552 1120
553 492
553 554
554 904
555 435
555 556
556 483
557 558
557 834
558 252
559 560
559 917
560 524
561 466
561 562
562 191
563 564
563 827
564 534
565 65
565 566
566 632
567 568
567 990
568 234
569 47
569 570
570 914
571 467
571 572
572 935
573 274
573 574
574 1144
575 351
575 576
576 494
577 578
577 1207
578 425
579 309
579 580
580 986
581 150
581 582
582 1146
583 584
583 882
584 40
585 586
585 979
586 364
587 588
587 818
588 293
589 590
589 944
590 4
591 592
591 729
592 430
593 594
593 794
594 102
595 286
595 596
596 712
597 598
597 777
598 1042
599 600
599 1150
600 940
601 81
601 602
602 1117
603 604
603 615
604 70
605 17
605 606
606 393
607 608
607 956
608 334
609 253
609 610
610 292
611 612
611 1179
612 584
613 606
613 614
614 516
615 187
615 616
616 1192
617 372
617 618
618 962
619 90
619 620
620 52
621 147
621 622
622 148
623 624
623 652
624 216
625 261
625 626
626 375
627 215
627 628
628 1209
629 539
629 630
630 765
631 465
631 632
632 144
633 634
633 659
634 5
635 636
635 762
636 1049
637 638
637 669
638 688
639 437
639 640
640 973
641 37
641 642
642 1194
643 312
643 644
644 1196
645 646
645 959
646 912
647 63
647 648
648 448
649 125
649 650
650 209
651 652
651 851
652 859
653 586
653 654
654 759
655 656
655 679
656 106
657 305
657 658
658 507
659 660
659 731
660 854
661 244
661 662
662 725
663 439
663 664
664 1003
665 666
665 1171
666 1037
667 365
667 668
668 820
669 413
669 670
670 624
671 672
671 866
672 947
673 186
673 674
674 920
675 149
675 676
676 36
677 678
677 922
678 1040
679 680
679 870
680 796
681 682
681 813
682 609
683 111
683 684
684 30
685 686
685 1030
686 715
687 57
687 688
688 591
689 481
689 690
690 29
691 692
691 812
692 646
693 83
693 694
694 298
695 696
695 760
696 88
697 77
697 698
698 91
699 551
699 700
700 1129
701 359
701 702
702 901
703 704
703 1081
704 998
705 270
705 706
706 1193
707 120
707 708
708 23
709 710
709 850
710 204
711 712
711 988
712 339
713 284
713 714
714 673
715 716
715 1100
716 22
717 60
717 718
718 246
719 184
719 720
720 757
721 722
721 945
722 1123
723 110
723 724
724 517
725 123
725 726
726 486
727 155
727 728
728 319
729 590
729 730
730 735
731 732
731 1161
732 518
733 734
733 1155
734 578
735 736
735 905
736 768
737 738
737 878
738 1178
739 562
739 740
740 442
741 742
741 1025
742 623
743 744
743 1101
744 874
745 563
745 746
746 399
747 433
747 748
748 14
749 674
749 750
750 716
751 127
751 752
752 296
753 754
753 805
754 67
755 756
755 939
756 798
757 758
757 806
758 1022
759 278
759 760
760 28
761 409
761 762
762 713
763 641
763 764
764 560
765 600
765 766
766 718
767 638
767 768
768 1084
769 272
769 770
770 932
771 190
771 772
772 500
773 181
773 774
774 776
775 776
775 1013
776 59
777 459
777 778
778 900
779 104
779 780
780 680
781 782
781 1057
782 670
783 784
783 1159
784 738
785 488
785 786
786 143
787 769
787 788
788 19
789 790
789 1077
790 239
791 271
791 792
792 522
793 751
793 794
794 1061
795 796
795 1167
796 300
797 798
797 846
798 873
799 100
799 800
800 171
801 802
801 1067
802 1185
803 464
803 804
804 666
805 727
805 806
806 710
807 808
807 1163
808 919
809 756
809 810
810 419
811 812
811 1147
812 996
813 35
813 814
814 1136
815 341
815 816
816 330
817 97
817 818
818 913
819 820
819 856
820 1201
821 541
821 822
822 12
823 247
823 824
824 626
825 826
825 1089
826 726
827 172
827 828
828 695
829 71
829 830
830 994
831 719
831 832
832 122
833 775
833 834
834 1033
835 711
835 836
836 24
837 456
837 838
838 1058
839 571
839 840
840 954
841 368
841 842
842 618
843 844
843 1087
844 747
845 846
845 1027
846 577
847 495
847 848
848 844
849 235
849 850
850 282
851 852
851 869
852 1174
853 797
853 854
854 391
855 856
855 1133
856 999
857 93
857 858
858 809
859 833
859 860
860 1162
861 862
861 1142
862 460
863 99
863 864
864 1111
865 161
865 866
866 931
867 868
867 1132
868 754
869 203
869 870
870 311
871 304
871 872
872 210
873 874
873 1107
874 133
875 876
875 923
876 5
877 103
877 878
878 384
879 880
879 977
880 771
881 153
881 882
882 307
883 595
883 884
884 717
885 249
885 886
886 741
887 18
887 888
888 1108
889 890
889 899
890 105
891 892
891 1184
892 650
893 822
893 894
894 1026
895 255
895 896
896 58
897 316
897 898
898 871
899 900
899 969
900 236
901 897
901 902
902 784
903 733
903 904
904 692
905 395
905 906
906 438
907 159
907 908
908 1186
909 723
909 910
910 1187
911 529
911 912
912 1182
913 79
913 914
914 748
915 569
915 916
916 691
917 763
917 918
918 1148
919 583
919 920
920 1143
921 132
921 922
922 376
923 62
923 924
924 704
925 926
925 1168
926 548
927 250
927 928
928 803
929 617
929 930
930 427
931 932
931 1154
932 112
933 531
933 934
934 26
935 742
935 936
936 326
937 227
937 938
938 221
939 109
939 940
940 145
941 163
941 942
942 1050
943 944
943 1045
944 345
945 176
945 946
946 961
947 281
947 948
948 984
949 135
949 950
950 401
951 865
951 952
952 734
953 954
953 1023
954 168
955 956
955 1035
956 1198
957 795
957 958
958 322
959 858
959 960
960 1001
961 195
961 962
962 1039
963 527
963 964
964 836
965 966
965 1197
966 302
967 783
967 968
968 510
969 671
969 970
970 207
971 972
971 1093
972 949
973 974
973 1169
974 48
975 976
975 1102
976 709
977 925
977 978
978 964
979 637
979 980
980 482
981 245
981 982
982 808
983 328
983 984
984 1189
985 656
985 986
986 2
987 231
987 988
988 121
989 61
989 990
990 361
991 992
991 1088
992 1041
993 941
993 994
994 130
995 603
995 996
996 664
997 279
997 998
998 1066
999 739
999 1000
1000 224
1001 801
1001 1002
1002 230
1003 620
1003 1004
1004 96
1005 396
1005 1006
1006 454
1007 750
1007 1008
1008 320
1009 139
1009 1010
1010 814
1011 1012
1011 1180
1012 74
1013 785
1013 1014
1014 223
1015 299
1015 1016
1016 1165
1017 546
1017 1018
1018 1064
1019 927
1019 1020
1020 525
1021 938
1021 1022
1022 1076
1023 587
1023 1024
1024 1036
1025 955
1025 1026
1026 720
1027 1028
1027 1141
1028 542
1029 490
1029 1030
1030 627
1031 131
1031 1032
1032 468
1033 156
1033 1034
1034 7
1035 283
1035 1036
1036 643
1037 86
1037 1038
1038 11
1039 308
1039 1040
1040 478
1041 382
1041 1042
1042 792
1043 521
1043 1044
1044 310
1045 601
1045 1046
1046 561
1047 557
1047 1048
1048 862
1049 1050
1049 1176
1050 264
1051 667
1051 1052
1052 707
1053 98
1053 1054
1054 1099
1055 567
1055 1056
1056 668
1057 213
1057 1058
1058 1164
1059 6
1059 1060
1060 199
1061 602
1061 1062
1062 930
1063 226
1063 1064
1064 118
1065 780
1065 1066
1066 338
1067 810
1067 1068
1068 196
1069 318
1069 1070
1070 1090
1071 631
1071 1072
1072 662
1073 1074
1073 1119
1074 404
1075 436
1075 1076
1076 238
1077 39
1077 1078
1078 472
1079 657
1079 1080
1080 613
1081 64
1081 1082
1082 1063
1083 403
1083 1084
1084 242
1085 791
1085 1086
1086 872
1087 817
1087 1088
1088 101
1089 552
1089 1090
1090 985
1091 857
1091 1092
1092 212
1093 730
1093 1094
1094 892
1095 556
1095 1096
1096 592
1097 877
1097 1098
1098 1118
1099 860
1099 1100
1100 694
1101 847
1101 1102
1102 301
1103 787
1103 1104
1104 1114
1105 957
1105 1106
1106 407
1107 721
1107 1108
1108 690
1109 388
1109 1110
1110 42
1111 975
1111 1112
1112 1098
1113 819
1113 1114
1114 786
1115 152
1115 1116
1116 354
1117 463
1117 1118
1118 616
1119 519
1119 1120
1120 53
1121 167
1121 1122
1122 766
1123 816
1123 1124
1124 950
1125 581
1125 1126
1126 724
1127 515
1127 1128
1128 356
1129 27
1129 1130
1130 314
1131 363
1131 1132
1132 604
1133 1028
1133 1134
1134 682
1135 443
1135 1136
1136 94
1137 470
1137 1138
1138 1112
1139 1053
1139 1140
1140 980
1141 415
1141 1142
1142 170
1143 362
1143 1144
1144 538
1145 15
1145 1146
1146 685
1147 54
1147 1148
1148 1018
1149 995
1149 1150
1150 533
1151 972
1151 1152
1152 576
1153 487
1153 1154
1154 408
1155 963
1155 1156
1156 888
1157 761
1157 1158
1158 277
1159 593
1159 1160
1160 276
1161 929
1161 1162
1162 336
1163 33
1163 1164
1164 80
1165 449
1165 1166
1166 861
1167 943
1167 1168
1168 989
1169 1006
1169 1170
1170 648
1171 228
1171 1172
1172 157
1173 743
1173 1174
1174 831
1175 480
1175 1176
1176 188
1177 1065
1177 1178
1178 164
1179 513
1179 1180
1180 1183
1181 379
1181 1182
1182 828
1183 824
1183 1184
1184 346
1185 658
1185 1186
1186 508
1187 981
1187 1188
1188 353
1189 1024
1189 1190
1190 180
1191 839
1191 1192
1192 34
1193 642
1193 1194
1194 1202
1195 469
1195 1196
1196 402
1197 701
1197 1198
1198 343
1199 863
1199 1200
1200 95
1201 280
1201 1202
1202 553
1203 12
1203 1204
1204 838
1205 178
1205 1206
1206 68
1207 201
1207 1208
1208 910
1209 509
1209 1210
1210 530
1211 431
1211 1212
1212 8
1213 622
1213 1214
1214 78
