0 247
0 1105
2 562
2 1099
3 361
3 913
4 399
4 1090
6 1023
5 817
7 716
7 748
8 184
8 256
9 115
10 1168
13 340
13 456
15 1009
15 1125
17 98
17 245
19 473
19 594
21 230
21 976
23 24
23 100
24 72
25 26
25 355
26 225
27 28
27 281
28 755
29 30
29 969
30 471
31 32
31 977
32 427
33 34
33 975
34 647
35 36
35 1179
36 922
37 38
37 163
38 1026
39 40
39 1203
40 867
41 42
41 357
42 825
43 44
43 901
44 964
45 46
45 830
46 1086
47 48
47 379
48 39
49 50
49 156
50 558
51 52
51 113
52 1098
53 54
53 656
54 134
55 56
55 349
56 130
57 58
57 453
58 78
59 60
59 953
60 992
61 62
61 807
62 682
63 64
63 902
64 246
65 66
65 1011
66 9
67 68
67 1101
68 860
69 70
69 219
70 756
71 72
71 380
72 1212
73 74
73 935
74 338
75 76
75 1003
76 122
77 78
77 564
78 434
79 80
79 157
80 980
81 82
81 497
82 105
83 84
83 481
84 576
85 86
85 147
86 487
87 88
87 811
88 142
89 90
89 363
90 899
91 92
91 321
92 309
93 94
93 775
94 132
95 96
95 591
96 258
97 98
97 791
98 692
99 100
99 927
100 64
101 102
101 1007
102 408
103 104
103 286
104 931
105 106
105 542
106 90
107 108
107 1187
108 1019
109 110
109 195
110 699
111 112
111 778
112 1097
113 114
113 1029
114 439
115 116
115 1030
116 608
117 118
117 135
118 200
119 120
119 306
120 1002
121 122
121 420
122 104
123 124
123 376
124 733
125 126
125 371
126 866
127 128
127 612
128 462
129 130
129 234
130 84
131 132
131 329
132 446
133 134
133 963
134 464
135 136
135 549
136 618
137 138
137 972
138 566
139 140
139 451
140 686
141 142
141 324
142 400
143 144
143 747
144 494
145 146
145 513
146 870
147 148
147 367
148 838
149 150
149 503
150 492
151 152
151 829
152 1068
153 154
153 317
154 1188
155 156
155 704
156 1124
157 158
157 484
158 770
159 160
159 169
160 643
161 162
161 1150
162 126
163 164
163 1167
164 993
165 91
165 166
166 150
167 168
167 255
168 191
169 170
169 537
170 561
171 172
171 336
172 1126
173 174
173 956
174 391
175 176
175 800
176 996
177 93
177 178
178 746
179 180
179 577
180 8
181 182
181 781
182 1102
183 184
183 742
184 850
185 76
185 186
186 898
187 188
187 1160
188 138
189 161
189 190
190 392
191 192
191 490
192 428
193 194
193 839
194 633
195 196
195 1163
196 1027
197 198
197 626
198 744
199 200
199 661
200 642
201 107
201 202
202 711
203 204
203 370
204 145
205 206
205 598
206 757
207 208
207 958
208 347
209 210
209 644
210 294
211 112
211 212
212 520
213 214
213 235
214 274
215 96
215 216
216 42
217 218
217 690
218 724
219 220
219 1172
220 1044
221 222
221 831
222 1045
223 224
223 252
224 602
225 226
225 553
226 298
227 196
227 228
228 1038
229 167
229 230
230 305
231 232
231 946
232 213
233 83
233 234
234 732
235 236
235 1016
236 1171
237 238
237 465
238 342
239 240
239 609
240 936
241 242
241 1173
242 119
243 244
243 383
244 220
245 27
245 246
246 1122
247 248
247 573
248 57
249 250
249 766
250 320
251 252
251 1079
252 73
253 254
253 421
254 176
255 256
255 327
256 543
257 258
257 301
258 631
259 260
259 753
260 29
261 262
261 322
262 1123
263 264
263 396
264 458
265 266
265 1111
266 974
267 6
267 268
268 264
269 111
269 270
270 903
271 272
271 491
272 852
273 274
273 973
274 14
275 276
275 914
276 393
277 278
277 987
278 204
279 280
279 528
280 1040
281 282
281 581
282 143
283 284
283 657
284 120
285 286
285 293
286 908
287 288
287 518
288 1127
289 290
289 527
290 827
291 292
291 804
292 563
293 277
293 294
294 788
295 296
295 1193
296 681
297 298
297 339
298 559
299 37
299 300
300 1087
301 302
301 351
302 500
303 304
303 1071
304 121
305 306
305 523
306 638
307 308
307 767
308 454
309 310
309 624
310 750
311 312
311 516
312 77
313 314
313 1206
314 1142
315 233
315 316
316 266
317 125
317 318
318 1144
319 320
319 663
320 345
321 322
321 771
322 859
323 324
323 881
324 1153
325 326
325 739
326 475
327 328
327 1145
328 1056
329 330
329 843
330 385
331 332
331 1138
332 1132
333 30
333 334
334 629
335 336
335 787
336 1174
337 295
337 338
338 772
339 340
339 809
340 365
341 342
341 373
342 1041
343 344
343 1143
344 467
345 346
345 978
346 45
347 348
347 477
348 1130
349 350
349 431
350 404
351 352
351 929
352 31
353 287
353 354
354 244
355 356
355 424
356 375
357 358
357 447
358 1014
359 360
359 1035
360 1176
361 362
361 797
362 1196
363 92
363 364
364 670
365 366
365 1149
366 526
367 368
367 1060
368 194
369 370
369 684
370 114
371 372
371 695
372 50
373 352
373 374
374 1116
375 376
375 951
376 377
377 378
377 909
378 541
379 380
379 599
380 1069
381 382
381 793
382 596
383 384
383 894
384 1100
385 272
385 386
386 444
387 388
387 1093
388 70
389 390
389 560
390 1072
391 314
391 392
392 942
393 55
393 394
394 680
395 60
395 396
396 80
397 398
397 939
398 752
399 17
399 400
400 892
401 189
401 402
402 488
403 404
403 679
404 590
405 406
405 1063
406 606
407 408
407 586
408 437
409 410
409 683
410 625
411 412
411 696
412 496
413 414
413 505
414 776
415 416
415 1039
416 192
417 418
417 603
418 448
419 420
419 645
420 623
421 422
421 565
422 685
423 424
423 1054
424 677
425 426
425 871
426 813
427 428
427 433
428 792
429 430
429 773
430 920
431 432
431 1091
432 292
433 276
433 434
434 754
435 436
435 799
436 650
437 318
437 438
438 924
439 440
439 530
440 1192
441 328
441 442
442 774
443 444
443 1156
444 210
445 446
445 983
446 808
447 323
447 448
448 507
449 35
449 450
450 354
451 452
451 1010
452 723
453 454
453 915
454 10
455 456
455 990
456 600
457 458
457 981
458 727
459 231
459 460
460 715
461 265
461 462
462 262
463 464
463 847
464 250
465 466
465 875
466 689
467 48
467 468
468 897
469 470
469 617
470 430
471 102
471 472
472 144
473 474
473 495
474 278
475 476
475 821
476 708
477 148
477 478
478 154
479 480
479 991
480 472
481 482
481 525
482 848
483 183
483 484
484 197
485 486
485 872
486 1208
487 261
487 488
488 236
489 490
489 765
490 1136
491 492
491 878
492 1018
493 494
493 1183
494 312
495 496
495 575
496 398
497 498
497 1180
498 308
499 500
499 1129
500 325
501 502
501 971
502 21
503 319
503 504
504 1055
505 165
505 506
506 412
507 508
507 605
508 1146
509 510
509 1012
510 386
511 28
511 512
512 868
513 16
513 514
514 248
515 417
515 516
516 95
517 206
517 518
518 1151
519 520
519 1067
520 443
521 522
521 919
522 332
523 344
523 524
524 725
525 526
525 535
526 1066
527 528
527 1189
528 1204
529 270
529 530
530 1001
531 532
531 610
532 568
533 534
533 950
534 667
535 536
535 889
536 783
537 87
537 538
538 836
539 540
539 910
540 533
541 86
541 542
542 1006
543 544
543 806
544 814
545 546
545 803
546 110
547 548
547 1033
548 350
549 550
549 702
550 89
551 153
551 552
552 933
553 554
553 659
554 639
555 556
555 855
556 869
557 133
557 558
558 62
559 429
559 560
560 710
561 124
561 562
562 302
563 389
563 564
564 570
565 566
565 1175
566 930
567 103
567 568
568 162
569 174
569 570
570 1178
571 572
571 911
572 366
573 574
573 923
574 758
575 65
575 576
576 290
577 177
577 578
578 896
579 580
579 885
580 1078
581 413
581 582
582 1194
583 584
583 1155
584 955
585 586
585 1089
586 79
587 303
587 588
588 886
589 590
589 842
590 49
591 587
591 592
592 865
593 69
593 594
594 1119
595 51
595 596
596 486
597 598
597 697
598 521
599 600
599 995
600 58
601 288
601 602
602 934
603 311
603 604
604 940
605 606
605 672
606 823
607 356
607 608
608 20
609 610
609 1073
610 1037
611 353
611 612
612 207
613 614
613 734
614 1020
615 616
615 745
616 676
617 251
617 618
618 1096
619 493
619 620
620 949
621 622
621 891
622 510
623 624
623 1043
624 343
625 238
625 626
626 1046
627 504
627 628
628 348
629 630
629 912
630 185
631 632
631 1133
632 1152
633 452
633 634
634 569
635 501
635 636
636 790
637 38
637 638
638 952
639 640
639 1202
640 1117
641 579
641 642
642 502
643 489
643 644
644 5
645 409
645 646
646 1000
647 648
647 649
648 687
649 635
649 650
650 307
651 368
651 652
652 228
653 654
653 1165
654 726
655 656
655 854
656 798
657 151
657 658
658 1031
659 660
659 1158
660 722
661 547
661 662
662 260
663 3
663 664
664 779
665 666
665 718
666 539
667 668
667 917
668 384
669 670
669 1114
670 1154
671 221
671 672
672 1092
673 23
673 674
674 1197
675 676
675 961
676 217
677 678
677 729
678 1080
679 435
679 680
680 979
681 682
681 1048
682 12
683 684
683 841
684 273
685 686
685 905
686 296
687 381
687 688
688 1198
689 690
689 943
690 970
691 67
691 692
692 593
693 82
693 694
694 674
695 193
695 696
696 666
697 43
697 698
698 441
699 700
699 962
700 604
701 702
701 1005
702 313
703 63
703 704
704 470
705 706
705 801
706 1140
707 269
707 708
708 1128
709 636
709 710
710 511
711 712
711 928
712 152
713 223
713 714
714 1211
715 601
715 716
716 554
717 718
717 1017
718 1050
719 374
719 720
720 1147
721 182
721 722
722 414
723 724
723 1028
724 720
725 675
725 726
726 835
727 728
727 810
728 1094
729 730
729 879
730 179
731 160
731 732
732 1085
733 734
733 1181
734 768
735 736
735 863
736 402
737 514
737 738
738 694
739 619
739 740
740 954
741 425
741 742
742 637
743 744
743 1065
744 861
745 595
745 746
746 517
747 66
747 748
748 10
749 299
749 750
750 769
751 41
751 752
752 1148
753 754
753 925
754 214
755 346
755 756
756 918
757 707
757 758
758 146
759 621
759 760
760 532
761 762
761 1004
762 782
763 33
763 764
764 455
765 766
765 1022
766 556
767 36
767 768
768 882
769 584
769 770
770 372
771 772
771 1199
772 834
773 632
773 774
774 883
775 405
775 776
776 480
777 461
777 778
778 555
779 282
779 780
780 186
781 782
781 833
782 440
783 784
783 1214
784 333
785 583
785 786
786 469
787 71
787 788
788 1162
789 315
789 790
790 662
791 792
791 1112
792 805
793 794
793 1209
794 641
795 796
795 1186
796 984
797 369
797 798
798 171
799 627
799 800
800 735
801 582
801 802
802 1207
803 804
803 1191
804 1057
805 806
805 944
806 479
807 607
807 808
808 68
809 810
809 989
810 522
811 403
811 812
812 460
813 284
813 814
814 947
815 816
815 1135
816 187
817 818
817 1177
818 418
819 820
819 1107
820 737
821 32
821 822
822 820
823 824
823 900
824 616
825 407
825 826
826 512
827 706
827 828
828 1076
829 830
829 845
830 916
831 519
831 832
832 1201
833 457
833 834
834 678
835 94
835 836
836 998
837 705
837 838
838 155
839 840
839 1095
840 388
841 842
841 937
842 19
843 26
843 844
844 826
845 658
845 846
846 275
847 341
847 848
848 945
849 241
849 850
850 316
851 545
851 852
852 700
853 423
853 854
854 664
855 691
855 856
856 932
857 416
857 858
858 173
859 180
859 860
860 578
861 249
861 862
862 240
863 620
863 864
864 1075
865 401
865 866
866 415
867 232
867 868
868 628
869 540
869 870
870 432
871 853
871 872
872 1118
873 239
873 874
874 498
875 13
875 876
876 2
877 597
877 878
878 203
879 880
879 999
880 546
881 544
881 882
882 243
883 280
883 884
884 106
885 886
885 926
886 331
887 888
887 1139
888 1084
889 890
889 1013
890 242
891 669
891 892
892 762
893 713
893 894
894 857
895 851
895 896
896 1058
897 506
897 898
898 364
899 900
899 938
900 844
901 902
901 1185
902 271
903 509
903 904
904 1
905 864
905 906
906 824
907 127
907 908
908 709
909 99
909 910
910 1036
911 876
911 912
912 740
913 289
913 914
914 335
915 450
915 916
916 1034
917 54
917 918
918 485
919 920
919 1025
920 738
921 741
921 922
922 175
923 75
923 924
924 1088
925 759
925 926
926 109
927 85
927 928
928 436
929 873
929 930
930 1210
931 44
931 932
932 158
933 802
933 934
934 1134
935 936
935 1170
936 1164
937 149
937 938
938 552
939 688
939 940
940 1182
941 483
941 942
942 382
943 944
943 988
944 959
945 15
945 946
946 796
947 128
947 948
948 640
949 118
949 950
950 168
951 337
951 952
952 1115
953 263
953 954
954 397
955 956
955 1024
956 208
957 958
957 1021
958 816
959 534
959 960
960 862
961 962
961 965
962 614
963 463
963 964
964 548
965 966
965 1064
966 580
967 202
967 968
968 198
969 476
969 970
970 960
971 585
971 972
972 1166
973 449
973 974
974 655
975 877
975 976
976 97
977 749
977 978
978 822
979 216
979 980
980 668
981 794
981 982
982 890
983 129
983 984
984 141
985 986
985 1059
986 615
987 721
987 988
988 818
989 5
989 990
990 1081
991 46
991 992
992 728
993 784
993 994
994 411
995 222
995 996
996 538
997 648
997 998
998 395
999 1000
999 1205
1000 117
1001 226
1001 1002
1002 1108
1003 419
1003 1004
1004 907
1005 529
1005 1006
1006 880
1007 1008
1007 1161
1008 760
1009 426
1009 1010
1010 536
1011 1012
1011 1061
1012 1159
1013 986
1013 1014
1014 438
1015 673
1015 1016
1016 442
1017 921
1017 1018
1018 212
1019 764
1019 1020
1020 592
1021 997
1021 1022
1022 47
1023 751
1023 1024
1024 52
1025 237
1025 1026
1026 209
1027 646
1027 1028
1028 1070
1029 359
1029 1030
1030 139
1031 653
1031 1032
1032 611
1033 571
1033 1034
1034 948
1035 1036
1035 1190
1036 982
1037 730
1037 1038
1038 40
1039 1040
1039 1120
1040 884
1041 795
1041 1042
1042 966
1043 789
1043 1044
1044 166
1045 717
1045 1046
1046 211
1047 567
1047 1048
1048 660
1049 25
1049 1050
1050 205
1051 967
1051 1052
1052 714
1053 815
1053 1054
1054 849
1055 1053
1055 1056
1056 524
1057 172
1057 1058
1058 140
1059 887
1059 1060
1060 181
1061 1062
1061 1110
1062 227
1063 229
1063 1064
1064 394
1065 665
1065 1066
1066 574
1067 159
1067 1068
1068 572
1069 557
1069 1070
1070 858
1071 1072
1071 1103
1072 59
1073 777
1073 1074
1074 671
1075 459
1075 1076
1076 874
1077 406
1077 1078
1078 906
1079 941
1079 1080
1080 736
1081 267
1081 1082
1082 508
1083 1052
1083 1084
1084 466
1085 101
1085 1086
1086 719
1087 188
1087 1088
1088 254
1089 253
1089 1090
1090 1049
1091 550
1091 1092
1092 588
1093 304
1093 1094
1094 780
1095 499
1095 1096
1096 819
1097 53
1097 1098
1098 1083
1099 285
1099 1100
1100 330
1101 445
1101 1102
1102 137
1103 763
1103 1104
1104 1113
1105 1106
1105 1213
1106 61
1107 761
1107 1108
1108 474
1109 785
1109 1110
1110 531
1111 1112
1111 1195
1112 422
1113 81
1113 1114
1114 283
1115 888
1115 1116
1116 24
1117 88
1117 1118
1118 828
1119 362
1119 1120
1120 279
1121 1122
1121 1169
1122 11
1123 326
1123 1124
1124 190
1125 108
1125 1126
1126 837
1127 300
1127 1128
1128 9
1129 895
1129 1130
1130 1042
1131 378
1131 1132
1132 634
1133 786
1133 1134
1134 840
1135 1104
1135 1136
1136 1015
1137 1131
1137 1138
1138 1141
1139 957
1139 1140
1140 1082
1141 693
1141 1142
1142 56
1143 1051
1143 1144
1144 1008
1145 201
1145 1146
1146 478
1147 360
1147 1148
1148 1200
1149 1109
1149 1150
1150 116
1151 136
1151 1152
1152 482
1153 698
1153 1154
1154 856
1155 178
1155 1156
1156 712
1157 1121
1157 1158
1158 215
1159 170
1159 1160
1160 703
1161 701
1161 1162
1162 1184
1163 297
1163 1164
1164 22
1165 731
1165 1166
1166 1137
1167 387
1167 1168
1168 468
1169 34
1169 1170
1170 310
1171 1077
1171 1172
1172 218
1173 4
1173 1174
1174 893
1175 985
1175 1176
1176 630
1177 589
1177 1178
1178 224
1179 1157
1179 1180
1180 259
1181 410
1181 1182
1182 622
1183 1062
1183 1184
1184 904
1185 743
1185 1186
1186 199
1187 6
1187 1188
1188 334
1189 1032
1189 1190
1190 551
1191 131
1191 1192
1192 651
1193 123
1193 1194
1194 968
1195 1074
1195 1196
1196 994
1197 390
1197 1198
1198 652
1199 846
1199 1200
1200 358
1201 7
1201 1202
1202 1047
1203 812
1203 1204
1204 291
1205 1106
1205 1206
1206 832
1207 654
1207 1208
1208 18
1209 257
1209 1210
1210 74
1211 613
1211 1212
1212 268
1213 515
1213 1214
1214 164
