0 369
0 489
1 103
1 607
3 350
3 869
4 62
4 173
6 895
5 929
7 289
7 333
9 60
8 483
8 505
10 1135
13 367
13 585
15 192
15 661
17 732
17 753
19 166
19 907
21 94
21 764
23 24
23 903
24 974
25 26
25 669
26 167
27 28
27 248
28 966
29 30
29 557
30 165
31 32
31 181
32 357
33 34
33 84
34 1110
35 36
35 72
36 1139
37 38
37 1029
38 846
39 40
39 222
40 978
41 42
41 991
42 177
43 44
43 68
44 946
45 46
45 206
46 384
47 48
47 423
48 226
49 50
49 119
50 42
51 52
51 749
52 871
53 54
53 186
54 265
55 56
55 972
56 569
57 4
57 58
58 249
59 60
59 1204
60 111
61 62
61 633
62 811
63 64
63 318
64 824
65 66
65 1065
66 424
67 68
67 898
68 114
69 70
69 631
70 730
71 72
71 496
72 759
73 74
73 789
74 1154
75 76
75 212
76 354
77 78
77 988
78 6
79 77
79 80
80 397
81 82
81 1155
82 636
83 84
83 830
84 150
85 86
85 719
86 780
87 88
87 647
88 1163
89 90
89 885
90 402
91 92
91 425
92 875
93 94
93 688
94 234
95 1
95 96
96 548
97 43
97 98
98 157
99 100
99 1211
100 1054
101 102
101 1052
102 1120
103 104
103 513
104 290
105 106
105 640
106 1040
107 108
107 353
108 1153
109 110
109 529
110 952
111 112
111 572
112 358
113 114
113 1202
114 394
115 3
115 116
116 426
117 118
117 475
118 412
119 120
119 794
120 5
121 122
121 524
122 797
123 124
123 183
124 1058
125 126
125 431
126 1107
127 128
127 213
128 1076
129 130
129 1017
130 1194
131 132
131 509
132 975
133 134
133 395
134 46
135 136
135 583
136 516
137 138
137 844
138 660
139 140
139 883
140 803
141 142
141 1193
142 392
143 144
143 866
144 1098
145 146
145 237
146 25
147 148
147 1111
148 136
149 150
149 225
150 1151
151 152
151 404
152 526
153 154
153 818
154 156
155 89
155 156
156 314
157 158
157 332
158 373
159 160
159 1141
160 534
161 162
161 1140
162 1074
163 164
163 854
164 686
165 166
165 593
166 891
167 168
167 328
168 696
169 170
169 1075
170 551
171 107
171 172
172 175
173 174
173 826
174 1118
175 176
175 451
176 388
177 178
177 330
178 951
179 180
179 926
180 1178
181 182
181 838
182 872
183 184
183 979
184 263
185 186
185 317
186 79
187 188
187 1208
188 657
189 190
189 963
190 1024
191 192
191 725
192 1027
193 194
193 751
194 1055
195 196
195 295
196 207
197 198
197 1188
198 250
199 200
199 861
200 499
201 202
201 329
202 236
203 204
203 1036
204 994
205 206
205 616
206 458
207 208
207 233
208 40
209 30
209 210
210 942
211 212
211 655
212 359
213 214
213 506
214 708
215 189
215 216
216 1090
217 218
217 777
218 672
219 220
219 1157
220 997
221 222
221 303
222 374
223 224
223 823
224 1136
225 226
225 588
226 464
227 228
227 1070
228 341
229 230
229 856
230 311
231 232
231 874
232 260
233 36
233 234
234 45
235 236
235 817
236 1096
237 238
237 901
238 8
239 240
239 1166
240 706
241 242
241 514
242 504
243 9
243 244
244 482
245 246
245 262
246 1028
247 248
247 546
248 684
249 250
249 622
250 927
251 252
251 421
252 446
253 254
253 396
254 598
255 256
255 407
256 1100
257 258
257 1203
258 78
259 260
259 312
260 832
261 262
261 1021
262 315
263 129
263 264
264 29
265 266
265 936
266 842
267 73
267 268
268 18
269 270
269 1092
270 617
271 272
271 390
272 712
273 257
273 274
274 556
275 276
275 953
276 590
277 278
277 1042
278 626
279 280
279 812
280 611
281 197
281 282
282 1142
283 284
283 623
284 800
285 53
285 286
286 406
287 218
287 288
288 228
289 290
289 908
290 1130
291 292
291 1121
292 877
293 294
293 345
294 1196
295 15
295 296
296 1000
297 298
297 515
298 355
299 300
299 1145
300 670
301 302
301 478
302 90
303 304
303 821
304 120
305 306
305 1133
306 1158
307 308
307 580
308 760
309 310
309 973
310 229
311 312
311 438
312 214
313 196
313 314
314 184
315 316
315 1077
316 158
317 318
317 361
318 772
319 320
319 443
320 736
321 322
321 925
322 852
323 284
323 324
324 668
325 326
325 1124
326 537
327 328
327 864
328 1164
329 330
329 1177
330 33
331 332
331 436
332 718
333 334
333 507
334 1156
335 199
335 336
336 80
337 338
337 1170
338 490
339 92
339 340
340 955
341 342
341 594
342 916
343 113
343 344
344 149
345 346
345 743
346 1060
347 348
347 472
348 110
349 216
349 350
350 931
351 352
351 755
352 597
353 200
353 354
354 1009
355 356
355 807
356 10
357 358
357 587
358 170
359 360
359 1109
360 634
361 362
361 573
362 518
363 116
363 364
364 246
365 217
365 366
366 21
367 96
367 368
368 171
369 370
369 549
370 703
371 372
371 1023
372 471
373 374
373 810
374 439
375 296
375 376
376 309
377 378
377 937
378 1085
379 380
379 693
380 415
381 205
381 382
382 1160
383 384
383 541
384 792
385 338
385 386
386 1162
387 215
387 388
388 637
389 390
389 737
390 1063
391 392
391 897
392 152
393 394
393 785
394 1008
395 396
395 1020
396 965
397 398
397 644
398 182
399 400
399 520
400 638
401 402
401 793
402 998
403 404
403 527
404 59
405 127
405 406
406 293
407 408
407 1073
408 256
409 323
409 410
410 428
411 364
411 412
412 766
413 414
413 630
414 1084
415 416
415 1201
416 1114
417 372
417 418
418 1192
419 26
419 420
420 261
421 292
421 422
422 1195
423 424
423 659
424 532
425 325
425 426
426 1137
427 41
427 428
428 774
429 280
429 430
430 1108
431 432
431 935
432 652
433 434
433 1086
434 224
435 436
435 1181
436 1037
437 438
437 695
438 734
439 24
439 440
440 784
441 442
441 761
442 798
443 444
443 911
444 614
445 446
445 1068
446 14
447 382
447 448
448 986
449 9
449 450
450 434
451 452
451 739
452 413
453 454
453 681
454 101
455 456
455 539
456 1018
457 458
457 763
458 474
459 460
459 909
460 274
461 462
461 465
462 450
463 464
463 837
464 577
465 258
465 466
466 134
467 468
467 559
468 1187
469 304
469 470
470 202
471 472
471 1014
472 422
473 474
473 650
474 180
475 285
475 476
476 606
477 478
477 892
478 411
479 480
479 1132
480 1064
481 468
481 482
482 1045
483 484
483 595
484 928
485 486
485 542
486 558
487 488
487 847
488 247
489 490
489 843
490 851
491 146
491 492
492 1025
493 494
493 561
494 862
495 496
495 919
496 770
497 393
497 498
498 983
499 500
499 571
500 307
501 502
501 1088
502 692
503 420
503 504
504 1184
505 497
505 506
506 768
507 508
507 981
508 1034
509 510
509 565
510 802
511 512
511 905
512 996
513 514
513 1049
514 715
515 273
515 516
516 340
517 50
517 518
518 1129
519 520
519 920
520 75
521 83
521 522
522 268
523 141
523 524
524 5
525 526
525 860
526 596
527 299
527 528
528 470
529 343
529 530
530 663
531 532
531 727
532 1173
533 534
533 1043
534 924
535 185
535 536
536 410
537 538
537 933
538 1010
539 540
539 1091
540 389
541 135
541 542
542 452
543 544
543 820
544 231
545 546
545 1079
546 270
547 187
547 548
548 28
549 467
549 550
550 987
551 313
551 552
552 538
553 554
553 742
554 910
555 556
555 1033
556 74
557 558
557 982
558 27
559 560
559 1167
560 949
561 562
561 999
562 10
563 564
563 930
564 756
565 566
565 687
566 605
567 568
567 941
568 1161
569 570
569 809
570 486
571 572
571 621
572 276
573 568
573 574
574 1057
575 65
575 576
576 707
577 461
577 578
578 1122
579 52
579 580
580 1048
581 582
581 865
582 198
583 584
583 1207
584 1131
585 51
585 586
586 771
587 588
587 697
588 796
589 590
589 894
590 35
591 575
591 592
592 58
593 594
593 733
594 1198
595 596
595 819
596 44
597 153
597 598
598 1101
599 600
599 1019
600 386
601 602
601 831
602 850
603 604
603 989
604 346
605 606
605 915
606 1146
607 387
607 608
608 368
609 383
609 610
610 758
611 612
611 645
612 1168
613 614
613 769
614 194
615 616
615 648
616 685
617 618
617 1144
618 460
619 620
619 773
620 674
621 622
621 1093
622 902
623 624
623 698
624 654
625 487
625 626
626 252
627 628
627 962
628 32
629 630
629 867
630 889
631 632
631 971
632 161
633 634
633 741
634 306
635 636
635 740
636 97
637 349
637 638
638 64
639 640
639 1001
640 870
641 582
641 642
642 1138
643 644
643 1117
644 1011
645 391
645 646
646 208
647 648
647 969
648 555
649 650
649 1004
650 873
651 112
651 652
652 778
653 654
653 913
654 676
655 553
655 656
656 944
657 658
657 1067
658 1094
659 660
659 835
660 82
661 662
661 1165
662 880
663 664
663 984
664 918
665 459
665 666
666 429
667 668
667 893
668 282
669 105
669 670
670 210
671 88
671 672
672 642
673 517
673 674
674 1190
675 676
675 1059
676 664
677 678
677 922
678 48
679 19
679 680
680 1150
681 682
681 805
682 775
683 684
683 917
684 882
685 686
685 721
686 876
687 267
687 688
688 174
689 690
689 710
690 454
691 191
691 692
692 1180
693 694
693 1083
694 547
695 419
695 696
696 480
697 269
697 698
698 188
699 123
699 700
700 444
701 455
701 702
702 881
703 704
703 724
704 1026
705 17
705 706
706 624
707 708
707 1200
708 1128
709 710
709 947
710 147
711 712
711 806
712 1104
713 445
713 714
714 522
715 91
715 716
716 589
717 718
717 921
718 612
719 126
719 720
720 1175
721 291
721 722
722 840
723 724
723 1007
724 690
725 726
725 1185
726 484
727 255
727 728
728 535
729 694
729 730
730 683
731 427
731 732
732 1012
733 466
733 734
734 566
735 493
735 736
736 448
737 738
737 940
738 399
739 740
739 1209
740 678
741 742
741 1099
742 717
743 744
743 1212
744 512
745 335
745 746
746 1186
747 7
747 748
748 787
749 211
749 750
750 825
751 155
751 752
752 1102
753 145
753 754
754 219
755 584
755 756
756 956
757 709
757 758
758 1112
759 673
759 760
760 240
761 352
761 762
762 300
763 632
763 764
764 148
765 488
765 766
766 20
767 768
767 939
768 961
769 770
769 1205
770 1066
771 449
771 772
772 71
773 691
773 774
774 130
775 544
775 776
776 912
777 66
777 778
778 849
779 780
779 899
780 629
781 221
781 782
782 2
783 47
783 784
784 1082
785 786
785 1089
786 405
787 599
787 788
788 714
789 790
789 1031
790 1199
791 230
791 792
792 1078
793 794
793 801
794 720
795 531
795 796
796 615
797 798
797 827
798 904
799 800
799 906
800 1072
801 795
801 802
802 1119
803 592
803 804
804 702
805 31
805 806
806 836
807 254
807 808
808 662
809 810
809 855
810 618
811 812
811 1006
812 117
813 574
813 814
814 858
815 816
815 848
816 433
817 131
817 818
818 409
819 379
819 820
820 271
821 754
821 822
822 172
823 279
823 824
824 1038
825 87
825 826
826 336
827 682
827 828
828 416
829 665
829 830
830 815
831 728
831 832
832 118
833 327
833 834
834 1152
835 238
835 836
836 1159
837 627
837 838
838 49
839 840
839 900
840 360
841 586
841 842
842 462
843 495
843 844
844 492
845 704
845 846
846 190
847 848
847 1016
848 1053
849 850
849 976
850 959
851 610
851 852
852 1214
853 675
853 854
854 666
855 365
855 856
856 552
857 667
857 858
858 896
859 347
859 860
860 510
861 701
861 862
862 76
863 275
863 864
864 804
865 731
865 866
866 765
867 297
867 868
868 680
869 608
869 870
870 628
871 69
871 872
872 232
873 874
873 1213
874 98
875 619
875 876
876 408
877 121
877 878
878 477
879 176
879 880
880 1030
881 108
881 882
882 814
883 757
883 884
884 159
885 649
885 886
886 878
887 671
887 888
888 1127
889 578
889 890
890 992
891 791
891 892
892 711
893 380
893 894
894 1182
895 93
895 896
896 752
897 884
897 898
898 23
899 900
899 1095
900 498
901 779
901 902
902 1210
903 34
903 904
904 828
905 533
905 906
906 245
907 908
907 1125
908 705
909 679
909 910
910 115
911 227
911 912
912 432
913 319
913 914
914 1183
915 442
915 916
916 16
917 868
917 918
918 124
919 829
919 920
920 169
921 435
921 922
922 964
923 253
923 924
924 1174
925 926
925 1126
926 287
927 511
927 928
928 808
929 930
929 970
930 834
931 833
931 932
932 735
933 281
933 934
934 726
935 936
935 1179
936 813
937 716
937 938
938 635
939 13
939 940
940 613
941 609
941 942
942 376
943 138
943 944
944 562
945 283
945 946
946 259
947 540
947 948
948 934
949 950
949 1197
950 403
951 70
951 952
952 370
953 748
953 954
954 137
955 501
955 956
956 348
957 508
957 958
958 1134
959 398
959 960
960 418
961 643
961 962
962 781
963 964
963 1123
964 790
965 63
965 966
966 104
967 342
967 968
968 620
969 463
969 970
970 378
971 888
971 972
972 377
973 164
973 974
974 602
975 203
975 976
976 277
977 363
977 978
978 1046
979 980
979 1143
980 1080
981 61
981 982
982 356
983 786
983 984
984 1148
985 639
985 986
986 980
987 437
987 988
988 243
989 990
989 1022
990 762
991 143
991 992
992 859
993 967
993 994
994 782
995 957
995 996
996 1116
997 822
997 998
998 272
999 938
999 1000
1000 1171
1001 139
1001 1002
1002 601
1003 747
1003 1004
1004 469
1005 1003
1005 1006
1006 1105
1007 195
1007 1008
1008 525
1009 656
1009 1010
1010 845
1011 579
1011 1012
1012 298
1013 140
1013 1014
1014 81
1015 783
1015 1016
1016 985
1017 990
1017 1018
1018 564
1019 591
1019 1020
1020 109
1021 453
1021 1022
1022 738
1023 241
1023 1024
1024 1056
1025 417
1025 1026
1026 37
1027 977
1027 1028
1028 776
1029 1030
1029 1172
1030 11
1031 503
1031 1032
1032 294
1033 381
1033 1034
1034 1039
1035 223
1035 1036
1036 543
1037 326
1037 1038
1038 106
1039 324
1039 1040
1040 142
1041 57
1041 1042
1042 995
1043 321
1043 1044
1044 301
1045 641
1045 1046
1046 400
1047 1048
1047 1147
1048 160
1049 567
1049 1050
1050 890
1051 1005
1051 1052
1052 968
1053 545
1053 1054
1054 1032
1055 244
1055 1056
1056 22
1057 722
1057 1058
1058 960
1059 54
1059 1060
1060 144
1061 887
1061 1062
1062 441
1063 841
1063 1064
1064 266
1065 745
1065 1066
1066 366
1067 879
1067 1068
1068 178
1069 193
1069 1070
1070 1106
1071 729
1071 1072
1072 932
1073 1015
1073 1074
1074 288
1075 344
1075 1076
1076 362
1077 251
1077 1078
1078 528
1079 125
1079 1080
1080 39
1081 1069
1081 1082
1082 456
1083 699
1083 1084
1084 476
1085 1062
1085 1086
1086 322
1087 85
1087 1088
1088 886
1089 1090
1089 1149
1090 914
1091 1092
1091 1206
1092 132
1093 220
1093 1094
1094 1115
1095 1087
1095 1096
1096 12
1097 689
1097 1098
1098 1044
1099 401
1099 1100
1100 816
1101 473
1101 1102
1102 502
1103 560
1103 1104
1104 204
1105 550
1105 1106
1106 264
1107 122
1107 1108
1108 563
1109 6
1109 1110
1110 943
1111 523
1111 1112
1112 519
1113 750
1113 1114
1114 320
1115 154
1115 1116
1116 948
1117 1047
1117 1118
1118 651
1119 375
1119 1120
1120 604
1121 799
1121 1122
1122 310
1123 1013
1123 1124
1124 235
1125 95
1125 1126
1126 1097
1127 334
1127 1128
1128 744
1129 308
1129 1130
1130 278
1131 954
1131 1132
1132 923
1133 201
1133 1134
1134 100
1135 239
1135 1136
1136 447
1137 950
1137 1138
1138 440
1139 286
1139 1140
1140 1050
1141 457
1141 1142
1142 128
1143 767
1143 1144
1144 337
1145 993
1145 1146
1146 168
1147 863
1147 1148
1148 430
1149 653
1149 1150
1150 600
1151 485
1151 1152
1152 658
1153 1154
1153 1191
1154 576
1155 746
1155 1156
1156 56
1157 481
1157 1158
1158 479
1159 38
1159 1160
1160 958
1161 1061
1161 1162
1162 209
1163 945
1163 1164
1164 55
1165 1002
1165 1166
1166 242
1167 625
1167 1168
1168 530
1169 1051
1169 1170
1170 331
1171 494
1171 1172
1172 102
1173 305
1173 1174
1174 179
1175 857
1175 1176
1176 713
1177 151
1177 1178
1178 414
1179 554
1179 1180
1180 788
1181 839
1181 1182
1182 133
1183 1035
1183 1184
1184 316
1185 1071
1185 1186
1186 723
1187 521
1187 1188
1188 351
1189 371
1189 1190
1190 570
1191 603
1191 1192
1192 162
1193 385
1193 1194
1194 302
1195 67
1195 1196
1196 536
1197 581
1197 1198
1198 646
1199 700
1199 1200
1200 1176
1201 339
1201 1202
1202 1081
1203 1103
1203 1204
1204 99
1205 1113
1205 1206
1206 491
1207 1169
1207 1208
1208 86
1209 1041
1209 1210
1210 1189
1211 677
1211 1212
1212 853
1213 163
1213 1214
1214 500
