0 357
0 937
2 761
2 1170
3 631
3 785
4 569
4 693
5 770
6 806
7 367
7 1151
8 9
8 524
9 1121
10 1146
13 41
13 1195
15 599
15 964
17 289
17 1022
19 400
19 1201
21 77
21 1061
23 24
23 709
24 665
25 26
25 573
26 728
27 2
27 28
28 1034
29 30
29 882
30 1076
31 32
31 530
32 908
33 34
33 197
34 54
35 36
35 938
36 529
37 38
37 919
38 32
39 40
39 931
40 1016
41 42
41 637
42 523
43 44
43 899
44 1125
45 46
45 506
46 1191
47 48
47 194
48 492
49 50
49 302
50 683
51 52
51 499
52 250
53 54
53 1116
54 1132
55 56
55 503
56 561
57 58
57 522
58 763
59 60
59 929
60 144
61 62
61 674
62 172
63 64
63 1140
64 512
65 66
65 505
66 384
67 68
67 765
68 466
69 70
69 507
70 206
71 72
71 641
72 566
73 74
73 279
74 1126
75 76
75 1141
76 715
77 78
77 126
78 820
79 80
79 775
80 720
81 82
81 344
82 893
83 84
83 399
84 146
85 86
85 607
86 234
87 88
87 1039
88 519
89 90
89 545
90 1157
91 45
91 92
92 778
93 94
93 1033
94 958
95 96
95 153
96 244
97 98
97 977
98 866
99 100
99 1078
100 1166
101 102
101 767
102 5
103 104
103 1109
104 193
105 106
105 677
106 756
107 108
107 1045
108 624
109 110
109 965
110 176
111 112
111 649
112 870
113 114
113 600
114 198
115 116
115 1069
116 869
117 118
117 409
118 188
119 120
119 417
120 994
121 122
121 1075
122 364
123 105
123 124
124 456
125 126
125 815
126 446
127 128
127 1108
128 429
129 130
129 1114
130 191
131 132
131 571
132 859
133 134
133 570
134 975
135 136
135 275
136 107
137 138
137 265
138 435
139 140
139 285
140 606
141 142
141 971
142 996
143 144
143 293
144 449
145 146
145 777
146 954
147 148
147 769
148 1212
149 150
149 589
150 1083
151 152
151 442
152 365
153 67
153 154
154 933
155 156
155 981
156 615
157 158
157 578
158 480
159 160
159 989
160 685
161 48
161 162
162 1124
163 164
163 801
164 629
165 166
165 855
166 98
167 168
167 824
168 1180
169 170
169 793
170 896
171 172
171 1010
172 14
173 155
173 174
174 673
175 176
175 438
176 953
177 163
177 178
178 8
179 180
179 1105
180 878
181 182
181 957
182 334
183 184
183 413
184 500
185 186
185 574
186 315
187 4
187 188
188 972
189 190
189 724
190 758
191 192
191 601
192 246
193 152
193 194
194 554
195 196
195 543
196 549
197 198
197 1079
198 1008
199 200
199 264
200 158
201 202
201 559
202 858
203 159
203 204
204 419
205 206
205 533
206 21
207 139
207 208
208 598
209 210
209 1049
210 788
211 212
211 333
212 1063
213 214
213 1019
214 1042
215 25
215 216
216 113
217 218
217 271
218 261
219 220
219 1051
220 116
221 222
221 447
222 978
223 103
223 224
224 149
225 226
225 593
226 961
227 228
227 969
228 488
229 125
229 230
230 894
231 232
231 490
232 718
233 234
233 301
234 342
235 236
235 829
236 680
237 238
237 659
238 848
239 55
239 240
240 691
241 213
241 242
242 109
243 244
243 627
244 336
245 246
245 1085
246 712
247 248
247 493
248 210
249 250
249 1161
250 760
251 252
251 514
252 64
253 254
253 757
254 10
255 187
255 256
256 52
257 258
257 936
258 90
259 260
259 773
260 278
261 118
261 262
262 38
263 264
263 827
264 347
265 151
265 266
266 546
267 227
267 268
268 257
269 270
269 990
270 280
271 272
271 276
272 47
273 274
273 1118
274 750
275 276
275 781
276 1175
277 178
277 278
278 33
279 280
279 458
280 988
281 282
281 305
282 133
283 284
283 1099
284 452
285 286
285 1179
286 671
287 137
287 288
288 654
289 290
289 1203
290 322
291 130
291 292
292 46
293 294
293 927
294 684
295 260
295 296
296 1189
297 298
297 983
298 1120
299 229
299 300
300 825
301 219
301 302
302 508
303 304
303 453
304 290
305 306
305 363
306 716
307 308
307 814
308 864
309 310
309 553
310 320
311 312
311 863
312 426
313 314
313 1138
314 295
315 214
315 316
316 1106
317 318
317 461
318 329
319 320
319 642
320 406
321 322
321 920
322 96
323 324
323 935
324 190
325 326
325 1107
326 115
327 328
327 636
328 774
329 330
329 755
330 658
331 332
331 915
332 604
333 334
333 1050
334 1024
335 121
335 336
336 872
337 338
337 590
338 232
339 340
339 1082
340 222
341 342
341 847
342 664
343 344
343 362
344 732
345 346
345 515
346 951
347 348
347 874
348 479
349 350
349 360
350 548
351 352
351 389
352 710
353 354
353 1155
354 611
355 356
355 373
356 656
357 358
357 469
358 450
359 165
359 360
360 380
361 362
361 895
362 346
363 364
363 521
364 807
365 366
365 395
366 532
367 175
367 368
368 1087
369 370
369 483
370 926
371 372
371 914
372 790
373 374
373 925
374 754
375 138
375 376
376 100
377 378
377 579
378 962
379 380
379 787
380 321
381 29
381 382
382 94
383 230
383 384
384 92
385 386
385 1205
386 441
387 225
387 388
388 1074
389 58
389 390
390 401
391 50
391 392
392 771
393 394
393 1027
394 140
395 81
395 396
396 980
397 263
397 398
398 73
399 400
399 1149
400 211
401 402
401 516
402 1046
403 215
403 404
404 1080
405 249
405 406
406 502
407 408
407 809
408 620
409 410
409 1017
410 353
411 335
411 412
412 135
413 414
413 1209
414 1122
415 397
415 416
416 36
417 371
417 418
418 269
419 97
419 420
420 1003
421 422
421 1119
422 752
423 63
423 424
424 1037
425 426
425 1047
426 270
427 428
427 736
428 1210
429 15
429 430
430 1006
431 327
431 432
432 349
433 434
433 1112
434 23
435 436
435 887
436 1070
437 423
437 438
438 17
439 440
439 655
440 89
441 251
441 442
442 20
443 444
443 1197
444 910
445 403
445 446
446 1060
447 448
447 906
448 66
449 339
449 450
450 61
451 452
451 643
452 679
453 454
453 567
454 1012
455 56
455 456
456 294
457 458
457 583
458 296
459 460
459 517
460 727
461 462
461 1057
462 258
463 464
463 697
464 392
465 361
465 466
466 622
467 468
467 540
468 486
469 470
469 1123
470 71
471 472
471 1188
472 482
473 474
473 1004
474 12
475 476
475 1130
476 594
477 318
477 478
478 34
479 418
479 480
480 792
481 203
481 482
482 80
483 484
483 1183
484 1145
485 471
485 486
486 1158
487 267
487 488
488 120
489 490
489 1117
490 1102
491 242
491 492
492 388
493 494
493 1184
494 784
495 180
495 496
496 846
497 431
497 498
498 402
499 500
499 648
500 916
501 422
501 502
502 468
503 504
503 633
504 719
505 185
505 506
506 580
507 508
507 1101
508 88
509 134
509 510
510 704
511 512
511 1162
512 1028
513 204
513 514
514 653
515 156
515 516
516 526
517 518
517 747
518 897
519 306
519 520
520 18
521 522
521 1015
522 776
523 524
523 610
524 850
525 526
525 652
526 568
527 132
527 528
528 386
529 183
529 530
530 1048
531 532
531 708
532 10
533 525
533 534
534 670
535 313
535 536
536 976
537 538
537 941
538 78
539 343
539 540
540 518
541 443
541 542
542 396
543 544
543 1154
544 53
545 546
545 871
546 822
547 44
547 548
548 956
549 356
549 550
550 1098
551 143
551 552
552 348
553 554
553 999
554 252
555 556
555 1110
556 729
557 319
557 558
558 1096
559 560
559 619
560 425
561 6
561 562
562 383
563 129
563 564
564 556
565 323
565 566
566 810
567 568
567 1043
568 374
569 570
569 1009
570 391
571 35
571 572
572 1186
573 477
573 574
574 651
575 576
575 667
576 703
577 578
577 1129
578 108
579 580
579 1041
580 738
581 221
581 582
582 1172
583 584
583 880
584 804
585 586
585 1202
586 702
587 588
587 645
588 142
589 590
589 1053
590 157
591 592
591 1104
592 531
593 594
593 1152
594 182
595 596
595 1168
596 1084
597 598
597 903
598 496
599 600
599 797
600 123
601 602
601 762
602 1066
603 604
603 689
604 74
605 201
605 606
606 743
607 608
607 783
608 1103
609 233
609 610
610 262
611 612
611 772
612 558
613 614
613 849
614 960
615 616
615 1159
616 982
617 618
617 731
618 60
619 620
619 1067
620 884
621 622
621 970
622 324
623 609
623 624
624 266
625 626
625 1160
626 740
627 628
627 873
628 1029
629 37
629 630
630 99
631 632
631 879
632 748
633 634
633 828
634 199
635 636
635 705
636 164
637 638
637 1097
638 209
639 640
639 1081
640 698
641 220
641 642
642 170
643 277
643 644
644 148
645 646
645 745
646 577
647 648
647 1156
648 1150
649 381
649 650
650 282
651 27
651 652
652 169
653 654
653 974
654 768
655 623
655 656
656 542
657 658
657 1093
658 376
659 660
659 780
660 984
661 160
661 662
662 904
663 664
663 1136
664 924
665 79
665 666
666 428
667 668
667 1073
668 102
669 527
669 670
670 672
671 672
671 1065
672 830
673 51
673 674
674 451
675 676
675 939
676 49
677 678
677 900
678 701
679 550
679 680
680 1134
681 682
681 1089
682 350
683 122
683 684
684 666
685 75
685 686
686 945
687 457
687 688
688 575
689 273
689 690
690 742
691 205
691 692
692 288
693 297
693 694
694 835
695 217
695 696
696 1068
697 698
697 985
698 200
699 394
699 700
700 1144
701 112
701 702
702 448
703 424
703 704
704 84
705 706
705 1143
706 218
707 467
707 708
708 414
709 494
709 710
710 192
711 712
711 1200
712 816
713 675
713 714
714 1
715 716
715 737
716 663
717 626
717 718
718 902
719 110
719 720
720 328
721 713
721 722
722 1206
723 605
723 724
724 202
725 131
725 726
726 819
727 416
727 728
728 338
729 576
729 730
730 366
731 657
731 732
732 1214
733 303
733 734
734 913
735 736
735 821
736 5
737 738
737 1077
738 196
739 382
739 740
740 9
741 742
741 947
742 310
743 744
743 911
744 638
745 314
745 746
746 950
747 646
747 748
748 796
749 750
749 799
750 420
751 752
751 1127
752 1002
753 437
753 754
754 695
755 756
755 992
756 184
757 602
757 758
758 1064
759 760
759 1000
760 751
761 762
761 979
762 1142
763 434
763 764
764 1032
765 766
765 1193
766 136
767 768
767 1005
768 248
769 770
769 813
770 377
771 216
771 772
772 875
773 759
773 774
774 876
775 83
775 776
776 62
777 778
777 794
778 1128
779 565
779 780
780 621
781 782
781 995
782 1131
783 779
783 784
784 1007
785 445
785 786
786 808
787 788
787 841
788 462
789 555
789 790
790 940
791 792
791 1194
792 582
793 465
793 794
794 352
795 686
795 796
796 560
797 487
797 798
798 640
799 800
799 1164
800 588
801 802
801 1055
802 473
803 804
803 1148
804 82
805 764
805 806
806 501
807 430
807 808
808 630
809 805
809 810
810 1178
811 812
811 839
812 739
813 385
813 814
814 591
815 325
815 816
816 390
817 818
817 833
818 634
819 454
819 820
820 330
821 822
821 1163
822 427
823 824
823 852
824 1092
825 141
825 826
826 478
827 828
827 1137
828 581
829 370
829 830
830 1023
831 795
831 832
832 1094
833 541
833 834
834 840
835 440
835 836
836 811
837 459
837 838
838 726
839 678
839 840
840 892
841 587
841 842
842 114
843 844
843 922
844 901
845 552
845 846
846 504
847 405
847 848
848 818
849 843
849 850
850 826
851 632
851 852
852 231
853 166
853 854
854 235
855 463
855 856
856 1147
857 358
857 858
858 1176
859 661
859 860
860 30
861 535
861 862
862 934
863 59
863 864
864 212
865 207
865 866
866 1091
867 817
867 868
868 973
869 93
869 870
870 832
871 101
871 872
872 268
873 874
873 1198
874 746
875 876
875 1036
876 510
877 878
877 1199
878 1165
879 880
879 1071
880 1177
881 455
881 882
882 345
883 884
883 907
884 890
885 174
885 886
886 340
887 886
887 888
888 562
889 475
889 890
890 167
891 614
891 892
892 1030
893 171
893 894
894 472
895 803
895 896
896 1001
897 495
897 898
898 161
899 900
899 1173
900 375
901 491
901 902
902 1038
903 904
903 905
904 912
905 368
905 906
906 351
907 908
907 1153
908 596
909 255
909 910
910 1185
911 485
911 912
912 932
913 481
913 914
914 766
915 916
915 966
916 722
917 243
917 918
918 616
919 868
919 920
920 228
921 789
921 922
922 1052
923 924
923 1054
924 918
925 926
925 1169
926 1190
927 721
927 928
928 72
929 613
929 930
930 538
931 223
931 932
932 650
933 511
933 934
934 236
935 563
935 936
936 354
937 95
937 938
938 959
939 57
939 940
940 1021
941 942
941 1020
942 1026
943 379
943 944
944 831
945 239
945 946
946 238
947 948
947 987
948 823
949 181
949 950
950 1014
951 528
951 952
952 942
953 91
953 954
954 124
955 956
955 1135
956 1192
957 735
957 958
958 1056
959 917
959 960
960 154
961 962
961 997
962 572
963 281
963 964
964 744
965 966
965 1090
966 70
967 946
967 968
968 145
969 741
969 970
970 853
971 326
971 972
972 1095
973 128
973 974
974 337
975 976
975 1207
976 928
977 978
977 1013
978 539
979 173
979 980
980 22
981 949
981 982
982 253
983 963
983 984
984 474
985 860
985 986
986 557
987 923
987 988
988 862
989 13
989 990
990 436
991 861
991 992
992 909
993 551
993 994
994 1208
995 359
995 996
996 40
997 240
997 998
998 498
999 3
999 1000
1000 119
1001 208
1001 1002
1002 308
1003 662
1003 1004
1004 186
1005 226
1005 1006
1006 564
1007 256
1007 1008
1008 1058
1009 412
1009 1010
1010 432
1011 127
1011 1012
1012 1088
1013 1014
1013 1213
1014 287
1015 241
1015 1016
1016 291
1017 734
1017 1018
1018 408
1019 733
1019 1020
1020 834
1021 1022
1021 1115
1022 1100
1023 948
1023 1024
1024 888
1025 407
1025 1026
1026 1182
1027 844
1027 1028
1028 592
1029 177
1029 1030
1030 898
1031 867
1031 1032
1032 968
1033 723
1033 1034
1034 885
1035 24
1035 1036
1036 1018
1037 544
1037 1038
1038 272
1039 274
1039 1040
1040 86
1041 706
1041 1042
1042 26
1043 411
1043 1044
1044 1011
1045 943
1045 1046
1046 520
1047 883
1047 1048
1048 534
1049 836
1049 1050
1050 967
1051 597
1051 1052
1052 1211
1053 856
1053 1054
1054 513
1055 147
1055 1056
1056 585
1057 1058
1057 1111
1058 312
1059 355
1059 1060
1060 1204
1061 195
1061 1062
1062 168
1063 1040
1063 1064
1064 660
1065 854
1065 1066
1066 700
1067 681
1067 1068
1068 668
1069 39
1069 1070
1070 547
1071 749
1071 1072
1072 993
1073 921
1073 1074
1074 304
1075 608
1075 1076
1076 331
1077 1078
1077 1167
1078 857
1079 889
1079 1080
1080 690
1081 65
1081 1082
1082 800
1083 595
1083 1084
1084 730
1085 415
1085 1086
1086 300
1087 688
1087 1088
1088 470
1089 341
1089 1090
1090 699
1091 104
1091 1092
1092 292
1093 259
1093 1094
1094 881
1095 286
1095 1096
1096 692
1097 19
1097 1098
1098 682
1099 1059
1099 1100
1100 782
1101 179
1101 1102
1102 484
1103 247
1103 1104
1104 1025
1105 372
1105 1106
1106 786
1107 317
1107 1108
1108 617
1109 7
1109 1110
1110 421
1111 1086
1111 1112
1112 43
1113 753
1113 1114
1114 283
1115 1035
1115 1116
1116 444
1117 955
1117 1118
1118 237
1119 837
1119 1120
1120 311
1121 11
1121 1122
1122 714
1123 245
1123 1124
1124 254
1125 998
1125 1126
1126 476
1127 1128
1127 1133
1128 644
1129 669
1129 1130
1130 537
1131 845
1131 1132
1132 162
1133 393
1133 1134
1134 586
1135 69
1135 1136
1136 28
1137 639
1137 1138
1138 299
1139 1113
1139 1140
1140 76
1141 877
1141 1142
1142 464
1143 944
1143 1144
1144 150
1145 378
1145 1146
1146 812
1147 1044
1147 1148
1148 676
1149 694
1149 1150
1150 31
1151 1031
1151 1152
1152 838
1153 509
1153 1154
1154 986
1155 433
1155 1156
1156 802
1157 930
1157 1158
1158 952
1159 16
1159 1160
1160 707
1161 1162
1161 1171
1162 1072
1163 369
1163 1164
1164 85
1165 536
1165 1166
1166 404
1167 387
1167 1168
1168 647
1169 865
1169 1170
1170 489
1171 398
1171 1172
1172 851
1173 298
1173 1174
1174 842
1175 625
1175 1176
1176 717
1177 224
1177 1178
1178 584
1179 87
1179 1180
1180 1196
1181 603
1181 1182
1182 68
1183 991
1183 1184
1184 1139
1185 711
1185 1186
1186 316
1187 439
1187 1188
1188 497
1189 628
1189 1190
1190 6
1191 42
1191 1192
1192 332
1193 791
1193 1194
1194 309
1195 1187
1195 1196
1196 106
1197 687
1197 1198
1198 117
1199 891
1199 1200
1200 618
1201 410
1201 1202
1202 1062
1203 725
1203 1204
1204 1181
1205 460
1205 1206
1206 284
1207 307
1207 1208
1208 696
1209 635
1209 1210
1210 1174
1211 189
1211 1212
1212 612
1213 111
1213 1214
1214 798
