0 1073
0 1155
1 660
1 1008
3 355
3 481
4 807
4 929
5 605
6 748
7 1092
7 1170
8 39
8 1055
9 152
10 1172
13 17
13 732
15 30
15 1002
17 928
17 1142
19 99
19 1104
21 78
21 941
23 24
23 1011
24 140
25 26
25 277
26 620
27 28
27 1197
28 302
29 30
29 864
30 240
31 32
31 993
32 1128
33 34
33 69
34 284
35 36
35 281
36 1044
37 38
37 133
38 1148
39 40
39 267
40 1209
41 42
41 834
42 528
43 44
43 774
44 126
45 46
45 781
46 19
47 48
47 637
48 196
49 31
49 50
50 166
51 52
51 1116
52 168
53 54
53 632
54 762
55 56
55 282
56 689
57 58
57 611
58 474
59 60
59 537
60 861
61 62
61 622
62 143
63 64
63 441
64 1006
65 66
65 525
66 118
67 68
67 556
68 607
69 70
69 819
70 390
71 72
71 211
72 49
73 74
73 948
74 444
75 76
75 730
76 412
77 78
77 545
78 1159
79 80
79 949
80 161
81 82
81 1160
82 85
83 84
83 854
84 283
85 86
85 1028
86 46
87 88
87 527
88 1000
89 90
89 694
90 504
91 92
91 891
92 760
93 94
93 743
94 259
95 96
95 1112
96 231
97 98
97 1181
98 279
99 100
99 373
100 534
101 102
101 971
102 1169
103 104
103 967
104 761
105 106
105 1043
106 1158
107 108
107 793
108 230
109 110
109 1186
110 628
111 112
111 309
112 1068
113 114
113 707
114 911
115 116
115 830
116 785
117 118
117 860
118 856
119 120
119 485
120 754
121 122
121 978
122 772
123 124
123 659
124 1184
125 126
125 505
126 362
127 128
127 221
128 387
129 130
129 445
130 466
131 132
131 1105
132 550
133 134
133 295
134 685
135 136
135 1173
136 786
137 105
137 138
138 952
139 140
139 613
140 624
141 142
141 683
142 1195
143 116
143 144
144 784
145 146
145 290
146 184
147 148
147 199
148 699
149 150
149 567
150 250
151 152
151 776
152 157
153 154
153 431
154 533
155 156
155 381
156 455
157 158
157 1210
158 1206
159 160
159 651
160 15
161 162
161 325
162 266
163 89
163 164
164 312
165 166
165 648
166 1130
167 168
167 663
168 893
169 170
169 1121
170 696
171 150
171 172
172 838
173 174
173 399
174 142
175 176
175 1031
176 764
177 178
177 647
178 251
179 180
179 307
180 775
181 182
181 288
182 672
183 34
183 184
184 850
185 186
185 262
186 29
187 188
187 435
188 1119
189 190
189 981
190 492
191 95
191 192
192 127
193 194
193 758
194 40
195 196
195 1203
196 350
197 198
197 467
198 1076
199 200
199 379
200 42
201 202
201 578
202 342
203 149
203 204
204 985
205 206
205 715
206 560
207 208
207 887
208 848
209 160
209 210
210 222
211 212
211 405
212 335
213 195
213 214
214 870
215 216
215 483
216 973
217 218
217 507
218 1101
219 220
219 397
220 190
221 181
221 222
222 276
223 224
223 787
224 614
225 226
225 249
226 840
227 228
227 1106
228 1058
229 111
229 230
230 532
231 232
231 330
232 226
233 234
233 1085
234 692
235 236
235 1110
236 58
237 238
237 1050
238 164
239 115
239 240
240 403
241 242
241 414
242 1023
243 244
243 914
244 836
245 246
245 844
246 364
247 248
247 569
248 789
249 250
249 652
250 670
251 252
251 668
252 314
253 53
253 254
254 664
255 256
255 316
256 129
257 258
257 1071
258 346
259 260
259 548
260 888
261 262
261 549
262 907
263 264
263 499
264 334
265 266
265 918
266 1022
267 186
267 268
268 308
269 270
269 293
270 93
271 209
271 272
272 374
273 213
273 274
274 845
275 276
275 1069
276 1117
277 278
277 1087
278 198
279 280
279 791
280 368
281 282
281 877
282 612
283 202
283 284
284 752
285 286
285 688
286 770
287 3
287 288
288 690
289 290
289 1103
290 223
291 292
291 425
292 383
293 294
293 1037
294 1131
295 296
295 873
296 329
297 214
297 298
298 1018
299 300
299 1042
300 1194
301 302
301 518
302 70
303 304
303 997
304 236
305 306
305 1005
306 627
307 80
307 308
308 130
309 310
309 639
310 703
311 312
311 783
312 24
313 314
313 679
314 363
315 316
315 616
316 495
317 318
317 1214
318 585
319 320
319 323
320 338
321 322
321 341
322 90
323 324
323 580
324 248
325 326
325 747
326 183
327 328
327 708
328 662
329 330
329 465
330 392
331 91
331 332
332 636
333 334
333 529
334 324
335 228
335 336
336 332
337 135
337 338
338 442
339 340
339 802
340 1056
341 342
341 796
342 252
343 178
343 344
344 522
345 346
345 501
346 218
347 348
347 653
348 1149
349 350
349 916
350 1120
351 352
351 461
352 446
353 354
353 963
354 63
355 356
355 361
356 468
357 59
357 358
358 1007
359 360
359 897
360 60
361 362
361 1191
362 88
363 364
363 1129
364 886
365 366
365 475
366 180
367 275
367 368
368 565
369 117
369 370
370 829
371 372
371 1211
372 400
373 339
373 374
374 656
375 376
375 429
376 498
377 378
377 389
378 418
379 380
379 401
380 296
381 27
381 382
382 1139
383 384
383 725
384 757
385 386
385 718
386 954
387 162
387 388
388 618
389 390
389 1179
390 426
391 392
391 701
392 882
393 394
393 1015
394 462
395 396
395 1040
396 1134
397 398
397 735
398 806
399 400
399 459
400 884
401 402
401 727
402 460
403 404
403 1083
404 530
405 406
405 961
406 1144
407 318
407 408
408 464
409 153
409 410
410 321
411 412
411 875
412 398
413 414
413 815
414 811
415 274
415 416
416 980
417 86
417 418
418 43
419 420
419 746
420 206
421 422
421 540
422 44
423 424
423 489
424 814
425 5
425 426
426 454
427 36
427 428
428 285
429 430
429 906
430 416
431 432
431 831
432 582
433 434
433 839
434 756
435 436
435 1027
436 625
437 319
437 438
438 792
439 440
439 1174
440 721
441 442
441 477
442 503
443 444
443 910
444 646
445 446
445 521
446 344
447 448
447 471
448 544
449 450
449 1107
450 271
451 207
451 452
452 371
453 413
453 454
454 1124
455 289
455 456
456 354
457 191
457 458
458 1064
459 460
459 902
460 896
461 96
461 462
462 883
463 464
463 951
464 497
465 466
465 559
466 1086
467 468
467 581
468 818
469 245
469 470
470 286
471 472
471 841
472 10
473 474
473 1057
474 1010
475 476
475 1066
476 54
477 478
477 641
478 705
479 480
479 1122
480 1020
481 482
481 551
482 804
483 484
483 542
484 898
485 486
485 623
486 667
487 488
487 617
488 1014
489 490
489 1099
490 1013
491 313
491 492
492 500
493 494
493 644
494 885
495 147
495 496
496 763
497 428
497 498
498 66
499 500
499 767
500 6
501 502
501 1094
502 564
503 504
503 734
504 1100
505 119
505 506
506 120
507 508
507 1012
508 927
509 510
509 546
510 755
511 512
511 799
512 890
513 514
513 555
514 1016
515 71
515 516
516 584
517 518
517 1053
518 458
519 520
519 1081
520 92
521 47
521 522
522 234
523 256
523 524
524 1017
525 102
525 526
526 1096
527 528
527 837
528 862
529 530
529 657
530 994
531 473
531 532
532 959
533 534
533 915
534 128
535 536
535 983
536 835
537 538
537 619
538 1051
539 523
539 540
540 1030
541 542
541 859
542 490
543 544
543 989
544 369
545 546
545 809
546 677
547 548
547 965
548 502
549 550
549 587
550 109
551 141
551 552
552 1213
553 554
553 733
554 278
555 556
555 1041
556 1075
557 220
557 558
558 439
559 560
559 1033
560 32
561 562
561 943
562 453
563 165
563 564
564 904
565 14
565 566
566 417
567 409
567 568
568 496
569 437
569 570
570 1182
571 572
571 661
572 966
573 156
573 574
574 317
575 45
575 576
576 136
577 237
577 578
578 1082
579 247
579 580
580 273
581 582
581 714
582 1207
583 584
583 649
584 1196
585 586
585 1146
586 242
587 588
587 1175
588 751
589 590
589 769
590 1212
591 592
591 1045
592 1198
593 594
593 1183
594 606
595 596
595 790
596 846
597 598
597 1084
598 272
599 359
599 600
600 204
601 602
601 1003
602 349
603 591
603 604
604 894
605 263
605 606
606 28
607 121
607 608
608 962
609 610
609 990
610 108
611 612
611 723
612 194
613 367
613 614
614 163
615 393
615 616
616 1133
617 524
617 618
618 1024
619 311
619 620
620 909
621 305
621 622
622 1072
623 38
623 624
624 684
625 626
625 682
626 1138
627 628
627 1171
628 712
629 75
629 630
630 816
631 632
631 771
632 517
633 26
633 634
634 87
635 187
635 636
636 484
637 35
637 638
638 340
639 640
639 874
640 852
641 615
641 642
642 1035
643 644
643 1143
644 609
645 210
645 646
646 50
647 377
647 648
648 433
649 650
649 808
650 520
651 652
651 863
652 101
653 134
653 654
654 719
655 155
655 656
656 526
657 558
657 658
658 946
659 660
659 825
660 1065
661 662
661 1093
662 506
663 589
663 664
664 508
665 449
665 666
666 975
667 668
667 1060
668 167
669 670
669 1161
670 972
671 189
671 672
672 720
673 451
673 674
674 348
675 125
675 676
676 930
677 678
677 934
678 2
679 423
679 680
680 169
681 682
681 691
682 51
683 684
683 1115
684 73
685 686
685 919
686 1168
687 337
687 688
688 61
689 690
689 1021
690 638
691 692
691 810
692 750
693 174
693 694
694 420
695 696
695 871
696 144
697 698
697 768
698 563
699 700
699 740
700 457
701 579
701 702
702 697
703 596
703 704
704 608
705 706
705 1029
706 1052
707 708
707 847
708 436
709 574
709 710
710 992
711 225
711 712
712 650
713 714
713 745
714 1109
715 716
715 843
716 1070
717 25
717 718
718 5
719 680
719 720
720 926
721 1
721 722
722 94
723 724
723 923
724 404
725 539
725 726
726 1090
727 179
727 728
728 407
729 730
729 1151
730 531
731 515
731 732
732 322
733 131
733 734
734 538
735 601
735 736
736 21
737 738
737 895
738 432
739 633
739 740
740 982
741 594
741 742
742 590
743 68
743 744
744 100
745 746
745 925
746 577
747 358
747 748
748 257
749 573
749 750
750 1202
751 486
751 752
752 640
753 469
753 754
754 396
755 81
755 756
756 842
757 758
757 1036
758 76
759 760
759 958
760 376
761 9
761 762
762 438
763 764
763 1185
764 942
765 766
765 797
766 939
767 137
767 768
768 938
769 493
769 770
770 12
771 37
771 772
772 780
773 232
773 774
774 16
775 56
775 776
776 998
777 239
777 778
778 200
779 717
779 780
780 872
781 243
781 782
782 246
783 784
783 1147
784 1200
785 487
785 786
786 604
787 82
787 788
788 172
789 23
789 790
790 1063
791 203
791 792
792 726
793 666
793 794
794 744
795 796
795 1039
796 706
797 798
797 821
798 265
799 673
799 800
800 737
801 4
801 802
802 227
803 261
803 804
804 205
805 280
805 806
806 104
807 808
807 1046
808 572
809 269
809 810
810 1025
811 154
811 812
812 352
813 814
813 1123
814 924
815 816
815 879
816 260
817 818
817 944
818 244
819 552
819 820
820 598
821 561
821 822
822 440
823 686
823 824
824 107
825 671
825 826
826 827
827 828
827 933
828 817
829 709
829 830
830 957
831 385
831 832
832 742
833 834
833 913
834 592
835 681
835 836
836 908
837 301
837 838
838 254
839 593
839 840
840 880
841 603
841 842
842 238
843 294
843 844
844 575
845 846
845 1026
846 479
847 331
847 848
848 562
849 850
849 988
850 576
851 852
851 1062
852 62
853 427
853 854
854 394
855 853
855 856
856 1054
857 858
857 1177
858 145
859 860
859 889
860 970
861 862
861 1132
862 106
863 864
863 1141
864 402
865 541
865 866
866 193
867 868
867 1153
868 514
869 870
869 1167
870 158
871 557
871 872
872 48
873 655
873 874
874 953
875 98
875 876
876 380
877 678
877 878
878 327
879 880
879 1049
880 365
881 867
881 882
882 395
883 568
883 884
884 74
885 510
885 886
886 741
887 631
887 888
888 976
889 779
889 890
890 658
891 208
891 892
892 258
893 716
893 894
894 124
895 629
895 896
896 868
897 621
897 898
898 1166
899 900
899 1111
900 794
901 749
901 902
902 1136
903 904
903 905
904 326
905 77
905 906
906 299
907 908
907 1201
908 1164
909 599
909 910
910 820
911 899
911 912
912 151
913 914
913 1165
914 255
915 571
915 916
916 731
917 753
917 918
918 984
919 813
919 920
920 1145
921 713
921 922
922 10
923 924
923 1193
924 7
925 926
925 1009
926 11
927 928
927 995
928 778
929 930
929 1059
930 977
931 543
931 932
932 1187
933 456
933 934
934 391
935 588
935 936
936 866
937 219
937 938
938 333
939 777
939 940
940 472
941 942
941 1190
942 84
943 826
943 944
944 700
945 430
945 946
946 110
947 881
947 948
948 722
949 447
949 950
950 192
951 805
951 952
952 443
953 478
953 954
954 347
955 494
955 956
956 512
957 958
957 968
958 892
959 922
959 960
960 408
961 711
961 962
962 554
963 97
963 964
964 798
965 253
965 966
966 55
967 869
967 968
968 698
969 635
969 970
970 139
971 424
971 972
972 583
973 878
973 974
974 851
975 197
975 976
976 146
977 643
977 978
978 728
979 931
979 980
980 1140
981 982
981 1135
982 303
983 947
983 984
984 171
985 724
985 986
986 406
987 865
987 988
988 112
989 411
989 990
990 1114
991 675
991 992
992 1074
993 566
993 994
994 170
995 310
995 996
996 1152
997 998
997 1125
998 336
999 801
999 1000
1000 782
1001 434
1001 1002
1002 936
1003 315
1003 1004
1004 388
1005 1006
1005 1095
1006 79
1007 654
1007 1008
1008 536
1009 188
1009 1010
1010 1154
1011 185
1011 1012
1012 351
1013 855
1013 1014
1014 1192
1015 382
1015 1016
1016 516
1017 630
1017 1018
1018 372
1019 634
1019 1020
1020 610
1021 13
1021 1022
1022 470
1023 304
1023 1024
1024 298
1025 67
1025 1026
1026 693
1027 665
1027 1028
1028 1038
1029 903
1029 1030
1030 1150
1031 491
1031 1032
1032 1091
1033 828
1033 1034
1034 1108
1035 270
1035 1036
1036 356
1037 1038
1037 1088
1038 1019
1039 702
1039 1040
1040 822
1041 857
1041 1042
1042 595
1043 386
1043 1044
1044 642
1045 241
1045 1046
1046 148
1047 553
1047 1048
1048 597
1049 1050
1049 1163
1050 384
1051 83
1051 1052
1052 1176
1053 519
1053 1054
1054 182
1055 450
1055 1056
1056 224
1057 215
1057 1058
1058 960
1059 175
1059 1060
1060 921
1061 1062
1061 1157
1062 932
1063 674
1063 1064
1064 1178
1065 1047
1065 1066
1066 1126
1067 937
1067 1068
1068 300
1069 173
1069 1070
1070 832
1071 795
1071 1072
1072 345
1073 370
1073 1074
1074 122
1075 800
1075 1076
1076 20
1077 1078
1077 1080
1078 1205
1079 229
1079 1080
1080 964
1081 6
1081 1082
1082 72
1083 1084
1083 1188
1084 849
1085 1086
1085 1097
1086 378
1087 123
1087 1088
1088 1032
1089 9
1089 1090
1090 1204
1091 103
1091 1092
1092 375
1093 509
1093 1094
1094 1098
1095 979
1095 1096
1096 940
1097 765
1097 1098
1098 306
1099 513
1099 1100
1100 570
1101 812
1101 1102
1102 488
1103 1104
1103 1127
1104 176
1105 738
1105 1106
1106 328
1107 1108
1107 1137
1108 704
1109 1110
1109 1162
1110 1078
1111 64
1111 1112
1112 920
1113 357
1113 1114
1114 216
1115 1116
1115 1199
1116 320
1117 1089
1117 1118
1118 1180
1119 217
1119 1120
1120 366
1121 57
1121 1122
1122 974
1123 669
1123 1124
1124 900
1125 695
1125 1126
1126 945
1127 287
1127 1128
1128 586
1129 759
1129 1130
1130 1118
1131 1113
1131 1132
1132 421
1133 291
1133 1134
1134 950
1135 969
1135 1136
1136 547
1137 803
1137 1138
1138 297
1139 833
1139 1140
1140 8
1141 999
1141 1142
1142 1156
1143 292
1143 1144
1144 956
1145 264
1145 1146
1146 415
1147 1067
1147 1148
1148 1061
1149 1150
1149 1208
1150 710
1151 482
1151 1152
1152 138
1153 687
1153 1154
1154 480
1155 353
1155 1156
1156 132
1157 935
1157 1158
1158 463
1159 917
1159 1160
1160 788
1161 113
1161 1162
1162 177
1163 114
1163 1164
1164 235
1165 1079
1165 1166
1166 1102
1167 729
1167 1168
1168 824
1169 912
1169 1170
1170 645
1171 626
1171 1172
1172 422
1173 233
1173 1174
1174 33
1175 901
1175 1176
1176 452
1177 535
1177 1178
1178 1077
1179 676
1179 1180
1180 1034
1181 511
1181 1182
1182 1048
1183 773
1183 1184
1184 476
1185 602
1185 1186
1186 18
1187 410
1187 1188
1188 1001
1189 343
1189 1190
1190 52
1191 159
1191 1192
1192 1004
1193 448
1193 1194
1194 212
1195 1189
1195 1196
1196 360
1197 987
1197 1198
1198 876
1199 739
1199 1200
1200 65
1201 991
1201 1202
1202 600
1203 736
1203 1204
1204 268
1205 201
1205 1206
1206 996
1207 955
1207 1208
1208 858
1209 419
1209 1210
1210 986
1211 766
1211 1212
1212 22
1213 41
1213 1214
1214 823
