0 423
0 575
2 631
2 729
3 287
3 975
4 1019
4 1207
6 856
5 913
7 264
7 301
8 362
8 808
9 612
10 1150
13 494
13 909
15 739
15 995
17 71
17 482
19 656
19 966
21 377
21 508
23 24
23 197
24 705
25 26
25 1094
26 1162
27 28
27 515
28 1000
29 30
29 348
30 1064
31 32
31 331
32 1141
33 34
33 140
34 835
35 36
35 1121
36 23
37 38
37 1197
38 748
39 40
39 519
40 517
41 42
41 1114
42 942
43 44
43 651
44 94
45 38
45 46
46 234
47 48
47 437
48 836
49 50
49 241
50 530
51 52
51 325
52 123
53 54
53 1178
54 1056
55 56
55 807
56 242
57 58
57 568
58 86
59 60
59 547
60 340
61 62
61 188
62 796
63 64
63 1093
64 932
65 66
65 997
66 609
67 68
67 1013
68 1202
69 70
69 280
70 719
71 72
71 795
72 435
73 65
73 74
74 52
75 76
75 521
76 1106
77 78
77 266
78 540
79 80
79 1066
80 965
81 82
81 181
82 300
83 84
83 282
84 708
85 86
85 251
86 193
87 88
87 817
88 551
89 87
89 90
90 841
91 92
91 332
92 206
93 94
93 259
94 918
95 69
95 96
96 1174
97 98
97 770
98 534
99 100
99 204
100 153
101 102
101 693
102 1120
103 104
103 661
104 1194
105 106
105 131
106 158
107 108
107 433
108 718
109 73
109 110
110 252
111 112
111 1052
112 19
113 114
113 451
114 176
115 116
115 535
116 1122
117 118
117 791
118 647
119 120
119 840
120 256
121 122
121 581
122 40
123 124
123 570
124 929
125 126
125 225
126 981
127 128
127 493
128 492
129 130
129 543
130 448
131 132
131 401
132 513
133 134
133 662
134 713
135 136
135 456
136 422
137 138
137 480
138 1050
139 140
139 1003
140 620
141 142
141 773
142 1047
143 144
143 877
144 426
145 146
145 375
146 9
147 148
147 291
148 1022
149 55
149 150
150 219
151 152
151 1115
152 957
153 154
153 851
154 445
155 156
155 805
156 50
157 158
157 413
158 706
159 160
159 485
160 396
161 110
161 162
162 114
163 164
163 190
164 874
165 166
165 527
166 1177
167 168
167 368
168 374
169 170
169 481
170 1164
171 172
171 1133
172 64
173 174
173 501
174 462
175 176
175 1071
176 380
177 178
177 488
178 728
179 180
179 771
180 1
181 182
181 677
182 829
183 184
183 623
184 928
185 186
185 785
186 1061
187 188
187 646
188 20
189 190
189 579
190 1154
191 192
191 1131
192 688
193 194
193 278
194 595
195 120
195 196
196 1116
197 198
197 246
198 1146
199 200
199 289
200 16
201 202
201 393
202 354
203 204
203 742
204 1089
205 206
205 1044
206 694
207 81
207 208
208 818
209 210
209 891
210 584
211 212
211 460
212 104
213 133
213 214
214 607
215 216
215 221
216 152
217 218
217 621
218 629
219 220
219 994
220 990
221 222
221 449
222 613
223 224
223 255
224 625
225 226
225 659
226 636
227 228
227 1151
228 171
229 230
229 235
230 1108
231 232
231 395
232 317
233 234
233 889
234 324
235 236
235 571
236 370
237 238
237 1011
238 898
239 240
239 727
240 1074
241 242
241 892
242 973
243 244
243 869
244 439
245 246
245 1055
246 876
247 59
247 248
248 756
249 250
249 263
250 660
251 252
251 1173
252 964
253 155
253 254
254 8
255 256
255 477
256 310
257 258
257 931
258 232
259 260
259 1053
260 794
261 262
261 1200
262 757
263 264
263 545
264 914
265 266
265 356
266 615
267 268
267 955
268 961
269 270
269 349
270 686
271 272
271 1135
272 1015
273 274
273 977
274 116
275 276
275 998
276 1040
277 278
277 797
278 296
279 177
279 280
280 747
281 58
281 282
282 418
283 284
283 381
284 1214
285 286
285 1161
286 205
287 4
287 288
288 281
289 290
289 1085
290 812
291 292
291 1051
292 196
293 294
293 673
294 440
295 187
295 296
296 958
297 298
297 691
298 1038
299 300
299 443
300 402
301 302
301 638
302 394
303 297
303 304
304 41
305 306
305 361
306 486
307 308
307 733
308 182
309 310
309 468
310 1176
311 312
311 390
312 53
313 314
313 518
314 1046
315 316
315 601
316 632
317 284
317 318
318 754
319 154
319 320
320 745
321 322
321 669
322 161
323 324
323 853
324 1027
325 326
325 952
326 788
327 328
327 653
328 286
329 330
329 605
330 1153
331 332
331 576
332 617
333 334
333 550
334 474
335 215
335 336
336 1062
337 218
337 338
338 832
339 224
339 340
340 948
341 342
341 505
342 846
343 344
343 1167
344 996
345 307
345 346
346 257
347 348
347 671
348 210
349 350
349 461
350 125
351 49
351 352
352 819
353 354
353 882
354 84
355 356
355 635
356 1127
357 358
357 769
358 1118
359 150
359 360
360 1010
361 362
361 767
362 290
363 216
363 364
364 346
365 366
365 587
366 117
367 321
367 368
368 839
369 254
369 370
370 444
371 295
371 372
372 112
373 366
373 374
374 726
375 85
375 376
376 548
377 253
377 378
378 13
379 380
379 496
380 749
381 378
381 382
382 24
383 323
383 384
384 371
385 239
385 386
386 183
387 388
387 731
388 667
389 390
389 1201
390 464
391 209
391 392
392 698
393 394
393 921
394 582
395 396
395 790
396 761
397 398
397 1039
398 1099
399 400
399 873
400 1088
401 402
401 557
402 412
403 105
403 404
404 1195
405 379
405 406
406 675
407 408
407 695
408 578
409 109
409 410
410 549
411 412
411 842
412 160
413 414
413 870
414 711
415 416
415 896
416 478
417 373
417 418
418 434
419 189
419 420
420 1140
421 422
421 781
422 470
423 424
423 525
424 372
425 132
425 426
426 806
427 78
427 428
428 500
429 142
429 430
430 1198
431 184
431 432
432 546
433 434
433 831
434 1004
435 436
435 716
436 1098
437 438
437 999
438 672
439 440
439 565
440 562
441 442
441 611
442 484
443 369
443 444
444 62
445 247
445 446
446 782
447 410
447 448
448 1203
449 227
449 450
450 1043
451 452
451 867
452 100
453 454
453 585
454 97
455 159
455 456
456 1181
457 304
457 458
458 1212
459 151
459 460
460 428
461 462
461 1070
462 244
463 464
463 679
464 268
465 167
465 466
466 202
467 468
467 935
468 879
469 470
469 603
470 326
471 472
471 857
472 700
473 474
473 786
474 588
475 476
475 1067
476 21
477 478
477 979
478 334
479 480
479 987
480 1182
481 265
481 482
482 516
483 382
483 484
484 1210
485 77
485 486
486 320
487 488
487 1144
488 701
489 490
489 1211
490 1190
491 492
491 939
492 1170
493 494
493 992
494 920
495 496
495 1014
496 427
497 498
497 777
498 1096
499 299
499 500
500 163
501 469
501 502
502 1100
503 504
503 738
504 862
505 506
505 1037
506 421
507 508
507 804
508 220
509 510
509 1156
510 680
511 27
511 512
512 1145
513 514
513 637
514 610
515 127
515 516
516 512
517 518
517 938
518 768
519 520
519 779
520 1209
521 522
521 1132
522 1009
523 384
523 524
524 573
525 75
525 526
526 166
527 92
527 528
528 844
529 39
529 530
530 811
531 121
531 532
532 890
533 82
533 534
534 1080
535 407
535 536
536 772
537 327
537 538
538 893
539 540
539 980
540 668
541 529
541 542
542 852
543 544
543 1049
544 861
545 388
545 546
546 483
547 548
547 699
548 626
549 452
549 550
550 1083
551 552
551 895
552 108
553 400
553 554
554 211
555 298
555 556
556 1169
557 558
557 709
558 827
559 560
559 886
560 752
561 88
561 562
562 18
563 315
563 564
564 338
565 376
565 566
566 560
567 568
567 591
568 774
569 570
569 1139
570 420
571 406
571 572
572 902
573 574
573 712
574 820
575 489
575 576
576 56
577 497
577 578
578 740
579 580
579 826
580 944
581 147
581 582
582 98
583 7
583 584
584 684
585 586
585 678
586 1138
587 588
587 847
588 54
589 590
589 703
590 106
591 367
591 592
592 195
593 594
593 850
594 1068
595 596
595 697
596 229
597 598
597 988
598 614
599 600
599 1125
600 552
601 602
601 821
602 283
603 441
603 604
604 43
605 558
605 606
606 1076
607 608
607 730
608 504
609 610
609 825
610 126
611 612
611 814
612 358
613 614
613 925
614 502
615 262
615 616
616 1034
617 618
617 916
618 311
619 620
619 1069
620 29
621 622
621 663
622 1192
623 624
623 875
624 976
625 319
625 626
626 800
627 628
627 993
628 238
629 322
629 630
630 343
631 632
631 927
632 74
633 553
633 634
634 590
635 273
635 636
636 1112
637 63
637 638
638 670
639 640
639 1163
640 490
641 145
641 642
642 906
643 644
643 1175
644 17
645 425
645 646
646 567
647 507
647 648
648 778
649 602
649 650
650 933
651 652
651 1193
652 802
653 389
653 654
654 592
655 524
655 656
656 162
657 658
657 974
658 622
659 15
659 660
660 714
661 654
661 662
662 881
663 664
663 923
664 864
665 236
665 666
666 446
667 101
667 668
668 536
669 279
669 670
670 1159
671 555
671 672
672 784
673 674
673 859
674 1102
675 624
675 676
676 950
677 678
677 1206
678 1006
679 156
679 680
680 593
681 399
681 682
682 941
683 95
683 684
684 436
685 76
685 686
686 776
687 130
687 688
688 1204
689 129
689 690
690 692
691 231
691 692
692 318
693 643
693 694
694 1180
695 696
695 848
696 960
697 698
697 787
698 970
699 411
699 700
700 1078
701 702
701 951
702 457
703 704
703 743
704 1196
705 137
705 706
706 572
707 498
707 708
708 1172
709 563
709 710
710 1097
711 712
711 741
712 630
713 714
713 1090
714 878
715 716
715 1079
716 424
717 718
717 763
718 982
719 633
719 720
720 172
721 363
721 722
722 897
723 724
723 809
724 30
725 726
725 792
726 746
727 350
727 728
728 432
729 604
729 730
730 652
731 25
731 732
732 1157
733 476
733 734
734 628
735 736
735 1063
736 963
737 702
737 738
738 1148
739 233
739 740
740 10
741 559
741 742
742 1165
743 717
743 744
744 306
745 746
745 1110
746 276
747 522
747 748
748 978
749 750
749 922
750 834
751 752
751 764
752 245
753 754
753 1147
754 214
755 756
755 1187
756 514
757 758
757 1095
758 68
759 83
759 760
760 910
761 314
761 762
762 780
763 467
763 764
764 503
765 103
765 766
766 608
767 768
767 1213
768 1136
769 770
769 1134
770 260
771 772
771 1007
772 657
773 774
773 799
774 313
775 203
775 776
776 1104
777 778
777 1155
778 72
779 780
779 991
780 954
781 644
781 782
782 674
783 784
783 833
784 1208
785 786
785 968
786 1077
787 732
787 788
788 294
789 755
789 790
790 901
791 523
791 792
792 1030
793 794
793 1026
794 915
795 136
795 796
796 1041
797 303
797 798
798 135
799 800
799 1025
800 194
801 269
801 802
802 655
803 386
803 804
804 1024
805 806
805 863
806 934
807 808
807 884
808 212
809 606
809 810
810 531
811 759
811 812
812 288
813 681
813 814
814 277
815 249
815 816
816 463
817 818
817 986
818 1032
819 721
819 820
820 10
821 577
821 822
822 333
823 6
823 824
824 1018
825 826
825 1143
826 854
827 828
827 1075
828 830
829 6
829 830
830 226
831 509
831 832
832 1008
833 736
833 834
834 124
835 511
835 836
836 1028
837 541
837 838
838 1129
839 597
839 840
840 447
841 783
841 842
842 866
843 844
843 1057
844 466
845 846
845 904
846 532
847 191
847 848
848 589
849 335
849 850
850 416
851 2
851 852
852 1042
853 267
853 854
854 715
855 228
855 856
856 1184
857 858
857 1073
858 67
859 89
859 860
860 383
861 353
861 862
862 598
863 737
863 864
864 316
865 866
865 983
866 495
867 798
867 868
868 816
869 801
869 870
870 1029
871 141
871 872
872 359
873 143
873 874
874 342
875 487
875 876
876 364
877 185
877 878
878 762
879 431
879 880
880 616
881 710
881 882
882 360
883 243
883 884
884 42
885 886
885 1001
886 580
887 735
887 888
888 475
889 753
889 890
890 1016
891 417
891 892
892 1045
893 894
893 1017
894 168
895 139
895 896
896 533
897 405
897 898
898 1048
899 57
899 900
900 9
901 902
901 1171
902 344
903 904
903 1123
904 90
905 274
905 906
906 22
907 223
907 908
908 47
909 33
909 910
910 905
911 645
911 912
912 539
913 871
913 914
914 1191
915 916
915 1128
916 336
917 119
917 918
918 596
919 682
919 920
920 1031
921 855
921 922
922 544
923 345
923 924
924 1111
925 885
925 926
926 213
927 208
927 928
928 1130
929 828
929 930
930 12
931 347
931 932
932 634
933 934
933 1065
934 566
935 355
935 936
936 430
937 165
937 938
938 924
939 751
939 940
940 45
941 5
941 942
942 351
943 113
943 944
944 174
945 111
945 946
946 676
947 948
947 984
948 11
949 724
949 950
950 60
951 639
951 952
952 175
953 760
953 954
954 600
955 285
955 956
956 683
957 491
957 958
958 1166
959 888
959 960
960 666
961 962
961 1054
962 930
963 149
963 964
964 312
965 966
965 1158
966 472
967 403
967 968
968 860
969 107
969 970
970 192
971 972
971 1205
972 865
973 37
973 974
974 564
975 789
975 976
976 690
977 943
977 978
978 648
979 980
979 1005
980 526
981 946
981 982
982 528
983 222
983 984
984 900
985 641
985 986
986 35
987 775
987 988
988 450
989 956
989 990
990 510
991 815
991 992
992 99
993 34
993 994
994 1084
995 66
995 996
996 1142
997 998
997 1113
998 357
999 93
999 1000
1000 1119
1001 1002
1001 1109
1002 473
1003 419
1003 1004
1004 650
1005 365
1005 1006
1006 940
1007 1008
1007 1023
1008 44
1009 465
1009 1010
1010 61
1011 51
1011 1012
1012 80
1013 272
1013 1014
1014 1059
1015 305
1015 1016
1016 48
1017 725
1017 1018
1018 766
1019 293
1019 1020
1020 1149
1021 270
1021 1022
1022 506
1023 917
1023 1024
1024 586
1025 391
1025 1026
1026 1117
1027 1002
1027 1028
1028 1035
1029 5
1029 1030
1030 115
1031 912
1031 1032
1032 937
1033 722
1033 1034
1034 704
1035 936
1035 1036
1036 1186
1037 537
1037 1038
1038 404
1039 438
1039 1040
1040 1185
1041 442
1041 1042
1042 198
1043 538
1043 1044
1044 899
1045 179
1045 1046
1046 1168
1047 173
1047 1048
1048 750
1049 1050
1049 1199
1050 665
1051 640
1051 1052
1052 744
1053 803
1053 1054
1054 36
1055 178
1055 1056
1056 949
1057 599
1057 1058
1058 962
1059 328
1059 1060
1060 96
1061 868
1061 1062
1062 765
1063 3
1063 1064
1064 687
1065 1066
1065 1126
1066 1072
1067 1068
1067 1091
1068 947
1069 969
1069 1070
1070 385
1071 793
1071 1072
1072 926
1073 843
1073 1074
1074 79
1075 261
1075 1076
1076 429
1077 414
1077 1078
1078 230
1079 339
1079 1080
1080 664
1081 387
1081 1082
1082 1036
1083 1084
1083 1152
1084 458
1085 271
1085 1086
1086 186
1087 217
1087 1088
1088 337
1089 810
1089 1090
1090 945
1091 911
1091 1092
1092 720
1093 689
1093 1094
1094 1103
1095 1096
1095 1179
1096 1086
1097 258
1097 1098
1098 14
1099 330
1099 1100
1100 32
1101 1102
1101 1160
1102 392
1103 329
1103 1104
1104 91
1105 883
1105 1106
1106 31
1107 499
1107 1108
1108 200
1109 479
1109 1110
1110 880
1111 685
1111 1112
1112 824
1113 1114
1113 1189
1114 649
1115 569
1115 1116
1116 102
1117 972
1117 1118
1118 248
1119 561
1119 1120
1120 1058
1121 967
1121 1122
1122 134
1123 28
1123 1124
1124 408
1125 908
1125 1126
1126 823
1127 903
1127 1128
1128 1060
1129 1020
1129 1130
1130 138
1131 459
1131 1132
1132 627
1133 845
1133 1134
1134 46
1135 858
1135 1136
1136 170
1137 1124
1137 1138
1138 894
1139 1140
1139 1183
1140 658
1141 1101
1141 1142
1142 642
1143 971
1143 1144
1144 207
1145 574
1145 1146
1146 734
1147 157
1147 1148
1148 453
1149 397
1149 1150
1150 556
1151 813
1151 1152
1152 520
1153 118
1153 1154
1154 415
1155 907
1155 1156
1156 1105
1157 1158
1157 1188
1158 872
1159 275
1159 1160
1160 696
1161 959
1161 1162
1162 70
1163 723
1163 1164
1164 352
1165 758
1165 1166
1166 128
1167 554
1167 1168
1168 1012
1169 164
1169 1170
1170 594
1171 1087
1171 1172
1172 1092
1173 887
1173 1174
1174 1021
1175 919
1175 1176
1176 148
1177 26
1177 1178
1178 308
1179 237
1179 1180
1180 1107
1181 201
1181 1182
1182 240
1183 471
1183 1184
1184 144
1185 292
1185 1186
1186 250
1187 341
1187 1188
1188 618
1189 985
1189 1190
1190 989
1191 122
1191 1192
1192 1082
1193 822
1193 1194
1194 1137
1195 309
1195 1196
1196 302
1197 454
1197 1198
1198 398
1199 1081
1199 1200
1200 837
1201 455
1201 1202
1202 707
1203 953
1203 1204
1204 146
1205 169
1205 1206
1206 199
1207 619
1207 1208
1208 1033
1209 583
1209 1210
1210 542
1211 409
1211 1212
1212 180
1213 849
1213 1214
1214 838
