0 123
0 331
2 291
2 1104
3 505
3 1055
5 184
4 704
4 842
6 408
9 599
9 796
10 549
10 959
11 379
12 964
13 320
13 1173
15 1130
15 1194
17 889
17 941
19 135
19 1064
21 274
21 554
23 24
23 269
24 218
25 26
25 860
26 1176
27 28
27 329
28 806
29 30
29 1192
30 335
31 32
31 757
32 381
33 34
33 167
34 856
35 36
35 754
36 1202
37 38
37 873
38 604
39 40
39 43
40 336
41 42
41 165
42 728
43 44
43 605
44 437
45 46
45 871
46 16
47 48
47 401
48 304
49 50
49 630
50 744
51 6
51 52
52 1113
53 54
53 911
54 1003
55 56
55 159
56 739
57 58
57 482
58 646
59 60
59 100
60 890
61 62
61 879
62 1076
63 64
63 612
64 720
65 66
65 961
66 725
67 68
67 155
68 571
69 70
69 811
70 47
71 72
71 809
72 1074
73 74
73 467
74 472
75 76
75 362
76 1080
77 78
77 285
78 753
79 80
79 493
80 617
81 82
81 695
82 937
83 84
83 1213
84 404
85 86
85 1004
86 904
87 88
87 259
88 416
89 90
89 741
90 565
91 92
91 366
92 1034
93 94
93 225
94 590
95 96
95 431
96 220
97 98
97 767
98 670
99 100
99 894
100 902
101 102
101 781
102 359
103 104
103 589
104 766
105 106
105 197
106 388
107 108
107 844
108 1063
109 110
109 464
110 28
111 112
111 1031
112 138
113 114
113 726
114 542
115 116
115 344
116 136
117 9
117 118
118 131
119 120
119 1019
120 865
121 103
121 122
122 1184
123 124
123 615
124 264
125 126
125 1115
126 79
127 128
127 681
128 86
129 130
129 1146
130 1039
131 132
131 917
132 318
133 134
133 161
134 1185
135 136
135 1124
136 884
137 138
137 174
138 64
139 140
139 949
140 772
141 142
141 442
142 1162
143 144
143 1142
144 925
145 146
145 1000
146 376
147 148
147 183
148 446
149 150
149 298
150 1138
151 18
151 152
152 970
153 154
153 1166
154 1008
155 156
155 201
156 340
157 158
157 403
158 1054
159 95
159 160
160 619
161 162
161 523
162 1198
163 164
163 990
164 546
165 39
165 166
166 1029
167 133
167 168
168 510
169 170
169 486
170 206
171 172
171 179
172 556
173 174
173 1157
174 94
175 176
175 685
176 157
177 178
177 326
178 145
179 180
179 473
180 1098
181 182
181 299
182 1128
183 184
183 693
184 522
185 66
185 186
186 342
187 188
187 551
188 803
189 190
189 835
190 932
191 192
191 1211
192 1110
193 194
193 735
194 125
195 196
195 1112
196 677
197 198
197 249
198 966
199 191
199 200
200 537
201 202
201 1133
202 260
203 112
203 204
204 1
205 206
205 1127
206 1096
207 208
207 1028
208 758
209 210
209 536
210 309
211 212
211 737
212 1002
213 127
213 214
214 1022
215 216
215 503
216 24
217 218
217 745
218 1082
219 220
219 632
220 434
221 222
221 968
222 734
223 224
223 319
224 1208
225 226
225 365
226 943
227 228
227 933
228 608
229 230
229 674
230 836
231 232
231 877
232 703
233 234
233 746
234 242
235 236
235 575
236 870
237 186
237 238
238 979
239 240
239 997
240 451
241 242
241 1061
242 1044
243 226
243 244
244 406
245 246
245 453
246 891
247 248
247 348
248 130
249 250
249 373
250 158
251 71
251 252
252 798
253 254
253 455
254 426
255 180
255 256
256 236
257 258
257 597
258 246
259 260
259 445
260 586
261 262
261 730
262 524
263 264
263 671
264 262
265 266
265 600
266 560
267 268
267 606
268 602
269 270
269 1193
270 698
271 272
271 1204
272 838
273 274
273 334
274 511
275 276
275 912
276 462
277 278
277 567
278 718
279 280
279 901
280 414
281 282
281 1153
282 50
283 51
283 284
284 650
285 286
285 960
286 190
287 288
287 712
288 60
289 290
289 820
290 1072
291 292
291 1012
292 1108
293 294
293 909
294 360
295 219
295 296
296 622
297 181
297 298
298 357
299 193
299 300
300 807
301 153
301 302
302 863
303 304
303 1171
304 1200
305 306
305 528
306 397
307 308
307 827
308 1141
309 310
309 648
310 248
311 312
311 1123
312 374
313 314
313 1089
314 1016
315 316
315 1203
316 541
317 318
317 603
318 1136
319 320
319 1025
320 1006
321 87
321 322
322 229
323 324
323 843
324 317
325 85
325 326
326 1037
327 328
327 613
328 492
329 330
329 349
330 1048
331 332
331 667
332 802
333 78
333 334
334 432
335 214
335 336
336 588
337 256
337 338
338 1154
339 340
339 553
340 906
341 342
341 791
342 89
343 344
343 470
344 1102
345 346
345 1087
346 494
347 348
347 519
348 774
349 350
349 769
350 363
351 295
351 352
352 812
353 354
353 808
354 620
355 356
355 666
356 1094
357 104
357 358
358 880
359 2
359 360
360 1186
361 362
361 471
362 283
363 211
363 364
364 238
365 366
365 713
366 775
367 368
367 1027
368 683
369 67
369 370
370 1088
371 372
371 793
372 1083
373 300
373 374
374 1174
375 372
375 376
376 212
377 378
377 512
378 122
379 380
379 751
380 813
381 382
381 516
382 676
383 384
383 481
384 692
385 83
385 386
386 110
387 388
387 415
388 817
389 390
389 409
390 289
391 392
391 521
392 485
393 196
393 394
394 182
395 396
395 1053
396 286
397 398
397 558
398 1183
399 400
399 675
400 525
401 384
401 402
402 270
403 404
403 977
404 1188
405 406
405 642
406 80
407 408
407 1167
408 1156
409 410
409 1075
410 548
411 412
411 945
412 147
413 207
413 414
414 1172
415 416
415 777
416 701
417 418
417 980
418 1118
419 420
419 691
420 1207
421 422
421 499
422 581
423 424
423 1182
424 658
425 426
425 828
426 1058
427 202
427 428
428 520
429 430
429 1005
430 1149
431 432
431 839
432 714
433 434
433 749
434 508
435 436
435 535
436 448
437 438
437 857
438 45
439 111
439 440
440 1001
441 12
441 442
442 70
443 407
443 444
444 173
445 371
445 446
446 660
447 387
447 448
448 547
449 450
449 915
450 233
451 452
451 922
452 854
453 454
453 987
454 1140
455 456
455 1196
456 951
457 458
457 958
458 983
459 287
459 460
460 440
461 462
461 897
462 967
463 347
463 464
464 596
465 36
465 466
466 832
467 435
467 468
468 852
469 470
469 501
470 251
471 472
471 875
472 996
473 279
473 474
474 786
475 476
475 1091
476 37
477 478
477 1165
478 124
479 480
479 577
480 962
481 393
481 482
482 356
483 369
483 484
484 255
485 486
485 584
486 502
487 488
487 694
488 141
489 169
489 490
490 752
491 116
491 492
492 436
493 494
493 1181
494 62
495 496
495 569
496 563
497 117
497 498
498 1020
499 500
499 1060
500 509
501 502
501 1155
502 717
503 109
503 504
504 203
505 54
505 506
506 1038
507 508
507 568
508 1158
509 99
509 510
510 234
511 156
511 512
512 533
513 56
513 514
514 850
515 281
515 516
516 899
517 518
517 833
518 710
519 520
519 1051
520 22
521 217
521 522
522 672
523 456
523 524
524 68
525 526
525 664
526 956
527 528
527 1065
528 1097
529 480
529 530
530 266
531 235
531 532
532 504
533 534
533 868
534 794
535 35
535 536
536 531
537 538
537 557
538 450
539 540
539 955
540 97
541 230
541 542
542 708
543 75
543 544
544 303
545 546
545 716
546 383
547 58
547 548
548 678
549 495
549 550
550 764
551 552
551 921
552 271
553 353
553 554
554 188
555 261
555 556
556 332
557 558
557 1206
558 1050
559 26
559 560
560 1056
561 134
561 562
562 52
563 564
563 859
564 280
565 566
565 1035
566 168
567 568
567 1164
568 818
569 570
569 635
570 776
571 258
571 572
572 484
573 574
573 963
574 1210
575 555
575 576
576 457
577 517
577 578
578 696
579 580
579 778
580 143
581 582
581 633
582 1106
583 584
583 1151
584 250
585 405
585 586
586 847
587 377
587 588
588 530
589 209
589 590
590 810
591 301
591 592
592 609
593 395
593 594
594 419
595 247
595 596
596 572
597 598
597 936
598 1214
599 313
599 600
600 973
601 602
601 1152
602 614
603 604
603 722
604 526
605 69
605 606
606 1148
607 232
607 608
608 385
609 610
609 816
610 204
611 612
611 886
612 1119
613 614
613 1071
614 944
615 616
615 855
616 1134
617 594
617 618
618 333
619 254
619 620
620 428
621 622
621 761
622 74
623 101
623 624
624 19
625 11
625 626
626 736
627 628
627 978
628 142
629 630
629 995
630 149
631 632
631 1180
632 244
633 361
633 634
634 1018
635 308
635 636
636 1190
637 638
637 1030
638 673
639 417
639 640
640 1042
641 321
641 642
642 476
643 644
643 1099
644 1084
645 506
645 646
646 1014
647 648
647 788
648 176
649 345
649 650
650 5
651 652
651 914
652 29
653 654
653 927
654 846
655 487
655 656
656 657
657 658
657 1024
658 784
659 12
659 660
660 918
661 631
661 662
662 888
663 412
663 664
664 40
665 585
665 666
666 992
667 668
667 1045
668 488
669 115
669 670
670 948
671 672
671 1032
672 707
673 351
673 674
674 427
675 676
675 907
676 1040
677 678
677 872
678 824
679 680
679 825
680 430
681 682
681 1109
682 724
683 684
683 697
684 1187
685 686
685 1139
686 93
687 688
687 1175
688 942
689 231
689 690
690 939
691 692
691 1170
692 507
693 106
693 694
694 477
695 696
695 975
696 273
697 343
697 698
698 72
699 148
699 700
700 1121
701 702
701 874
702 668
703 704
703 919
704 178
705 653
705 706
706 830
707 708
707 731
708 1120
709 240
709 710
710 570
711 712
711 1111
712 931
713 714
713 1059
714 38
715 257
715 716
716 1033
717 718
717 882
718 640
719 720
719 768
720 702
721 564
721 722
722 662
723 690
723 724
724 1052
725 643
725 726
726 380
727 728
727 981
728 1009
729 460
729 730
730 284
731 732
731 1077
732 228
733 305
733 734
734 974
735 105
735 736
736 598
737 738
737 783
738 1036
739 659
739 740
740 139
741 294
741 742
742 221
743 629
743 744
744 314
745 746
745 861
746 595
747 315
747 748
748 885
749 750
749 823
750 621
751 429
751 752
752 5
753 92
753 754
754 30
755 144
755 756
756 59
757 77
757 758
758 636
759 627
759 760
760 840
761 73
761 762
762 413
763 164
763 764
764 742
765 766
765 1062
766 163
767 768
767 1199
768 543
769 770
769 867
770 192
771 772
771 1161
772 338
773 774
773 1043
774 661
775 776
775 993
776 396
777 778
777 821
778 896
779 177
779 780
780 689
781 421
781 782
782 1021
783 784
783 928
784 1160
785 601
785 786
786 738
787 788
787 1137
788 120
789 790
789 1095
790 799
791 459
791 792
792 887
793 367
793 794
794 626
795 213
795 796
796 11
797 540
797 798
798 468
799 800
799 1093
800 400
801 665
801 802
802 552
803 639
803 804
804 1023
805 806
805 971
806 162
807 444
807 808
808 4
809 27
809 810
810 1010
811 812
811 869
812 1100
813 126
813 814
814 800
815 638
815 816
816 96
817 785
817 818
818 292
819 245
819 820
820 90
821 822
821 1007
822 137
823 187
823 824
824 154
825 475
825 826
826 732
827 483
827 828
828 923
829 272
829 830
830 402
831 322
831 832
832 14
833 447
833 834
834 938
835 32
835 836
836 934
837 160
837 838
838 129
839 341
839 840
840 57
841 49
841 842
842 574
843 128
843 844
844 656
845 275
845 846
846 1126
847 237
847 848
848 216
849 850
849 1017
850 892
851 113
851 852
852 352
853 205
853 854
854 940
855 856
855 1103
856 1201
857 765
857 858
858 628
859 860
859 965
860 782
861 862
861 1073
862 864
863 324
863 864
864 946
865 469
865 866
866 1179
867 868
867 1101
868 986
869 870
869 989
870 452
871 441
871 872
872 822
873 866
873 874
874 1212
875 265
875 876
876 358
877 41
877 878
878 862
879 121
879 880
880 929
881 649
881 882
882 1132
883 773
883 884
884 616
885 625
885 886
886 755
887 339
887 888
888 534
889 579
889 890
890 1191
891 699
891 892
892 390
893 118
893 894
894 684
895 399
895 896
896 905
897 881
897 898
898 1079
899 682
899 900
900 114
901 780
901 902
902 998
903 527
903 904
904 618
905 680
905 906
906 723
907 908
907 985
908 422
909 194
909 910
910 200
911 307
911 912
912 375
913 903
913 914
914 13
915 916
915 1068
916 1085
917 561
917 918
918 1150
919 920
919 1046
920 719
921 743
921 922
922 25
923 538
923 924
924 952
925 926
925 1163
926 466
927 841
927 928
928 804
929 834
929 930
930 634
931 795
931 932
932 398
933 439
933 934
934 323
935 936
935 953
936 119
937 938
937 1057
938 878
939 940
939 976
940 1081
941 438
941 942
942 491
943 916
943 944
944 382
945 727
945 946
946 652
947 611
947 948
948 290
949 515
949 950
950 747
951 729
951 952
952 518
953 10
953 954
954 576
955 239
955 956
956 268
957 463
957 958
958 1013
959 960
959 1195
960 853
961 957
961 962
962 582
963 851
963 964
964 263
965 282
965 966
966 364
967 310
967 968
968 1144
969 53
969 970
970 458
971 924
971 972
972 559
973 210
973 974
974 328
975 976
975 999
976 544
977 15
977 978
978 849
979 296
979 980
980 644
981 175
981 982
982 23
983 302
983 984
984 814
985 311
985 986
986 170
987 893
987 988
988 346
989 55
989 990
990 709
991 500
991 992
992 759
993 994
993 1125
994 354
995 679
995 996
996 152
997 998
997 1107
998 771
999 497
999 1000
1000 947
1001 1002
1001 1092
1002 1069
1003 368
1003 1004
1004 189
1005 573
1005 1006
1006 1116
1007 81
1007 1008
1008 858
1009 1010
1009 1178
1010 215
1011 1012
1011 1117
1012 1205
1013 355
1013 1014
1014 1070
1015 913
1015 1016
1016 607
1017 490
1017 1018
1018 140
1019 65
1019 1020
1020 425
1021 908
1021 1022
1022 1145
1023 478
1023 1024
1024 222
1025 982
1025 1026
1026 337
1027 423
1027 1028
1028 63
1029 17
1029 1030
1030 1169
1031 33
1031 1032
1032 461
1033 898
1033 1034
1034 224
1035 1026
1035 1036
1036 1078
1037 591
1037 1038
1038 688
1039 1040
1039 1114
1040 1122
1041 172
1041 1042
1042 330
1043 686
1043 1044
1044 529
1045 293
1045 1046
1046 651
1047 84
1047 1048
1048 198
1049 241
1049 1050
1050 805
1051 223
1051 1052
1052 721
1053 935
1053 1054
1054 418
1055 705
1055 1056
1056 150
1057 166
1057 1058
1058 454
1059 593
1059 1060
1060 740
1061 513
1061 1062
1062 647
1063 146
1063 1064
1064 20
1065 748
1065 1066
1066 920
1067 624
1067 1068
1068 655
1069 930
1069 1070
1070 610
1071 845
1071 1072
1072 706
1073 792
1073 1074
1074 7
1075 21
1075 1076
1076 288
1077 1078
1077 1147
1078 252
1079 392
1079 1080
1080 687
1081 988
1081 1082
1082 654
1083 539
1083 1084
1084 760
1085 277
1085 1086
1086 8
1087 327
1087 1088
1088 276
1089 711
1089 1090
1090 243
1091 623
1091 1092
1092 82
1093 171
1093 1094
1094 566
1095 787
1095 1096
1096 420
1097 31
1097 1098
1098 378
1099 1015
1099 1100
1100 848
1101 733
1101 1102
1102 831
1103 443
1103 1104
1104 954
1105 801
1105 1106
1106 1168
1107 1105
1107 1108
1108 389
1109 715
1109 1110
1110 312
1111 883
1111 1112
1112 895
1113 550
1113 1114
1114 984
1115 1011
1115 1116
1116 750
1117 195
1117 1118
1118 350
1119 208
1119 1120
1120 424
1121 394
1121 1122
1122 46
1123 1124
1123 1177
1124 227
1125 496
1125 1126
1126 592
1127 91
1127 1128
1128 876
1129 789
1129 1130
1130 489
1131 411
1131 1132
1132 578
1133 479
1133 1134
1134 562
1135 449
1135 1136
1136 107
1137 199
1137 1138
1138 926
1139 969
1139 1140
1140 829
1141 1049
1141 1142
1142 34
1143 669
1143 1144
1144 474
1145 370
1145 1146
1146 98
1147 1148
1147 1189
1148 1041
1149 532
1149 1150
1150 132
1151 790
1151 1152
1152 433
1153 950
1153 1154
1154 900
1155 1156
1155 1159
1156 514
1157 583
1157 1158
1158 837
1159 253
1159 1160
1160 1086
1161 1066
1161 1162
1162 108
1163 637
1163 1164
1164 815
1165 819
1165 1166
1166 991
1167 1168
1167 1209
1168 151
1169 88
1169 1170
1170 763
1171 994
1171 1172
1172 267
1173 391
1173 1174
1174 61
1175 826
1175 1176
1176 316
1177 779
1177 1178
1178 102
1179 42
1179 1180
1180 306
1181 641
1181 1182
1182 44
1183 762
1183 1184
1184 645
1185 580
1185 1186
1186 48
1187 545
1187 1188
1188 278
1189 465
1189 1190
1190 1090
1191 76
1191 1192
1192 410
1193 663
1193 1194
1194 756
1195 1129
1195 1196
1196 1067
1197 1131
1197 1198
1198 700
1199 3
1199 1200
1200 6
1201 797
1201 1202
1202 498
1203 185
1203 1204
1204 1143
1205 1135
1205 1206
1206 325
1207 972
1207 1208
1208 1047
1209 1197
1209 1210
1210 910
1211 297
1211 1212
1212 770
1213 587
1213 1214
1214 386
