0 985
0 1049
1 663
1 1207
3 243
3 456
4 850
4 1181
5 498
6 1138
7 488
7 1019
8 350
8 1208
9 562
10 194
13 14
13 1104
15 294
15 929
17 875
17 881
19 351
19 719
21 631
21 1186
23 24
23 677
24 313
25 26
25 265
26 920
27 28
27 65
28 183
29 30
29 688
30 466
31 32
31 175
32 327
33 34
33 393
34 836
35 36
35 1004
36 281
37 38
37 650
38 994
39 40
39 235
40 335
41 24
41 42
42 7
43 44
43 869
44 289
45 46
45 982
46 670
47 48
47 480
48 516
49 50
49 470
50 523
51 4
51 52
52 888
53 54
53 290
54 657
55 56
55 493
56 892
57 58
57 419
58 12
59 60
59 259
60 66
61 62
61 374
62 6
63 64
63 841
64 1161
65 66
65 739
66 555
67 68
67 1128
68 1119
69 70
69 563
70 536
71 17
71 72
72 295
73 74
73 689
74 934
75 76
75 227
76 596
77 78
77 1067
78 702
79 80
79 129
80 1072
81 82
81 906
82 492
83 84
83 1209
84 600
85 86
85 603
86 664
87 88
87 883
88 1025
89 90
89 743
90 1087
91 92
91 171
92 528
93 94
93 656
94 588
95 96
95 737
96 458
97 98
97 833
98 733
99 100
99 476
100 71
101 102
101 423
102 122
103 104
103 310
104 628
105 106
105 703
106 889
107 92
107 108
108 328
109 110
109 381
110 1083
111 112
111 714
112 537
113 114
113 149
114 912
115 116
115 847
116 26
117 118
117 147
118 148
119 120
119 967
120 184
121 122
121 395
122 208
123 124
123 824
124 1077
125 126
125 769
126 1100
127 128
127 293
128 6
129 130
129 344
130 396
131 132
131 449
132 29
133 134
133 605
134 1050
135 136
135 855
136 756
137 138
137 726
138 840
139 140
139 406
140 1184
141 39
141 142
142 70
143 144
143 442
144 616
145 146
145 363
146 1129
147 148
147 965
148 786
149 150
149 269
150 82
151 152
151 299
152 1070
153 154
153 540
154 120
155 156
155 752
156 367
157 158
157 989
158 315
159 160
159 775
160 558
161 162
161 251
162 517
163 164
163 1047
164 838
165 166
165 931
166 47
167 168
167 361
168 638
169 83
169 170
170 282
171 124
171 172
172 527
173 174
173 625
174 452
175 176
175 844
176 1076
177 178
177 1073
178 404
179 180
179 469
180 728
181 182
181 860
182 1026
183 142
183 184
184 614
185 186
185 913
186 154
187 188
187 594
188 500
189 190
189 482
190 1137
191 165
191 192
192 1074
193 194
193 1093
194 420
195 196
195 355
196 812
197 198
197 254
198 298
199 200
199 275
200 1151
201 202
201 1121
202 34
203 204
203 399
204 414
205 60
205 206
206 21
207 208
207 571
208 231
209 210
209 490
210 882
211 212
211 991
212 809
213 214
213 311
214 439
215 33
215 216
216 1016
217 218
217 735
218 524
219 220
219 773
220 105
221 222
221 687
222 262
223 224
223 405
224 1044
225 226
225 1022
226 550
227 228
227 453
228 804
229 97
229 230
230 19
231 232
231 707
232 182
233 234
233 238
234 489
235 236
235 744
236 13
237 238
237 467
238 580
239 240
239 760
240 1170
241 102
241 242
242 9
243 244
243 1153
244 762
245 246
245 918
246 998
247 248
247 1055
248 532
249 250
249 634
250 1180
251 141
251 252
252 969
253 254
253 851
254 1162
255 256
255 907
256 653
257 258
257 485
258 42
259 260
259 962
260 249
261 91
261 262
262 264
263 151
263 264
264 76
265 266
265 428
266 202
267 268
267 1031
268 464
269 94
269 270
270 266
271 263
271 272
272 435
273 274
273 849
274 863
275 276
275 659
276 807
277 38
277 278
278 694
279 280
279 753
280 316
281 282
281 658
282 916
283 117
283 284
284 132
285 220
285 286
286 277
287 200
287 288
288 162
289 157
289 290
290 675
291 192
291 292
292 692
293 294
293 701
294 955
295 68
295 296
296 544
297 274
297 298
298 168
299 300
299 815
300 267
301 125
301 302
302 960
303 304
303 917
304 1158
305 306
305 1043
306 697
307 308
307 415
308 750
309 310
309 559
310 661
311 312
311 961
312 447
313 314
313 723
314 755
315 300
315 316
316 1099
317 318
317 794
318 940
319 320
319 801
320 366
321 322
321 413
322 1179
323 324
323 915
324 209
325 25
325 326
326 877
327 328
327 749
328 472
329 241
329 330
330 236
331 332
331 826
332 138
333 334
333 1123
334 839
335 205
335 336
336 948
337 338
337 644
338 388
339 340
339 1131
340 736
341 342
341 993
342 460
343 155
343 344
344 782
345 346
345 401
346 18
347 240
347 348
348 1203
349 350
349 667
350 990
351 352
351 403
352 234
353 354
353 1149
354 505
355 356
355 1126
356 226
357 358
357 390
358 996
359 360
359 713
360 169
361 272
361 362
362 16
363 364
363 450
364 1000
365 366
365 473
366 233
367 368
367 568
368 1080
369 49
369 370
370 820
371 123
371 372
372 225
373 374
373 587
374 977
375 376
375 546
376 958
377 378
377 959
378 978
379 380
379 779
380 784
381 276
381 382
382 751
383 384
383 1021
384 1052
385 386
385 909
386 606
387 173
387 388
388 2
389 390
389 613
390 51
391 392
391 425
392 1098
393 394
393 793
394 1185
395 396
395 1027
396 1160
397 207
397 398
398 72
399 131
399 400
400 816
401 127
401 402
402 911
403 103
403 404
404 164
405 74
405 406
406 570
407 408
407 952
408 905
409 320
409 410
410 210
411 412
411 639
412 1124
413 161
413 414
414 360
415 416
415 636
416 1155
417 418
417 761
418 340
419 420
419 716
420 734
421 422
421 1187
422 217
423 397
423 424
424 566
425 426
425 785
426 501
427 428
427 885
428 1040
429 287
429 430
430 1118
431 203
431 432
432 224
433 53
433 434
434 598
435 256
435 436
436 392
437 438
437 678
438 245
439 440
439 747
440 1065
441 385
441 442
442 592
443 304
443 444
444 1037
445 73
445 446
446 1056
447 448
447 465
448 788
449 450
449 797
450 835
451 377
451 452
452 1058
453 454
453 497
454 11
455 456
455 1085
456 1082
457 45
457 458
458 440
459 460
459 525
460 880
461 387
461 462
462 1069
463 464
463 900
464 1024
465 159
465 466
466 534
467 468
467 805
468 966
469 470
469 553
470 1057
471 187
471 472
472 520
473 474
473 792
474 595
475 476
475 513
476 491
477 478
477 1075
478 296
479 61
479 480
480 846
481 482
481 817
482 710
483 484
483 599
484 561
485 486
485 910
486 79
487 488
487 1166
488 444
489 436
489 490
490 143
491 492
491 679
492 988
493 494
493 919
494 247
495 496
495 1115
496 810
497 407
497 498
498 818
499 500
499 509
500 538
501 502
501 530
502 324
503 461
503 504
504 861
505 431
505 506
506 412
507 481
507 508
508 1169
509 510
509 1202
510 5
511 136
511 512
512 1014
513 514
513 1011
514 134
515 516
515 921
516 669
517 518
517 802
518 150
519 520
519 783
520 972
521 421
521 522
522 680
523 524
523 854
524 1114
525 526
525 1163
526 541
527 528
527 681
528 308
529 221
529 530
530 535
531 63
531 532
532 811
533 534
533 1033
534 5
535 536
535 970
536 62
537 478
537 538
538 114
539 211
539 540
540 1046
541 542
541 641
542 1136
543 506
543 544
544 682
545 172
545 546
546 78
547 548
547 1028
548 887
549 495
549 550
550 334
551 424
551 552
552 104
553 554
553 901
554 214
555 446
555 556
556 981
557 558
557 865
558 608
559 560
559 898
560 67
561 562
561 843
562 718
563 307
563 564
564 176
565 566
565 1095
566 297
567 417
567 568
568 242
569 570
569 1029
570 479
571 503
571 572
572 1088
573 391
573 574
574 864
575 567
575 576
576 668
577 312
577 578
578 551
579 580
579 615
580 180
581 582
581 1092
582 1116
583 499
583 584
584 986
585 100
585 586
586 618
587 588
587 635
588 1041
589 590
589 1045
590 876
591 592
591 1059
592 1188
593 594
593 999
594 357
595 596
595 1211
596 649
597 50
597 598
598 834
599 441
599 600
600 612
601 519
601 602
602 521
603 255
603 604
604 1198
605 271
605 606
606 331
607 608
607 759
608 1156
609 196
609 610
610 188
611 314
611 612
612 878
613 614
613 711
614 712
615 616
615 1145
616 212
617 618
617 626
618 822
619 620
619 798
620 400
621 622
621 709
622 652
623 301
623 624
624 647
625 353
625 626
626 99
627 628
627 926
628 228
629 630
629 1139
630 586
631 325
631 632
632 746
633 634
633 831
634 1001
635 636
635 1105
636 253
637 359
637 638
638 348
639 179
639 640
640 897
641 602
641 642
642 349
643 572
643 644
644 1182
645 89
645 646
646 899
647 648
647 1091
648 722
649 352
649 650
650 250
651 623
651 652
652 88
653 69
653 654
654 273
655 309
655 656
656 646
657 658
657 927
658 107
659 660
659 1183
660 693
661 54
661 662
662 518
663 664
663 821
664 32
665 666
665 928
666 1102
667 651
667 668
668 529
669 477
669 670
670 975
671 672
671 1107
672 339
673 674
673 995
674 770
675 347
675 676
676 126
677 601
677 678
678 443
679 15
679 680
680 780
681 682
681 1172
682 1005
683 177
683 684
684 942
685 370
685 686
686 356
687 688
687 763
688 1154
689 690
689 983
690 683
691 692
691 895
692 1034
693 694
693 1048
694 904
695 389
695 696
696 364
697 589
697 698
698 292
699 643
699 700
700 1212
701 702
701 1165
702 976
703 218
703 704
704 533
705 706
705 947
706 925
707 708
707 1035
708 204
709 475
709 710
710 510
711 654
711 712
712 632
713 714
713 945
714 764
715 716
715 795
716 1006
717 109
717 718
718 166
719 547
719 720
720 346
721 722
721 946
722 41
723 383
723 724
724 778
725 170
725 726
726 463
727 341
727 728
728 560
729 730
729 973
730 108
731 732
731 943
732 59
733 418
733 734
734 944
735 736
735 757
736 832
737 738
737 777
738 137
739 740
739 1178
740 696
741 373
741 742
742 380
743 744
743 829
744 575
745 319
745 746
746 178
747 748
747 1023
748 286
749 156
749 750
750 46
751 672
751 752
752 624
753 754
753 800
754 837
755 511
755 756
756 1110
757 438
757 758
758 57
759 213
759 760
760 868
761 762
761 858
762 1013
763 764
763 1051
764 113
765 766
765 1189
766 1134
767 246
767 768
768 896
769 382
769 770
770 375
771 772
771 1191
772 1164
773 774
773 1148
774 874
775 776
775 1133
776 394
777 219
777 778
778 362
779 508
779 780
780 1038
781 782
781 930
782 190
783 784
783 1195
784 10
785 706
785 786
786 422
787 788
787 974
788 894
789 326
789 790
790 398
791 729
791 792
792 145
793 655
793 794
794 332
795 455
795 796
796 81
797 798
797 799
798 545
799 494
799 800
800 576
801 343
801 802
802 191
803 146
803 804
804 890
805 433
805 806
806 796
807 139
807 808
808 201
809 496
809 810
810 181
811 812
811 951
812 1197
813 585
813 814
814 828
815 279
815 816
816 1062
817 818
817 884
818 84
819 820
819 1150
820 30
821 31
821 822
822 648
823 416
823 824
824 237
825 826
825 856
826 35
827 579
827 828
828 1193
829 830
829 963
830 268
831 832
831 1177
832 462
833 834
833 1147
834 430
835 836
835 979
836 22
837 838
837 852
838 552
839 468
839 840
840 1064
841 842
841 1200
842 578
843 77
843 844
844 336
845 565
845 846
846 1159
847 848
847 1109
848 1176
849 731
849 850
850 715
851 671
851 852
852 330
853 451
853 854
854 206
855 354
855 856
856 872
857 771
857 858
858 539
859 437
859 860
860 487
861 862
861 879
862 483
863 690
863 864
864 1140
865 866
865 1157
866 1210
867 868
867 1018
868 457
869 870
869 953
870 708
871 64
871 872
872 1194
873 874
873 987
874 758
875 859
875 876
876 531
877 116
877 878
878 748
879 617
879 880
880 512
881 640
881 882
882 724
883 884
883 1125
884 474
885 303
885 886
886 167
887 754
887 888
888 1120
889 432
889 890
890 302
891 892
891 922
892 448
893 3
893 894
894 914
895 611
895 896
896 686
897 898
897 1071
898 1142
899 248
899 900
900 342
901 229
901 902
902 732
903 195
903 904
904 270
905 609
905 906
906 323
907 908
907 923
908 502
909 910
909 1017
910 699
911 86
911 912
912 1167
913 369
913 914
914 193
915 581
915 916
916 939
917 918
917 937
918 119
919 857
919 920
920 870
921 526
921 922
922 1068
923 135
923 924
924 112
925 261
925 926
926 90
927 40
927 928
928 684
929 85
929 930
930 1130
931 873
931 932
932 660
933 199
933 934
934 954
935 577
935 936
936 685
937 637
937 938
938 1002
939 144
939 940
940 938
941 48
941 942
942 984
943 371
943 944
944 738
945 515
945 946
946 223
947 101
947 948
948 584
949 950
949 1201
950 725
951 766
951 952
952 260
953 954
953 1135
954 597
955 827
955 956
956 80
957 542
957 958
958 1042
959 554
959 960
960 198
961 365
961 962
962 1009
963 43
963 964
964 630
965 966
965 1039
966 1020
967 968
967 1101
968 285
969 862
969 970
970 486
971 767
971 972
972 1168
973 306
973 974
974 789
975 704
975 976
976 932
977 978
977 1003
978 216
979 507
979 980
980 384
981 619
981 982
982 1060
983 633
983 984
984 1063
985 741
985 986
986 1078
987 935
987 988
988 186
989 990
989 992
990 1010
991 845
991 992
992 133
993 717
993 994
994 1174
995 996
995 1171
996 52
997 337
997 998
998 956
999 333
999 1000
1000 924
1001 950
1001 1002
1002 666
1003 1004
1003 1097
1004 806
1005 386
1005 1006
1006 338
1007 322
1007 1008
1008 222
1009 590
1009 1010
1010 1106
1011 115
1011 1012
1012 768
1013 745
1013 1014
1014 830
1015 772
1015 1016
1016 522
1017 329
1017 1018
1018 814
1019 1020
1019 1213
1020 1032
1021 96
1021 1022
1022 1089
1023 252
1023 1024
1024 604
1025 548
1025 1026
1026 376
1027 429
1027 1028
1028 288
1029 933
1029 1030
1030 691
1031 1032
1031 1146
1032 662
1033 665
1033 1034
1034 936
1035 569
1035 1036
1036 402
1037 1038
1037 1192
1038 291
1039 842
1039 1040
1040 163
1041 891
1041 1042
1042 318
1043 121
1043 1044
1044 622
1045 621
1045 1046
1046 106
1047 1048
1047 1132
1048 10
1049 1050
1049 1113
1050 95
1051 853
1051 1052
1052 1112
1053 549
1053 1054
1054 284
1055 1056
1055 1199
1056 1008
1057 1058
1057 1196
1058 283
1059 504
1059 1060
1060 781
1061 9
1061 1062
1062 730
1063 1064
1063 1206
1064 676
1065 37
1065 1066
1066 232
1067 185
1067 1068
1068 964
1069 980
1069 1070
1070 1090
1071 949
1071 1072
1072 908
1073 627
1073 1074
1074 20
1075 700
1075 1076
1076 58
1077 230
1077 1078
1078 514
1079 27
1079 1080
1080 997
1081 75
1081 1082
1082 189
1083 128
1083 1084
1084 317
1085 819
1085 1086
1086 720
1087 871
1087 1088
1088 1173
1089 36
1089 1090
1090 1190
1091 583
1091 1092
1092 971
1093 118
1093 1094
1094 239
1095 607
1095 1096
1096 1079
1097 1098
1097 1127
1098 941
1099 434
1099 1100
1100 1204
1101 1054
1101 1102
1102 582
1103 158
1103 1104
1104 740
1105 305
1105 1106
1106 140
1107 1108
1107 1117
1108 776
1109 705
1109 1110
1110 8
1111 258
1111 1112
1112 454
1113 593
1113 1114
1114 1094
1115 765
1115 1116
1116 1086
1117 727
1117 1118
1118 1111
1119 368
1119 1120
1120 774
1121 721
1121 1122
1122 574
1123 893
1123 1124
1124 823
1125 1126
1125 1205
1126 174
1127 93
1127 1128
1128 1081
1129 673
1129 1130
1130 1214
1131 902
1131 1132
1132 110
1133 379
1133 1134
1134 1007
1135 1053
1135 1136
1136 695
1137 378
1137 1138
1138 1012
1139 1096
1139 1140
1140 56
1141 215
1141 1142
1142 957
1143 791
1143 1144
1144 280
1145 1108
1145 1146
1146 1144
1147 591
1147 1148
1148 257
1149 445
1149 1150
1150 484
1151 886
1151 1152
1152 408
1153 645
1153 1154
1154 742
1155 903
1155 1156
1156 1036
1157 813
1157 1158
1158 848
1159 409
1159 1160
1160 674
1161 629
1161 1162
1162 98
1163 411
1163 1164
1164 867
1165 44
1165 1166
1166 197
1167 698
1167 1168
1168 152
1169 471
1169 1170
1170 866
1171 543
1171 1172
1172 1030
1173 1103
1173 1174
1174 28
1175 321
1175 1176
1176 642
1177 55
1177 1178
1178 808
1179 787
1179 1180
1180 825
1181 111
1181 1182
1182 278
1183 1141
1183 1184
1184 1122
1185 1015
1185 1186
1186 790
1187 87
1187 1188
1188 610
1189 1143
1189 1190
1190 1066
1191 23
1191 1192
1192 130
1193 410
1193 1194
1194 1152
1195 459
1195 1196
1196 803
1197 153
1197 1198
1198 564
1199 427
1199 1200
1200 244
1201 345
1201 1202
1202 573
1203 358
1203 1204
1204 620
1205 1175
1205 1206
1206 426
1207 556
1207 1208
1208 1061
1209 1
1209 1210
1210 1084
1211 557
1211 1212
1212 968
1213 160
1213 1214
1214 372
