0 538
0 1155
2 453
2 1181
3 77
3 878
5 572
4 469
4 1130
6 1172
9 57
9 957
10 445
10 825
12 368
11 403
13 681
13 736
15 196
15 208
17 344
17 826
19 263
19 473
21 11
21 429
23 24
23 1024
24 310
25 26
25 1183
26 541
27 28
27 1167
28 372
29 30
29 616
30 716
31 32
31 396
32 228
33 34
33 1156
34 965
35 36
35 311
36 1175
37 38
37 116
38 618
39 2
39 40
40 67
41 42
41 745
42 714
43 44
43 1139
44 612
45 46
45 598
46 498
47 48
47 733
48 897
49 50
49 1151
50 684
51 52
51 495
52 518
53 54
53 771
54 194
55 56
55 906
56 1014
57 58
57 735
58 763
59 60
59 273
60 1188
61 62
61 1057
62 863
63 64
63 775
64 1042
65 66
65 1196
66 188
67 68
67 829
68 20
69 70
69 549
70 289
71 72
71 1094
72 1100
73 74
73 163
74 1005
75 76
75 901
76 753
77 78
77 485
78 592
79 80
79 138
80 1210
81 82
81 657
82 1190
83 84
83 870
84 676
85 58
85 86
86 356
87 88
87 1063
88 59
89 11
89 90
90 1134
91 92
91 363
92 39
93 94
93 675
94 426
95 96
95 345
96 526
97 98
97 329
98 253
99 100
99 536
100 580
101 102
101 849
102 36
103 104
103 935
104 1096
105 106
105 874
106 1103
107 108
107 1135
108 641
109 110
109 1043
110 975
111 73
111 112
112 552
113 114
113 525
114 545
115 116
115 153
116 1048
117 118
117 619
118 82
119 120
119 929
120 911
121 122
121 296
122 1095
123 124
123 556
124 352
125 126
125 1025
126 1034
127 128
127 1067
128 30
129 130
129 1185
130 127
131 132
131 257
132 1154
133 134
133 250
134 815
135 136
135 1083
136 16
137 138
137 855
138 260
139 140
139 567
140 831
141 142
141 1016
142 844
143 144
143 973
144 279
145 146
145 837
146 576
147 148
147 255
148 741
149 150
149 459
150 390
151 66
151 152
152 642
153 154
153 827
154 406
155 156
155 1064
156 244
157 158
157 727
158 465
159 160
159 1207
160 382
161 162
161 446
162 314
163 164
163 205
164 353
165 166
165 816
166 394
167 103
167 168
168 1097
169 139
169 170
170 324
171 83
171 172
172 958
173 174
173 961
174 334
175 176
175 729
176 984
177 178
177 734
178 264
179 180
179 875
180 246
181 157
181 182
182 164
183 184
183 988
184 1176
185 186
185 928
186 198
187 188
187 747
188 438
189 135
189 190
190 914
191 79
191 192
192 1023
193 194
193 867
194 443
195 196
195 671
196 690
197 198
197 845
198 477
199 200
199 1055
200 1144
201 202
201 966
202 952
203 204
203 1166
204 1136
205 206
205 661
206 165
207 208
207 419
208 840
209 210
209 809
210 812
211 212
211 1081
212 938
213 214
213 871
214 386
215 216
215 283
216 511
217 218
217 925
218 301
219 220
219 700
220 1031
221 222
221 617
222 24
223 224
223 669
224 514
225 226
225 941
226 132
227 228
227 367
228 939
229 230
229 1085
230 983
231 223
231 232
232 150
233 234
233 1137
234 706
235 236
235 947
236 1174
237 238
237 414
238 836
239 94
239 240
240 1200
241 242
241 687
242 746
243 244
243 336
244 748
245 246
245 1143
246 102
247 248
247 869
248 922
249 181
249 250
250 432
251 252
251 908
252 62
253 254
253 777
254 1158
255 256
255 936
256 694
257 258
257 701
258 608
259 260
259 649
260 158
261 262
261 530
262 420
263 97
263 264
264 1132
265 266
265 1004
266 1129
267 268
267 625
268 968
269 270
269 412
270 413
271 272
271 391
272 835
273 274
273 1108
274 385
275 276
275 861
276 1212
277 278
277 639
278 490
279 280
279 1090
280 204
281 282
281 913
282 1195
283 170
283 284
284 978
285 41
285 286
286 819
287 288
287 464
288 362
289 290
289 456
290 78
291 292
291 709
292 402
293 294
293 491
294 779
295 296
295 824
296 1079
297 298
297 434
298 568
299 300
299 1017
300 364
301 284
301 302
302 1030
303 304
303 750
304 1010
305 306
305 1101
306 743
307 308
307 381
308 1116
309 310
309 351
310 783
311 99
311 312
312 504
313 314
313 696
314 274
315 316
315 801
316 50
317 252
317 318
318 497
319 320
319 956
320 1011
321 168
321 322
322 848
323 324
323 993
324 693
325 33
325 326
326 761
327 328
327 1140
328 1012
329 162
329 330
330 722
331 332
331 810
332 668
333 80
333 334
334 808
335 10
335 336
336 14
337 308
337 338
338 944
339 340
339 937
340 562
341 342
341 949
342 297
343 344
343 609
344 479
345 346
345 450
346 90
347 348
347 1117
348 998
349 350
349 475
350 499
351 352
351 358
352 964
353 15
353 354
354 6
355 356
355 1054
356 582
357 281
357 358
358 23
359 360
359 1127
360 214
361 53
361 362
362 1072
363 241
363 364
364 637
365 304
365 366
366 522
367 368
367 1051
368 1027
369 192
369 370
370 397
371 240
371 372
372 656
373 374
373 940
374 322
375 376
375 790
376 256
377 378
377 643
378 458
379 45
379 380
380 107
381 231
381 382
382 486
383 384
383 698
384 299
385 386
385 756
386 1168
387 317
387 388
388 924
389 390
389 405
390 605
391 292
391 392
392 1088
393 173
393 394
394 1066
395 121
395 396
396 265
397 398
397 963
398 411
399 400
399 1015
400 332
401 402
401 917
402 42
403 404
403 662
404 52
405 406
405 982
406 655
407 370
407 408
408 496
409 410
409 778
410 788
411 37
411 412
412 670
413 414
413 635
414 692
415 416
415 1203
416 711
417 418
417 1046
418 768
419 420
419 943
420 483
421 369
421 422
422 235
423 424
423 1121
424 100
425 426
425 991
426 180
427 428
427 623
428 876
429 133
429 430
430 1110
431 432
431 1162
432 22
433 361
433 434
434 513
435 436
435 1007
436 75
437 218
437 438
438 1208
439 171
439 440
440 371
441 442
441 752
442 857
443 212
443 444
444 18
445 446
445 903
446 26
447 287
447 448
448 1186
449 117
449 450
450 953
451 452
451 703
452 120
453 454
453 992
454 84
455 456
455 742
456 229
457 458
457 1114
458 216
459 460
459 1179
460 4
461 225
461 462
462 851
463 464
463 962
464 224
465 131
465 466
466 921
467 468
467 708
468 268
469 160
469 470
470 489
471 339
471 472
472 151
473 350
473 474
474 272
475 476
475 585
476 174
477 478
477 1002
478 176
479 480
479 1211
480 738
481 140
481 482
482 632
483 410
483 484
484 828
485 486
485 1204
486 786
487 488
487 905
488 360
489 490
489 764
490 234
491 221
491 492
492 217
493 494
493 1153
494 166
495 27
495 496
496 1214
497 348
497 498
498 898
499 355
499 500
500 156
501 502
501 537
502 278
503 504
503 707
504 110
505 506
505 793
506 933
507 508
507 626
508 88
509 435
509 510
510 615
511 512
511 994
512 331
513 514
513 573
514 243
515 49
515 516
516 534
517 518
517 1084
518 529
519 520
519 805
520 431
521 522
521 1006
522 7
523 524
523 1145
524 1107
525 13
525 526
526 280
527 528
527 868
528 1120
529 530
529 896
530 1098
531 532
531 1073
532 542
533 211
533 534
534 1202
535 536
535 702
536 686
537 294
537 538
538 547
539 61
539 540
540 1000
541 542
541 1013
542 54
543 544
543 548
544 388
545 546
545 591
546 48
547 548
547 1152
548 660
549 269
549 550
550 520
551 552
551 725
552 70
553 462
553 554
554 807
555 556
555 1133
556 1150
557 375
557 558
558 96
559 455
559 560
560 392
561 290
561 562
562 1157
563 564
563 721
564 112
565 566
565 915
566 1068
567 568
567 873
568 758
569 570
569 672
570 652
571 553
571 572
572 797
573 574
573 883
574 995
575 576
575 645
576 862
577 393
577 578
578 833
579 182
579 580
580 543
581 582
581 1169
582 757
583 584
583 1082
584 134
585 481
585 586
586 646
587 588
587 739
588 1177
589 219
589 590
590 65
591 592
591 666
592 798
593 315
593 594
594 400
595 596
595 674
596 8
597 379
597 598
598 1053
599 600
599 688
600 201
601 602
601 891
602 215
603 161
603 604
604 213
605 31
605 606
606 471
607 47
607 608
608 846
609 89
609 610
610 854
611 612
611 776
612 439
613 185
613 614
614 755
615 302
615 616
616 484
617 125
617 618
618 136
619 620
619 1062
620 203
621 326
621 622
622 262
623 43
623 624
624 1149
625 91
625 626
626 575
627 628
627 774
628 3
629 436
629 630
630 488
631 632
631 822
632 35
633 634
633 1070
634 770
635 636
635 740
636 154
637 190
637 638
638 1128
639 588
639 640
640 515
641 328
641 642
642 398
643 601
643 644
644 902
645 113
645 646
646 877
647 648
647 699
648 1189
649 587
649 650
650 1050
651 652
651 732
652 610
653 654
653 1047
654 814
655 184
655 656
656 60
657 658
657 677
658 550
659 660
659 680
660 880
661 662
661 895
662 691
663 664
663 986
664 69
665 51
665 666
666 430
667 606
667 668
668 1078
669 670
669 795
670 1
671 119
671 672
672 728
673 267
673 674
674 72
675 676
675 804
676 186
677 678
677 981
678 559
679 593
679 680
680 312
681 95
681 682
682 448
683 376
683 684
684 800
685 266
685 686
686 44
687 688
687 731
688 856
689 137
689 690
690 421
691 191
691 692
692 1076
693 694
693 946
694 463
695 424
695 696
696 1040
697 563
697 698
698 399
699 700
699 737
700 930
701 143
701 702
702 551
703 704
703 1099
704 600
705 664
705 706
706 1178
707 335
707 708
708 830
709 493
709 710
710 428
711 554
711 712
712 918
713 114
713 714
714 599
715 716
715 717
716 832
717 277
717 718
718 1148
719 720
719 1008
720 784
721 722
721 1029
722 333
723 724
723 1102
724 373
725 726
725 813
726 1213
727 728
727 751
728 571
729 730
729 1089
730 596
731 187
731 732
732 111
733 319
733 734
734 1171
735 565
735 736
736 842
737 447
737 738
738 230
739 740
739 909
740 887
741 742
741 1199
742 254
743 744
743 971
744 636
745 746
745 894
746 882
747 748
747 1161
748 754
749 251
749 750
750 705
751 752
751 1059
752 960
753 101
753 754
754 1131
755 108
755 756
756 123
757 202
757 758
758 1142
759 760
759 1049
760 730
761 346
761 762
762 744
763 535
763 764
764 1180
765 766
765 1119
766 444
767 768
767 782
768 723
769 770
769 847
770 766
771 129
771 772
772 789
773 713
773 774
774 1087
775 380
775 776
776 1003
777 778
777 997
778 480
779 780
779 791
780 503
781 782
781 1061
782 1192
783 590
783 784
784 1074
785 349
785 786
786 678
787 788
787 967
788 366
789 790
789 802
790 853
791 792
791 1111
792 433
793 621
793 794
794 631
795 787
795 796
796 1019
797 17
797 798
798 1044
799 145
799 800
800 658
801 802
801 955
802 516
803 804
803 1159
804 323
805 806
805 1105
806 614
807 611
807 808
808 494
809 603
809 810
810 850
811 812
811 970
812 1058
813 466
813 814
814 890
815 327
815 816
816 976
817 769
817 818
818 29
819 330
819 820
820 712
821 822
821 1165
822 772
823 824
823 1037
824 780
825 105
825 826
826 470
827 811
827 828
828 760
829 830
829 1022
830 86
831 325
831 832
832 1028
833 85
833 834
834 1122
835 683
835 836
836 622
837 838
837 1113
838 227
839 840
839 979
840 1164
841 501
841 842
842 245
843 341
843 844
844 1146
845 300
845 846
846 1001
847 144
847 848
848 1198
849 682
849 850
850 858
851 524
851 852
852 440
853 417
853 854
854 1182
855 81
855 856
856 425
857 858
857 910
858 68
859 860
859 1093
860 152
861 347
861 862
862 1065
863 864
863 1125
864 200
865 749
865 866
866 544
867 838
867 868
868 5
869 383
869 870
870 40
871 803
871 872
872 457
873 874
873 1009
874 395
875 442
875 876
876 316
877 159
877 878
878 357
879 249
879 880
880 98
881 207
881 882
882 337
883 172
883 884
884 1026
885 653
885 886
886 654
887 888
887 954
888 1092
889 451
889 890
890 502
891 295
891 892
892 724
893 841
893 894
894 509
895 87
895 896
896 974
897 242
897 898
898 972
899 195
899 900
900 1206
901 427
901 902
902 149
903 233
903 904
904 532
905 710
905 906
906 422
907 423
907 908
908 651
909 785
909 910
910 650
911 644
911 912
912 904
913 914
913 999
914 179
915 189
915 916
916 384
917 799
917 918
918 638
919 920
919 1123
920 500
921 92
921 922
922 34
923 555
923 924
924 1126
925 926
925 1163
926 574
927 839
927 928
928 482
929 930
929 1201
930 21
931 9
931 932
932 820
933 454
933 934
934 948
935 781
935 936
936 579
937 155
937 938
938 888
939 408
939 940
940 633
941 275
941 942
942 340
943 944
943 1147
944 142
945 604
945 946
946 767
947 506
947 948
948 1106
949 950
949 1021
950 407
951 589
951 952
952 28
953 719
953 954
954 239
955 951
955 956
956 950
957 415
957 958
958 122
959 258
959 960
960 1091
961 523
961 962
962 726
963 685
963 964
964 472
965 510
965 966
966 104
967 461
967 968
968 288
969 629
969 970
970 1077
971 115
971 972
972 912
973 974
973 1170
974 441
975 248
975 976
976 282
977 759
977 978
978 141
979 517
979 980
980 1205
981 885
981 982
982 1075
983 984
983 1184
984 942
985 93
985 986
986 932
987 602
987 988
988 418
989 378
989 990
990 892
991 306
991 992
992 71
993 505
993 994
994 704
995 659
995 996
996 934
997 474
997 998
998 276
999 437
999 1000
1000 177
1001 74
1001 1002
1002 32
1003 286
1003 1004
1004 1209
1005 1006
1005 1039
1006 222
1007 1008
1007 1109
1008 679
1009 899
1009 1010
1010 147
1011 359
1011 1012
1012 996
1013 843
1013 1014
1014 806
1015 285
1015 1016
1016 531
1017 197
1017 1018
1018 1160
1019 959
1019 1020
1020 570
1021 773
1021 1022
1022 342
1023 667
1023 1024
1024 620
1025 879
1025 1026
1026 818
1027 1028
1027 1045
1028 210
1029 307
1029 1030
1030 321
1031 665
1031 1032
1032 595
1033 293
1033 1034
1034 508
1035 977
1035 1036
1036 38
1037 1038
1037 1115
1038 1032
1039 624
1039 1040
1040 354
1041 247
1041 1042
1042 5
1043 1044
1043 1080
1044 920
1045 63
1045 1046
1046 628
1047 581
1047 1048
1048 237
1049 343
1049 1050
1050 130
1051 697
1051 1052
1052 539
1053 583
1053 1054
1054 404
1055 128
1055 1056
1056 124
1057 648
1057 1058
1058 864
1059 907
1059 1060
1060 533
1061 597
1061 1062
1062 1187
1063 305
1063 1064
1064 1056
1065 519
1065 1066
1066 989
1067 320
1067 1068
1068 720
1069 881
1069 1070
1070 478
1071 12
1071 1072
1072 1104
1073 416
1073 1074
1074 298
1075 578
1075 1076
1076 634
1077 569
1077 1078
1078 900
1079 193
1079 1080
1080 689
1081 167
1081 1082
1082 673
1083 969
1083 1084
1084 893
1085 866
1085 1086
1086 521
1087 794
1087 1088
1088 663
1089 492
1089 1090
1090 309
1091 817
1091 1092
1092 512
1093 1060
1093 1094
1094 146
1095 926
1095 1096
1096 76
1097 695
1097 1098
1098 6
1099 640
1099 1100
1100 886
1101 821
1101 1102
1102 527
1103 528
1103 1104
1104 566
1105 627
1105 1106
1106 558
1107 792
1107 1108
1108 183
1109 647
1109 1110
1110 980
1111 175
1111 1112
1112 540
1113 169
1113 1114
1114 476
1115 927
1115 1116
1116 557
1117 1118
1117 1173
1118 303
1119 226
1119 1120
1120 313
1121 291
1121 1122
1122 1086
1123 1041
1123 1124
1124 55
1125 613
1125 1126
1126 270
1127 387
1127 1128
1128 834
1129 19
1129 1130
1130 126
1131 106
1131 1132
1132 860
1133 1071
1133 1134
1134 987
1135 209
1135 1136
1136 409
1137 577
1137 1138
1138 630
1139 1052
1139 1140
1140 220
1141 365
1141 1142
1142 1036
1143 865
1143 1144
1144 852
1145 1035
1145 1146
1146 1112
1147 1148
1147 1191
1148 1197
1149 460
1149 1150
1150 990
1151 584
1151 1152
1152 232
1153 1154
1153 1193
1154 560
1155 401
1155 1156
1156 1069
1157 46
1157 1158
1158 1018
1159 985
1159 1160
1160 236
1161 449
1161 1162
1162 564
1163 715
1163 1164
1164 118
1165 919
1165 1166
1166 64
1167 923
1167 1168
1168 594
1169 507
1169 1170
1170 12
1171 1020
1171 1172
1172 1038
1173 109
1173 1174
1174 374
1175 56
1175 1176
1176 884
1177 377
1177 1178
1178 1194
1179 718
1179 1180
1180 338
1181 452
1181 1182
1182 206
1183 259
1183 1184
1184 318
1185 389
1185 1186
1186 487
1187 823
1187 1188
1188 178
1189 586
1189 1190
1190 148
1191 859
1191 1192
1192 271
1193 25
1193 1194
1194 1138
1195 199
1195 1196
1196 238
1197 546
1197 1198
1198 261
1199 872
1199 1200
1200 467
1201 931
1201 1202
1202 607
1203 1033
1203 1204
1204 1141
1205 945
1205 1206
1206 762
1207 889
1207 1208
1208 468
1209 1118
1209 1210
1210 916
1211 1124
1211 1212
1212 561
1213 796
1213 1214
1214 765
