0 103
0 511
1 141
1 339
2 47
2 372
3 177
3 514
4 6
4 610
5 264
6 174
9 210
9 572
10 205
10 604
11 318
12 362
15 133
15 139
17 359
17 579
19 355
19 431
21 61
21 375
23 24
23 500
24 385
25 26
25 215
26 38
27 28
27 399
28 150
29 30
29 329
30 542
31 32
31 247
32 602
33 34
33 186
34 232
35 36
35 166
36 526
37 38
37 143
38 449
39 40
39 43
40 478
41 42
41 578
42 300
43 44
43 307
44 208
45 46
45 217
46 561
47 48
47 151
48 361
49 50
49 535
50 242
51 52
51 55
52 221
53 54
53 377
54 332
55 56
55 119
56 386
57 58
57 432
58 476
59 60
59 398
60 380
61 62
61 379
62 52
63 64
63 127
64 418
65 66
65 335
66 6
67 32
67 68
68 124
69 70
69 175
70 117
71 72
71 82
72 79
73 74
73 313
74 50
75 73
75 76
76 547
77 78
77 240
78 93
79 80
79 130
80 589
81 2
81 82
82 353
83 17
83 84
84 360
85 86
85 263
86 308
87 88
87 487
88 343
89 90
89 603
90 294
91 92
91 447
92 284
93 94
93 267
94 292
95 96
95 452
96 462
97 98
97 567
98 409
99 100
99 413
100 28
101 102
101 479
102 496
103 15
103 104
104 152
105 106
105 444
106 273
107 108
107 163
108 530
109 110
109 262
110 370
111 112
111 201
112 376
113 56
113 114
114 388
115 116
115 523
116 590
117 118
117 504
118 531
119 120
119 401
120 80
121 122
121 438
122 291
123 124
123 484
124 333
125 4
125 126
126 176
127 128
127 576
128 593
129 130
129 279
130 486
131 132
131 238
132 135
133 134
133 277
134 357
135 136
135 586
136 231
137 138
137 299
138 244
139 107
139 140
140 278
141 142
141 154
142 344
143 144
143 448
144 556
145 89
145 146
146 42
147 148
147 505
148 18
149 150
149 373
150 470
151 152
151 159
152 594
153 27
153 154
154 301
155 156
155 320
156 129
157 158
157 411
158 10
159 160
159 265
160 309
161 162
161 563
162 550
163 164
163 311
164 29
165 166
165 407
166 427
167 168
167 249
168 605
169 83
169 170
170 246
171 172
171 173
172 502
173 174
173 322
174 204
175 176
175 261
176 86
177 178
177 410
178 506
179 75
179 180
180 218
181 182
181 229
182 330
183 184
183 446
184 109
185 128
185 186
186 288
187 188
187 555
188 581
189 31
189 190
190 228
191 192
191 443
192 212
193 148
193 194
194 12
195 196
195 553
196 63
197 87
197 198
198 394
199 200
199 400
200 5
201 192
201 202
202 226
203 99
203 204
204 552
205 189
205 206
206 536
207 208
207 287
208 492
209 210
209 429
210 222
211 84
211 212
212 527
213 214
213 354
214 421
215 97
215 216
216 41
217 39
217 218
218 348
219 220
219 290
220 74
221 222
221 464
222 304
223 114
223 224
224 596
225 169
225 226
226 276
227 228
227 371
228 182
229 230
229 365
230 94
231 184
231 232
232 14
233 234
233 257
234 146
235 236
235 319
236 165
237 167
237 238
238 181
239 19
239 240
240 144
241 242
241 285
242 120
243 244
243 426
244 374
245 246
245 293
246 408
247 185
247 248
248 434
249 250
249 433
250 102
251 252
251 310
252 466
253 254
253 587
254 188
255 256
255 457
256 248
257 123
257 258
258 512
259 260
259 539
260 132
261 262
261 519
262 223
263 147
263 264
264 302
265 239
265 266
266 608
267 268
267 583
268 20
269 270
269 537
270 403
271 69
271 272
272 157
273 274
273 544
274 450
275 276
275 595
276 105
277 16
277 278
278 194
279 88
279 280
280 48
281 213
281 282
282 323
283 172
283 284
284 76
285 286
285 456
286 546
287 288
287 367
288 568
289 155
289 290
290 363
291 136
291 292
292 560
293 294
293 417
294 405
295 64
295 296
296 190
297 58
297 298
298 554
299 300
299 440
300 54
301 9
301 302
302 122
303 304
303 592
304 564
305 306
305 540
306 106
307 308
307 439
308 108
309 310
309 611
310 241
311 312
311 423
312 356
313 280
313 314
314 340
315 269
315 316
316 570
317 90
317 318
318 442
319 320
319 469
320 81
321 322
321 513
322 286
323 7
323 324
324 326
325 272
325 326
326 11
327 211
327 328
328 162
329 330
329 351
330 12
331 332
331 551
332 414
333 297
333 334
334 134
335 51
335 336
336 477
337 338
337 461
338 420
339 340
339 455
340 395
341 342
341 473
342 78
343 71
343 344
344 445
345 346
345 392
346 490
347 25
347 348
348 495
349 45
349 350
350 585
351 283
351 352
352 22
353 354
353 559
354 295
355 356
355 358
356 252
357 121
357 358
358 571
359 251
359 360
360 183
361 158
361 362
362 538
363 364
363 416
364 11
365 195
365 366
366 480
367 235
367 368
368 312
369 370
369 493
370 430
371 372
371 483
372 203
373 250
373 374
374 352
375 219
375 376
376 558
377 378
377 435
378 349
379 380
379 607
380 187
381 382
381 415
382 34
383 337
383 384
384 149
385 386
385 424
386 488
387 388
387 402
388 494
389 101
389 390
390 468
391 315
391 392
392 296
393 347
393 394
394 255
395 396
395 577
396 138
397 118
397 398
398 396
399 207
399 400
400 485
401 402
401 591
402 306
403 126
403 404
404 140
405 406
405 459
406 368
407 408
407 437
408 524
409 256
409 410
410 451
411 168
411 412
412 341
413 317
413 414
414 199
415 131
415 416
416 316
417 91
417 418
418 191
419 236
419 420
420 220
421 36
421 422
422 580
423 245
423 424
424 259
425 426
425 612
426 342
427 390
427 428
428 584
429 430
429 573
430 345
431 432
431 458
432 85
433 325
433 434
434 425
435 391
435 436
436 209
437 137
437 438
438 95
439 289
439 440
440 533
441 179
441 442
442 13
443 68
443 444
444 170
445 441
445 446
446 525
447 53
447 448
448 328
449 450
449 482
450 346
451 180
451 452
452 193
453 393
453 454
454 305
455 350
455 456
456 142
457 59
457 458
458 60
459 460
459 467
460 497
461 33
461 462
462 460
463 464
463 549
464 489
465 331
465 466
466 260
467 468
467 515
468 606
469 470
469 609
470 334
471 472
471 543
472 582
473 44
473 474
474 24
475 476
475 600
476 383
477 478
477 601
478 178
479 145
479 480
480 164
481 303
481 482
482 110
483 197
483 484
484 569
485 49
485 486
486 67
487 488
487 491
488 508
489 422
489 490
490 428
491 271
491 492
492 62
493 471
493 494
494 528
495 57
495 496
496 412
497 200
497 498
498 274
499 500
499 510
500 206
501 404
501 502
502 26
503 463
503 504
504 237
505 254
505 506
506 96
507 35
507 508
508 224
509 510
509 599
510 516
511 46
511 512
512 112
513 100
513 514
514 406
515 453
515 516
516 557
517 72
517 518
518 565
519 153
519 520
520 614
521 436
521 522
522 381
523 37
523 524
524 382
525 526
525 597
526 23
527 104
527 528
528 282
529 92
529 530
530 324
531 202
531 532
532 258
533 98
533 534
534 501
535 281
535 536
536 298
537 538
537 575
538 397
539 115
539 540
540 171
541 518
541 542
542 474
543 544
543 545
544 268
545 233
545 546
546 548
547 532
547 548
548 364
549 509
549 550
550 5
551 389
551 552
552 498
553 253
553 554
554 520
555 517
555 556
556 454
557 558
557 588
558 113
559 125
559 560
560 8
561 1
561 562
562 314
563 70
563 564
564 366
565 214
565 566
566 529
567 156
567 568
568 481
569 521
569 570
570 160
571 387
571 572
572 270
573 161
573 574
574 541
575 227
575 576
576 336
577 578
577 598
578 30
579 419
579 580
580 77
581 472
581 582
582 613
583 321
583 584
584 566
585 503
585 586
586 66
587 21
587 588
588 3
589 384
589 590
590 534
591 522
591 592
592 574
593 116
593 594
594 40
595 338
595 596
596 230
597 196
597 598
598 507
599 369
599 600
600 499
601 562
601 602
602 475
603 378
603 604
604 234
605 65
605 606
606 198
607 327
607 608
608 111
609 465
609 610
610 216
611 225
611 612
612 243
613 266
613 614
614 275
