0 39
0 197
3 225
3 575
4 13
4 427
5 115
6 504
7 196
7 609
8 266
8 361
9 163
10 538
11 30
11 259
13 540
13 547
15 447
15 532
17 232
17 279
19 60
19 486
21 245
21 501
23 24
23 263
24 313
25 26
25 285
26 556
27 28
27 91
28 166
29 30
29 222
30 326
31 32
31 441
32 584
33 34
33 483
34 336
35 36
35 605
36 184
37 38
37 265
38 79
39 40
39 319
40 552
41 42
41 439
42 120
43 44
43 92
44 428
45 46
45 393
46 537
47 8
47 48
48 248
49 50
49 305
50 284
51 52
51 229
52 9
53 54
53 81
54 224
55 56
55 351
56 71
57 58
57 144
58 464
59 60
59 490
60 544
61 6
61 62
62 43
63 64
63 360
64 390
65 66
65 145
66 72
67 68
67 362
68 42
69 70
69 314
70 133
71 5
71 72
72 386
73 48
73 74
74 380
75 76
75 276
76 339
77 78
77 534
78 234
79 80
79 549
80 83
81 82
81 303
82 270
83 84
83 497
84 267
85 86
85 499
86 176
87 88
87 368
88 356
89 90
89 151
90 576
91 3
91 92
92 280
93 94
93 217
94 188
95 96
95 529
96 168
97 98
97 299
98 210
99 100
99 161
100 422
101 102
101 198
102 74
103 104
103 443
104 382
105 106
105 413
106 294
107 108
107 179
108 204
109 110
109 408
110 300
111 61
111 112
112 148
113 114
113 323
114 450
115 116
115 118
116 82
117 118
117 122
118 469
119 120
119 350
120 138
121 122
121 539
122 220
123 89
123 124
124 33
125 126
125 309
126 555
127 104
127 128
128 516
129 130
129 277
130 32
131 132
131 485
132 142
133 134
133 438
134 88
135 136
135 397
136 598
137 138
137 302
138 550
139 80
139 140
140 246
141 142
141 355
142 76
143 144
143 487
144 561
145 129
145 146
146 212
147 148
147 571
148 19
149 150
149 155
150 75
151 152
151 395
152 231
153 154
153 589
154 324
155 156
155 533
156 112
157 158
157 274
158 522
159 95
159 160
160 600
161 35
161 162
162 63
163 164
163 174
164 424
165 166
165 565
166 290
167 168
167 440
168 236
169 170
169 517
170 316
171 172
171 409
172 372
173 11
173 174
174 29
175 73
175 176
176 317
177 178
177 264
178 207
179 162
179 180
180 202
181 21
181 182
182 514
183 184
183 363
184 298
185 186
185 455
186 211
187 188
187 543
188 378
189 190
189 488
190 353
191 85
191 192
192 531
193 194
193 385
194 498
195 93
195 196
196 407
197 198
197 419
198 384
199 200
199 564
200 463
201 58
201 202
202 156
203 189
203 204
204 16
205 206
205 454
206 420
207 208
207 401
208 206
209 123
209 210
210 508
211 212
211 389
212 164
213 214
213 521
214 527
215 216
215 366
216 68
217 218
217 375
218 448
219 15
219 220
220 503
221 222
221 581
222 97
223 224
223 334
224 102
225 106
225 226
226 308
227 65
227 228
228 541
229 230
229 235
230 465
231 216
231 232
232 64
233 234
233 255
234 251
235 236
235 365
236 25
237 238
237 411
238 28
239 205
239 240
240 258
241 242
241 446
242 345
243 59
243 244
244 460
245 221
245 246
246 328
247 248
247 405
248 406
249 130
249 250
250 286
251 187
251 252
252 471
253 254
253 256
254 152
255 256
255 607
256 173
257 258
257 445
258 18
259 213
259 260
260 583
261 253
261 262
262 435
263 264
263 287
264 473
265 266
265 417
266 228
267 99
267 268
268 578
269 270
269 518
270 318
271 147
271 272
272 502
273 125
273 274
274 399
275 276
275 387
276 340
277 135
277 278
278 403
279 280
279 597
280 526
281 24
281 282
282 344
283 191
283 284
284 20
285 286
285 431
286 332
287 53
287 288
288 304
289 4
289 290
290 604
291 292
291 391
292 6
293 294
293 342
294 602
295 296
295 510
296 132
297 298
297 346
298 182
299 186
299 300
300 484
301 52
301 302
302 108
303 275
303 304
304 293
305 306
305 475
306 27
307 308
307 369
308 214
309 310
309 601
310 94
311 237
311 312
312 199
313 209
313 314
314 577
315 316
315 553
316 545
317 238
317 318
318 594
319 227
319 320
320 496
321 322
321 459
322 190
323 324
323 400
324 449
325 326
325 467
326 493
327 23
327 328
328 128
329 241
329 330
330 536
331 332
331 373
332 240
333 321
333 334
334 143
335 336
335 359
336 354
337 338
337 478
338 36
339 340
339 572
340 242
341 260
341 342
342 49
343 344
343 352
344 292
345 346
345 436
346 50
347 348
347 606
348 482
349 105
349 350
350 329
351 90
351 352
352 34
353 10
353 354
354 239
355 356
355 612
356 383
357 295
357 358
358 524
359 159
359 360
360 580
361 121
361 362
362 489
363 364
363 579
364 500
365 366
365 507
366 131
367 87
367 368
368 141
369 370
369 402
370 116
371 51
371 372
372 379
373 195
373 374
374 69
375 103
375 376
376 614
377 378
377 567
378 376
379 55
379 380
380 494
381 124
381 382
382 492
383 2
383 384
384 100
385 386
385 474
386 347
387 388
387 523
388 338
389 390
389 476
390 472
391 315
391 392
392 335
393 17
393 394
394 528
395 396
395 491
396 139
397 398
397 461
398 296
399 400
399 519
400 306
401 402
401 574
402 127
403 404
403 585
404 178
405 262
405 406
406 86
407 408
407 563
408 370
409 410
409 457
410 230
411 333
411 412
412 381
413 283
413 414
414 343
415 70
415 416
416 254
417 418
417 590
418 114
419 311
419 420
420 62
421 422
421 477
422 297
423 424
423 573
424 367
425 426
425 582
426 348
427 428
427 570
428 566
429 177
429 430
430 546
431 250
431 432
432 515
433 289
433 434
434 193
435 5
435 436
436 140
437 438
437 599
438 481
439 440
439 551
440 117
441 219
441 442
442 77
443 41
443 444
444 535
445 446
445 479
446 388
447 37
447 448
448 357
449 450
449 568
450 208
451 233
451 452
452 480
453 371
453 454
454 84
455 456
455 458
456 201
457 278
457 458
458 119
459 171
459 460
460 416
461 462
461 509
462 468
463 113
463 464
464 307
465 57
465 466
466 512
467 203
467 468
468 430
469 470
469 593
470 506
471 472
471 530
472 98
473 67
473 474
474 183
475 453
475 476
476 167
477 257
477 478
478 364
479 451
479 480
480 268
481 404
481 482
482 1
483 322
483 484
484 588
485 486
485 525
486 562
487 218
487 488
488 554
489 288
489 490
490 175
491 47
491 492
492 434
493 249
493 494
494 432
495 496
495 505
496 12
497 170
497 498
498 180
499 31
499 500
500 107
501 291
501 502
502 548
503 10
503 504
504 192
505 506
505 613
506 425
507 437
507 508
508 96
509 510
509 557
510 374
511 331
511 512
512 272
513 160
513 514
514 426
515 516
515 542
516 452
517 414
517 518
518 603
519 423
519 520
520 9
521 45
521 522
522 136
523 157
523 524
524 244
525 169
525 526
526 591
527 109
527 528
528 194
529 185
529 530
530 172
531 532
531 587
532 137
533 349
533 534
534 66
535 165
535 536
536 226
537 415
537 538
538 200
539 540
539 610
540 358
541 511
541 542
542 150
543 38
543 544
544 466
545 433
545 546
546 456
547 269
547 548
548 26
549 126
549 550
550 44
551 552
551 569
552 223
553 153
553 554
554 301
555 556
555 595
556 320
557 7
557 558
558 78
559 271
559 560
560 462
561 252
561 562
562 470
563 564
563 611
564 46
565 56
565 566
566 330
567 154
567 568
568 559
569 570
569 596
570 513
571 247
571 572
572 310
573 341
573 574
574 520
575 215
575 576
576 377
577 325
577 578
578 14
579 111
579 580
580 22
581 582
581 608
582 146
583 429
583 584
584 110
585 327
585 586
586 442
587 398
587 588
588 592
589 273
589 590
590 281
591 337
591 592
592 394
593 560
593 594
594 54
595 392
595 596
596 40
597 149
597 598
598 243
599 558
599 600
600 410
601 261
601 602
602 396
603 282
603 604
604 418
605 444
605 606
606 158
607 181
607 608
608 586
609 421
609 610
610 495
611 312
611 612
612 101
613 412
613 614
614 134
