0 185
0 333
2 263
2 476
3 201
3 349
5 7
4 124
4 485
6 217
9 12
9 71
10 303
10 415
12 457
11 561
13 87
13 318
15 211
15 298
17 227
17 322
19 120
19 127
21 98
21 192
23 24
23 503
24 440
25 26
25 123
26 407
27 28
27 438
28 131
29 30
29 226
30 134
31 32
31 203
32 562
33 25
33 34
34 421
35 36
35 593
36 546
37 38
37 191
38 325
39 40
39 245
40 306
41 42
41 467
42 158
43 44
43 91
44 425
45 6
45 46
46 108
47 48
47 336
48 492
49 50
49 613
50 261
51 52
51 506
52 56
53 29
53 54
54 350
55 56
55 194
56 132
57 58
57 525
58 184
59 60
59 444
60 386
61 62
61 611
62 497
63 64
63 335
64 612
65 66
65 538
66 160
67 68
67 272
68 92
69 70
69 166
70 252
71 72
71 177
72 406
73 74
73 230
74 130
75 76
75 563
76 418
77 78
77 155
78 317
79 80
79 489
80 62
81 82
81 121
82 583
83 31
83 84
84 304
85 86
85 348
86 582
87 88
87 401
88 436
89 27
89 90
90 20
91 92
91 163
92 334
93 94
93 609
94 499
95 96
95 445
96 248
97 98
97 433
98 83
99 100
99 143
100 550
101 102
101 331
102 380
103 104
103 595
104 113
105 49
105 106
106 315
107 108
107 385
108 404
109 2
109 110
110 254
111 112
111 383
112 208
113 114
113 190
114 270
115 23
115 116
116 574
117 118
117 505
118 472
119 120
119 587
120 224
121 122
121 461
122 556
123 61
123 124
124 42
125 126
125 240
126 58
127 128
127 470
128 5
129 130
129 168
130 312
131 55
131 132
132 402
133 78
133 134
134 542
135 136
135 178
136 549
137 138
137 501
138 496
139 140
139 522
140 46
141 142
141 376
142 529
143 144
143 281
144 262
145 146
145 460
146 530
147 101
147 148
148 86
149 150
149 169
150 514
151 152
151 179
152 373
153 154
153 320
154 329
155 156
155 199
156 458
157 158
157 197
158 405
159 160
159 374
160 314
161 162
161 465
162 469
163 164
163 437
164 534
165 166
165 193
166 15
167 168
167 468
168 400
169 170
169 223
170 608
171 52
171 172
172 283
173 174
173 311
174 558
175 176
175 257
176 487
177 178
177 299
178 10
179 180
179 427
180 552
181 182
181 359
182 316
183 184
183 545
184 278
185 186
185 347
186 410
187 188
187 279
188 53
189 125
189 190
190 153
191 192
191 565
192 72
193 194
193 375
194 228
195 196
195 417
196 225
197 12
197 198
198 74
199 79
199 200
200 4
201 200
201 202
202 297
203 145
203 204
204 307
205 198
205 206
206 202
207 208
207 269
208 173
209 139
209 210
210 85
211 176
211 212
212 479
213 214
213 353
214 251
215 216
215 268
216 541
217 84
217 218
218 332
219 220
219 310
220 524
221 68
221 222
222 560
223 224
223 564
224 328
225 226
225 537
226 586
227 216
227 228
228 408
229 230
229 253
230 495
231 232
231 420
232 509
233 234
233 243
234 294
235 122
235 236
236 355
237 238
237 265
238 490
239 37
239 240
240 247
241 135
241 242
242 523
243 244
243 447
244 498
245 246
245 484
246 584
247 248
247 411
248 118
249 189
249 250
250 260
251 252
251 473
252 38
253 9
253 254
254 66
255 147
255 256
256 548
257 105
257 258
258 539
259 75
259 260
260 327
261 262
261 343
262 384
263 264
263 340
264 300
265 266
265 466
266 116
267 268
267 535
268 324
269 270
269 430
270 222
271 17
271 272
272 47
273 11
273 274
274 94
275 186
275 276
276 575
277 278
277 357
278 368
279 280
279 364
280 60
281 107
281 282
282 237
283 146
283 284
284 576
285 286
285 308
286 434
287 288
287 543
288 570
289 290
289 475
290 295
291 59
291 292
292 381
293 255
293 294
294 453
295 274
295 296
296 212
297 298
297 604
298 450
299 57
299 300
300 205
301 77
301 302
302 180
303 304
303 339
304 527
305 54
305 306
306 392
307 44
307 308
308 428
309 11
309 310
310 540
311 312
311 366
312 494
313 314
313 399
314 369
315 316
315 555
316 462
317 119
317 318
318 606
319 141
319 320
320 264
321 322
321 413
322 396
323 195
323 324
324 528
325 326
325 507
326 330
327 328
327 446
328 454
329 250
329 330
330 89
331 164
331 332
332 280
333 229
333 334
334 220
335 336
335 597
336 28
337 338
337 448
338 95
339 111
339 340
340 214
341 277
341 342
342 567
343 344
343 579
344 3
345 346
345 502
346 284
347 321
347 348
348 379
349 350
349 398
350 614
351 170
351 352
352 520
353 354
353 571
354 112
355 356
355 513
356 159
357 358
357 409
358 138
359 360
359 591
360 459
361 207
361 362
362 518
363 364
363 601
364 512
365 115
365 366
366 219
367 152
367 368
368 128
369 96
369 370
370 1
371 273
371 372
372 598
373 374
373 423
374 142
375 376
375 455
376 361
377 378
377 547
378 157
379 380
379 491
380 126
381 382
381 422
382 559
383 43
383 384
384 171
385 386
385 463
386 188
387 35
387 388
388 568
389 293
389 390
390 234
391 392
391 441
392 431
393 365
393 394
394 150
395 396
395 451
396 362
397 238
397 398
398 289
399 400
399 521
400 452
401 267
401 402
402 100
403 233
403 404
404 114
405 34
405 406
406 605
407 408
407 432
408 19
409 149
409 410
410 481
411 358
411 412
412 590
413 414
413 610
414 249
415 33
415 416
416 39
417 302
417 418
418 372
419 420
419 474
420 500
421 236
421 422
422 337
423 73
423 424
424 592
425 30
425 426
426 478
427 161
427 428
428 352
429 106
429 430
430 82
431 345
431 432
432 287
433 175
433 434
434 572
435 99
435 436
436 64
437 438
437 569
438 76
439 69
439 440
440 148
441 109
441 442
442 286
443 162
443 444
444 354
445 446
445 581
446 276
447 70
447 448
448 16
449 450
449 600
450 464
451 117
451 452
452 182
453 454
453 471
454 602
455 395
455 456
456 296
457 50
457 458
458 129
459 309
459 460
460 282
461 213
461 462
462 36
463 63
463 464
464 5
465 313
465 466
466 242
467 468
467 531
468 45
469 416
469 470
470 172
471 472
471 516
472 370
473 474
473 577
474 156
475 235
475 476
476 196
477 394
477 478
478 480
479 319
479 480
480 206
481 323
481 482
482 578
483 81
483 484
484 41
485 439
485 486
486 390
487 40
487 488
488 290
489 490
489 585
490 305
491 351
491 492
492 90
493 477
493 494
494 288
495 496
495 599
496 456
497 6
497 498
498 136
499 419
499 500
500 218
501 502
501 533
502 292
503 391
503 504
504 326
505 506
505 517
506 110
507 488
507 508
508 566
509 266
509 510
510 140
511 435
511 512
512 346
513 165
513 514
514 167
515 344
515 516
516 210
517 429
517 518
518 482
519 151
519 520
520 51
521 522
521 557
522 594
523 342
523 524
524 215
525 301
525 526
526 241
527 486
527 528
528 382
529 449
529 530
530 65
531 21
531 532
532 24
533 534
533 551
534 181
535 519
535 536
536 137
537 246
537 538
538 426
539 540
539 553
540 133
541 18
541 542
542 544
543 104
543 544
544 510
545 511
545 546
546 414
547 367
547 548
548 80
549 550
549 588
550 102
551 239
551 552
552 187
553 397
553 554
554 32
555 403
555 556
556 493
557 389
557 558
558 442
559 232
559 560
560 285
561 88
561 562
562 174
563 377
563 564
564 387
565 566
565 573
566 204
567 515
567 568
568 589
569 483
569 570
570 154
571 363
571 572
572 8
573 371
573 574
574 508
575 67
575 576
576 22
577 443
577 578
578 221
579 209
579 580
580 504
581 388
581 582
582 596
583 291
583 584
584 144
585 526
585 586
586 26
587 588
587 607
588 580
589 356
589 590
590 231
591 183
591 592
592 554
593 13
593 594
594 393
595 97
595 596
596 244
597 598
597 603
598 14
599 536
599 600
600 256
601 341
601 602
602 48
603 360
603 604
604 424
605 275
605 606
606 532
607 338
607 608
608 412
609 378
609 610
610 103
611 259
611 612
612 93
613 258
613 614
614 271
