0 221
0 291
1 155
1 337
3 306
3 428
4 73
4 385
6 364
5 391
7 247
7 564
9 111
8 241
8 279
10 352
13 165
13 374
15 21
15 38
17 30
17 340
19 116
19 275
21 346
21 614
23 24
23 401
24 573
25 26
25 468
26 510
27 28
27 91
28 164
29 30
29 184
30 260
31 32
31 514
32 500
33 34
33 142
34 373
35 36
35 594
36 383
37 38
37 496
38 588
39 40
39 151
40 603
41 42
41 144
42 384
43 44
43 259
44 294
45 46
45 180
46 458
47 48
47 612
48 194
49 50
49 529
50 589
51 52
51 475
52 272
53 54
53 343
54 183
55 56
55 587
56 417
57 58
57 286
58 17
59 60
59 137
60 559
61 62
61 371
62 254
63 64
63 543
64 246
65 66
65 159
66 528
67 68
67 611
68 168
69 1
69 70
70 18
71 72
71 174
72 513
73 74
73 389
74 537
75 76
75 135
76 112
77 78
77 582
78 244
79 8
79 80
80 487
81 82
81 185
82 490
83 84
83 219
84 505
85 86
85 253
86 273
87 63
87 88
88 211
89 90
89 169
90 154
91 15
91 92
92 516
93 94
93 491
94 56
95 26
95 96
96 29
97 98
97 553
98 282
99 100
99 542
100 36
101 47
101 102
102 326
103 104
103 353
104 463
105 106
105 206
106 568
107 108
107 263
108 58
109 110
109 198
110 394
111 89
111 112
112 358
113 114
113 271
114 470
115 116
115 290
116 410
117 118
117 489
118 126
119 120
119 525
120 158
121 122
121 451
122 377
123 124
123 202
124 504
125 126
125 581
126 108
127 128
127 277
128 216
129 130
129 535
130 476
131 69
131 132
132 443
133 134
133 396
134 506
135 85
135 136
136 363
137 138
137 407
138 425
139 140
139 539
140 269
141 132
141 142
142 420
143 87
143 144
144 387
145 7
145 146
146 305
147 148
147 558
148 32
149 150
149 375
150 249
151 152
151 368
152 293
153 140
153 154
154 303
155 119
155 156
156 457
157 158
157 261
158 130
159 160
159 469
160 550
161 162
161 613
162 283
163 109
163 164
164 422
165 166
165 521
166 188
167 168
167 267
168 66
169 25
169 170
170 31
171 172
171 197
172 251
173 174
173 503
174 361
175 176
175 333
176 580
177 178
177 295
178 139
179 180
179 399
180 101
181 182
181 412
182 359
183 104
183 184
184 120
185 117
185 186
186 45
187 188
187 409
188 432
189 190
189 517
190 43
191 192
191 544
192 370
193 194
193 208
194 118
195 196
195 400
196 421
197 143
197 198
198 274
199 200
199 434
200 440
201 149
201 202
202 402
203 167
203 204
204 590
205 206
205 595
206 80
207 121
207 208
208 478
209 210
209 231
210 448
211 212
211 532
212 14
213 214
213 332
214 2
215 216
215 323
216 388
217 218
217 597
218 413
219 220
219 455
220 289
221 222
221 435
222 44
223 195
223 224
224 456
225 215
225 226
226 584
227 133
227 228
228 562
229 230
229 433
230 166
231 175
231 232
232 37
233 234
233 287
234 186
235 127
235 236
236 176
237 210
237 238
238 6
239 141
239 240
240 554
241 242
241 462
242 65
243 244
243 598
244 560
245 246
245 322
246 220
247 248
247 365
248 94
249 250
249 585
250 100
251 252
251 319
252 424
253 254
253 339
254 12
255 173
255 256
256 311
257 67
257 258
258 242
259 260
259 567
260 482
261 201
261 262
262 577
263 264
263 551
264 308
265 256
265 266
266 430
267 225
267 268
268 334
269 237
269 270
270 124
271 272
271 341
272 84
273 131
273 274
274 40
275 35
275 276
276 138
277 75
277 278
278 243
279 10
279 280
280 586
281 282
281 449
282 426
283 284
283 398
284 345
285 286
285 547
286 316
287 146
287 288
288 222
289 290
289 386
290 414
291 177
291 292
292 33
293 294
293 416
294 46
295 296
295 507
296 51
297 113
297 298
298 583
299 9
299 300
300 92
301 302
301 441
302 52
303 156
303 304
304 526
305 306
305 515
306 252
307 162
307 308
308 405
309 86
309 310
310 115
311 207
311 312
312 415
313 301
313 314
314 230
315 316
315 477
316 593
317 318
317 465
318 193
319 72
319 320
320 217
321 223
321 322
322 512
323 324
323 484
324 329
325 326
325 570
326 288
327 328
327 541
328 557
329 325
329 330
330 102
331 307
331 332
332 125
333 83
333 334
334 54
335 299
335 336
336 511
337 335
337 338
338 57
339 340
339 452
340 148
341 342
341 429
342 607
343 187
343 344
344 42
345 182
345 346
346 524
347 348
347 467
348 493
349 238
349 350
350 204
351 61
351 352
352 81
353 354
353 419
354 348
355 356
355 545
356 314
357 309
357 358
358 78
359 360
359 548
360 392
361 362
361 381
362 610
363 233
363 364
364 276
365 50
365 366
366 418
367 145
367 368
368 234
369 122
369 370
370 536
371 327
371 372
372 82
373 374
373 376
374 212
375 376
375 471
376 95
377 378
377 445
378 96
379 41
379 380
380 336
381 382
381 473
382 501
383 4
383 384
384 608
385 304
385 386
386 218
387 74
387 388
388 502
389 321
389 390
390 264
391 392
391 393
392 28
393 349
393 394
394 494
395 10
395 396
396 315
397 178
397 398
398 19
399 400
399 483
400 190
401 402
401 459
402 508
403 209
403 404
404 27
405 245
405 406
406 128
407 313
407 408
408 196
409 13
409 410
410 62
411 317
411 412
412 369
413 414
413 592
414 226
415 416
415 438
416 330
417 418
417 556
418 498
419 255
419 420
420 105
421 422
421 464
422 338
423 424
423 578
424 181
425 380
425 426
426 362
427 97
427 428
428 153
429 430
429 450
430 404
431 55
431 432
432 98
433 434
433 555
434 354
435 436
435 509
436 527
437 411
437 438
438 446
439 205
439 440
440 360
441 189
441 442
442 437
443 444
443 571
444 268
445 312
445 446
446 6
447 403
447 448
448 250
449 450
449 606
450 107
451 452
451 485
452 257
453 147
453 454
454 342
455 39
455 456
456 350
457 458
457 480
458 22
459 460
459 563
460 367
461 462
461 601
462 447
463 199
463 464
464 213
465 79
465 466
466 600
467 468
467 533
468 328
469 262
469 470
470 574
471 351
471 472
472 224
473 157
473 474
474 160
475 408
475 476
476 110
477 478
477 518
478 310
479 172
479 480
480 431
481 344
481 482
482 214
483 171
483 484
484 453
485 235
485 486
486 71
487 331
487 488
488 285
489 490
489 534
490 406
491 492
491 599
492 499
493 11
493 494
494 372
495 496
495 605
496 90
497 258
497 498
498 114
499 500
499 579
500 270
501 280
501 502
502 454
503 265
503 504
504 572
505 506
505 576
506 472
507 461
507 508
508 523
509 510
509 519
510 163
511 248
511 512
512 88
513 397
513 514
514 474
515 347
515 516
516 530
517 49
517 518
518 604
519 520
519 531
520 596
521 292
521 522
522 481
523 129
523 524
524 16
525 486
525 526
526 5
527 229
527 528
528 318
529 23
529 530
530 64
531 488
531 532
532 76
533 191
533 534
534 495
535 53
535 536
536 444
537 203
537 538
538 602
539 123
539 540
540 5
541 59
541 542
542 479
543 460
543 544
544 436
545 99
545 546
546 278
547 492
547 548
548 575
549 284
549 550
550 566
551 9
551 552
552 232
553 161
553 554
554 136
555 556
555 609
556 266
557 549
557 558
558 540
559 34
559 560
560 569
561 281
561 562
562 48
563 179
563 564
564 150
565 60
565 566
566 520
567 552
567 568
568 546
569 522
569 570
570 68
571 240
571 572
572 366
573 497
573 574
574 70
575 302
575 576
576 356
577 395
577 578
578 561
579 423
579 580
580 320
581 300
581 582
582 538
583 236
583 584
584 378
585 439
585 586
586 296
587 379
587 588
588 298
589 590
589 591
590 192
591 442
591 592
592 77
593 324
593 594
594 20
595 93
595 596
596 200
597 106
597 598
598 382
599 427
599 600
600 170
601 103
601 602
602 466
603 227
603 604
604 3
605 355
605 606
606 565
607 228
607 608
608 152
609 24
609 610
610 134
611 357
611 612
612 297
613 239
613 614
614 390
