0 23
0 179
2 387
2 551
3 160
3 501
5 44
4 90
4 401
6 69
7 406
7 535
9 308
9 605
11 496
10 522
10 602
12 102
15 429
15 453
17 165
17 361
19 36
19 162
21 77
21 158
23 24
23 391
24 134
25 26
25 205
26 31
27 28
27 48
28 309
29 30
29 270
30 530
31 32
31 458
32 34
33 34
33 545
34 382
35 4
35 36
36 20
37 38
37 171
38 418
39 40
39 395
40 175
41 42
41 449
42 200
43 44
43 235
44 253
45 46
45 371
46 14
47 48
47 566
48 133
49 5
49 50
50 473
51 52
51 375
52 137
53 54
53 260
54 231
55 56
55 122
56 588
57 58
57 169
58 182
59 60
59 145
60 89
61 62
61 300
62 540
63 64
63 572
64 468
65 66
65 513
66 325
67 68
67 156
68 214
69 47
69 70
70 296
71 72
71 405
72 560
73 74
73 289
74 570
75 76
75 207
76 311
77 78
77 469
78 295
79 80
79 263
80 246
81 82
81 173
82 252
83 84
83 144
84 390
85 86
85 364
86 472
87 88
87 248
88 278
89 90
89 271
90 573
91 22
91 92
92 215
93 94
93 532
94 368
95 96
95 241
96 410
97 98
97 577
98 118
99 100
99 342
100 187
101 102
101 567
102 606
103 59
103 104
104 73
105 106
105 487
106 432
107 15
107 108
108 376
109 110
109 347
110 142
111 112
111 593
112 104
113 114
113 183
114 442
115 116
115 589
116 434
117 118
117 514
118 561
119 120
119 575
120 389
121 122
121 525
122 466
123 124
123 484
124 6
125 126
125 417
126 281
127 128
127 430
128 399
129 110
129 130
130 488
131 132
131 210
132 355
133 134
133 378
134 476
135 95
135 136
136 232
137 138
137 421
138 369
139 41
139 140
140 42
141 100
141 142
142 365
143 144
143 301
144 97
145 2
145 146
146 136
147 148
147 223
148 455
149 150
149 477
150 33
151 103
151 152
152 438
153 154
153 333
154 456
155 156
155 291
156 562
157 158
157 293
158 521
159 151
159 160
160 559
161 162
161 273
162 555
163 164
163 462
164 379
165 159
165 166
166 328
167 168
167 533
168 516
169 170
169 519
170 452
171 161
171 172
172 1
173 67
173 174
174 524
175 176
175 190
176 340
177 178
177 444
178 38
179 180
179 483
180 384
181 182
181 305
182 608
183 35
183 184
184 479
185 186
185 319
186 128
187 188
187 239
188 269
189 190
189 380
190 208
191 192
191 203
192 460
193 194
193 529
194 39
195 196
195 213
196 13
197 189
197 198
198 30
199 185
199 200
200 307
201 155
201 202
202 272
203 45
203 204
204 276
205 111
205 206
206 163
207 79
207 208
208 512
209 210
209 419
210 243
211 64
211 212
212 150
213 176
213 214
214 490
215 216
215 237
216 374
217 218
217 539
218 123
219 220
219 345
220 574
221 140
221 222
222 132
223 224
223 613
224 557
225 226
225 422
226 480
227 228
227 322
228 491
229 230
229 548
230 470
231 232
231 274
232 177
233 234
233 258
234 508
235 181
235 236
236 437
237 238
237 262
238 101
239 240
239 552
240 313
241 242
241 303
242 547
243 244
243 581
244 318
245 246
245 402
246 284
247 248
247 363
248 362
249 197
249 250
250 11
251 12
251 252
252 46
253 254
253 275
254 96
255 256
255 320
256 441
257 258
257 510
258 569
259 51
259 260
260 91
261 262
261 266
262 427
263 129
263 264
264 425
265 147
265 266
266 43
267 98
267 268
268 225
269 29
269 270
270 344
271 92
271 272
272 334
273 71
273 274
274 600
275 105
275 276
276 310
277 278
277 446
278 298
279 139
279 280
280 126
281 19
281 282
282 489
283 3
283 284
284 40
285 286
285 388
286 66
287 288
287 536
288 8
289 227
289 290
290 75
291 292
291 407
292 186
293 261
293 294
294 531
295 121
295 296
296 195
297 117
297 298
298 341
299 294
299 300
300 603
301 279
301 302
302 314
303 193
303 304
304 348
305 306
305 599
306 332
307 170
307 308
308 440
309 124
309 310
310 614
311 56
311 312
312 471
313 202
313 314
314 11
315 194
315 316
316 594
317 318
317 503
318 230
319 265
319 320
320 198
321 201
321 322
322 597
323 168
323 324
324 18
325 326
325 428
326 506
327 283
327 328
328 416
329 238
329 330
330 12
331 332
331 543
332 500
333 267
333 334
334 229
335 154
335 336
336 578
337 338
337 523
338 212
339 180
339 340
340 116
341 342
341 571
342 515
343 344
343 497
344 86
345 346
345 554
346 590
347 206
347 348
348 408
349 331
349 350
350 607
351 352
351 499
352 264
353 166
353 354
354 338
355 93
355 356
356 277
357 358
357 495
358 61
359 360
359 393
360 288
361 362
361 413
362 528
363 364
363 463
364 558
365 366
365 582
366 211
367 299
367 368
368 354
369 336
369 370
370 72
371 315
371 372
372 240
373 337
373 374
374 280
375 216
375 376
376 595
377 378
377 392
378 127
379 357
379 380
380 609
381 382
381 611
382 16
383 292
383 384
384 80
385 74
385 386
386 350
387 57
387 388
388 565
389 26
389 390
390 196
391 199
391 392
392 217
393 394
393 520
394 352
395 233
395 396
396 324
397 247
397 398
398 316
399 312
399 400
400 511
401 402
401 467
402 587
403 108
403 404
404 482
405 406
405 534
406 414
407 25
407 408
408 610
409 60
409 410
410 403
411 321
411 412
412 58
413 99
413 414
414 130
415 329
415 416
416 485
417 317
417 418
418 302
419 373
419 420
420 49
421 242
421 422
422 394
423 167
423 424
424 451
425 28
425 426
426 381
427 55
427 428
428 474
429 245
429 430
430 221
431 297
431 432
432 412
433 131
433 434
434 492
435 141
435 436
436 498
437 438
437 527
438 286
439 21
439 440
440 330
441 184
441 442
442 518
443 6
443 444
444 504
445 359
445 446
446 65
447 115
447 448
448 549
449 433
449 450
450 326
451 138
451 452
452 222
453 454
453 538
454 87
455 119
455 456
456 358
457 178
457 458
458 360
459 448
459 460
460 32
461 367
461 462
462 143
463 254
463 464
464 370
465 466
465 541
466 351
467 149
467 468
468 478
469 53
469 470
470 601
471 400
471 472
472 172
473 226
473 474
474 526
475 439
475 476
476 68
477 353
477 478
478 82
479 480
479 568
480 220
481 157
481 482
482 550
483 484
483 579
484 580
485 219
485 486
486 396
487 488
487 583
488 591
489 490
489 592
490 576
491 88
491 492
492 152
493 457
493 494
494 63
495 113
495 496
496 383
497 349
497 498
498 78
499 420
499 500
500 9
501 285
501 502
502 153
503 504
503 507
504 426
505 287
505 506
506 564
507 481
507 508
508 24
509 475
509 510
510 377
511 85
511 512
512 94
513 306
513 514
514 81
515 486
515 516
516 282
517 250
517 518
518 228
519 112
519 520
520 435
521 465
521 522
522 251
523 509
523 524
524 339
525 107
525 526
526 323
527 528
527 585
528 493
529 164
529 530
530 52
531 532
531 544
532 542
533 135
533 534
534 83
535 424
535 536
536 146
537 109
537 538
538 415
539 236
539 540
540 612
541 257
541 542
542 505
543 447
543 544
544 327
545 464
545 546
546 604
547 397
547 548
548 7
549 54
549 550
550 50
551 409
551 552
552 436
553 554
553 563
554 37
555 304
555 556
556 268
557 459
557 558
558 62
559 148
559 560
560 84
561 335
561 562
562 546
563 443
563 564
564 120
565 553
565 566
566 106
567 5
567 568
568 556
569 445
569 570
570 584
571 174
571 572
572 234
573 191
573 574
574 356
575 537
575 576
576 366
577 218
577 578
578 27
579 188
579 580
580 586
581 423
581 582
582 386
583 224
583 584
584 249
585 461
585 586
586 259
587 431
587 588
588 372
589 209
589 590
590 114
591 204
591 592
592 494
593 125
593 594
594 256
595 596
595 598
596 398
597 343
597 598
598 76
599 17
599 600
600 385
601 450
601 602
602 517
603 255
603 604
604 192
605 10
605 606
606 70
607 502
607 608
608 244
609 290
609 610
610 596
611 404
611 612
612 346
613 411
613 614
614 454
