0 107
0 510
3 154
3 323
4 163
4 551
6 492
5 456
7 409
7 543
8 431
8 464
9 168
10 392
11 160
11 230
13 235
13 517
15 53
15 437
17 136
17 539
19 513
19 612
21 192
21 267
23 24
23 174
24 357
25 15
25 26
26 590
27 28
27 483
28 196
29 30
29 35
30 202
31 32
31 243
32 297
33 34
33 446
34 264
35 36
35 396
36 494
37 38
37 559
38 379
39 40
39 127
40 178
41 42
41 355
42 125
43 44
43 281
44 534
45 10
45 46
46 582
47 48
47 114
48 36
49 50
49 229
50 224
51 52
51 511
52 433
53 54
53 560
54 183
55 56
55 579
56 481
57 58
57 290
58 109
59 60
59 263
60 124
61 62
61 512
62 86
63 64
63 240
64 155
65 23
65 66
66 448
67 68
67 87
68 45
69 70
69 123
70 190
71 72
71 314
72 406
73 72
73 74
74 426
75 76
75 325
76 525
77 78
77 505
78 1
79 80
79 257
80 580
81 82
81 333
82 250
83 84
83 89
84 14
85 86
85 571
86 272
87 88
87 371
88 82
89 90
89 200
90 100
91 9
91 92
92 60
93 94
93 533
94 384
95 96
95 429
96 385
97 98
97 361
98 158
99 100
99 491
100 480
101 102
101 544
102 193
103 104
103 356
104 377
105 24
105 106
106 453
107 108
107 487
108 284
109 110
109 476
110 602
111 112
111 469
112 610
113 114
113 473
114 427
115 116
115 581
116 503
117 118
117 216
118 558
119 120
119 416
120 532
121 122
121 365
122 425
123 124
123 586
124 299
125 126
125 180
126 336
127 128
127 430
128 68
129 111
129 130
130 32
131 132
131 599
132 143
133 134
133 301
134 462
135 136
135 351
136 90
137 27
137 138
138 422
139 101
139 140
140 98
141 56
141 142
142 546
143 144
143 241
144 42
145 146
145 360
146 112
147 148
147 522
148 94
149 150
149 540
150 375
151 152
151 471
152 531
153 154
153 489
154 486
155 156
155 254
156 479
157 158
157 170
158 474
159 160
159 460
160 318
161 162
161 237
162 172
163 164
163 239
164 71
165 166
165 556
166 604
167 8
167 168
168 186
169 170
169 463
170 315
171 172
171 412
172 266
173 174
173 436
174 577
175 176
175 210
176 46
177 178
177 295
178 332
179 180
179 387
180 548
181 182
181 353
182 142
183 184
183 589
184 563
185 145
185 186
186 369
187 188
187 587
188 135
189 190
189 331
190 519
191 192
191 408
192 386
193 194
193 335
194 292
195 138
195 196
196 535
197 164
197 198
198 47
199 200
199 322
200 391
201 202
201 596
202 502
203 204
203 345
204 106
205 206
205 452
206 279
207 208
207 328
208 370
209 210
209 251
210 55
211 84
211 212
212 75
213 31
213 214
214 113
215 216
215 341
216 565
217 91
217 218
218 337
219 220
219 557
220 515
221 222
221 273
222 57
223 221
223 224
224 231
225 226
225 570
226 450
227 228
227 484
228 22
229 230
229 595
230 278
231 116
231 232
232 568
233 234
233 428
234 358
235 157
235 236
236 108
237 122
237 238
238 225
239 240
239 344
240 417
241 153
241 242
242 280
243 244
243 439
244 442
245 246
245 593
246 300
247 245
247 248
248 552
249 137
249 250
250 378
251 59
251 252
252 303
253 254
253 449
254 74
255 129
255 256
256 52
257 146
257 258
258 85
259 11
259 260
260 538
261 262
261 440
262 298
263 264
263 611
264 468
265 266
265 609
266 482
267 268
267 420
268 228
269 270
269 445
270 77
271 272
271 493
272 601
273 132
273 274
274 204
275 214
275 276
276 62
277 191
277 278
278 64
279 63
279 280
280 410
281 282
281 415
282 526
283 99
283 284
284 572
285 69
285 286
286 418
287 34
287 288
288 514
289 189
289 290
290 395
291 197
291 292
292 454
293 294
293 359
294 194
295 296
295 597
296 118
297 298
297 555
298 554
299 162
299 300
300 504
301 302
301 545
302 277
303 304
303 498
304 326
305 306
305 499
306 578
307 249
307 308
308 530
309 117
309 310
310 497
311 25
311 312
312 490
313 255
313 314
314 405
315 316
315 372
316 478
317 318
317 329
318 354
319 320
319 366
320 207
321 269
321 322
322 139
323 324
323 500
324 613
325 33
325 326
326 134
327 131
327 328
328 516
329 54
329 330
330 403
331 332
331 451
332 181
333 334
333 441
334 419
335 336
335 364
336 380
337 338
337 432
338 70
339 340
339 444
340 244
341 342
341 423
342 334
343 151
343 344
344 115
345 209
345 346
346 606
347 258
347 348
348 330
349 275
349 350
350 434
351 242
351 352
352 232
353 339
353 354
354 350
355 67
355 356
356 346
357 141
357 358
358 40
359 121
359 360
360 179
361 81
361 362
362 506
363 364
363 569
364 234
365 347
365 366
366 58
367 17
367 368
368 79
369 253
369 370
370 76
371 311
371 372
372 271
373 374
373 381
374 184
375 226
375 376
376 542
377 378
377 390
378 424
379 201
379 380
380 148
381 343
381 382
382 307
383 304
383 384
384 402
385 319
385 386
386 110
387 256
387 388
388 600
389 390
389 470
390 607
391 392
391 407
392 485
393 203
393 394
394 342
395 166
395 396
396 400
397 37
397 398
398 218
399 289
399 400
400 306
401 402
401 458
402 274
403 173
403 404
404 352
405 65
405 406
406 598
407 408
407 550
408 212
409 410
409 528
410 404
411 185
411 412
412 340
413 293
413 414
414 66
415 397
415 416
416 348
417 149
417 418
418 288
419 195
419 420
420 414
421 205
421 422
422 270
423 283
423 424
424 562
425 252
425 426
426 518
427 428
427 521
428 286
429 393
429 430
430 389
431 411
431 432
432 177
433 434
433 507
434 12
435 41
435 436
436 103
437 362
437 438
438 126
439 368
439 440
440 147
441 442
441 495
442 294
443 5
443 444
444 592
445 327
445 446
446 608
447 448
447 529
448 508
449 450
449 614
450 61
451 452
451 527
452 547
453 156
453 454
454 520
455 456
455 591
456 564
457 4
457 458
458 291
459 310
459 460
460 26
461 10
461 462
462 102
463 435
463 464
464 51
465 466
465 575
466 594
467 468
467 541
468 233
469 167
469 470
470 585
471 305
471 472
472 238
473 104
473 474
474 208
475 220
475 476
476 236
477 465
477 478
478 388
479 246
479 480
480 573
481 21
481 482
482 260
483 398
483 484
484 5
485 105
485 486
486 6
487 321
487 488
488 128
489 349
489 490
490 561
491 38
491 492
492 150
493 338
493 494
494 206
495 496
495 537
496 316
497 213
497 498
498 165
499 367
499 500
500 382
501 317
501 502
502 466
503 268
503 504
504 30
505 413
505 506
506 276
507 9
507 508
508 472
509 219
509 510
510 399
511 309
511 512
512 296
513 198
513 514
514 443
515 44
515 516
516 576
517 457
517 518
518 182
519 187
519 520
520 567
521 161
521 522
522 383
523 524
523 603
524 49
525 92
525 526
526 18
527 363
527 528
528 217
529 7
529 530
530 50
531 532
531 584
532 496
533 247
533 534
534 133
535 130
535 536
536 16
537 3
537 538
538 78
539 169
539 540
540 488
541 447
541 542
542 88
543 95
543 544
544 313
545 394
545 546
546 96
547 73
547 548
548 171
549 39
549 550
550 401
551 93
551 552
552 6
553 223
553 554
554 282
555 119
555 556
556 20
557 455
557 558
558 259
559 509
559 560
560 265
561 308
561 562
562 140
563 461
563 564
564 261
565 421
565 566
566 302
567 188
567 568
568 574
569 459
569 570
570 566
571 28
571 572
572 144
573 176
573 574
574 376
575 29
575 576
576 312
577 159
577 578
578 588
579 523
579 580
580 222
581 215
581 582
582 262
583 19
583 584
584 120
585 97
585 586
586 13
587 80
587 588
588 211
589 549
589 590
590 583
591 592
591 605
592 248
593 475
593 594
594 2
595 477
595 596
596 324
597 285
597 598
598 553
599 43
599 600
600 320
601 536
601 602
602 152
603 373
603 604
604 524
605 467
605 606
606 83
607 48
607 608
608 438
609 199
609 610
610 501
611 175
611 612
612 227
613 287
613 614
614 374
