0 109
0 339
1 371
1 397
2 255
2 433
3 272
3 316
4 501
4 534
5 427
6 510
9 93
9 271
10 286
10 345
11 23
12 459
15 88
15 368
17 167
17 539
19 194
19 585
21 294
21 382
23 24
23 391
24 536
25 26
25 431
26 193
27 28
27 169
28 190
29 30
29 87
30 301
31 32
31 473
32 71
33 34
33 269
34 267
35 36
35 195
36 224
37 38
37 45
38 506
39 40
39 240
40 138
41 42
41 319
42 214
43 44
43 524
44 218
45 46
45 465
46 547
47 48
47 219
48 154
49 50
49 208
50 538
51 52
51 283
52 123
53 54
53 390
54 376
55 56
55 121
56 187
57 58
57 293
58 106
59 60
59 312
60 309
61 62
61 63
62 66
63 64
63 209
64 170
65 66
65 375
66 586
67 68
67 334
68 111
69 70
69 525
70 572
71 72
71 363
72 413
73 64
73 74
74 18
75 76
75 96
76 581
77 78
77 343
78 252
79 80
79 486
80 350
81 32
81 82
82 447
83 84
83 494
84 360
85 86
85 411
86 200
87 88
87 387
88 46
89 90
89 457
90 500
91 92
91 221
92 435
93 94
93 235
94 568
95 96
95 359
96 168
97 98
97 172
98 496
99 100
99 310
100 162
101 102
101 315
102 402
103 104
103 479
104 388
105 106
105 327
106 94
107 108
107 233
108 574
109 110
109 139
110 14
111 112
111 429
112 464
113 114
113 217
114 414
115 116
115 611
116 75
117 118
117 471
118 6
119 2
119 120
120 352
121 122
121 389
122 367
123 124
123 142
124 374
125 95
125 126
126 103
127 128
127 254
128 202
129 130
129 295
130 90
131 132
131 157
132 54
133 134
133 380
134 100
135 136
135 470
136 89
137 47
137 138
138 72
139 140
139 173
140 476
141 142
141 559
142 357
143 144
143 216
144 264
145 37
145 146
146 198
147 148
147 583
148 1
149 16
149 150
150 80
151 152
151 279
152 446
153 34
153 154
154 417
155 51
155 156
156 366
157 108
157 158
158 332
159 160
159 234
160 116
161 162
161 432
162 287
163 164
163 594
164 408
165 166
165 227
166 512
167 168
167 426
168 606
169 170
169 520
170 596
171 172
171 527
172 398
173 174
173 507
174 163
175 176
175 385
176 13
177 97
177 178
178 349
179 180
179 589
180 212
181 182
181 369
182 326
183 184
183 241
184 428
185 186
185 305
186 537
187 188
187 556
188 396
189 190
189 211
190 563
191 192
191 325
192 338
193 194
193 330
194 450
195 196
195 439
196 333
197 27
197 198
198 392
199 145
199 200
200 11
201 202
201 533
202 320
203 204
203 361
204 557
205 183
205 206
206 409
207 208
207 549
208 28
209 185
209 210
210 102
211 212
211 362
212 302
213 214
213 593
214 440
215 35
215 216
216 438
217 218
217 318
218 38
219 220
219 521
220 48
221 203
221 222
222 588
223 224
223 609
224 540
225 226
225 565
226 415
227 228
227 576
228 386
229 137
229 230
230 513
231 232
231 400
232 144
233 234
233 379
234 529
235 17
235 236
236 177
237 197
237 238
238 50
239 240
239 311
240 472
241 242
241 275
242 323
243 244
243 354
244 548
245 119
245 246
246 406
247 248
247 491
248 331
249 250
249 346
250 477
251 19
251 252
252 276
253 254
253 607
254 3
255 196
255 256
256 441
257 258
257 511
258 132
259 26
259 260
260 598
261 9
261 262
262 373
263 83
263 264
264 150
265 266
265 575
266 555
267 268
267 562
268 403
269 270
269 434
270 153
271 272
271 528
272 462
273 274
273 355
274 232
275 141
275 276
276 532
277 278
277 453
278 578
279 127
279 280
280 118
281 204
281 282
282 587
283 284
283 317
284 70
285 286
285 407
286 12
287 222
287 288
288 42
289 290
289 335
290 307
291 21
291 292
292 7
293 294
293 463
294 41
295 44
295 296
296 22
297 298
297 490
298 180
299 300
299 365
300 146
301 302
301 401
302 98
303 61
303 304
304 608
305 306
305 599
306 324
307 308
307 430
308 530
309 310
309 421
310 79
311 312
311 610
312 460
313 189
313 314
314 291
315 186
315 316
316 558
317 49
317 318
318 131
319 270
319 320
320 531
321 175
321 322
322 239
323 324
323 437
324 161
325 101
325 326
326 159
327 328
327 378
328 24
329 330
329 545
330 499
331 332
331 561
332 259
333 334
333 347
334 436
335 336
335 489
336 591
337 289
337 338
338 517
339 155
339 340
340 526
341 273
341 342
342 76
343 15
343 344
344 166
345 147
345 346
346 451
347 348
347 443
348 29
349 182
349 350
350 130
351 352
351 353
352 122
353 354
353 509
354 405
355 268
355 356
356 278
357 206
357 358
358 328
359 322
359 360
360 342
361 362
361 519
362 383
363 223
363 364
364 514
365 366
365 569
366 577
367 225
367 368
368 341
369 370
369 480
370 184
371 372
371 485
372 151
373 237
373 374
374 566
375 230
375 376
376 176
377 59
377 378
378 30
379 263
379 380
380 298
381 382
381 564
382 296
383 229
383 384
384 77
385 386
385 399
386 288
387 388
387 595
388 582
389 31
389 390
390 544
391 392
391 522
392 584
393 394
393 552
394 156
395 396
395 455
396 381
397 133
397 398
398 164
399 107
399 400
400 85
401 124
401 402
402 612
403 404
403 416
404 260
405 348
405 406
406 5
407 395
407 408
408 84
409 261
409 410
410 394
411 412
411 571
412 603
413 113
413 414
414 257
415 249
415 416
416 160
417 62
417 418
418 424
419 420
419 502
420 246
421 422
421 597
422 210
423 277
423 424
424 604
425 215
425 426
426 570
427 370
427 428
428 228
429 430
429 481
430 336
431 12
431 432
432 4
433 251
433 434
434 468
435 436
435 535
436 592
437 438
437 614
438 135
439 440
439 467
440 454
441 282
441 442
442 306
443 444
443 605
444 58
445 321
445 446
446 384
447 442
447 448
448 422
449 281
449 450
450 112
451 74
451 452
452 542
453 128
453 454
454 68
455 242
455 456
456 329
457 314
457 458
458 280
459 110
459 460
460 488
461 65
461 462
462 516
463 253
463 464
464 20
465 91
465 466
466 262
467 468
467 579
468 483
469 456
469 470
470 248
471 472
471 567
472 174
473 461
473 474
474 284
475 476
475 553
476 358
477 452
477 478
478 364
479 39
479 480
480 247
481 448
481 482
482 580
483 213
483 484
484 117
485 165
485 486
486 73
487 449
487 488
488 105
489 55
489 490
490 590
491 40
491 492
492 129
493 494
493 505
494 551
495 201
495 496
496 136
497 36
497 498
498 523
499 82
499 500
500 600
501 140
501 502
502 410
503 372
503 504
504 482
505 445
505 506
506 554
507 508
507 613
508 236
509 199
509 510
510 8
511 504
511 512
512 244
513 69
513 514
514 418
515 226
515 516
516 104
517 412
517 518
518 290
519 313
519 520
520 498
521 425
521 522
522 179
523 43
523 524
524 258
525 52
525 526
526 444
527 57
527 528
528 573
529 419
529 530
530 546
531 532
531 602
532 308
533 256
533 534
534 340
535 10
535 536
536 508
537 304
537 538
538 300
539 303
539 540
540 297
541 299
541 542
542 393
543 11
543 544
544 487
545 250
545 546
546 220
547 344
547 548
548 6
549 337
549 550
550 601
551 265
551 552
552 25
553 171
553 554
554 152
555 285
555 556
556 466
557 120
557 558
558 423
559 475
559 560
560 33
561 99
561 562
562 503
563 115
563 564
564 126
565 191
565 566
566 60
567 497
567 568
568 67
569 148
569 570
570 192
571 543
571 572
572 188
573 474
573 574
574 377
575 92
575 576
576 181
577 492
577 578
578 149
579 245
579 580
580 292
581 420
581 582
582 5
583 205
583 584
584 458
585 207
585 586
586 356
587 158
587 588
588 178
589 81
589 590
590 125
591 78
591 592
592 238
593 53
593 594
594 469
595 484
595 596
596 495
597 143
597 598
598 274
599 86
599 600
600 478
601 515
601 602
602 134
603 550
603 604
604 114
605 493
605 606
606 518
607 266
607 608
608 243
609 560
609 610
610 56
611 541
611 612
612 404
613 351
613 614
614 231
