0 15
0 351
1 103
1 426
3 207
3 293
4 389
4 587
6 602
5 213
7 288
7 311
9 204
8 383
8 450
10 272
13 44
13 491
15 193
15 609
17 387
17 396
19 305
19 372
21 177
21 359
23 24
23 91
24 130
25 26
25 276
26 598
27 28
27 506
28 456
29 30
29 487
30 66
31 32
31 176
32 283
33 34
33 329
34 454
35 36
35 289
36 164
37 38
37 169
38 191
39 40
39 94
40 210
41 42
41 397
42 335
43 44
43 132
44 250
45 46
45 127
46 358
47 48
47 139
48 203
49 50
49 320
50 143
51 52
51 406
52 88
53 54
53 158
54 2
55 32
55 56
56 194
57 58
57 594
58 151
59 60
59 126
60 344
61 62
61 555
62 402
63 64
63 195
64 578
65 66
65 341
66 25
67 68
67 244
68 260
69 70
69 186
70 490
71 72
71 277
72 156
73 74
73 181
74 600
75 76
75 361
76 304
77 78
77 514
78 444
79 80
79 149
80 590
81 82
81 86
82 70
83 84
83 354
84 474
85 86
85 167
86 309
87 88
87 458
88 228
89 90
89 300
90 610
91 33
91 92
92 374
93 94
93 391
94 50
95 96
95 182
96 270
97 98
97 202
98 278
99 100
99 468
100 550
101 102
101 545
102 6
103 104
103 534
104 382
105 106
105 362
106 166
107 108
107 423
108 375
109 24
109 110
110 89
111 61
111 112
112 76
113 114
113 388
114 71
115 116
115 117
116 187
117 118
117 199
118 366
119 120
119 313
120 340
121 113
121 122
122 173
123 124
123 255
124 41
125 126
125 601
126 607
127 128
127 381
128 557
129 130
129 236
130 502
131 132
131 331
132 401
133 134
133 544
134 310
135 99
135 136
136 251
137 138
137 146
138 206
139 115
139 140
140 343
141 142
141 155
142 96
143 144
143 472
144 494
145 146
145 546
146 332
147 148
147 433
148 528
149 150
149 443
150 296
151 152
151 422
152 414
153 154
153 483
154 373
155 156
155 315
156 430
157 158
157 299
158 492
159 160
159 533
160 596
161 109
161 162
162 264
163 121
163 164
164 606
165 166
165 574
166 120
167 168
167 200
168 172
169 170
169 261
170 216
171 124
171 172
172 412
173 174
173 504
174 582
175 176
175 449
176 323
177 178
177 484
178 432
179 180
179 198
180 80
181 8
181 182
182 196
183 184
183 327
184 1
185 163
185 186
186 223
187 111
187 188
188 394
189 190
189 539
190 526
191 192
191 287
192 566
193 194
193 368
194 259
195 196
195 581
196 256
197 198
197 593
198 237
199 200
199 337
200 363
201 202
201 536
202 67
203 204
203 226
204 548
205 206
205 265
206 353
207 208
207 365
208 592
209 210
209 571
210 518
211 212
211 295
212 312
213 63
213 214
214 87
215 23
215 216
216 248
217 218
217 420
218 560
219 30
219 220
220 580
221 222
221 603
222 281
223 224
223 350
224 326
225 226
225 242
226 249
227 228
227 577
228 500
229 230
229 317
230 231
231 232
231 235
232 38
233 234
233 379
234 218
235 123
235 236
236 290
237 238
237 241
238 144
239 229
239 240
240 284
241 242
241 307
242 523
243 244
243 431
244 308
245 140
245 246
246 576
247 21
247 248
248 129
249 137
249 250
250 390
251 27
251 252
252 271
253 254
253 421
254 496
255 31
255 256
256 614
257 101
257 258
258 486
259 112
259 260
260 346
261 262
261 321
262 549
263 264
263 419
264 314
265 45
265 266
266 162
267 108
267 268
268 589
269 270
269 465
270 364
271 272
271 348
272 62
273 274
273 535
274 459
275 189
275 276
276 286
277 278
277 493
278 436
279 214
279 280
280 14
281 282
281 349
282 28
283 240
283 284
284 501
285 119
285 286
286 513
287 222
287 288
288 92
289 171
289 290
290 357
291 57
291 292
292 384
293 178
293 294
294 360
295 205
295 296
296 75
297 118
297 298
298 570
299 65
299 300
300 16
301 153
301 302
302 10
303 304
303 498
304 330
305 306
305 417
306 378
307 308
307 439
308 413
309 262
309 310
310 591
311 142
311 312
312 434
313 116
313 314
314 416
315 316
315 409
316 537
317 318
317 463
318 324
319 320
319 395
320 552
321 85
321 322
322 78
323 324
323 469
324 572
325 326
325 538
326 258
327 328
327 567
328 553
329 243
329 330
330 20
331 215
331 332
332 7
333 334
333 399
334 525
335 303
335 336
336 460
337 179
337 338
338 328
339 185
339 340
340 60
341 79
341 342
342 453
343 344
343 495
344 302
345 346
345 605
346 400
347 348
347 352
348 224
349 35
349 350
350 51
351 352
351 565
352 319
353 354
353 583
354 604
355 291
355 356
356 584
357 358
357 508
358 403
359 338
359 360
360 114
361 362
361 524
362 43
363 364
363 563
364 106
365 275
365 366
366 392
367 368
367 510
368 110
369 125
369 370
370 516
371 211
371 372
372 56
373 64
373 374
374 297
375 376
375 410
376 499
377 345
377 378
378 462
379 11
379 380
380 336
381 225
381 382
382 447
383 152
383 384
384 102
385 247
385 386
386 532
387 47
387 388
388 541
389 175
389 390
390 298
391 122
391 392
392 530
393 59
393 394
394 135
395 209
395 396
396 611
397 398
397 470
398 551
399 347
399 400
400 138
401 402
401 488
402 418
403 404
403 540
404 325
405 5
405 406
406 461
407 234
407 408
408 246
409 410
409 427
410 424
411 412
411 608
412 519
413 81
413 414
414 481
415 416
415 585
416 105
417 418
417 568
418 68
419 405
419 420
420 273
421 197
421 422
422 556
423 424
423 595
424 217
425 426
425 442
426 547
427 107
427 428
428 376
429 154
429 430
430 90
431 432
431 527
432 39
433 434
433 522
434 233
435 72
435 436
436 100
437 438
437 543
438 279
439 141
439 440
440 612
441 5
441 442
442 445
443 444
443 503
444 9
445 446
445 579
446 53
447 404
447 448
448 82
449 450
449 505
450 19
451 452
451 564
452 6
453 13
453 454
454 489
455 128
455 456
456 48
457 458
457 531
458 380
459 165
459 460
460 542
461 462
461 558
462 174
463 464
463 569
464 370
465 201
465 466
466 104
467 455
467 468
468 342
469 267
469 470
470 411
471 145
471 472
472 220
473 69
473 474
474 334
475 274
475 476
476 42
477 428
477 478
478 476
479 480
479 512
480 446
481 34
481 482
482 575
483 3
483 484
484 479
485 386
485 486
486 408
487 77
487 488
488 252
489 134
489 490
490 482
491 159
491 492
492 448
493 367
493 494
494 599
495 496
495 613
496 73
497 477
497 498
498 318
499 467
499 500
500 466
501 339
501 502
502 160
503 504
503 586
504 161
505 230
505 506
506 371
507 508
507 521
508 219
509 131
509 510
510 316
511 497
511 512
512 478
513 150
513 514
514 452
515 516
515 561
516 212
517 435
517 518
518 280
519 485
519 520
520 93
521 522
521 529
522 573
523 294
523 524
524 554
525 437
525 526
526 133
527 4
527 528
528 22
529 415
529 530
530 190
531 369
531 532
532 170
533 269
533 534
534 440
535 355
535 536
536 147
537 441
537 538
538 480
539 457
539 540
540 520
541 451
541 542
542 180
543 46
543 544
544 254
545 227
545 546
546 84
547 9
547 548
548 268
549 168
549 550
550 10
551 425
551 552
552 192
553 136
553 554
554 515
555 239
555 556
556 232
557 475
557 558
558 97
559 393
559 560
560 52
561 471
561 562
562 18
563 564
563 597
564 58
565 253
565 566
566 306
567 55
567 568
568 517
569 507
569 570
570 238
571 509
571 572
572 257
573 221
573 574
574 36
575 49
575 576
576 98
577 83
577 578
578 282
579 580
579 588
580 292
581 29
581 582
582 266
583 208
583 584
584 148
585 157
585 586
586 333
587 263
587 588
588 429
589 464
589 590
590 562
591 407
591 592
592 12
593 301
593 594
594 245
595 37
595 596
596 184
597 377
597 598
598 438
599 40
599 600
600 54
601 17
601 602
602 95
603 183
603 604
604 356
605 285
605 606
606 473
607 188
607 608
608 385
609 511
609 610
610 322
611 26
611 612
612 398
613 559
613 614
614 74
