0 199
0 445
2 56
2 144
3 71
3 490
4 99
4 187
5 394
6 485
9 148
9 223
10 403
10 409
12 364
11 276
13 98
13 303
15 423
15 606
17 526
17 578
19 26
19 232
21 101
21 341
23 24
23 436
24 29
25 26
25 225
26 442
27 28
27 240
28 178
29 30
29 230
30 598
31 32
31 283
32 469
33 34
33 349
34 262
35 36
35 135
36 455
37 38
37 399
38 554
39 40
39 459
40 265
41 42
41 565
42 556
43 44
43 450
44 11
45 46
45 175
46 24
47 48
47 81
48 221
49 38
49 50
50 398
51 52
51 291
52 196
53 9
53 54
54 460
55 56
55 345
56 549
57 58
57 272
58 133
59 60
59 512
60 386
61 62
61 359
62 379
63 64
63 275
64 543
65 51
65 66
66 514
67 68
67 132
68 551
69 70
69 300
70 382
71 68
71 72
72 328
73 74
73 157
74 353
75 76
75 259
76 352
77 78
77 559
78 594
79 80
79 153
80 65
81 82
81 127
82 537
83 47
83 84
84 109
85 86
85 358
86 46
87 88
87 210
88 428
89 37
89 90
90 448
91 92
91 373
92 506
93 94
93 461
94 184
95 96
95 483
96 507
97 98
97 335
98 546
99 100
99 152
100 446
101 102
101 381
102 115
103 95
103 104
104 301
105 106
105 340
106 505
107 108
107 354
108 580
109 69
109 110
110 454
111 52
111 112
112 388
113 114
113 535
114 280
115 116
115 270
116 414
117 118
117 212
118 374
119 120
119 498
120 14
121 122
121 418
122 310
123 124
123 488
124 84
125 97
125 126
126 318
127 128
127 211
128 242
129 130
129 351
130 162
131 132
131 239
132 609
133 134
133 170
134 548
135 86
135 136
136 92
137 138
137 471
138 278
139 140
139 249
140 552
141 142
141 323
142 449
143 144
143 235
144 581
145 113
145 146
146 344
147 148
147 431
148 103
149 150
149 550
150 246
151 152
151 404
152 21
153 154
153 171
154 105
155 156
155 213
156 477
157 146
157 158
158 116
159 160
159 599
160 181
161 162
161 307
162 406
163 164
163 254
164 274
165 166
165 193
166 468
167 168
167 222
168 22
169 170
169 587
170 12
171 172
171 261
172 411
173 174
173 451
174 440
175 176
175 263
176 426
177 178
177 361
178 456
179 180
179 566
180 441
181 182
181 541
182 378
183 154
183 184
184 174
185 186
185 320
186 108
187 27
187 188
188 258
189 190
189 297
190 332
191 159
191 192
192 179
193 194
193 369
194 372
195 196
195 338
196 542
197 198
197 419
198 190
199 200
199 453
200 611
201 53
201 202
202 564
203 204
203 585
204 313
205 206
205 558
206 334
207 36
207 208
208 134
209 210
209 219
210 407
211 212
211 437
212 289
213 202
213 214
214 484
215 55
215 216
216 375
217 218
217 295
218 155
219 220
219 561
220 288
221 73
221 222
222 164
223 203
223 224
224 480
225 226
225 380
226 233
227 165
227 228
228 481
229 230
229 529
230 204
231 232
231 387
232 80
233 234
233 308
234 547
235 236
235 443
236 194
237 238
237 427
238 314
239 160
239 240
240 5
241 242
241 325
242 30
243 244
243 322
244 140
245 246
245 304
246 540
247 248
247 339
248 290
249 121
249 250
250 329
251 248
251 252
252 389
253 35
253 254
254 180
255 256
255 583
256 114
257 11
257 258
258 74
259 260
259 357
260 544
261 262
261 337
262 243
263 264
263 492
264 591
265 156
265 266
266 422
267 268
267 496
268 90
269 270
269 575
270 522
271 272
271 525
272 342
273 274
273 305
274 430
275 276
275 277
276 252
277 141
277 278
278 444
279 280
279 302
280 206
281 282
281 539
282 45
283 145
283 284
284 518
285 286
285 360
286 13
287 15
287 288
288 50
289 290
289 312
290 6
291 292
291 614
292 433
293 294
293 517
294 284
295 185
295 296
296 362
297 169
297 298
298 573
299 231
299 300
300 355
301 302
301 511
302 383
303 304
303 499
304 416
305 306
305 557
306 608
307 253
307 308
308 117
309 226
309 310
310 568
311 229
311 312
312 532
313 299
313 314
314 94
315 316
315 571
316 555
317 237
317 318
318 545
319 287
319 320
320 271
321 40
321 322
322 603
323 324
323 391
324 208
325 247
325 326
326 57
327 173
327 328
328 316
329 330
329 452
330 167
331 332
331 466
332 350
333 139
333 334
334 348
335 19
335 336
336 220
337 338
337 371
338 218
339 340
339 563
340 49
341 330
341 342
342 150
343 344
343 495
344 191
345 346
345 408
346 257
347 348
347 400
348 18
349 350
349 500
350 214
351 352
351 509
352 584
353 354
353 612
354 102
355 151
355 356
356 100
357 358
357 489
358 588
359 273
359 360
360 392
361 319
361 362
362 33
363 4
363 364
364 528
365 142
365 366
366 447
367 64
367 368
368 463
369 228
369 370
370 60
371 372
371 417
372 434
373 10
373 374
374 346
375 41
375 376
376 111
377 236
377 378
378 224
379 197
379 380
380 78
381 382
381 595
382 244
383 384
383 508
384 476
385 63
385 386
386 112
387 388
387 420
388 574
389 390
389 570
390 256
391 392
391 597
392 207
393 317
393 394
394 28
395 396
395 613
396 183
397 398
397 586
398 582
399 400
399 402
400 119
401 365
401 402
402 87
403 404
403 567
404 482
405 406
405 412
406 377
407 408
407 457
408 602
409 128
409 410
410 282
411 412
411 486
412 8
413 216
413 414
414 478
415 123
415 416
416 336
417 333
417 418
418 147
419 393
419 420
420 530
421 166
421 422
422 604
423 424
423 576
424 384
425 12
425 426
426 524
427 82
427 428
428 415
429 61
429 430
430 503
431 62
431 432
432 25
433 434
433 521
434 172
435 429
435 436
436 367
437 217
437 438
438 7
439 54
439 440
440 516
441 376
441 442
442 182
443 285
443 444
444 363
445 83
445 446
446 523
447 89
447 448
448 120
449 343
449 450
450 6
451 79
451 452
452 470
453 435
453 454
454 250
455 327
455 456
456 472
457 215
457 458
458 234
459 293
459 460
460 32
461 163
461 462
462 296
463 309
463 464
464 292
465 331
465 466
466 2
467 468
467 515
468 16
469 189
469 470
470 122
471 472
471 479
472 59
473 474
473 553
474 590
475 201
475 476
476 176
477 34
477 478
478 168
479 480
479 491
480 20
481 397
481 482
482 321
483 200
483 484
484 534
485 110
485 486
486 474
487 424
487 488
488 421
489 177
489 490
490 96
491 75
491 492
492 401
493 255
493 494
494 70
495 161
495 496
496 67
497 498
497 520
498 596
499 3
499 500
500 104
501 241
501 502
502 106
503 326
503 504
504 589
505 294
505 506
506 198
507 85
507 508
508 158
509 143
509 510
510 396
511 315
511 512
512 438
513 514
513 569
514 58
515 516
515 519
516 610
517 269
517 518
518 136
519 129
519 520
520 125
521 188
521 522
522 266
523 524
523 562
524 390
525 31
525 526
526 493
527 465
527 528
528 592
529 475
529 530
530 131
531 209
531 532
532 533
533 93
533 534
534 76
535 467
535 536
536 126
537 195
537 538
538 368
539 23
539 540
540 279
541 497
541 542
542 462
543 137
543 544
544 107
545 504
545 546
546 72
547 536
547 548
548 502
549 550
549 579
550 268
551 552
551 577
552 1
553 124
553 554
554 42
555 245
555 556
556 600
557 385
557 558
558 251
559 531
559 560
560 572
561 410
561 562
562 370
563 281
563 564
564 366
565 286
565 566
566 538
567 39
567 568
568 605
569 192
569 570
570 464
571 267
571 572
572 43
573 510
573 574
574 405
575 501
575 576
576 77
577 5
577 578
578 458
579 439
579 580
580 130
581 48
581 582
582 324
583 487
583 584
584 186
585 586
585 593
586 88
587 138
587 588
588 395
589 66
589 590
590 238
591 306
591 592
592 298
593 91
593 594
594 347
595 432
595 596
596 264
597 598
597 601
598 513
599 413
599 600
600 494
601 311
601 602
602 607
603 17
603 604
604 425
605 356
605 606
606 44
607 527
607 608
608 205
609 118
609 610
610 149
611 473
611 612
612 260
613 560
613 614
614 227
