0 71
0 111
2 49
2 85
3 325
3 583
5 245
4 200
4 481
6 478
7 84
7 102
9 223
9 360
10 198
10 536
11 110
12 234
15 214
15 467
17 67
17 605
19 256
19 451
21 320
21 448
23 24
23 199
24 21
25 26
25 293
26 311
27 28
27 581
28 471
29 30
29 531
30 402
31 32
31 443
32 233
33 34
33 82
34 162
35 36
35 69
36 260
37 38
37 267
38 207
39 40
39 77
40 588
41 42
41 117
42 384
43 44
43 188
44 408
45 46
45 452
46 395
47 48
47 500
48 548
49 50
49 569
50 210
51 52
51 158
52 375
53 54
53 261
54 115
55 56
55 93
56 44
57 58
57 81
58 584
59 60
59 94
60 434
61 62
61 258
62 168
63 64
63 155
64 291
65 34
65 66
66 222
67 4
67 68
68 98
69 70
69 447
70 76
71 31
71 72
72 118
73 58
73 74
74 101
75 32
75 76
76 380
77 78
77 564
78 165
79 75
79 80
80 378
81 82
81 453
82 346
83 84
83 137
84 586
85 86
85 495
86 129
87 88
87 160
88 42
89 90
89 299
90 523
91 92
91 590
92 276
93 94
93 317
94 305
95 96
95 475
96 597
97 98
97 239
98 226
99 100
99 341
100 359
101 102
101 339
102 466
103 104
103 610
104 504
105 50
105 106
106 79
107 108
107 545
108 514
109 110
109 445
110 340
111 112
111 457
112 362
113 2
113 114
114 253
115 116
115 539
116 62
117 118
117 563
118 532
119 120
119 143
120 6
121 122
121 321
122 524
123 124
123 179
124 600
125 126
125 133
126 195
127 128
127 505
128 458
129 130
129 131
130 105
131 132
131 295
132 156
133 68
133 134
134 414
135 136
135 333
136 517
137 138
137 157
138 39
139 140
139 374
140 244
141 142
141 201
142 612
143 144
143 429
144 444
145 146
145 530
146 174
147 148
147 456
148 482
149 150
149 180
150 366
151 35
151 152
152 303
153 154
153 551
154 529
155 156
155 263
156 350
157 158
157 237
158 425
159 160
159 446
160 266
161 149
161 162
162 428
163 164
163 465
164 173
165 70
165 166
166 40
167 168
167 572
168 324
169 170
169 490
170 7
171 172
171 555
172 41
173 174
173 477
174 248
175 176
175 508
176 64
177 178
177 570
178 182
179 180
179 534
180 367
181 182
181 342
182 464
183 184
183 537
184 104
185 186
185 255
186 358
187 5
187 188
188 476
189 127
189 190
190 297
191 121
191 192
192 138
193 194
193 507
194 146
195 196
195 567
196 230
197 198
197 574
198 560
199 200
199 519
200 415
201 202
201 243
202 205
203 83
203 204
204 36
205 206
205 419
206 130
207 208
207 337
208 319
209 210
209 271
210 250
211 212
211 441
212 122
213 16
213 214
214 289
215 45
215 216
216 10
217 218
217 426
218 609
219 220
219 595
220 29
221 163
221 222
222 6
223 72
223 224
224 468
225 54
225 226
226 254
227 228
227 484
228 608
229 230
229 286
230 462
231 24
231 232
232 264
233 120
233 234
234 522
235 236
235 265
236 66
237 97
237 238
238 411
239 240
239 561
240 47
241 38
241 242
242 387
243 151
243 244
244 503
245 246
245 328
246 288
247 248
247 409
248 159
249 250
249 488
250 12
251 252
251 420
252 18
253 60
253 254
254 528
255 256
255 268
256 587
257 258
257 589
258 573
259 260
259 603
260 361
261 219
261 262
262 363
263 264
263 454
264 252
265 213
265 266
266 568
267 203
267 268
268 390
269 51
269 270
270 614
271 272
271 287
272 547
273 274
273 335
274 424
275 276
275 417
276 13
277 278
277 511
278 192
279 126
279 280
280 439
281 282
281 494
282 393
283 284
283 323
284 216
285 286
285 421
286 355
287 183
287 288
288 108
289 217
289 290
290 177
291 292
291 357
292 388
293 209
293 294
294 206
295 125
295 296
296 103
297 298
297 364
298 392
299 300
299 385
300 294
301 242
301 302
302 148
303 128
303 304
304 274
305 306
305 371
306 398
307 308
307 435
308 80
309 310
309 543
310 176
311 218
311 312
312 181
313 314
313 322
314 354
315 316
315 512
316 554
317 28
317 318
318 450
319 320
319 553
320 461
321 227
321 322
322 99
323 324
323 489
324 349
325 74
325 326
326 372
327 328
327 515
328 211
329 330
329 518
330 516
331 332
331 351
332 404
333 334
333 525
334 353
335 334
335 336
336 142
337 86
337 338
338 436
339 139
339 340
340 396
341 342
341 613
342 300
343 331
343 344
344 330
345 327
345 346
346 413
347 309
347 348
348 394
349 315
349 350
350 558
351 352
351 571
352 316
353 220
353 354
354 565
355 164
355 356
356 406
357 344
357 358
358 580
359 46
359 360
360 598
361 221
361 362
362 282
363 364
363 496
364 557
365 366
365 487
366 270
367 277
367 368
368 397
369 370
369 377
370 11
371 166
371 372
372 178
373 374
373 501
374 196
375 376
375 521
376 90
377 378
377 509
378 306
379 236
379 380
380 440
381 382
381 459
382 1
383 312
383 384
384 470
385 386
385 520
386 231
387 197
387 388
388 88
389 95
389 390
390 469
391 392
391 403
392 338
393 394
393 502
394 379
395 246
395 396
396 506
397 202
397 398
398 356
399 147
399 400
400 232
401 193
401 402
402 455
403 404
403 499
404 438
405 406
405 472
406 576
407 15
407 408
408 430
409 410
409 433
410 400
411 48
411 412
412 185
413 229
413 414
414 8
415 204
415 416
416 238
417 373
417 418
418 91
419 302
419 420
420 106
421 345
421 422
422 186
423 407
423 424
424 449
425 273
425 426
426 169
427 153
427 428
428 386
429 430
429 549
430 336
431 144
431 432
432 544
433 434
433 480
434 410
435 228
435 436
436 422
437 438
437 526
438 27
439 440
439 491
440 124
441 416
441 442
442 59
443 37
443 444
444 423
445 167
445 446
446 14
447 448
447 483
448 145
449 450
449 575
450 611
451 17
451 452
452 498
453 454
453 493
454 240
455 296
455 456
456 582
457 458
457 596
458 96
459 113
459 460
460 604
461 432
461 462
462 150
463 161
463 464
464 308
465 275
465 466
466 365
467 152
467 468
468 249
469 470
469 541
470 460
471 43
471 472
472 556
473 257
473 474
474 63
475 476
475 485
476 247
477 478
477 594
478 134
479 109
479 480
480 280
481 482
481 601
482 314
483 347
483 484
484 431
485 225
485 486
486 606
487 412
487 488
488 100
489 486
489 490
490 26
491 405
491 492
492 348
493 135
493 494
494 279
495 171
495 496
496 559
497 383
497 498
498 20
499 189
499 500
500 87
501 502
501 607
502 442
503 504
503 550
504 56
505 269
505 506
506 92
507 391
507 508
508 418
509 184
509 510
510 382
511 368
511 512
512 538
513 401
513 514
514 376
515 516
515 562
516 399
517 427
517 518
518 241
519 520
519 533
520 389
521 463
521 522
522 369
523 301
523 524
524 542
525 381
525 526
526 535
527 30
527 528
528 132
529 191
529 530
530 78
531 343
531 532
532 175
533 53
533 534
534 170
535 19
535 536
536 527
537 474
537 538
538 591
539 61
539 540
540 281
541 313
541 542
542 11
543 89
543 544
544 212
545 262
545 546
546 187
547 540
547 548
548 73
549 259
549 550
550 208
551 479
551 552
552 272
553 224
553 554
554 579
555 3
555 556
556 283
557 307
557 558
558 578
559 513
559 560
560 65
561 23
561 562
562 437
563 136
563 564
564 9
565 566
565 599
566 22
567 546
567 568
568 352
569 5
569 570
570 215
571 141
571 572
572 25
573 574
573 585
574 310
575 576
575 577
576 592
577 278
577 578
578 326
579 298
579 580
580 602
581 329
581 582
582 292
583 119
583 584
584 593
585 172
585 586
586 284
587 290
587 588
588 318
589 107
589 590
590 140
591 497
591 592
592 492
593 55
593 594
594 154
595 57
595 596
596 510
597 235
597 598
598 112
599 116
599 600
600 566
601 552
601 602
602 114
603 285
603 604
604 370
605 473
605 606
606 33
607 332
607 608
608 123
609 190
609 610
610 52
611 12
611 612
612 194
613 304
613 614
614 251
