0 433
0 453
3 381
3 445
4 179
4 207
6 594
5 147
7 350
7 590
8 184
8 203
9 124
10 32
11 554
11 586
13 335
13 401
15 95
15 148
17 116
17 364
19 27
19 575
21 187
21 528
23 24
23 59
24 504
25 26
25 281
26 409
27 28
27 142
28 151
29 4
29 30
30 166
31 32
31 202
32 242
33 34
33 297
34 24
35 36
35 41
36 40
37 38
37 211
38 435
39 40
39 219
40 306
41 42
41 337
42 352
43 44
43 515
44 108
45 6
45 46
46 450
47 46
47 48
48 150
49 50
49 280
50 496
51 52
51 241
52 276
53 54
53 451
54 256
55 56
55 544
56 104
57 58
57 180
58 607
59 60
59 431
60 427
61 62
61 112
62 260
63 33
63 64
64 131
65 66
65 271
66 502
67 68
67 293
68 16
69 70
69 160
70 323
71 72
71 555
72 344
73 74
73 289
74 233
75 25
75 76
76 470
77 73
77 78
78 154
79 80
79 473
80 567
81 82
81 141
82 432
83 84
83 264
84 464
85 86
85 135
86 236
87 64
87 88
88 506
89 37
89 90
90 122
91 92
91 106
92 290
93 85
93 94
94 20
95 96
95 478
96 519
97 98
97 313
98 304
99 100
99 512
100 384
101 71
101 102
102 577
103 104
103 223
104 462
105 106
105 303
106 540
107 108
107 563
108 424
109 110
109 341
110 167
111 112
111 601
112 52
113 114
113 357
114 340
115 116
115 613
116 228
117 118
117 229
118 58
119 120
119 309
120 454
121 122
121 373
122 55
123 124
123 593
124 224
125 126
125 495
126 522
127 128
127 395
128 322
129 130
129 143
130 272
131 132
131 550
132 269
133 134
133 234
134 455
135 136
135 277
136 285
137 9
137 138
138 566
139 140
139 354
140 158
141 142
141 551
142 126
143 23
143 144
144 5
145 93
145 146
146 480
147 13
147 148
148 426
149 150
149 320
150 171
151 152
151 174
152 204
153 154
153 367
154 332
155 156
155 576
156 596
157 158
157 429
158 386
159 57
159 160
160 225
161 162
161 524
162 383
163 164
163 543
164 510
165 166
165 604
166 535
167 168
167 305
168 360
169 163
169 170
170 220
171 172
171 230
172 186
173 156
173 174
174 162
175 176
175 501
176 255
177 178
177 370
178 194
179 91
179 180
180 60
181 182
181 237
182 376
183 184
183 511
184 369
185 186
185 500
186 534
187 188
187 533
188 278
189 190
189 265
190 182
191 192
191 212
192 498
193 194
193 266
194 572
195 196
195 246
196 288
197 35
197 198
198 530
199 200
199 319
200 492
201 202
201 452
202 226
203 161
203 204
204 10
205 89
205 206
206 611
207 208
207 343
208 10
209 210
209 387
210 538
211 212
211 484
212 348
213 214
213 240
214 581
215 47
215 216
216 570
217 218
217 355
218 440
219 220
219 425
220 193
221 159
221 222
222 321
223 170
223 224
224 31
225 226
225 589
226 192
227 19
227 228
228 608
229 230
229 437
230 56
231 232
231 413
232 22
233 136
233 234
234 562
235 236
235 479
236 110
237 238
237 294
238 456
239 105
239 240
240 434
241 242
241 342
242 600
243 214
243 244
244 188
245 36
245 246
246 253
247 129
247 248
248 389
249 250
249 292
250 358
251 252
251 609
252 448
253 121
253 254
254 518
255 256
255 316
256 238
257 75
257 258
258 472
259 222
259 260
260 331
261 262
261 559
262 361
263 87
263 264
264 587
265 29
265 266
266 422
267 268
267 553
268 300
269 209
269 270
270 198
271 114
271 272
272 420
273 274
273 382
274 532
275 261
275 276
276 79
277 278
277 449
278 438
279 168
279 280
280 216
281 282
281 571
282 310
283 39
283 284
284 282
285 286
285 592
286 347
287 123
287 288
288 468
289 125
289 290
290 244
291 292
291 537
292 349
293 294
293 539
294 564
295 296
295 585
296 380
297 298
297 351
298 12
299 84
299 300
300 70
301 100
301 302
302 254
303 109
303 304
304 210
305 267
305 306
306 557
307 308
307 371
308 325
309 310
309 584
310 98
311 286
311 312
312 66
313 308
313 314
314 231
315 316
315 583
316 404
317 11
317 318
318 268
319 320
319 517
320 598
321 322
321 414
322 103
323 324
323 525
324 419
325 314
325 326
326 406
327 14
327 328
328 50
329 102
329 330
330 307
331 173
331 332
332 139
333 334
333 421
334 312
335 336
335 338
336 165
337 247
337 338
338 329
339 200
339 340
340 21
341 99
341 342
342 185
343 175
343 344
344 287
345 97
345 346
346 206
347 49
347 348
348 396
349 51
349 350
350 196
351 145
351 352
352 140
353 62
353 354
354 482
355 96
355 356
356 54
357 153
357 358
358 465
359 283
359 360
360 317
361 113
361 362
362 565
363 364
363 527
364 588
365 366
365 505
366 133
367 368
367 548
368 270
369 370
369 556
370 346
371 245
371 372
372 476
373 374
373 509
374 418
375 376
375 430
376 65
377 378
377 549
378 275
379 380
379 459
380 334
381 382
381 407
382 177
383 82
383 384
384 443
385 375
385 386
386 356
387 252
387 388
388 8
389 284
389 390
390 76
391 392
391 507
392 18
393 394
393 475
394 251
395 217
395 396
396 520
397 398
397 441
398 568
399 81
399 400
400 45
401 402
401 569
402 258
403 111
403 404
404 521
405 146
405 406
406 128
407 15
407 408
408 205
409 221
409 410
410 6
411 412
411 477
412 2
413 134
413 414
414 374
415 115
415 416
416 578
417 155
417 418
418 610
419 38
419 420
420 301
421 422
421 599
422 273
423 295
423 424
424 120
425 408
425 426
426 328
427 428
427 491
428 444
429 430
429 493
430 582
431 235
431 432
432 48
433 434
433 439
434 107
435 78
435 436
436 466
437 248
437 438
438 130
439 415
439 440
440 43
441 239
441 442
442 189
443 444
443 461
444 80
445 119
445 446
446 372
447 257
447 448
448 490
449 77
449 450
450 118
451 92
451 452
452 436
453 67
453 454
454 232
455 363
455 456
456 201
457 412
457 458
458 274
459 460
459 603
460 469
461 428
461 462
462 536
463 7
463 464
464 190
465 466
465 558
466 164
467 5
467 468
468 385
469 470
469 523
470 368
471 291
471 472
472 90
473 474
473 612
474 94
475 249
475 476
476 152
477 467
477 478
478 403
479 397
479 480
480 315
481 149
481 482
482 398
483 101
483 484
484 339
485 486
485 542
486 172
487 26
487 488
488 132
489 490
489 503
490 552
491 218
491 492
492 416
493 489
493 494
494 516
495 197
495 496
496 68
497 195
497 498
498 250
499 227
499 500
500 83
501 379
501 502
502 318
503 411
503 504
504 30
505 359
505 506
506 579
507 365
507 508
508 526
509 400
509 510
510 390
511 471
511 512
512 541
513 377
513 514
514 494
515 391
515 516
516 614
517 487
517 518
518 17
519 520
519 545
520 508
521 69
521 522
522 580
523 524
523 531
524 9
525 460
525 526
526 178
527 528
527 597
528 302
529 86
529 530
530 298
531 259
531 532
532 208
533 61
533 534
534 458
535 28
535 536
536 138
537 63
537 538
538 388
539 183
539 540
540 144
541 542
541 591
542 399
543 378
543 544
544 362
545 546
545 547
546 402
547 394
547 548
548 457
549 529
549 550
550 561
551 176
551 552
552 243
553 74
553 554
554 42
555 181
555 556
556 215
557 72
557 558
558 486
559 514
559 560
560 299
561 447
561 562
562 345
563 483
563 564
564 513
565 88
565 566
566 446
567 327
567 568
568 191
569 570
569 573
570 296
571 3
571 572
572 44
573 311
573 574
574 488
575 417
575 576
576 263
577 410
577 578
578 330
579 481
579 580
580 474
581 117
581 582
582 366
583 499
583 584
584 442
585 485
585 586
586 169
587 279
587 588
588 137
589 497
589 590
590 574
591 213
591 592
592 405
593 423
593 594
594 393
595 157
595 596
596 546
597 560
597 598
598 34
599 600
599 602
600 1
601 199
601 602
602 463
603 595
603 604
604 333
605 324
605 606
606 53
607 353
607 608
608 392
609 326
609 610
610 606
611 262
611 612
612 605
613 127
613 614
614 336
