0 1
0 589
3 102
3 324
4 278
4 482
5 329
6 202
7 139
7 423
8 101
8 215
9 341
10 108
11 348
11 407
13 233
13 495
15 448
15 563
17 26
17 375
19 28
19 583
21 211
21 225
23 24
23 327
24 582
25 26
25 373
26 15
27 28
27 369
28 249
29 30
29 129
30 452
31 32
31 287
32 384
33 34
33 85
34 109
35 36
35 403
36 596
37 38
37 581
38 166
39 40
39 413
40 174
41 42
41 447
42 569
43 44
43 377
44 595
45 46
45 451
46 500
47 48
47 217
48 105
49 50
49 199
50 134
51 52
51 307
52 125
53 13
53 54
54 355
55 56
55 155
56 87
57 58
57 143
58 133
59 60
59 469
60 260
61 62
61 612
62 406
63 64
63 306
64 320
65 66
65 362
66 207
67 68
67 238
68 584
69 70
69 112
70 317
71 72
71 415
72 566
73 74
73 461
74 421
75 76
75 151
76 398
77 78
77 578
78 18
79 80
79 84
80 246
81 82
81 474
82 121
83 84
83 149
84 372
85 86
85 526
86 607
87 88
87 512
88 580
89 25
89 90
90 553
91 92
91 517
92 234
93 94
93 309
94 337
95 96
95 270
96 564
97 98
97 359
98 21
99 100
99 417
100 574
101 102
101 193
102 242
103 104
103 606
104 602
105 106
105 214
106 266
107 108
107 592
108 289
109 110
109 346
110 272
111 112
111 543
112 609
113 114
113 268
114 6
115 81
115 116
116 64
117 118
117 184
118 479
119 10
119 120
120 213
121 122
121 510
122 209
123 124
123 534
124 386
125 126
125 358
126 88
127 128
127 350
128 78
129 130
129 501
130 152
131 65
131 132
132 490
133 98
133 134
134 135
135 136
135 486
136 610
137 138
137 558
138 492
139 140
139 587
140 160
141 142
141 162
142 340
143 74
143 144
144 61
145 146
145 491
146 56
147 33
147 148
148 171
149 97
149 150
150 14
151 152
151 458
152 218
153 154
153 462
154 12
155 156
155 579
156 44
157 92
157 158
158 551
159 117
159 160
160 185
161 162
161 539
162 131
163 164
163 463
164 570
165 113
165 166
166 132
167 168
167 318
168 40
169 170
169 267
170 76
171 172
171 496
172 404
173 174
173 305
174 546
175 172
175 176
176 244
177 178
177 224
178 226
179 180
179 561
180 146
181 182
181 441
182 531
183 99
183 184
184 585
185 186
185 294
186 277
187 188
187 315
188 597
189 190
189 275
190 262
191 10
191 192
192 394
193 194
193 401
194 339
195 196
195 371
196 431
197 34
197 198
198 165
199 55
199 200
200 502
201 66
201 202
202 556
203 204
203 457
204 284
205 2
205 206
206 216
207 73
207 208
208 52
209 210
209 308
210 336
211 95
211 212
212 599
213 208
213 214
214 205
215 216
215 223
216 288
217 218
217 442
218 504
219 220
219 533
220 158
221 222
221 485
222 190
223 224
223 575
224 68
225 226
225 393
226 20
227 228
227 311
228 219
229 230
229 535
230 292
231 67
231 232
232 123
233 234
233 470
234 356
235 236
235 515
236 472
237 238
237 588
238 529
239 240
239 559
240 552
241 242
241 354
242 568
243 91
243 244
244 259
245 246
245 445
246 222
247 19
247 248
248 498
249 250
249 605
250 83
251 252
251 565
252 100
253 254
253 476
254 124
255 256
255 499
256 77
257 258
257 383
258 523
259 260
259 429
260 154
261 257
261 262
262 438
263 264
263 480
264 80
265 140
265 266
266 488
267 268
267 483
268 170
269 148
269 270
270 313
271 45
271 272
272 265
273 274
273 473
274 36
275 276
275 408
276 142
277 278
277 314
278 433
279 280
279 367
280 477
281 282
281 593
282 60
283 181
283 284
284 269
285 286
285 299
286 48
287 288
287 325
288 434
289 3
289 290
290 46
291 292
291 328
292 136
293 294
293 450
294 420
295 296
295 449
296 478
297 228
297 298
298 494
299 300
299 301
300 49
301 302
301 465
302 114
303 304
303 511
304 280
305 27
305 306
306 196
307 54
307 308
308 58
309 285
309 310
310 388
311 41
311 312
312 180
313 118
313 314
314 524
315 316
315 323
316 42
317 264
317 318
318 516
319 227
319 320
320 256
321 322
321 440
322 210
323 8
323 324
324 137
325 147
325 326
326 376
327 59
327 328
328 562
329 330
329 518
330 360
331 319
331 332
332 425
333 47
333 334
334 519
335 107
335 336
336 454
337 303
337 338
338 194
339 37
339 340
340 412
341 69
341 342
342 252
343 63
343 344
344 536
345 346
345 614
346 221
347 157
347 348
348 295
349 43
349 350
350 577
351 352
351 572
352 231
353 354
353 513
354 316
355 326
355 356
356 39
357 358
357 399
358 291
359 141
359 360
360 182
361 300
361 362
362 62
363 164
363 364
364 600
365 366
365 538
366 119
367 368
367 418
368 258
369 370
369 419
370 333
371 372
371 611
372 31
373 247
373 374
374 110
375 347
375 376
376 86
377 79
377 378
378 366
379 195
379 380
380 387
381 93
381 382
382 571
383 239
383 384
384 342
385 104
385 386
386 506
387 388
387 468
388 106
389 390
389 391
390 183
391 392
391 603
392 302
393 22
393 394
394 322
395 396
395 400
396 428
397 271
397 398
398 240
399 173
399 400
400 189
401 349
401 402
402 111
403 230
403 404
404 364
405 159
405 406
406 544
407 229
407 408
408 368
409 410
409 594
410 380
411 163
411 412
412 212
413 345
413 414
414 422
415 416
415 467
416 436
417 405
417 418
418 497
419 420
419 576
420 120
421 422
421 604
422 293
423 381
423 424
424 186
425 397
425 426
426 402
427 428
427 471
428 236
429 430
429 522
430 16
431 432
431 437
432 281
433 6
433 434
434 598
435 273
435 436
436 290
437 241
437 438
438 352
439 279
439 440
440 361
441 435
441 442
442 53
443 35
443 444
444 116
445 382
445 446
446 613
447 7
447 448
448 57
449 169
449 450
450 548
451 89
451 452
452 153
453 454
453 608
454 150
455 261
455 456
456 96
457 458
457 554
458 4
459 94
459 460
460 255
461 204
461 462
462 70
463 464
463 525
464 274
465 283
465 466
466 555
467 444
467 468
468 168
469 331
469 470
470 481
471 251
471 472
472 50
473 357
473 474
474 560
475 23
475 476
476 144
477 370
477 478
478 530
479 409
479 480
480 312
481 30
481 482
482 466
483 484
483 505
484 426
485 263
485 486
486 72
487 237
487 488
488 128
489 411
489 490
490 298
491 492
491 503
492 130
493 427
493 494
494 424
495 496
495 549
496 127
497 11
497 498
498 24
499 177
499 500
500 178
501 187
501 502
502 365
503 353
503 504
504 286
505 506
505 514
506 310
507 475
507 508
508 90
509 510
509 590
510 545
511 508
511 512
512 374
513 507
513 514
514 51
515 395
515 516
516 32
517 489
517 518
518 156
519 203
519 520
520 9
521 520
521 522
522 464
523 250
523 524
524 296
525 235
525 526
526 573
527 432
527 528
528 282
529 456
529 530
530 276
531 192
531 532
532 416
533 439
533 534
534 5
535 243
535 536
536 5
537 176
537 538
538 396
539 484
539 540
540 179
541 115
541 542
542 460
543 201
543 544
544 550
545 103
545 546
546 430
547 82
547 548
548 232
549 17
549 550
550 206
551 161
551 552
552 71
553 389
553 554
554 321
555 344
555 556
556 138
557 332
557 558
558 453
559 29
559 560
560 200
561 9
561 562
562 248
563 564
563 567
564 253
565 540
565 566
566 385
567 537
567 568
568 547
569 191
569 570
570 126
571 446
571 572
572 509
573 351
573 574
574 601
575 245
575 576
576 459
577 338
577 578
578 392
579 335
579 580
580 198
581 254
581 582
582 75
583 188
583 584
584 122
585 527
585 586
586 330
587 455
587 588
588 197
589 145
589 590
590 591
591 304
591 592
592 521
593 297
593 594
594 414
595 167
595 596
596 410
597 343
597 598
598 528
599 443
599 600
600 586
601 363
601 602
602 38
603 379
603 604
604 334
605 541
605 606
606 542
607 493
607 608
608 487
609 378
609 610
610 532
611 390
611 612
612 175
613 557
613 614
614 220
