0 75
0 205
2 259
2 403
3 89
3 325
4 179
4 594
5 286
6 500
7 303
7 585
9 63
8 21
8 521
10 454
13 435
13 489
15 16
15 68
17 471
17 600
19 244
19 528
21 30
21 467
23 24
23 338
24 226
25 26
25 95
26 384
27 28
27 277
28 609
29 30
29 242
30 62
31 32
31 408
32 329
33 34
33 180
34 396
35 36
35 595
36 562
37 12
37 38
38 60
39 40
39 320
40 28
41 42
41 544
42 186
43 44
43 239
44 472
45 46
45 582
46 225
47 48
47 590
48 452
49 50
49 246
50 227
51 52
51 72
52 468
53 54
53 587
54 152
55 56
55 214
56 270
57 58
57 485
58 233
59 60
59 561
60 502
61 62
61 352
62 90
63 64
63 354
64 448
65 66
65 466
66 346
67 68
67 71
68 310
69 70
69 455
70 255
71 72
71 551
72 196
73 15
73 74
74 268
75 76
75 573
76 357
77 78
77 549
78 32
79 80
79 154
80 134
81 8
81 82
82 362
83 84
83 121
84 560
85 41
85 86
86 66
87 88
87 236
88 86
89 90
89 377
90 142
91 92
91 275
92 426
93 94
93 476
94 416
95 96
95 119
96 493
97 98
97 545
98 460
99 100
99 395
100 552
101 102
101 187
102 487
103 104
103 563
104 526
105 106
105 539
106 240
107 108
107 531
108 540
109 18
109 110
110 249
111 112
111 447
112 350
113 91
113 114
114 248
115 76
115 116
116 14
117 118
117 181
118 370
119 120
119 461
120 223
121 122
121 397
122 282
123 124
123 235
124 234
125 126
125 159
126 394
127 50
127 128
128 24
129 39
129 130
130 284
131 9
131 132
132 312
133 127
133 134
134 243
135 113
135 136
136 273
137 138
137 581
138 34
139 140
139 330
140 444
141 96
141 142
142 554
143 144
143 470
144 368
145 146
145 193
146 160
147 145
147 148
148 175
149 150
149 480
150 176
151 152
151 436
152 340
153 84
153 154
154 584
155 156
155 607
156 410
157 67
157 158
158 533
159 160
159 269
160 88
161 129
161 162
162 328
163 164
163 505
164 80
165 57
165 166
166 434
167 168
167 451
168 415
169 170
169 566
170 126
171 172
171 593
172 440
173 174
173 411
174 190
175 155
175 176
176 65
177 178
177 356
178 264
179 105
179 180
180 220
181 182
181 183
182 405
183 184
183 229
184 392
185 186
185 306
186 588
187 188
187 564
188 258
189 25
189 190
190 347
191 192
191 612
192 170
193 194
193 429
194 118
195 196
195 610
196 106
197 198
197 383
198 5
199 97
199 200
200 417
201 202
201 281
202 308
203 204
203 522
204 77
205 206
205 503
206 304
207 208
207 614
208 192
209 210
209 465
210 375
211 201
211 212
212 414
213 214
213 271
214 46
215 216
215 250
216 475
217 163
217 218
218 577
219 167
219 220
220 20
221 222
221 543
222 331
223 224
223 463
224 326
225 226
225 265
226 202
227 228
227 293
228 498
229 230
229 349
230 490
231 232
231 499
232 536
233 234
233 343
234 373
235 87
235 236
236 222
237 216
237 238
238 177
239 240
239 473
240 55
241 242
241 380
242 379
243 100
243 244
244 295
245 164
245 246
246 591
247 248
247 297
248 525
249 250
249 386
250 481
251 252
251 285
252 358
253 254
253 501
254 548
255 120
255 256
256 10
257 258
257 309
258 47
259 141
259 260
260 589
261 262
261 446
262 351
263 264
263 486
264 184
265 266
265 441
266 515
267 268
267 348
268 23
269 133
269 270
270 572
271 272
271 322
272 288
273 274
273 567
274 305
275 276
275 367
276 541
277 278
277 324
278 5
279 280
279 606
280 393
281 282
281 389
282 252
283 194
283 284
284 38
285 286
285 423
286 208
287 288
287 513
288 497
289 237
289 290
290 191
291 254
291 292
292 553
293 294
293 407
294 224
295 292
295 296
296 33
297 203
297 298
298 510
299 195
299 300
300 74
301 81
301 302
302 586
303 304
303 605
304 599
305 166
305 306
306 52
307 308
307 437
308 336
309 310
309 337
310 311
311 276
311 312
312 94
313 314
313 385
314 474
315 109
315 316
316 542
317 318
317 496
318 82
319 26
319 320
320 22
321 165
321 322
322 4
323 171
323 324
324 478
325 117
325 326
326 608
327 328
327 483
328 10
329 278
329 330
330 207
331 332
331 477
332 29
333 334
333 494
334 6
335 31
335 336
336 512
337 2
337 338
338 514
339 340
339 532
340 580
341 257
341 342
342 49
343 344
343 488
344 272
345 333
345 346
346 420
347 348
347 406
348 364
349 260
349 350
350 316
351 352
351 419
352 613
353 354
353 482
354 138
355 356
355 529
356 241
357 218
357 358
358 256
359 344
359 360
360 495
361 251
361 362
362 42
363 364
363 537
364 149
365 366
365 425
366 137
367 111
367 368
368 507
369 215
369 370
370 334
371 263
371 372
372 99
373 374
373 376
374 161
375 198
375 376
376 51
377 291
377 378
378 409
379 108
379 380
380 592
381 327
381 382
382 59
383 384
383 575
384 443
385 3
385 386
386 73
387 388
387 603
388 37
389 381
389 390
390 464
391 136
391 392
392 132
393 394
393 565
394 6
395 396
395 404
396 56
397 209
397 398
398 93
399 48
399 400
400 428
401 13
401 402
402 432
403 103
403 404
404 578
405 78
405 406
406 353
407 314
407 408
408 287
409 410
409 569
410 274
411 363
411 412
412 185
413 355
413 414
414 390
415 335
415 416
416 146
417 418
417 450
418 602
419 247
419 420
420 172
421 168
421 422
422 131
423 424
423 491
424 162
425 43
425 426
426 597
427 413
427 428
428 156
429 197
429 430
430 173
431 432
431 453
432 1
433 434
433 504
434 58
435 61
435 436
436 439
437 438
437 568
438 398
439 139
439 440
440 130
441 104
441 442
442 516
443 200
443 444
444 283
445 35
445 446
446 378
447 371
447 448
448 150
449 450
449 579
450 372
451 301
451 452
452 457
453 245
453 454
454 520
455 219
455 456
456 290
457 458
457 570
458 402
459 143
459 460
460 530
461 387
461 462
462 44
463 464
463 559
464 492
465 466
465 571
466 140
467 468
467 574
468 300
469 456
469 470
470 213
471 128
471 472
472 36
473 158
473 474
474 253
475 238
475 476
476 550
477 232
477 478
478 508
479 480
479 601
480 124
481 298
481 482
482 359
483 79
483 484
484 148
485 445
485 486
486 535
487 289
487 488
488 174
489 17
489 490
490 112
491 382
491 492
492 266
493 53
493 494
494 424
495 317
495 496
496 302
497 498
497 538
498 299
499 313
499 500
500 360
501 107
501 502
502 318
503 231
503 504
504 511
505 115
505 506
506 40
507 169
507 508
508 110
509 399
509 510
510 438
511 85
511 512
512 462
513 261
513 514
514 114
515 388
515 516
516 458
517 204
517 518
518 524
519 147
519 520
520 212
521 522
521 583
522 307
523 517
523 524
524 122
525 506
525 526
526 64
527 342
527 528
528 611
529 469
529 530
530 11
531 19
531 532
532 546
533 279
533 534
534 151
535 536
535 604
536 188
537 280
537 538
538 228
539 123
539 540
540 27
541 433
541 542
542 178
543 449
543 544
544 9
545 102
545 546
546 210
547 217
547 548
548 459
549 315
549 550
550 182
551 189
551 552
552 339
553 430
553 554
554 83
555 332
555 556
556 418
557 431
557 558
558 479
559 519
559 560
560 267
561 221
561 562
562 116
563 157
563 564
564 135
565 366
565 566
566 523
567 199
567 568
568 54
569 509
569 570
570 401
571 294
571 572
572 412
573 341
573 574
574 427
575 321
575 576
576 534
577 365
577 578
578 576
579 555
579 580
580 556
581 262
581 582
582 345
583 547
583 584
584 319
585 323
585 586
586 442
587 527
587 588
588 98
589 369
589 590
590 92
591 361
591 592
592 558
593 69
593 594
594 557
595 125
595 596
596 153
597 484
597 598
598 518
599 391
599 600
600 144
601 421
601 602
602 296
603 7
603 604
604 211
605 45
605 606
606 70
607 206
607 608
608 422
609 230
609 610
610 598
611 101
611 612
612 374
613 596
613 614
614 400
