0 87
0 584
1 24
1 130
3 447
3 609
4 85
4 161
6 174
5 295
7 364
7 597
9 227
8 430
8 508
10 611
13 172
13 280
15 107
15 320
17 461
17 548
19 1
19 567
21 434
21 526
23 24
23 277
24 358
25 26
25 315
26 178
27 28
27 215
28 18
29 30
29 541
30 217
31 32
31 66
32 166
33 6
33 34
34 312
35 36
35 571
36 104
37 38
37 127
38 514
39 40
39 465
40 328
41 22
41 42
42 273
43 44
43 419
44 564
45 46
45 292
46 378
47 48
47 538
48 136
49 50
49 106
50 468
51 52
51 313
52 56
53 54
53 122
54 435
55 56
55 164
56 464
57 58
57 441
58 454
59 42
59 60
60 318
61 41
61 62
62 68
63 47
63 64
64 366
65 66
65 212
66 250
67 68
67 73
68 490
69 70
69 91
70 342
71 72
71 281
72 550
73 74
73 507
74 62
75 76
75 229
76 590
77 78
77 197
78 308
79 58
79 80
80 184
81 82
81 283
82 431
83 84
83 521
84 195
85 86
85 299
86 436
87 88
87 145
88 86
89 90
89 253
90 409
91 92
91 377
92 429
93 94
93 129
94 240
95 96
95 249
96 460
97 98
97 165
98 278
99 100
99 208
100 443
101 102
101 369
102 290
103 37
103 104
104 301
105 106
105 605
106 420
107 108
107 487
108 9
109 78
109 110
110 93
111 112
111 321
112 570
113 114
113 606
114 412
115 81
115 116
116 306
117 118
117 399
118 534
119 120
119 123
120 95
121 122
121 595
122 296
123 124
123 544
124 432
125 126
125 561
126 60
127 128
127 417
128 7
129 124
129 130
130 114
131 103
131 132
132 360
133 134
133 418
134 239
135 136
135 385
136 382
137 138
137 307
138 150
139 140
139 587
140 186
141 142
141 193
142 270
143 144
143 207
144 500
145 146
145 505
146 402
147 148
147 183
148 84
149 32
149 150
150 268
151 152
151 453
152 329
153 154
153 527
154 470
155 141
155 156
156 493
157 158
157 471
158 330
159 160
159 386
160 8
161 162
161 519
162 67
163 164
163 536
164 233
165 151
165 166
166 408
167 168
167 439
168 218
169 170
169 458
170 566
171 172
171 503
172 372
173 174
173 543
174 261
175 176
175 198
176 476
177 178
177 428
178 225
179 125
179 180
180 33
181 182
181 598
182 448
183 184
183 546
184 204
185 186
185 282
186 298
187 65
187 188
188 425
189 112
189 190
190 228
191 135
191 192
192 244
193 61
193 194
194 149
195 192
195 196
196 134
197 83
197 198
198 51
199 100
199 200
200 180
201 157
201 202
202 200
203 204
203 311
204 539
205 44
205 206
206 194
207 25
207 208
208 355
209 210
209 397
210 213
211 121
211 212
212 421
213 214
213 380
214 181
215 209
215 216
216 11
217 218
217 365
218 485
219 29
219 220
220 438
221 222
221 557
222 478
223 224
223 552
224 612
225 69
225 226
226 362
227 74
227 228
228 314
229 230
229 449
230 10
231 232
231 586
232 148
233 45
233 234
234 426
235 16
235 236
236 604
237 238
237 489
238 182
239 222
239 240
240 528
241 38
241 242
242 585
243 30
243 244
244 392
245 246
245 427
246 72
247 26
247 248
248 563
249 53
249 250
250 374
251 252
251 294
252 256
253 137
253 254
254 188
255 256
255 583
256 2
257 146
257 258
258 304
259 260
259 359
260 572
261 262
261 472
262 110
263 264
263 613
264 459
265 35
265 266
266 287
267 268
267 322
268 224
269 270
269 289
270 492
271 4
271 272
272 354
273 111
273 274
274 602
275 80
275 276
276 246
277 131
277 278
278 113
279 280
279 535
280 578
281 117
281 282
282 437
283 284
283 395
284 573
285 286
285 475
286 361
287 70
287 288
288 316
289 290
289 373
290 520
291 292
291 600
292 339
293 159
293 294
294 236
295 296
295 345
296 416
297 298
297 371
298 128
299 5
299 300
300 55
301 169
301 302
302 76
303 304
303 498
304 533
305 142
305 306
306 226
307 39
307 308
308 258
309 255
309 310
310 326
311 5
311 312
312 532
313 314
313 565
314 260
315 316
315 603
316 31
317 318
317 440
318 96
319 71
319 320
320 523
321 322
321 398
322 467
323 324
323 607
324 356
325 326
325 501
326 450
327 328
327 363
328 251
329 179
329 330
330 511
331 102
331 332
332 302
333 334
333 599
334 252
335 336
335 608
336 474
337 338
337 351
338 126
339 340
339 518
340 486
341 75
341 342
342 89
343 344
343 601
344 456
345 82
345 346
346 9
347 189
347 348
348 28
349 144
349 350
350 267
351 269
351 352
352 305
353 219
353 354
354 147
355 152
355 356
356 13
357 99
357 358
358 156
359 360
359 451
360 479
361 160
361 362
362 223
363 155
363 364
364 594
365 36
365 366
366 384
367 143
367 368
368 201
369 370
369 495
370 46
371 337
371 372
372 14
373 341
373 374
374 216
375 376
375 506
376 596
377 185
377 378
378 491
379 380
379 457
380 300
381 120
381 382
382 347
383 173
383 384
384 54
385 386
385 401
386 221
387 140
387 388
388 274
389 390
389 510
390 574
391 340
391 392
392 154
393 187
393 394
394 271
395 293
395 396
396 92
397 357
397 398
398 542
399 325
399 400
400 138
401 79
401 402
402 63
403 279
403 404
404 206
405 118
405 406
406 462
407 370
407 408
408 446
409 387
409 410
410 20
411 412
411 499
412 214
413 383
413 414
414 168
415 416
415 422
416 593
417 418
417 591
418 265
419 381
419 420
420 388
421 422
421 577
422 266
423 257
423 424
424 230
425 426
425 568
426 391
427 211
427 428
428 327
429 430
429 614
430 483
431 415
431 432
432 43
433 403
433 434
434 177
435 436
435 560
436 264
437 115
437 438
438 344
439 440
439 513
440 291
441 23
441 442
442 410
443 444
443 488
444 196
445 446
445 469
446 350
447 6
447 448
448 170
449 333
449 450
450 48
451 452
451 497
452 199
453 59
453 454
454 411
455 171
455 456
456 444
457 167
457 458
458 407
459 116
459 460
460 50
461 98
461 462
462 580
463 464
463 515
464 522
465 323
465 466
466 243
467 88
467 468
468 558
469 64
469 470
470 276
471 101
471 472
472 481
473 474
473 517
474 480
475 349
475 476
476 555
477 346
477 478
478 582
479 153
479 480
480 352
481 19
481 482
482 40
483 310
483 484
484 547
485 254
485 486
486 288
487 379
487 488
488 423
489 203
489 490
490 556
491 238
491 492
492 176
493 494
493 589
494 205
495 496
495 537
496 396
497 77
497 498
498 343
499 133
499 500
500 237
501 303
501 502
502 551
503 162
503 504
504 163
505 309
505 506
506 231
507 508
507 559
508 549
509 57
509 510
510 531
511 272
511 512
512 540
513 509
513 514
514 297
515 263
515 516
516 529
517 518
517 579
518 524
519 319
519 520
520 455
521 433
521 522
522 445
523 524
523 581
524 335
525 27
525 526
526 502
527 248
527 528
528 334
529 158
529 530
530 324
531 532
531 562
532 262
533 534
533 592
534 414
535 536
535 553
536 496
537 97
537 538
538 394
539 190
539 540
540 108
541 245
541 542
542 413
543 3
543 544
544 202
545 331
545 546
546 317
547 332
547 548
548 348
549 10
549 550
550 404
551 34
551 552
552 376
553 473
553 554
554 109
555 90
555 556
556 220
557 504
557 558
558 484
559 560
559 569
560 17
561 15
561 562
562 452
563 242
563 564
564 234
565 191
565 566
566 336
567 442
567 568
568 375
569 247
569 570
570 477
571 393
571 572
572 530
573 400
573 574
574 12
575 368
575 576
576 94
577 389
577 578
578 390
579 525
579 580
580 338
581 235
581 582
582 494
583 353
583 584
584 367
585 210
585 586
586 512
587 285
587 588
588 49
589 466
589 590
590 576
591 21
591 592
592 516
593 52
593 594
594 588
595 259
595 596
596 284
597 598
597 610
598 405
599 175
599 600
600 132
601 545
601 602
602 482
603 575
603 604
604 286
605 139
605 606
606 232
607 554
607 608
608 119
609 463
609 610
610 424
611 275
611 612
612 406
613 241
613 614
614 105
