0 235
0 347
1 393
1 587
3 289
3 411
5 303
4 241
4 589
6 221
8 21
8 95
9 252
9 508
10 366
10 424
11 510
12 14
15 210
15 344
17 338
17 383
19 280
19 399
21 9
21 614
23 24
23 327
24 536
25 26
25 231
26 384
27 28
27 574
28 198
29 30
29 137
30 512
31 32
31 504
32 468
33 34
33 264
34 467
35 36
35 260
36 212
37 38
37 265
38 584
39 40
39 133
40 256
41 42
41 505
42 200
43 44
43 550
44 568
45 46
45 571
46 126
47 48
47 548
48 288
49 50
49 161
50 448
51 52
51 127
52 596
53 54
53 71
54 65
55 56
55 454
56 580
57 58
57 343
58 609
59 60
59 193
60 432
61 62
61 591
62 142
63 64
63 115
64 598
65 66
65 361
66 292
67 68
67 295
68 369
69 70
69 572
70 88
71 72
71 483
72 287
73 74
73 503
74 401
75 76
75 261
76 194
77 41
77 78
78 404
79 80
79 250
80 8
81 51
81 82
82 524
83 84
83 606
84 488
85 86
85 100
86 540
87 88
87 373
88 168
89 60
89 90
90 492
91 92
91 244
92 482
93 94
93 380
94 346
95 96
95 407
96 246
97 98
97 427
98 173
99 100
99 403
100 449
101 102
101 419
102 224
103 104
103 585
104 296
105 25
105 106
106 375
107 108
107 471
108 350
109 110
109 527
110 134
111 68
111 112
112 349
113 11
113 114
114 546
115 116
115 533
116 94
117 118
117 299
118 69
119 120
119 309
120 388
121 122
121 317
122 430
123 124
123 441
124 56
125 126
125 490
126 479
127 128
127 592
128 228
129 130
129 332
130 525
131 132
131 435
132 421
133 134
133 203
134 78
135 136
135 151
136 368
137 138
137 229
138 335
139 140
139 474
140 294
141 142
141 391
142 582
143 144
143 312
144 313
145 146
145 613
146 374
147 117
147 148
148 577
149 150
149 328
150 204
151 152
151 385
152 612
153 39
153 154
154 578
155 1
155 156
156 274
157 123
157 158
158 46
159 160
159 547
160 434
161 162
161 179
162 208
163 157
163 164
164 564
165 75
165 166
166 32
167 168
167 293
168 507
169 170
169 486
170 324
171 172
171 355
172 44
173 174
173 311
174 497
175 176
175 405
176 130
177 178
177 484
178 556
179 159
179 180
180 284
181 182
181 608
182 534
183 184
183 521
184 337
185 155
185 186
186 425
187 17
187 188
188 2
189 93
189 190
190 558
191 79
191 192
192 387
193 194
193 543
194 593
195 196
195 222
196 330
197 198
197 253
198 281
199 200
199 569
200 209
201 202
201 433
202 334
203 97
203 204
204 214
205 206
205 236
206 170
207 208
207 394
208 233
209 189
209 210
210 522
211 212
211 516
212 255
213 214
213 579
214 320
215 83
215 216
216 442
217 218
217 489
218 205
219 5
219 220
220 476
221 145
221 222
222 473
223 224
223 306
224 158
225 109
225 226
226 218
227 228
227 363
228 447
229 217
229 230
230 282
231 232
231 493
232 220
233 234
233 528
234 319
235 66
235 236
236 238
237 61
237 238
238 181
239 240
239 423
240 570
241 201
241 242
242 597
243 225
243 244
244 456
245 246
245 485
246 251
247 248
247 412
248 457
249 72
249 250
250 277
251 116
251 252
252 270
253 254
253 351
254 73
255 64
255 256
256 314
257 16
257 258
258 358
259 260
259 286
260 469
261 223
261 262
262 390
263 237
263 264
264 611
265 26
265 266
266 110
267 139
267 268
268 541
269 111
269 270
270 436
271 272
271 440
272 62
273 175
273 274
274 308
275 276
275 610
276 85
277 278
277 605
278 420
279 280
279 414
280 340
281 86
281 282
282 552
283 284
283 329
284 491
285 286
285 559
286 553
287 288
287 567
288 18
289 290
289 331
290 102
291 172
291 292
292 341
293 153
293 294
294 360
295 163
295 296
296 7
297 43
297 298
298 370
299 207
299 300
300 113
301 258
301 302
302 438
303 15
303 304
304 188
305 245
305 306
306 406
307 308
307 326
308 544
309 310
309 371
310 450
311 87
311 312
312 345
313 136
313 314
314 90
315 316
315 496
316 431
317 318
317 500
318 164
319 211
319 320
320 12
321 322
321 487
322 146
323 324
323 538
324 529
325 326
325 477
326 140
327 191
327 328
328 119
329 315
329 330
330 40
331 147
331 332
332 55
333 183
333 334
334 271
335 336
335 379
336 122
337 338
337 398
338 48
339 19
339 340
340 58
341 267
341 342
342 82
343 81
343 344
344 104
345 226
345 346
346 542
347 348
347 365
348 300
349 63
349 350
350 290
351 45
351 352
352 154
353 80
353 354
354 428
355 356
355 501
356 120
357 197
357 358
358 323
359 275
359 360
360 376
361 59
361 362
362 10
363 135
363 364
364 443
365 185
365 366
366 132
367 239
367 368
368 515
369 162
369 370
370 248
371 342
371 372
372 561
373 37
373 374
374 551
375 196
375 376
376 47
377 182
377 378
378 202
379 305
379 380
380 422
381 31
381 382
382 502
383 77
383 384
384 177
385 386
385 463
386 518
387 276
387 388
388 262
389 206
389 390
390 494
391 259
391 392
392 152
393 394
393 531
394 417
395 4
395 396
396 566
397 381
397 398
398 348
399 103
399 400
400 301
401 402
401 594
402 156
403 404
403 418
404 526
405 263
405 406
406 339
407 33
407 408
408 257
409 215
409 410
410 195
411 167
411 412
412 23
413 414
413 555
414 24
415 416
415 537
416 20
417 6
417 418
418 439
419 285
419 420
420 545
421 422
421 461
422 453
423 227
423 424
424 283
425 165
425 426
426 472
427 428
427 517
428 144
429 409
429 430
430 378
431 174
431 432
432 322
433 367
433 434
434 325
435 99
435 436
436 560
437 321
437 438
438 458
439 6
439 440
440 190
441 353
441 442
442 5
443 415
443 444
444 13
445 396
445 446
446 595
447 448
447 565
448 429
449 240
449 450
450 426
451 101
451 452
452 532
453 454
453 581
454 408
455 187
455 456
456 437
457 413
457 458
458 28
459 29
459 460
460 462
461 269
461 462
462 234
463 464
463 563
464 400
465 249
465 466
466 318
467 42
467 468
468 180
469 30
469 470
470 178
471 465
471 472
472 74
473 112
473 474
474 38
475 11
475 476
476 511
477 478
477 575
478 176
479 232
479 480
480 27
481 121
481 482
482 444
483 3
483 484
484 138
485 410
485 486
486 307
487 362
487 488
488 12
489 67
489 490
490 466
491 268
491 492
492 184
493 171
493 494
494 52
495 105
495 496
496 601
497 498
497 602
498 359
499 386
499 500
500 297
501 502
501 549
502 599
503 504
503 583
504 149
505 395
505 506
506 460
507 129
507 508
508 382
509 54
509 510
510 576
511 464
511 512
512 114
513 514
513 523
514 150
515 291
515 516
516 445
517 57
517 518
518 481
519 254
519 520
520 452
521 118
521 522
522 70
523 266
523 524
524 498
525 213
525 526
526 554
527 91
527 528
528 495
529 416
529 530
530 402
531 98
531 532
532 354
533 534
533 535
534 216
535 186
535 536
536 302
537 538
537 539
538 562
539 392
539 540
540 372
541 84
541 542
542 573
543 544
543 603
544 590
545 446
545 546
546 356
547 247
547 548
548 530
549 478
549 550
550 513
551 96
551 552
552 604
553 279
553 554
554 89
555 520
555 556
556 588
557 470
557 558
558 586
559 273
559 560
560 364
561 336
561 562
562 92
563 519
563 564
564 192
565 107
565 566
566 397
567 49
567 568
568 607
569 141
569 570
570 310
571 148
571 572
572 34
573 125
573 574
574 272
575 377
575 576
576 108
577 333
577 578
578 316
579 499
579 580
580 106
581 352
581 582
582 22
583 131
583 584
584 506
585 76
585 586
586 230
587 451
587 588
588 124
589 357
589 590
590 514
591 53
591 592
592 455
593 242
593 594
594 557
595 36
595 596
596 600
597 389
597 598
598 166
599 278
599 600
600 304
601 199
601 602
602 219
603 459
603 604
604 169
605 50
605 606
606 509
607 475
607 608
608 480
609 160
609 610
610 35
611 243
611 612
612 298
613 128
613 614
614 143
