0 13
0 143
3 183
3 457
4 5
4 603
6 30
5 597
7 26
7 136
8 71
8 156
10 188
9 197
11 75
11 318
13 1
13 555
15 323
15 482
17 382
17 564
19 174
19 337
21 472
21 567
23 24
23 409
24 458
25 26
25 378
26 38
27 28
27 327
28 297
29 30
29 64
30 368
31 32
31 384
32 449
33 34
33 93
34 160
35 36
35 210
36 534
37 38
37 433
38 94
39 40
39 162
40 20
41 42
41 87
42 328
43 44
43 413
44 425
45 46
45 316
46 9
47 48
47 551
48 570
49 50
49 88
50 241
51 52
51 257
52 532
53 54
53 214
54 511
55 56
55 299
56 263
57 58
57 373
58 582
59 60
59 234
60 574
61 62
61 508
62 279
63 64
63 385
64 377
65 66
65 225
66 614
67 68
67 612
68 428
69 70
69 133
70 520
71 72
71 418
72 608
73 74
73 339
74 294
75 76
75 585
76 176
77 78
77 186
78 124
79 80
79 275
80 313
81 82
81 258
82 273
83 84
83 204
84 110
85 72
85 86
86 346
87 88
87 374
88 249
89 80
89 90
90 262
91 92
91 467
92 496
93 94
93 147
94 270
95 96
95 189
96 594
97 98
97 224
98 27
99 100
99 407
100 78
101 102
101 611
102 599
103 61
103 104
104 148
105 106
105 338
106 284
107 108
107 289
108 404
109 73
109 110
110 451
111 112
111 461
112 354
113 114
113 422
114 322
115 116
115 171
116 51
117 118
117 321
118 438
119 120
119 481
120 231
121 122
121 494
122 196
123 124
123 441
124 540
125 126
125 483
126 42
127 128
127 393
128 54
129 130
129 535
130 266
131 70
131 132
132 184
133 4
133 134
134 230
135 136
135 357
136 217
137 138
137 397
138 252
139 140
139 561
140 190
141 142
141 391
142 17
143 144
143 359
144 592
145 146
145 347
146 112
147 95
147 148
148 361
149 150
149 251
150 450
151 152
151 488
152 392
153 154
153 605
154 274
155 156
155 517
156 39
157 158
157 201
158 523
159 160
159 243
160 22
161 162
161 283
162 31
163 164
163 333
164 560
165 166
165 355
166 149
167 168
167 443
168 444
169 170
169 412
170 439
171 172
171 557
172 248
173 159
173 174
174 48
175 163
175 176
176 244
177 178
177 431
178 49
179 180
179 367
180 91
181 141
181 182
182 314
183 184
183 219
184 430
185 186
185 400
186 46
187 188
187 363
188 480
189 190
189 223
190 286
191 192
191 379
192 129
193 194
193 233
194 513
195 196
195 238
196 460
197 198
197 600
198 610
199 185
199 200
200 402
201 202
201 541
202 41
203 204
203 491
204 485
205 206
205 222
206 593
207 3
207 208
208 239
209 210
209 315
210 29
211 157
211 212
212 199
213 57
213 214
214 530
215 104
215 216
216 175
217 118
217 218
218 280
219 98
219 220
220 507
221 222
221 572
222 208
223 224
223 335
224 445
225 226
225 547
226 395
227 228
227 509
228 140
229 230
229 362
230 305
231 117
231 232
232 304
233 161
233 234
234 229
235 56
235 236
236 345
237 238
237 549
238 410
239 240
239 512
240 310
241 242
241 343
242 221
243 79
243 244
244 380
245 65
245 246
246 528
247 248
247 459
248 254
249 144
249 250
250 292
251 37
251 252
252 353
253 254
253 356
254 566
255 33
255 256
256 108
257 258
257 499
258 465
259 211
259 260
260 76
261 259
261 262
262 324
263 202
263 264
264 126
265 63
265 266
266 376
267 268
267 419
268 58
269 270
269 502
270 220
271 272
271 411
272 501
273 250
273 274
274 290
275 194
275 276
276 55
277 265
277 278
278 424
279 180
279 280
280 166
281 207
281 282
282 44
283 209
283 284
284 352
285 286
285 589
286 601
287 288
287 401
288 18
289 232
289 290
290 268
291 111
291 292
292 84
293 294
293 448
294 198
295 267
295 296
296 602
297 178
297 298
298 591
299 300
299 474
300 246
301 158
301 302
302 115
303 304
303 519
304 453
305 306
305 326
306 228
307 308
307 312
308 440
309 310
309 489
310 226
311 109
311 312
312 414
313 269
313 314
314 350
315 255
315 316
316 187
317 237
317 318
318 236
319 320
319 515
320 581
321 322
321 579
322 260
323 67
323 324
324 330
325 326
325 607
326 235
327 328
327 539
328 366
329 330
329 565
330 408
331 300
331 332
332 492
333 114
333 334
334 68
335 127
335 336
336 388
337 338
337 546
338 506
339 340
339 495
340 598
341 123
341 342
342 452
343 106
343 344
344 550
345 346
345 526
346 90
347 11
347 348
348 215
349 32
349 350
350 146
351 105
351 352
352 168
353 50
353 354
354 296
355 119
355 356
356 62
357 358
357 542
358 151
359 360
359 525
360 375
361 362
361 473
362 116
363 364
363 595
364 437
365 103
365 366
366 256
367 295
367 368
368 580
369 206
369 370
370 278
371 121
371 372
372 152
373 261
373 374
374 498
375 376
375 552
376 586
377 378
377 596
378 19
379 145
379 380
380 309
381 371
381 382
382 360
383 142
383 384
384 369
385 203
385 386
386 81
387 388
387 575
388 554
389 390
389 420
390 469
391 131
391 392
392 334
393 394
393 423
394 101
395 396
395 522
396 150
397 240
397 398
398 406
399 329
399 400
400 510
401 35
401 402
402 351
403 15
403 404
404 548
405 317
405 406
406 588
407 408
407 429
408 556
409 213
409 410
410 12
411 69
411 412
412 571
413 287
413 414
414 293
415 301
415 416
416 358
417 405
417 418
418 167
419 420
419 543
420 212
421 43
421 422
422 125
423 424
423 529
424 242
425 426
425 484
426 10
427 120
427 428
428 96
429 173
429 430
430 272
431 218
431 432
432 195
433 387
433 434
434 28
435 153
435 436
436 77
437 107
437 438
438 155
439 364
439 440
440 332
441 442
441 562
442 462
443 403
443 444
444 122
445 165
445 446
446 83
447 245
447 448
448 578
449 450
449 587
450 466
451 452
451 518
452 86
453 253
453 454
454 85
455 456
455 584
456 500
457 6
457 458
458 8
459 53
459 460
460 476
461 462
461 471
462 100
463 464
463 609
464 416
465 466
465 493
466 36
467 135
467 468
468 613
469 470
469 536
470 604
471 390
471 472
472 200
473 474
473 524
474 446
475 341
475 476
476 573
477 478
477 583
478 74
479 325
479 480
480 442
481 482
481 537
482 383
483 484
483 559
484 307
485 113
485 486
486 205
487 421
487 488
488 396
489 59
489 490
490 331
491 23
491 492
492 478
493 494
493 503
494 52
495 348
495 496
496 298
497 447
497 498
498 177
499 500
499 569
500 381
501 502
501 545
502 504
503 21
503 504
504 24
505 271
505 506
506 92
507 386
507 508
508 527
509 25
509 510
510 181
511 192
511 512
512 470
513 311
513 514
514 10
515 45
515 516
516 191
517 128
517 518
518 432
519 520
519 563
520 606
521 365
521 522
522 288
523 399
523 524
524 276
525 277
525 526
526 490
527 528
527 558
528 308
529 319
529 530
530 97
531 282
531 532
532 464
533 47
533 534
534 34
535 291
535 536
536 134
537 303
537 538
538 302
539 505
539 540
540 182
541 497
541 542
542 531
543 169
543 544
544 2
545 6
545 546
546 372
547 193
547 548
548 456
549 468
549 550
550 66
551 455
551 552
552 436
553 40
553 554
554 576
555 521
555 556
556 544
557 533
557 558
558 14
559 170
559 560
560 426
561 394
561 562
562 417
563 139
563 564
564 349
565 477
565 566
566 340
567 344
567 568
568 9
569 227
569 570
570 389
571 479
571 572
572 398
573 514
573 574
574 370
575 306
575 576
576 590
577 5
577 578
578 475
579 577
579 580
580 172
581 154
581 582
582 342
583 427
583 584
584 99
585 285
585 586
586 568
587 137
587 588
588 320
589 435
589 590
590 60
591 138
591 592
592 486
593 130
593 594
594 454
595 247
595 596
596 538
597 487
597 598
598 7
599 553
599 600
600 164
601 463
601 602
602 336
603 179
603 604
604 16
605 415
605 606
606 132
607 516
607 608
608 102
609 89
609 610
610 82
611 281
611 612
612 434
613 216
613 614
614 264
