0 179
0 353
1 119
1 539
2 101
2 296
3 247
3 287
4 292
4 417
5 172
6 606
9 307
9 497
11 24
10 135
10 397
12 368
15 257
15 579
17 194
17 230
19 295
19 527
21 157
21 294
23 24
23 486
24 147
25 26
25 566
26 550
27 28
27 115
28 607
29 30
29 613
30 362
31 32
31 85
32 196
33 34
33 151
34 536
35 36
35 450
36 425
37 38
37 64
38 140
39 11
39 40
40 134
41 42
41 48
42 432
43 44
43 426
44 68
45 46
45 485
46 578
47 48
47 108
48 184
49 50
49 298
50 6
51 52
51 574
52 278
53 54
53 475
54 210
55 56
55 305
56 235
57 58
57 299
58 7
59 60
59 487
60 412
61 62
61 152
62 516
63 64
63 433
64 591
65 66
65 330
66 580
67 68
67 215
68 66
69 70
69 419
70 112
71 72
71 546
72 232
73 74
73 379
74 192
75 76
75 336
76 69
77 78
77 540
78 515
79 80
79 291
80 113
81 82
81 219
82 80
83 84
83 459
84 600
85 86
85 423
86 582
87 88
87 309
88 510
89 90
89 149
90 240
91 92
91 345
92 104
93 94
93 468
94 26
95 96
95 138
96 444
97 98
97 558
98 252
99 100
99 457
100 161
101 102
101 133
102 329
103 9
103 104
104 310
105 106
105 245
106 96
107 108
107 570
108 188
109 110
109 142
110 408
111 112
111 176
112 364
113 114
113 277
114 471
115 116
115 525
116 567
117 118
117 455
118 182
119 120
119 553
120 78
121 122
121 236
122 576
123 124
123 199
124 533
125 126
125 437
126 319
127 128
127 529
128 58
129 5
129 130
130 316
131 132
131 348
132 122
133 134
133 481
134 356
135 136
135 472
136 276
137 138
137 249
138 222
139 106
139 140
140 286
141 142
141 254
142 453
143 53
143 144
144 111
145 146
145 548
146 339
147 148
147 526
148 354
149 150
149 585
150 507
151 139
151 152
152 530
153 109
153 154
154 560
155 156
155 439
156 76
157 82
157 158
158 285
159 160
159 267
160 552
161 162
161 508
162 12
163 164
163 499
164 304
165 166
165 554
166 396
167 168
167 317
168 416
169 170
169 187
170 71
171 172
171 328
172 288
173 174
173 293
174 281
175 153
175 176
176 358
177 178
177 495
178 386
179 180
179 531
180 603
181 182
181 275
182 440
183 184
183 260
184 164
185 186
185 269
186 496
187 19
187 188
188 414
189 190
189 461
190 405
191 192
191 435
192 410
193 102
193 194
194 121
195 118
195 196
196 92
197 198
197 466
198 95
199 67
199 200
200 57
201 87
201 202
202 418
203 204
203 608
204 476
205 177
205 206
206 303
207 200
207 208
208 216
209 210
209 505
210 100
211 212
211 308
212 577
213 105
213 214
214 448
215 216
215 349
216 5
217 208
217 218
218 452
219 220
219 569
220 301
221 6
221 222
222 400
223 33
223 224
224 390
225 36
225 226
226 132
227 228
227 363
228 15
229 230
229 483
230 350
231 61
231 232
232 326
233 234
233 523
234 388
235 236
235 377
236 312
237 238
237 599
238 10
239 240
239 374
240 581
241 242
241 556
242 17
243 244
243 409
244 477
245 246
245 351
246 99
247 174
247 248
248 131
249 241
249 250
250 584
251 252
251 357
252 488
253 25
253 254
254 380
255 145
255 256
256 4
257 258
257 614
258 97
259 124
259 260
260 506
261 262
261 360
262 120
263 83
263 264
264 572
265 54
265 266
266 12
267 268
267 321
268 225
269 270
269 274
270 159
271 272
271 306
272 40
273 146
273 274
274 549
275 1
275 276
276 70
277 185
277 278
278 565
279 280
279 424
280 522
281 282
281 438
282 136
283 284
283 519
284 265
285 286
285 545
286 226
287 272
287 288
288 344
289 290
289 605
290 595
291 292
291 513
292 588
293 229
293 294
294 143
295 296
295 341
296 290
297 298
297 337
298 594
299 270
299 300
300 376
301 302
301 460
302 248
303 304
303 342
304 166
305 243
305 306
306 279
307 308
307 604
308 191
309 73
309 310
310 454
311 168
311 312
312 214
313 314
313 568
314 178
315 316
315 442
316 458
317 318
317 532
318 3
319 320
319 431
320 74
321 322
321 500
322 406
323 271
323 324
324 165
325 297
325 326
326 311
327 313
327 328
328 186
329 330
329 467
330 564
331 332
331 387
332 44
333 261
333 334
334 14
335 91
335 336
336 256
337 89
337 338
338 116
339 340
339 537
340 183
341 342
341 451
342 221
343 344
343 563
344 77
345 346
345 398
346 129
347 283
347 348
348 72
349 213
349 350
350 38
351 352
351 498
352 31
353 354
353 547
354 502
355 39
355 356
356 542
357 358
357 391
358 204
359 360
359 541
360 84
361 362
361 404
362 94
363 150
363 364
364 41
365 160
365 366
366 8
367 22
367 368
368 334
369 127
369 370
370 52
371 361
371 372
372 231
373 374
373 463
374 20
375 376
375 512
376 415
377 123
377 378
378 590
379 169
379 380
380 367
381 227
381 382
382 212
383 384
383 609
384 51
385 154
385 386
386 302
387 239
387 388
388 207
389 29
389 390
390 465
391 392
391 401
392 399
393 394
393 456
394 320
395 396
395 514
396 262
397 398
397 413
398 34
399 400
399 489
400 464
401 338
401 402
402 30
403 395
403 404
404 538
405 406
405 601
406 264
407 408
407 493
408 509
409 410
409 555
410 474
411 234
411 412
412 282
413 414
413 445
414 128
415 416
415 478
416 62
417 155
417 418
418 266
419 144
419 420
420 411
421 343
421 422
422 258
423 424
423 571
424 209
425 347
425 426
426 370
427 428
427 479
428 130
429 430
429 534
430 518
431 432
431 469
432 612
433 434
433 447
434 611
435 137
435 436
436 203
437 438
437 583
438 65
439 50
439 440
440 202
441 442
441 593
442 602
443 340
443 444
444 494
445 273
445 446
446 373
447 158
447 448
448 428
449 223
449 450
450 211
451 452
451 559
452 366
453 359
453 454
454 60
455 27
455 456
456 233
457 446
457 458
458 18
459 175
459 460
460 369
461 325
461 462
462 473
463 90
463 464
464 592
465 407
465 466
466 141
467 468
467 551
468 598
469 167
469 470
470 427
471 246
471 472
472 220
473 421
473 474
474 422
475 403
475 476
476 482
477 478
477 535
478 88
479 21
479 480
480 394
481 205
481 482
482 573
483 238
483 484
484 162
485 486
485 517
486 528
487 333
487 488
488 217
489 449
489 490
490 561
491 492
491 587
492 23
493 11
493 494
494 314
495 255
495 496
496 429
497 28
497 498
498 237
499 500
499 586
500 521
501 502
501 503
502 443
503 35
503 504
504 490
505 228
505 506
506 32
507 103
507 508
508 504
509 510
509 511
510 544
511 512
511 543
512 197
513 491
513 514
514 114
515 516
515 575
516 242
517 518
517 610
518 562
519 372
519 520
520 346
521 480
521 522
522 170
523 251
523 524
524 384
525 289
525 526
526 107
527 81
527 528
528 315
529 327
529 530
530 324
531 383
531 532
532 381
533 420
533 534
534 46
535 56
535 536
536 181
537 392
537 538
538 375
539 501
539 540
540 253
541 462
541 542
542 259
543 371
543 544
544 148
545 492
545 546
546 385
547 55
547 548
548 393
549 110
549 550
550 218
551 126
551 552
552 484
553 352
553 554
554 322
555 125
555 556
556 79
557 189
557 558
558 37
559 331
559 560
560 268
561 180
561 562
562 365
563 190
563 564
564 323
565 93
565 566
566 47
567 355
567 568
568 45
569 117
569 570
570 43
571 263
571 572
572 434
573 524
573 574
574 280
575 198
575 576
576 430
577 59
577 578
578 378
579 163
579 580
580 382
581 49
581 582
582 98
583 557
583 584
584 520
585 201
585 586
586 332
587 588
587 589
588 63
589 470
589 590
590 284
591 436
591 592
592 13
593 594
593 597
594 318
595 193
595 596
596 195
597 389
597 598
598 171
599 441
599 600
600 206
601 75
601 602
602 86
603 300
603 604
604 596
605 2
605 606
606 156
607 173
607 608
608 250
609 244
609 610
610 224
611 42
611 612
612 402
613 335
613 614
614 16
