0 481
0 531
1 200
1 569
3 107
3 185
4 448
4 575
6 300
5 108
7 47
7 160
8 140
8 364
9 70
10 141
13 254
13 337
15 510
15 561
17 574
17 607
19 298
19 560
21 341
21 413
23 24
23 578
24 14
25 26
25 603
26 496
27 28
27 75
28 363
29 30
29 333
30 540
31 32
31 549
32 403
33 34
33 54
34 566
35 36
35 385
36 376
37 38
37 405
38 410
39 40
39 119
40 471
41 42
41 309
42 516
43 2
43 44
44 303
45 46
45 63
46 30
47 48
47 317
48 289
49 7
49 50
50 60
51 52
51 585
52 600
53 54
53 439
54 290
55 51
55 56
56 475
57 58
57 428
58 274
59 60
59 312
60 278
61 62
61 387
62 571
63 64
63 137
64 110
65 66
65 451
66 41
67 68
67 525
68 590
69 37
69 70
70 230
71 72
71 321
72 281
73 74
73 166
74 306
75 76
75 511
76 429
77 21
77 78
78 534
79 80
79 613
80 256
81 82
81 117
82 232
83 84
83 365
84 6
85 86
85 473
86 73
87 88
87 149
88 146
89 90
89 414
90 430
91 92
91 444
92 612
93 94
93 285
94 176
95 64
95 96
96 136
97 98
97 247
98 297
99 100
99 181
100 52
101 102
101 265
102 16
103 3
103 104
104 513
105 106
105 304
106 588
107 108
107 597
108 368
109 110
109 308
110 459
111 112
111 208
112 446
113 114
113 271
114 116
115 116
115 579
116 33
117 118
117 352
118 129
119 120
119 269
120 210
121 122
121 283
122 305
123 124
123 237
124 548
125 50
125 126
126 105
127 128
127 461
128 318
129 130
129 393
130 292
131 87
131 132
132 469
133 134
133 314
134 76
135 136
135 503
136 12
137 104
137 138
138 84
139 140
139 589
140 611
141 142
141 370
142 458
143 65
143 144
144 614
145 57
145 146
146 284
147 148
147 224
148 550
149 150
149 239
150 465
151 152
151 196
152 259
153 154
153 545
154 599
155 156
155 450
156 608
157 158
157 349
158 394
159 127
159 160
160 93
161 162
161 406
162 480
163 164
163 319
164 442
165 166
165 477
166 584
167 13
167 168
168 189
169 170
169 462
170 248
171 172
171 327
172 9
173 174
173 343
174 366
175 176
175 261
176 527
177 178
177 362
178 175
179 115
179 180
180 34
181 182
181 591
182 72
183 55
183 184
184 102
185 111
185 186
186 139
187 188
187 605
188 542
189 190
189 371
190 184
191 192
191 514
192 148
193 194
193 520
194 36
195 196
195 563
196 378
197 103
197 198
198 282
199 183
199 200
200 426
201 202
201 551
202 19
203 204
203 212
204 170
205 15
205 206
206 95
207 208
207 227
208 517
209 210
209 381
210 90
211 212
211 307
212 171
213 214
213 491
214 228
215 201
215 216
216 252
217 77
217 218
218 463
219 220
219 353
220 328
221 222
221 338
222 326
223 224
223 495
224 330
225 159
225 226
226 359
227 161
227 228
228 153
229 158
229 230
230 354
231 232
231 596
232 180
233 234
233 315
234 526
235 236
235 490
236 580
237 165
237 238
238 299
239 97
239 240
240 45
241 204
241 242
242 609
243 244
243 509
244 236
245 246
245 408
246 86
247 27
247 248
248 188
249 250
249 384
250 388
251 187
251 252
252 506
253 254
253 440
254 120
255 83
255 256
256 280
257 258
257 431
258 380
259 6
259 260
260 229
261 262
261 507
262 456
263 213
263 264
264 536
265 266
265 313
266 78
267 268
267 294
268 286
269 99
269 270
270 142
271 272
271 404
272 438
273 274
273 532
274 500
275 186
275 276
276 396
277 278
277 606
278 155
279 249
279 280
280 570
281 282
281 493
282 390
283 284
283 311
284 24
285 286
285 483
286 288
287 288
287 350
288 346
289 290
289 565
290 604
291 209
291 292
292 9
293 182
293 294
294 26
295 113
295 296
296 18
297 298
297 529
298 467
299 109
299 300
300 512
301 287
301 302
302 476
303 124
303 304
304 538
305 162
305 306
306 556
307 308
307 515
308 233
309 310
309 421
310 508
311 226
311 312
312 382
313 147
313 314
314 367
315 316
315 357
316 594
317 244
317 318
318 502
319 320
319 342
320 316
321 235
321 322
322 264
323 324
323 521
324 433
325 10
325 326
326 145
327 177
327 328
328 92
329 101
329 330
330 4
331 69
331 332
332 214
333 334
333 391
334 487
335 245
335 336
336 218
337 164
337 338
338 112
339 324
339 340
340 572
341 342
341 472
342 424
343 272
343 344
344 498
345 62
345 346
346 470
347 348
347 592
348 443
349 263
349 350
350 392
351 195
351 352
352 206
353 354
353 409
354 400
355 356
355 559
356 499
357 358
357 554
358 71
359 335
359 360
360 79
361 362
361 557
362 407
363 339
363 364
364 348
365 98
365 366
366 302
367 262
367 368
368 293
369 42
369 370
370 555
371 334
371 372
372 402
373 35
373 374
374 134
375 215
375 376
376 386
377 66
377 378
378 222
379 380
379 416
380 17
381 25
381 382
382 474
383 223
383 384
384 59
385 386
385 453
386 198
387 388
387 601
388 340
389 81
389 390
390 586
391 392
391 524
392 568
393 295
393 394
394 20
395 255
395 396
396 522
397 398
397 417
398 539
399 400
399 583
400 466
401 203
401 402
402 484
403 404
403 445
404 29
405 383
405 406
406 447
407 408
407 489
408 241
409 399
409 410
410 197
411 240
411 412
412 325
413 414
413 455
414 168
415 416
415 573
416 150
417 1
417 418
418 221
419 199
419 420
420 530
421 202
421 422
422 576
423 323
423 424
424 492
425 423
425 426
426 44
427 428
427 553
428 347
429 345
429 430
430 301
431 211
431 432
432 452
433 434
433 587
434 310
435 369
435 436
436 8
437 173
437 438
438 541
439 49
439 440
440 501
441 152
441 442
442 544
443 130
443 444
444 23
445 420
445 446
446 48
447 351
447 448
448 135
449 450
449 505
450 268
451 452
451 482
452 154
453 231
453 454
454 401
455 356
455 456
456 5
457 85
457 458
458 194
459 31
459 460
460 547
461 462
461 479
462 207
463 56
463 464
464 46
465 464
465 466
466 11
467 457
467 468
468 163
469 422
469 470
470 266
471 373
471 472
472 246
473 217
473 474
474 543
475 332
475 476
476 106
477 478
477 535
478 344
479 480
479 523
480 552
481 225
481 482
482 593
483 484
483 497
484 74
485 169
485 486
486 243
487 436
487 488
488 22
489 411
489 490
490 460
491 291
491 492
492 379
493 193
493 494
494 68
495 496
495 567
496 89
497 131
497 498
498 10
499 121
499 500
500 564
501 94
501 502
502 100
503 133
503 504
504 126
505 506
505 533
506 374
507 275
507 508
508 296
509 377
509 510
510 322
511 389
511 512
512 528
513 435
513 514
514 329
515 419
515 516
516 191
517 238
517 518
518 427
519 251
519 520
520 441
521 522
521 595
522 82
523 395
523 524
524 610
525 397
525 526
526 277
527 494
527 528
528 360
529 425
529 530
530 437
531 67
531 532
532 449
533 5
533 534
534 276
535 39
535 536
536 190
537 167
537 538
538 156
539 418
539 540
540 114
541 432
541 542
542 242
543 544
543 562
544 267
545 118
545 546
546 91
547 216
547 548
548 537
549 258
549 550
550 273
551 519
551 552
552 234
553 468
553 554
554 205
555 398
555 556
556 96
557 257
557 558
558 454
559 143
559 560
560 250
561 558
561 562
562 151
563 157
563 564
564 144
565 125
565 566
566 546
567 61
567 568
568 122
569 355
569 570
570 412
571 253
571 572
572 504
573 358
573 574
574 28
575 178
575 576
576 172
577 80
577 578
578 174
579 415
579 580
580 518
581 486
581 582
582 478
583 331
583 584
584 179
585 123
585 586
586 260
587 582
587 588
588 372
589 192
589 590
590 602
591 485
591 592
592 220
593 375
593 594
594 132
595 40
595 596
596 38
597 581
597 598
598 43
599 279
599 600
600 58
601 361
601 602
602 336
603 53
603 604
604 320
605 219
605 606
606 128
607 32
607 608
608 270
609 138
609 610
610 488
611 577
611 612
612 434
613 598
613 614
614 88
