0 481
0 539
3 68
3 550
4 91
4 431
5 92
6 486
7 301
7 389
8 251
8 327
10 263
9 573
11 101
11 576
13 211
13 313
15 224
15 578
17 144
17 181
19 289
19 436
21 500
21 562
23 24
23 323
24 20
25 26
25 53
26 384
27 28
27 538
28 271
29 30
29 292
30 385
31 32
31 180
32 69
33 34
33 612
34 281
35 36
35 498
36 5
37 38
37 504
38 388
39 40
39 141
40 381
41 42
41 372
42 226
43 11
43 44
44 208
45 46
45 179
46 402
47 48
47 341
48 136
49 43
49 50
50 542
51 52
51 234
52 326
53 54
53 81
54 328
55 56
55 415
56 118
57 58
57 115
58 8
59 60
59 277
60 510
61 62
61 448
62 272
63 64
63 126
64 474
65 66
65 485
66 552
67 68
67 495
68 229
69 70
69 363
70 76
71 6
71 72
72 188
73 74
73 355
74 380
75 76
75 520
76 577
77 78
77 594
78 348
79 80
79 466
80 62
81 82
81 218
82 265
83 45
83 84
84 428
85 24
85 86
86 521
87 88
87 336
88 596
89 90
89 418
90 414
91 92
91 540
92 359
93 94
93 212
94 128
95 80
95 96
96 262
97 98
97 324
98 185
99 51
99 100
100 604
101 102
101 147
102 15
103 104
103 453
104 42
105 97
105 106
106 567
107 108
107 139
108 164
109 73
109 110
110 608
111 112
111 346
112 446
113 114
113 477
114 252
115 116
115 189
116 27
117 118
117 444
118 35
119 120
119 156
120 614
121 122
121 191
122 33
123 124
123 464
124 584
125 23
125 126
126 259
127 128
127 472
128 568
129 130
129 201
130 396
131 132
131 199
132 194
133 134
133 511
134 176
135 136
135 143
136 9
137 138
137 408
138 96
139 140
139 607
140 204
141 123
141 142
142 246
143 144
143 207
144 563
145 146
145 561
146 238
147 148
147 157
148 34
149 150
149 225
150 170
151 152
151 242
152 338
153 154
153 398
154 85
155 156
155 373
156 545
157 158
157 515
158 507
159 160
159 347
160 350
161 162
161 416
162 512
163 164
163 221
164 602
165 166
165 479
166 44
167 168
167 517
168 543
169 12
169 170
170 200
171 122
171 172
172 37
173 121
173 174
174 210
175 176
175 312
176 362
177 178
177 494
178 536
179 180
179 478
180 383
181 182
181 423
182 178
183 184
183 250
184 590
185 186
185 193
186 585
187 188
187 314
188 580
189 190
189 434
190 131
191 82
191 192
192 524
193 194
193 258
194 533
195 196
195 471
196 526
197 198
197 544
198 223
199 25
199 200
200 391
201 202
201 458
202 600
203 204
203 237
204 184
205 206
205 276
206 390
207 125
207 208
208 468
209 210
209 403
210 244
211 212
211 559
212 40
213 129
213 214
214 611
215 38
215 216
216 430
217 83
217 218
218 103
219 220
219 490
220 546
221 222
221 501
222 183
223 224
223 368
224 205
225 155
225 226
226 514
227 228
227 344
228 460
229 227
229 230
230 334
231 232
231 449
232 572
233 234
233 461
234 89
235 236
235 435
236 56
237 120
237 238
238 28
239 240
239 475
240 480
241 242
241 489
242 356
243 244
243 407
244 95
245 246
245 357
246 459
247 248
247 316
248 419
249 250
249 386
250 274
251 67
251 252
252 465
253 254
253 587
254 162
255 256
255 296
256 506
257 258
257 370
258 440
259 195
259 260
260 4
261 169
261 262
262 352
263 253
263 264
264 404
265 165
265 266
266 488
267 268
267 609
268 108
269 270
269 279
270 17
271 100
271 272
272 603
273 274
273 581
274 421
275 99
275 276
276 26
277 278
277 593
278 438
279 13
279 280
280 371
281 214
281 282
282 257
283 284
283 291
284 16
285 286
285 467
286 14
287 29
287 288
288 219
289 290
289 505
290 264
291 111
291 292
292 1
293 294
293 309
294 18
295 296
295 322
296 599
297 249
297 298
298 70
299 300
299 332
300 522
301 302
301 547
302 374
303 304
303 470
304 290
305 306
305 307
306 138
307 49
307 308
308 450
309 235
309 310
310 21
311 312
311 377
312 331
313 314
313 400
314 317
315 39
315 316
316 496
317 61
317 318
318 588
319 320
319 548
320 116
321 134
321 322
322 90
323 7
323 324
324 30
325 326
325 499
326 315
327 328
327 469
328 299
329 175
329 330
330 230
331 332
331 589
332 320
333 334
333 445
334 220
335 336
335 443
336 395
337 231
337 338
338 78
339 340
339 409
340 182
341 59
341 342
342 75
343 344
343 364
344 79
345 346
345 379
346 358
347 270
347 348
348 484
349 350
349 433
350 88
351 352
351 610
352 216
353 354
353 367
354 267
355 356
355 519
356 376
357 167
357 358
358 130
359 84
359 360
360 369
361 168
361 362
362 375
363 364
363 417
364 554
365 260
365 366
366 153
367 161
367 368
368 286
369 74
369 370
370 462
371 372
371 451
372 297
373 269
373 374
374 306
375 376
375 447
376 394
377 378
377 613
378 523
379 343
379 380
380 140
381 295
381 382
382 54
383 384
383 591
384 288
385 58
385 386
386 305
387 151
387 388
388 209
389 390
389 555
390 248
391 392
391 532
392 487
393 243
393 394
394 310
395 396
395 551
396 492
397 190
397 398
398 137
399 55
399 400
400 321
401 236
401 402
402 582
403 106
403 404
404 294
405 406
405 437
406 378
407 408
407 425
408 606
409 132
409 410
410 273
411 98
411 412
412 22
413 414
413 537
414 503
415 149
415 416
416 541
417 145
417 418
418 570
419 174
419 420
420 412
421 255
421 422
422 154
423 424
423 493
424 527
425 245
425 426
426 302
427 261
427 428
428 256
429 337
429 430
430 177
431 406
431 432
432 340
433 399
433 434
434 293
435 303
435 436
436 46
437 438
437 549
438 592
439 47
439 440
440 228
441 202
441 442
442 71
443 41
443 444
444 104
445 354
445 446
446 300
447 448
447 557
448 146
449 450
449 513
450 454
451 32
451 452
452 553
453 10
453 454
454 392
455 247
455 456
456 86
457 329
457 458
458 325
459 203
459 460
460 160
461 31
461 462
462 491
463 464
463 497
464 102
465 233
465 466
466 333
467 110
467 468
468 528
469 470
469 560
470 114
471 105
471 472
472 502
473 63
473 474
474 439
475 172
475 476
476 579
477 478
477 483
478 535
479 171
479 480
480 215
481 135
481 482
482 109
483 311
483 484
484 284
485 486
485 575
486 586
487 36
487 488
488 72
489 463
489 490
490 411
491 442
491 492
492 534
493 342
493 494
494 152
495 496
495 569
496 429
497 361
497 498
498 192
499 500
499 566
500 441
501 213
501 502
502 525
503 240
503 504
504 382
505 163
505 506
506 6
507 77
507 508
508 197
509 158
509 510
510 166
511 410
511 512
512 3
513 117
513 514
514 150
515 107
515 516
516 5
517 518
517 556
518 422
519 113
519 520
520 241
521 66
521 522
522 124
523 142
523 524
524 196
525 509
525 526
526 94
527 528
527 605
528 583
529 173
529 530
530 198
531 413
531 532
532 222
533 319
533 534
534 456
535 393
535 536
536 518
537 217
537 538
538 186
539 287
539 540
540 564
541 280
541 542
542 476
543 339
543 544
544 308
545 529
545 546
546 2
547 159
547 548
548 93
549 531
549 550
550 351
551 455
551 552
552 278
553 64
553 554
554 275
555 349
555 556
556 9
557 558
557 571
558 365
559 560
559 595
560 565
561 452
561 562
562 574
563 473
563 564
564 52
565 405
565 566
566 335
567 87
567 568
568 298
569 570
569 601
570 65
571 285
571 572
572 318
573 10
573 574
574 420
575 19
575 576
576 427
577 206
577 578
578 597
579 580
579 598
580 232
581 48
581 582
582 432
583 187
583 584
584 304
585 387
585 586
586 266
587 127
587 588
588 268
589 353
589 590
590 426
591 397
591 592
592 112
593 345
593 594
594 254
595 482
595 596
596 360
597 50
597 598
598 516
599 366
599 600
600 60
601 457
601 602
602 330
603 283
603 604
604 282
605 119
605 606
606 401
607 133
607 608
608 424
609 558
609 610
610 508
611 239
611 612
612 530
613 57
613 614
614 148
