0 155
0 199
3 38
3 324
4 194
4 502
6 112
5 208
7 164
7 597
8 451
8 583
9 342
10 80
11 12
11 224
13 161
13 306
15 173
15 245
17 26
17 97
19 242
19 490
21 313
21 362
23 24
23 126
24 566
25 26
25 600
26 98
27 28
27 252
28 182
29 30
29 234
30 102
31 32
31 59
32 518
33 34
33 220
34 230
35 36
35 163
36 257
37 38
37 84
38 357
39 40
39 551
40 140
41 42
41 125
42 580
43 44
43 474
44 459
45 46
45 425
46 174
47 48
47 409
48 128
49 50
49 385
50 215
51 52
51 325
52 229
53 54
53 241
54 500
55 56
55 475
56 110
57 58
57 77
58 544
59 60
59 532
60 92
61 62
61 64
62 394
63 64
63 284
64 470
65 66
65 259
66 265
67 68
67 271
68 6
69 70
69 73
70 418
71 72
71 494
72 545
73 74
73 200
74 21
75 76
75 275
76 147
77 78
77 582
78 535
79 80
79 456
80 117
81 82
81 522
82 258
83 84
83 121
84 413
85 86
85 499
86 267
87 28
87 88
88 384
89 56
89 90
90 104
91 92
91 365
92 214
93 94
93 479
94 269
95 96
95 145
96 153
97 5
97 98
98 76
99 85
99 100
100 37
101 31
101 102
102 285
103 104
103 613
104 340
105 106
105 595
106 244
107 108
107 319
108 370
109 110
109 219
110 317
111 112
111 402
112 320
113 114
113 176
114 465
115 116
115 561
116 435
117 118
117 426
118 170
119 120
119 391
120 519
121 8
121 122
122 593
123 124
123 537
124 41
125 126
125 455
126 86
127 128
127 231
128 346
129 130
129 505
130 378
131 132
131 533
132 404
133 134
133 371
134 516
135 50
135 136
136 70
137 138
137 607
138 193
139 140
139 574
140 54
141 142
141 534
142 542
143 144
143 303
144 521
145 146
145 441
146 350
147 18
147 148
148 322
149 47
149 150
150 22
151 61
151 152
152 68
153 154
153 217
154 438
155 99
155 156
156 16
157 113
157 158
158 525
159 81
159 160
160 204
161 162
161 376
162 602
163 164
163 485
164 570
165 166
165 397
166 363
167 168
167 341
168 591
169 170
169 454
170 472
171 36
171 172
172 206
173 151
173 174
174 162
175 176
175 538
176 360
177 178
177 447
178 393
179 180
179 236
180 400
181 182
181 536
182 548
183 184
183 345
184 261
185 186
185 389
186 172
187 168
187 188
188 578
189 95
189 190
190 20
191 192
191 309
192 609
193 48
193 194
194 203
195 189
195 196
196 492
197 198
197 513
198 590
199 200
199 321
200 293
201 202
201 432
202 512
203 204
203 427
204 248
205 206
205 387
206 316
207 208
207 332
208 424
209 210
209 489
210 291
211 212
211 356
212 358
213 214
213 280
214 186
215 183
215 216
216 301
217 177
217 218
218 442
219 220
219 473
220 9
221 88
221 222
222 19
223 224
223 556
224 5
225 114
225 226
226 1
227 228
227 575
228 246
229 230
229 304
230 262
231 232
231 601
232 524
233 188
233 234
234 235
235 228
235 236
236 344
237 238
237 520
238 460
239 240
239 449
240 45
241 242
241 349
242 158
243 244
243 585
244 225
245 246
245 415
246 132
247 248
247 355
248 90
249 250
249 531
250 282
251 252
251 476
252 237
253 94
253 254
254 283
255 256
255 440
256 238
257 25
257 258
258 379
259 253
259 260
260 9
261 262
261 287
262 190
263 264
263 543
264 127
265 266
265 375
266 108
267 268
267 270
268 586
269 270
269 279
270 292
271 116
271 272
272 484
273 227
273 274
274 290
275 103
275 276
276 328
277 278
277 508
278 2
279 43
279 280
280 568
281 178
281 282
282 179
283 284
283 571
284 467
285 286
285 501
286 42
287 288
287 406
288 318
289 290
289 398
290 141
291 292
291 431
292 450
293 83
293 294
294 298
295 276
295 296
296 576
297 298
297 437
298 13
299 197
299 300
300 286
301 139
301 302
302 395
303 55
303 304
304 329
305 306
305 416
306 486
307 308
307 546
308 560
309 310
309 539
310 584
311 312
311 369
312 577
313 314
313 419
314 277
315 316
315 509
316 134
317 318
317 567
318 226
319 87
319 320
320 118
321 129
321 322
322 495
323 82
323 324
324 181
325 273
325 326
326 180
327 62
327 328
328 44
329 330
329 462
330 604
331 332
331 482
332 10
333 334
333 361
334 11
335 336
335 527
336 564
337 335
337 338
338 314
339 289
339 340
340 152
341 15
341 342
342 592
343 205
343 344
344 266
345 57
345 346
346 528
347 143
347 348
348 109
349 100
349 350
350 611
351 263
351 352
352 160
353 159
353 354
354 243
355 311
355 356
356 380
357 308
357 358
358 142
359 144
359 360
360 221
361 196
361 362
362 468
363 310
363 364
364 446
365 184
365 366
366 330
367 368
367 383
368 251
369 201
369 370
370 130
371 233
371 372
372 434
373 79
373 374
374 222
375 146
375 376
376 491
377 378
377 410
378 526
379 380
379 469
380 71
381 315
381 382
382 444
383 348
383 384
384 351
385 386
385 412
386 165
387 388
387 481
388 326
389 390
389 401
390 111
391 65
391 392
392 24
393 394
393 483
394 156
395 249
395 396
396 515
397 398
397 506
398 131
399 210
399 400
400 596
401 260
401 402
402 6
403 404
403 563
404 211
405 52
405 406
406 23
407 408
407 493
408 122
409 359
409 410
410 30
411 93
411 412
412 53
413 405
413 414
414 581
415 416
415 552
416 191
417 354
417 418
418 511
419 202
419 420
420 338
421 422
421 514
422 496
423 288
423 424
424 300
425 426
425 480
426 333
427 29
427 428
428 250
429 403
429 430
430 471
431 386
431 432
432 101
433 4
433 434
434 154
435 69
435 436
436 458
437 438
437 599
438 268
439 430
439 440
440 106
441 7
441 442
442 209
443 347
443 444
444 169
445 399
445 446
446 207
447 39
447 448
448 498
449 49
449 450
450 368
451 239
451 452
452 46
453 264
453 454
454 608
455 167
455 456
456 553
457 458
457 559
458 565
459 460
459 550
460 334
461 381
461 462
462 299
463 10
463 464
464 372
465 374
465 466
466 272
467 463
467 468
468 392
469 396
469 470
470 74
471 107
471 472
472 388
473 195
473 474
474 297
475 123
475 476
476 223
477 27
477 478
478 171
479 480
479 507
480 78
481 51
481 482
482 517
483 478
483 484
484 428
485 486
485 497
486 72
487 35
487 488
488 411
489 408
489 490
490 296
491 339
491 492
492 423
493 461
493 494
494 256
495 496
495 588
496 278
497 498
497 557
498 198
499 500
499 529
500 541
501 502
501 579
502 549
503 213
503 504
504 192
505 506
505 603
506 216
507 175
507 508
508 327
509 67
509 510
510 614
511 295
511 512
512 510
513 75
513 514
514 466
515 516
515 572
516 364
517 518
517 606
518 422
519 445
519 520
520 312
521 367
521 522
522 407
523 524
523 562
524 3
525 526
525 530
526 540
527 40
527 528
528 610
529 530
529 589
530 34
531 305
531 532
532 281
533 534
533 612
534 336
535 414
535 536
536 477
537 115
537 538
538 343
539 185
539 540
540 148
541 302
541 542
542 421
543 119
543 544
544 166
545 307
545 546
546 14
547 331
547 548
548 504
549 366
549 550
550 60
551 135
551 552
552 66
553 187
553 554
554 138
555 240
555 556
556 294
557 96
557 558
558 218
559 555
559 560
560 390
561 488
561 562
562 89
563 564
563 605
564 133
565 382
565 566
566 150
567 439
567 568
568 232
569 149
569 570
570 337
571 558
571 572
572 33
573 120
573 574
574 417
575 569
575 576
576 554
577 448
577 578
578 63
579 274
579 580
580 464
581 429
581 582
582 453
583 523
583 584
584 377
585 91
585 586
586 452
587 17
587 588
588 594
589 443
589 590
590 598
591 323
591 592
592 436
593 373
593 594
594 352
595 254
595 596
596 32
597 353
597 598
598 255
599 137
599 600
600 136
601 573
601 602
602 212
603 487
603 604
604 587
605 157
605 606
606 503
607 124
607 608
608 58
609 247
609 610
610 433
611 105
611 612
612 547
613 457
613 614
614 420
