0 83
0 263
1 239
1 485
3 163
3 274
4 126
4 217
5 538
6 355
7 234
7 479
8 340
8 461
9 245
10 441
13 400
13 597
15 198
15 605
17 256
17 438
19 158
19 383
21 532
21 540
23 24
23 527
24 350
25 26
25 286
26 124
27 28
27 611
28 552
29 30
29 510
30 447
31 32
31 101
32 462
33 34
33 607
34 308
35 36
35 365
36 370
37 27
37 38
38 219
39 40
39 73
40 57
41 42
41 593
42 311
43 44
43 105
44 448
45 46
45 344
46 480
47 48
47 199
48 381
49 50
49 453
50 187
51 52
51 507
52 460
53 54
53 579
54 504
55 56
55 203
56 394
57 58
57 423
58 15
59 60
59 346
60 178
61 62
61 417
62 80
63 64
63 342
64 482
65 66
65 115
66 202
67 48
67 68
68 176
69 70
69 539
70 241
71 72
71 515
72 46
73 74
73 475
74 596
75 76
75 583
76 103
77 78
77 474
78 118
79 80
79 86
80 58
81 82
81 195
82 11
83 84
83 281
84 283
85 86
85 545
86 524
87 88
87 599
88 185
89 90
89 349
90 548
91 92
91 493
92 562
93 94
93 303
94 356
95 96
95 305
96 151
97 98
97 537
98 392
99 100
99 595
100 614
101 102
101 588
102 64
103 104
103 231
104 34
105 106
105 435
106 116
107 108
107 211
108 431
109 110
109 236
110 82
111 112
111 427
112 443
113 114
113 260
114 520
115 116
115 444
116 207
117 118
117 541
118 366
119 120
119 177
120 564
121 72
121 122
122 446
123 124
123 307
124 110
125 126
125 359
126 345
127 128
127 516
128 242
129 130
129 555
130 426
131 39
131 132
132 437
133 16
133 134
134 194
135 3
135 136
136 240
137 138
137 454
138 375
139 140
139 332
140 218
141 142
141 215
142 535
143 144
143 291
144 518
145 71
145 146
146 442
147 49
147 148
148 488
149 150
149 253
150 470
151 152
151 159
152 396
153 154
153 451
154 566
155 156
155 330
156 498
157 158
157 229
158 259
159 160
159 287
160 536
161 36
161 162
162 452
163 51
163 164
164 248
165 166
165 299
166 569
167 168
167 221
168 576
169 170
169 357
170 390
171 172
171 421
172 296
173 174
173 391
174 98
175 176
175 180
176 582
177 178
177 191
178 67
179 180
179 433
180 78
181 182
181 604
182 348
183 184
183 571
184 585
185 186
185 414
186 386
187 188
187 476
188 573
189 146
189 190
190 162
191 192
191 559
192 362
193 1
193 194
194 568
195 35
195 196
196 134
197 198
197 578
198 512
199 100
199 200
200 2
201 202
201 487
202 63
203 135
203 204
204 300
205 206
205 472
206 401
207 208
207 268
208 570
209 111
209 210
210 137
211 4
211 212
212 304
213 92
213 214
214 436
215 43
215 216
216 594
217 218
217 273
218 609
219 96
219 220
220 8
221 40
221 222
222 172
223 224
223 422
224 182
225 226
225 261
226 293
227 175
227 228
228 490
229 230
229 282
230 374
231 232
231 235
232 60
233 107
233 234
234 10
235 236
235 467
236 88
237 238
237 549
238 22
239 240
239 489
240 322
241 188
241 242
242 170
243 244
243 503
244 226
245 197
245 246
246 316
247 23
247 248
248 258
249 196
249 250
250 9
251 37
251 252
252 338
253 254
253 575
254 416
255 256
255 613
256 558
257 206
257 258
258 59
259 141
259 260
260 262
261 149
261 262
262 290
263 225
263 264
264 113
265 205
265 266
266 302
267 268
267 543
268 327
269 165
269 270
270 388
271 79
271 272
272 320
273 274
273 277
274 119
275 276
275 478
276 358
277 278
277 323
278 21
279 280
279 550
280 32
281 125
281 282
282 565
283 284
283 353
284 511
285 286
285 577
286 65
287 288
287 500
288 484
289 147
289 290
290 186
291 292
291 409
292 52
293 153
293 294
294 492
295 181
295 296
296 336
297 255
297 298
298 407
299 300
299 399
300 445
301 61
301 302
302 581
303 6
303 304
304 132
305 306
305 481
306 528
307 13
307 308
308 440
309 136
309 310
310 20
311 123
311 312
312 546
313 314
313 496
314 278
315 316
315 491
316 412
317 318
317 584
318 121
319 320
319 351
320 9
321 156
321 322
322 18
323 89
323 324
324 301
325 319
325 326
326 249
327 328
327 389
328 456
329 99
329 330
330 31
331 332
331 477
332 506
333 254
333 334
334 166
335 336
335 601
336 306
337 315
337 338
338 295
339 340
339 598
340 201
341 157
341 342
342 161
343 344
343 449
344 517
345 346
345 469
346 326
347 348
347 360
348 354
349 335
349 350
350 93
351 352
351 563
352 171
353 354
353 393
354 246
355 33
355 356
356 321
357 358
357 424
358 309
359 360
359 387
360 531
361 10
361 362
362 208
363 364
363 373
364 127
365 366
365 586
366 228
367 233
367 368
368 603
369 370
369 395
370 112
371 372
371 494
372 294
373 69
373 374
374 590
375 317
375 376
376 592
377 237
377 378
378 471
379 53
379 380
380 432
381 17
381 382
382 420
383 6
383 384
384 612
385 386
385 464
386 154
387 388
387 425
388 272
389 390
389 547
390 222
391 392
391 525
392 382
393 129
393 394
394 534
395 50
395 396
396 122
397 5
397 398
398 169
399 142
399 400
400 333
401 266
401 402
402 213
403 339
403 404
404 334
405 406
405 580
406 486
407 76
407 408
408 372
409 410
409 509
410 210
411 85
411 412
412 192
413 414
413 463
414 406
415 343
415 416
416 138
417 269
417 418
418 368
419 97
419 420
420 318
421 415
421 422
422 610
423 168
423 424
424 600
425 337
425 426
426 544
427 379
427 428
428 25
429 244
429 430
430 128
431 371
431 432
432 557
433 143
433 434
434 514
435 436
435 533
436 90
437 438
437 589
438 376
439 184
439 440
440 292
441 28
441 442
442 284
443 232
443 444
444 227
445 403
445 446
446 56
447 47
447 448
448 38
449 377
449 450
450 526
451 380
451 452
452 402
453 430
453 454
454 104
455 189
455 456
456 312
457 41
457 458
458 216
459 439
459 460
460 224
461 462
461 587
462 74
463 19
463 464
464 108
465 173
465 466
466 75
467 77
467 468
468 572
469 470
469 508
470 378
471 450
471 472
472 429
473 367
473 474
474 29
475 55
475 476
476 483
477 478
477 561
478 148
479 44
479 480
480 70
481 179
481 482
482 54
483 468
483 484
484 14
485 139
485 486
486 230
487 152
487 488
488 238
489 145
489 490
490 289
491 117
491 492
492 250
493 267
493 494
494 530
495 324
495 496
496 204
497 30
497 498
498 140
499 500
499 513
500 66
501 502
501 505
502 560
503 495
503 504
504 264
505 506
505 608
506 167
507 473
507 508
508 521
509 24
509 510
510 529
511 428
511 512
512 418
513 514
513 551
514 347
515 150
515 516
516 133
517 459
517 518
518 26
519 164
519 520
520 276
521 522
521 602
522 252
523 84
523 524
524 270
525 352
525 526
526 243
527 465
527 528
528 288
529 280
529 530
530 341
531 279
531 532
532 522
533 369
533 534
534 190
535 265
535 536
536 62
537 325
537 538
538 466
539 434
539 540
540 606
541 131
541 542
542 501
543 87
543 544
544 361
545 419
545 546
546 275
547 174
547 548
548 310
549 397
549 550
550 385
551 523
551 552
552 384
553 81
553 554
554 144
555 209
555 556
556 214
557 7
557 558
558 404
559 457
559 560
560 271
561 183
561 562
562 502
563 247
563 564
564 363
565 542
565 566
566 364
567 458
567 568
568 556
569 212
569 570
570 12
571 572
571 591
572 567
573 408
573 574
574 114
575 298
575 576
576 220
577 94
577 578
578 160
579 331
579 580
580 297
581 285
581 582
582 574
583 95
583 584
584 257
585 405
585 586
586 200
587 42
587 588
588 313
589 109
589 590
590 398
591 91
591 592
592 68
593 411
593 594
594 519
595 499
595 596
596 553
597 155
597 598
598 130
599 251
599 600
600 106
601 329
601 602
602 413
603 314
603 604
604 328
605 102
605 606
606 223
607 120
607 608
608 497
609 455
609 610
610 554
611 45
611 612
612 410
613 5
613 614
614 193
