0 39
0 344
1 236
1 447
3 596
3 606
4 200
4 551
5 166
6 174
9 13
9 547
10 322
10 357
11 454
12 285
13 65
13 205
15 295
15 338
17 25
17 179
19 162
19 425
21 348
21 483
23 24
23 153
24 318
25 26
25 330
26 571
27 28
27 69
28 227
29 30
29 325
30 557
31 32
31 253
32 575
33 34
33 349
34 418
35 11
35 36
36 600
37 38
37 317
38 181
39 40
39 121
40 550
41 42
41 225
42 48
43 44
43 215
44 287
45 46
45 331
46 64
47 48
47 607
48 284
49 50
49 409
50 5
51 52
51 360
52 8
53 54
53 608
54 362
55 56
55 342
56 187
57 58
57 369
58 477
59 60
59 384
60 186
61 62
61 247
62 92
63 64
63 496
64 116
65 66
65 109
66 209
67 68
67 250
68 36
69 70
69 304
70 504
71 15
71 72
72 18
73 29
73 74
74 390
75 76
75 614
76 22
77 78
77 432
78 6
79 80
79 97
80 35
81 82
81 243
82 79
83 84
83 146
84 210
85 86
85 359
86 459
87 51
87 88
88 426
89 90
89 485
90 453
91 92
91 114
92 354
93 94
93 415
94 603
95 96
95 391
96 578
97 98
97 161
98 106
99 26
99 100
100 255
101 102
101 588
102 134
103 104
103 583
104 450
105 106
105 563
106 208
107 108
107 309
108 240
109 110
109 367
110 85
111 112
111 144
112 156
113 10
113 114
114 376
115 116
115 305
116 24
117 118
117 609
118 424
119 120
119 279
120 430
121 122
121 509
122 568
123 124
123 299
124 505
125 126
125 157
126 534
127 128
127 323
128 17
129 77
129 130
130 394
131 132
131 448
132 273
133 119
133 134
134 140
135 136
135 408
136 566
137 138
137 460
138 420
139 140
139 143
140 207
141 132
141 142
142 115
143 144
143 473
144 164
145 146
145 173
146 306
147 14
147 148
148 446
149 150
149 282
150 598
151 152
151 191
152 435
153 149
153 154
154 214
155 156
155 411
156 582
157 158
157 257
158 380
159 160
159 251
160 34
161 162
161 548
162 358
163 67
163 164
164 137
165 166
165 283
166 223
167 122
167 168
168 410
169 170
169 431
170 245
171 172
171 463
172 111
173 100
173 174
174 52
175 176
175 288
176 491
177 178
177 249
178 398
179 180
179 352
180 232
181 182
181 386
182 314
183 184
183 487
184 312
185 45
185 186
186 12
187 188
187 276
188 470
189 190
189 269
190 346
191 192
191 277
192 565
193 103
193 194
194 219
195 196
195 347
196 70
197 198
197 437
198 290
199 120
199 200
200 396
201 83
201 202
202 220
203 204
203 337
204 267
205 206
205 461
206 315
207 208
207 231
208 246
209 129
209 210
210 292
211 212
211 263
212 370
213 214
213 444
214 592
215 216
215 542
216 66
217 218
217 533
218 130
219 220
219 296
220 104
221 222
221 490
222 573
223 224
223 564
224 6
225 226
225 260
226 61
227 228
227 311
228 168
229 230
229 597
230 54
231 232
231 286
232 301
233 175
233 234
234 580
235 236
235 355
236 601
237 1
237 238
238 474
239 240
239 340
240 256
241 16
241 242
242 142
243 244
243 413
244 226
245 246
245 397
246 222
247 248
247 507
248 364
249 250
249 581
250 23
251 252
251 449
252 452
253 254
253 529
254 75
255 234
255 256
256 388
257 151
257 258
258 585
259 260
259 419
260 33
261 262
261 591
262 7
263 264
263 335
264 182
265 266
265 379
266 60
267 198
267 268
268 530
269 270
269 272
270 11
271 30
271 272
272 56
273 84
273 274
274 241
275 44
275 276
276 176
277 139
277 278
278 189
279 82
279 280
280 291
281 110
281 282
282 252
283 284
283 489
284 218
285 286
285 298
286 212
287 288
287 511
288 124
289 290
289 471
290 433
291 213
291 292
292 378
293 294
293 356
294 476
295 296
295 401
296 537
297 298
297 414
298 68
299 192
299 300
300 154
301 302
301 374
302 518
303 304
303 399
304 147
305 12
305 306
306 262
307 308
307 593
308 324
309 310
309 345
310 268
311 163
311 312
312 538
313 50
313 314
314 74
315 278
315 316
316 416
317 318
317 527
318 478
319 87
319 320
320 228
321 322
321 382
322 570
323 31
323 324
324 199
325 326
325 445
326 482
327 89
327 328
328 261
329 229
329 330
330 375
331 332
331 343
332 556
333 334
333 599
334 319
335 336
335 480
336 439
337 338
337 559
338 63
339 340
339 465
340 502
341 155
341 342
342 40
343 57
343 344
344 421
345 193
345 346
346 160
347 348
347 541
348 572
349 350
349 543
350 499
351 352
351 429
352 576
353 354
353 392
354 560
355 356
355 544
356 510
357 80
357 358
358 20
359 360
359 549
360 494
361 266
361 362
362 280
363 333
363 364
364 170
365 329
365 366
366 138
367 211
367 368
368 313
369 370
369 605
370 72
371 237
371 372
372 233
373 374
373 387
374 150
375 376
375 479
376 350
377 152
377 378
378 526
379 380
379 602
380 190
381 71
381 382
382 472
383 365
383 384
384 169
385 131
385 386
386 216
387 248
387 388
388 2
389 390
389 562
390 590
391 392
391 495
392 183
393 271
393 394
394 558
395 396
395 525
396 442
397 242
397 398
398 468
399 327
399 400
400 297
401 402
401 455
402 584
403 9
403 404
404 281
405 167
405 406
406 53
407 408
407 438
408 62
409 244
409 410
410 201
411 381
411 412
412 55
413 414
413 539
414 171
415 194
415 416
416 366
417 27
417 418
418 102
419 303
419 420
420 239
421 422
421 569
422 514
423 424
423 497
424 78
425 426
425 553
426 353
427 128
427 428
428 336
429 430
429 523
430 488
431 412
431 432
432 492
433 434
433 517
434 145
435 407
435 436
436 264
437 438
437 503
438 19
439 321
439 440
440 522
441 289
441 442
442 202
443 444
443 481
444 135
445 441
445 446
446 594
447 448
447 519
448 204
449 351
449 450
450 118
451 125
451 452
452 516
453 454
453 521
454 361
455 107
455 456
456 177
457 405
457 458
458 293
459 460
459 536
460 466
461 203
461 462
462 587
463 3
463 464
464 546
465 73
465 466
466 320
467 180
467 468
468 108
469 217
469 470
470 21
471 185
471 472
472 611
473 95
473 474
474 385
475 188
475 476
476 274
477 393
477 478
478 98
479 258
479 480
480 531
481 482
481 545
482 579
483 270
483 484
484 158
485 457
485 486
486 326
487 99
487 488
488 230
489 221
489 490
490 123
491 38
491 492
492 91
493 494
493 612
494 302
495 81
495 496
496 86
497 206
497 498
498 395
499 294
499 500
500 561
501 372
501 502
502 500
503 328
503 504
504 373
505 506
505 528
506 422
507 508
507 540
508 310
509 451
509 510
510 136
511 259
511 512
512 532
513 172
513 514
514 126
515 516
515 577
516 402
517 368
517 518
518 574
519 195
519 520
520 486
521 404
521 522
522 4
523 28
523 524
524 112
525 307
525 526
526 484
527 528
527 552
528 49
529 165
529 530
530 224
531 456
531 532
532 389
533 534
533 595
534 178
535 88
535 536
536 41
537 464
537 538
538 254
539 339
539 540
540 428
541 101
541 542
542 377
543 417
543 544
544 475
545 498
545 546
546 308
547 235
547 548
548 43
549 371
549 550
550 5
551 238
551 552
552 113
553 423
553 554
554 436
555 332
555 556
556 586
557 443
557 558
558 458
559 383
559 560
560 42
561 512
561 562
562 434
563 265
563 564
564 148
565 47
565 566
566 513
567 363
567 568
568 96
569 406
569 570
570 196
571 105
571 572
572 76
573 493
573 574
574 508
575 440
575 576
576 141
577 133
577 578
578 37
579 524
579 580
580 300
581 275
581 582
582 316
583 567
583 584
584 58
585 586
585 589
586 46
587 515
587 588
588 469
589 341
589 590
590 184
591 32
591 592
592 94
593 501
593 594
594 93
595 400
595 596
596 334
597 127
597 598
598 555
599 600
599 613
600 520
601 197
601 602
602 159
603 554
603 604
604 610
605 403
605 606
606 535
607 117
607 608
608 90
609 427
609 610
610 467
611 59
611 612
612 506
613 462
613 614
614 604
