0 151
0 517
1 265
1 483
3 193
3 351
4 55
4 245
6 52
5 46
7 507
7 587
8 26
8 455
9 519
10 389
13 80
13 480
15 172
15 613
17 98
17 102
19 53
19 329
21 63
21 413
23 6
23 24
24 118
25 26
25 177
26 545
27 11
27 28
28 176
29 30
29 411
30 171
31 32
31 125
32 243
33 34
33 497
34 608
35 36
35 593
36 528
37 38
37 121
38 194
39 40
39 133
40 116
41 42
41 511
42 112
43 44
43 248
44 428
45 46
45 436
46 527
47 6
47 48
48 32
49 50
49 272
50 310
51 52
51 452
52 126
53 54
53 200
54 220
55 56
55 169
56 529
57 58
57 422
58 91
59 60
59 217
60 232
61 62
61 341
62 344
63 64
63 113
64 209
65 66
65 394
66 322
67 68
67 270
68 477
69 70
69 259
70 572
71 72
71 551
72 14
73 74
73 317
74 420
75 76
75 392
76 308
77 78
77 337
78 362
79 80
79 429
80 111
81 5
81 82
82 224
83 84
83 247
84 167
85 86
85 239
86 256
87 41
87 88
88 128
89 90
89 359
90 152
91 31
91 92
92 130
93 79
93 94
94 554
95 96
95 524
96 437
97 98
97 466
98 442
99 100
99 408
100 390
101 102
101 583
102 610
103 104
103 515
104 210
105 66
105 106
106 92
107 108
107 579
108 73
109 110
109 185
110 106
111 19
111 112
112 482
113 114
113 289
114 234
115 116
115 548
116 290
117 118
117 537
118 218
119 120
119 305
120 510
121 122
121 603
122 586
123 124
123 449
124 246
125 126
125 468
126 88
127 128
127 233
128 96
129 130
129 542
130 470
131 117
131 132
132 356
133 134
133 373
134 384
135 136
135 509
136 45
137 138
137 599
138 538
139 24
139 140
140 476
141 5
141 142
142 164
143 144
143 175
144 235
145 146
145 595
146 36
147 148
147 570
148 174
149 150
149 323
150 146
151 152
151 343
152 354
153 39
153 154
154 501
155 84
155 156
156 86
157 29
157 158
158 589
159 160
159 512
160 503
161 162
161 560
162 434
163 164
163 277
164 596
165 109
165 166
166 115
167 100
167 168
168 508
169 170
169 213
170 252
171 172
171 331
172 386
173 174
173 607
174 264
175 8
175 176
176 87
177 178
177 525
178 487
179 180
179 195
180 296
181 182
181 279
182 410
183 184
183 564
184 306
185 186
185 271
186 85
187 188
187 275
188 567
189 190
189 457
190 600
191 192
191 541
192 340
193 194
193 207
194 282
195 196
195 363
196 382
197 198
197 328
198 461
199 200
199 266
200 383
201 202
201 378
202 453
203 204
203 471
204 380
205 206
205 499
206 532
207 208
207 518
208 372
209 210
209 255
210 170
211 212
211 375
212 168
213 75
213 214
214 97
215 216
215 421
216 469
217 83
217 218
218 294
219 123
219 220
220 496
221 222
221 448
222 64
223 166
223 224
224 597
225 226
225 281
226 292
227 147
227 228
228 606
229 107
229 230
230 462
231 232
231 459
232 190
233 234
233 348
234 226
235 236
235 475
236 155
237 20
237 238
238 22
239 240
239 309
240 283
241 242
241 360
242 280
243 244
243 535
244 490
245 246
245 491
246 489
247 248
247 276
248 500
249 13
249 250
250 330
251 78
251 252
252 536
253 254
253 406
254 568
255 60
255 256
256 42
257 51
257 258
258 189
259 260
259 594
260 355
261 90
261 262
262 456
263 264
263 447
264 582
265 187
265 266
266 584
267 268
267 415
268 114
269 270
269 315
270 458
271 143
271 272
272 333
273 136
273 274
274 553
275 276
275 401
276 181
277 278
277 580
278 321
279 280
279 526
280 506
281 4
281 282
282 298
283 137
283 284
284 198
285 27
285 286
286 144
287 288
287 312
288 216
289 290
289 396
290 388
291 292
291 381
292 350
293 103
293 294
294 230
295 296
295 431
296 258
297 298
297 346
298 47
299 300
299 318
300 549
301 124
301 302
302 423
303 304
303 385
304 77
305 284
305 306
306 110
307 89
307 308
308 598
309 310
309 326
310 254
311 312
311 419
312 439
313 314
313 561
314 592
315 229
315 316
316 192
317 240
317 318
318 366
319 163
319 320
320 324
321 322
321 493
322 202
323 62
323 324
324 364
325 273
325 326
326 69
327 223
327 328
328 288
329 330
329 556
330 134
331 332
331 474
332 253
333 334
333 430
334 34
335 105
335 336
336 18
337 338
337 612
338 249
339 340
339 454
340 138
341 158
341 342
342 463
343 3
343 344
344 9
345 346
345 387
346 398
347 129
347 348
348 58
349 135
349 350
350 297
351 38
351 352
352 565
353 354
353 418
354 374
355 356
355 425
356 95
357 358
357 573
358 479
359 30
359 360
360 552
361 54
361 362
362 566
363 364
363 443
364 345
365 366
365 578
366 591
367 368
367 514
368 602
369 370
369 601
370 336
371 372
371 417
372 228
373 263
373 374
374 446
375 376
375 614
376 67
377 225
377 378
378 495
379 369
379 380
380 365
381 56
381 382
382 94
383 384
383 427
384 438
385 386
385 445
386 361
387 388
387 550
388 291
389 35
389 390
390 332
391 392
391 555
392 399
393 204
393 394
394 127
395 269
395 396
396 157
397 197
397 398
398 237
399 400
399 484
400 414
401 379
401 402
402 231
403 7
403 404
404 10
405 402
405 406
406 320
407 408
407 546
408 10
409 241
409 410
410 2
411 179
411 412
412 184
413 1
413 414
414 534
415 395
415 416
416 464
417 418
417 604
418 222
419 420
419 539
420 76
421 21
421 422
422 286
423 353
423 424
424 544
425 314
425 426
426 460
427 183
427 428
428 122
429 430
429 557
430 9
431 215
431 432
432 478
433 236
433 434
434 44
435 153
435 436
436 141
437 438
437 441
438 162
439 149
439 440
440 250
441 442
441 498
442 12
443 61
443 444
444 244
445 257
445 446
446 416
447 448
447 467
448 504
449 159
449 450
450 227
451 452
451 577
452 349
453 454
453 543
454 488
455 178
455 456
456 368
457 165
457 458
458 145
459 57
459 460
460 486
461 150
461 462
462 132
463 464
463 494
464 182
465 466
465 575
466 72
467 468
467 492
468 131
469 404
469 470
470 530
471 311
471 472
472 347
473 474
473 520
474 563
475 278
475 476
476 17
477 43
477 478
478 196
479 480
479 569
480 48
481 473
481 482
482 260
483 101
483 484
484 71
485 465
485 486
486 516
487 28
487 488
488 251
489 371
489 490
490 440
491 173
491 492
492 319
493 393
493 494
494 334
495 496
495 571
496 16
497 201
497 498
498 82
499 99
499 500
500 432
501 219
501 502
502 268
503 504
503 576
504 208
505 65
505 506
506 342
507 191
507 508
508 588
509 510
509 513
510 502
511 59
511 512
512 81
513 407
513 514
514 609
515 338
515 516
516 522
517 518
517 533
518 377
519 481
519 520
520 285
521 400
521 522
522 206
523 505
523 524
524 161
525 267
525 526
526 15
527 376
527 528
528 156
529 530
529 590
530 444
531 221
531 532
532 68
533 295
533 534
534 148
535 335
535 536
536 50
537 293
537 538
538 261
539 352
539 540
540 357
541 391
541 542
542 287
543 139
543 544
544 262
545 472
545 546
546 435
547 211
547 548
548 238
549 433
549 550
550 558
551 325
551 552
552 450
553 313
553 554
554 562
555 304
555 556
556 531
557 203
557 558
558 33
559 303
559 560
560 426
561 405
561 562
562 214
563 367
563 564
564 299
565 358
565 566
566 188
567 104
567 568
568 316
569 570
569 581
570 301
571 302
571 572
572 339
573 451
573 574
574 70
575 160
575 576
576 403
577 559
577 578
578 142
579 180
579 580
580 611
581 25
581 582
582 40
583 93
583 584
584 307
585 574
585 586
586 370
587 49
587 588
588 120
589 590
589 605
590 242
591 409
591 592
592 23
593 274
593 594
594 523
595 186
595 596
596 300
597 585
597 598
598 140
599 205
599 600
600 424
601 540
601 602
602 74
603 154
603 604
604 521
605 547
605 606
606 212
607 37
607 608
608 119
609 108
609 610
610 412
611 485
611 612
612 199
613 397
613 614
614 327
