0 232
0 411
2 77
2 498
3 315
3 599
4 147
4 604
6 529
5 531
7 132
7 471
9 139
8 430
8 457
10 582
13 167
13 168
15 479
15 544
17 28
17 517
19 20
19 212
21 137
21 174
23 24
23 154
24 611
25 26
25 178
26 182
27 28
27 357
28 216
29 30
29 304
30 400
31 32
31 388
32 550
33 34
33 225
34 532
35 36
35 467
36 66
37 38
37 431
38 15
39 40
39 572
40 442
41 42
41 171
42 337
43 2
43 44
44 350
45 41
45 46
46 477
47 48
47 51
48 362
49 50
49 566
50 106
51 52
51 219
52 56
53 54
53 71
54 423
55 6
55 56
56 447
57 58
57 189
58 564
59 60
59 440
60 330
61 62
61 329
62 289
63 64
63 596
64 441
65 30
65 66
66 412
67 68
67 534
68 311
69 70
69 214
70 292
71 7
71 72
72 510
73 74
73 285
74 253
75 76
75 461
76 402
77 78
77 287
78 501
79 80
79 306
80 378
81 82
81 341
82 444
83 84
83 277
84 338
85 42
85 86
86 346
87 88
87 385
88 375
89 35
89 90
90 422
91 8
91 92
92 390
93 94
93 238
94 258
95 96
95 593
96 186
97 98
97 443
98 218
99 100
99 540
100 203
101 63
101 102
102 24
103 104
103 316
104 96
105 106
105 533
106 172
107 69
107 108
108 33
109 110
109 247
110 286
111 112
111 145
112 23
113 114
113 323
114 344
115 116
115 142
116 370
117 81
117 118
118 598
119 89
119 120
120 318
121 122
121 265
122 117
123 124
123 128
124 192
125 126
125 483
126 500
127 128
127 552
128 387
129 130
129 425
130 568
131 132
131 613
132 484
133 134
133 505
134 194
135 136
135 456
136 175
137 138
137 200
138 561
139 140
139 208
140 302
141 6
141 142
142 112
143 133
143 144
144 26
145 146
145 355
146 428
147 148
147 153
148 206
149 150
149 264
150 516
151 152
151 303
152 282
153 154
153 439
154 366
155 156
155 446
156 98
157 158
157 395
158 152
159 160
159 571
160 438
161 162
161 577
162 159
163 164
163 433
164 160
165 166
165 606
166 305
167 168
167 601
168 545
169 170
169 334
170 284
171 172
171 494
172 424
173 75
173 174
174 450
175 176
175 462
176 416
177 178
177 414
178 419
179 180
179 227
180 240
181 182
181 185
182 584
183 184
183 523
184 9
185 186
185 228
186 50
187 188
187 403
188 135
189 190
189 574
190 246
191 146
191 192
192 16
193 194
193 528
194 474
195 196
195 347
196 537
197 198
197 589
198 18
199 200
199 527
200 80
201 202
201 353
202 94
203 204
203 556
204 10
205 206
205 541
206 435
207 82
207 208
208 11
209 210
209 507
210 536
211 212
211 267
212 487
213 214
213 559
214 600
215 216
215 567
216 165
217 218
217 420
218 136
219 161
219 220
220 68
221 88
221 222
222 342
223 222
223 224
224 90
225 226
225 518
226 190
227 228
227 383
228 229
229 201
229 230
230 468
231 57
231 232
232 1
233 234
233 607
234 49
235 151
235 236
236 126
237 124
237 238
238 60
239 13
239 240
240 25
241 202
241 242
242 580
243 163
243 244
244 86
245 246
245 486
246 336
247 248
247 485
248 252
249 250
249 331
250 583
251 252
251 513
252 169
253 254
253 581
254 458
255 155
255 256
256 104
257 258
257 361
258 343
259 260
259 432
260 223
261 262
261 520
262 38
263 264
263 368
264 554
265 199
265 266
266 249
267 113
267 268
268 5
269 270
269 281
270 231
271 272
271 579
272 134
273 274
273 374
274 345
275 276
275 515
276 234
277 278
277 551
278 85
279 280
279 509
280 609
281 282
281 547
282 254
283 284
283 549
284 12
285 46
285 286
286 332
287 191
287 288
288 274
289 93
289 290
290 298
291 292
291 293
292 149
293 73
293 294
294 526
295 296
295 560
296 496
297 298
297 335
298 454
299 109
299 300
300 276
301 235
301 302
302 14
303 268
303 304
304 144
305 243
305 306
306 48
307 308
307 320
308 61
309 29
309 310
310 207
311 308
311 312
312 310
313 314
313 369
314 558
315 316
315 475
316 602
317 242
317 318
318 244
319 283
319 320
320 322
321 245
321 322
322 215
323 183
323 324
324 326
325 326
325 421
326 448
327 53
327 328
328 224
329 95
329 330
330 480
331 52
331 332
332 418
333 321
333 334
334 309
335 67
335 336
336 230
337 21
337 338
338 590
339 340
339 391
340 392
341 83
341 342
342 74
343 344
343 434
344 176
345 266
345 346
346 272
347 211
347 348
348 55
349 257
349 350
350 469
351 352
351 557
352 297
353 221
353 354
354 406
355 356
355 463
356 563
357 37
357 358
358 300
359 141
359 360
360 70
361 129
361 362
362 455
363 259
363 364
364 506
365 366
365 592
366 358
367 27
367 368
368 464
369 43
369 370
370 10
371 372
371 597
372 22
373 123
373 374
374 521
375 319
375 376
376 188
377 5
377 378
378 514
379 196
379 380
380 156
381 382
381 522
382 312
383 233
383 384
384 313
385 125
385 386
386 181
387 388
387 587
388 173
389 390
389 591
390 294
391 301
391 392
392 84
393 209
393 394
394 356
395 396
395 553
396 4
397 398
397 535
398 261
399 241
399 400
400 614
401 402
401 404
402 226
403 404
403 508
404 131
405 367
405 406
406 101
407 408
407 476
408 32
409 47
409 410
410 379
411 3
411 412
412 426
413 414
413 543
414 291
415 220
415 416
416 170
417 340
417 418
418 437
419 420
419 573
420 115
421 239
421 422
422 503
423 278
423 424
424 588
425 426
425 497
426 34
427 365
427 428
428 295
429 351
429 430
430 64
431 275
431 432
432 502
433 327
433 434
434 79
435 105
435 436
436 585
437 102
437 438
438 488
439 393
439 440
440 162
441 44
441 442
442 399
443 371
443 444
444 398
445 446
445 578
446 78
447 59
447 448
448 482
449 103
449 450
450 512
451 17
451 452
452 524
453 19
453 454
454 610
455 317
455 456
456 204
457 97
457 458
458 466
459 271
459 460
460 408
461 262
461 462
462 237
463 119
463 464
464 576
465 92
465 466
466 490
467 468
467 511
468 72
469 296
469 470
470 586
471 445
471 472
472 9
473 451
473 474
474 504
475 177
475 476
476 148
477 348
477 478
478 401
479 480
479 481
480 184
481 76
481 482
482 36
483 396
483 484
484 260
485 157
485 486
486 409
487 488
487 492
488 263
489 429
489 490
490 120
491 492
491 539
492 210
493 87
493 494
494 407
495 111
495 496
496 193
497 498
497 603
498 360
499 333
499 500
500 373
501 40
501 502
502 570
503 31
503 504
504 164
505 307
505 506
506 54
507 397
507 508
508 143
509 349
509 510
510 465
511 213
511 512
512 460
513 363
513 514
514 110
515 499
515 516
516 417
517 166
517 518
518 91
519 187
519 520
520 328
521 180
521 522
522 270
523 279
523 524
524 217
525 526
525 565
526 394
527 195
527 528
528 39
529 410
529 530
530 288
531 280
531 532
532 158
533 427
533 534
534 140
535 127
535 536
536 250
537 538
537 608
538 382
539 525
539 540
540 108
541 179
541 542
542 562
543 405
543 544
544 256
545 339
545 546
546 478
547 121
547 548
548 376
549 377
549 550
550 150
551 205
551 552
552 389
553 554
553 569
554 472
555 386
555 556
556 118
557 415
557 558
558 436
559 122
559 560
560 530
561 562
561 594
562 100
563 58
563 564
564 449
565 453
565 566
566 381
567 546
567 568
568 62
569 493
569 570
570 364
571 197
571 572
572 452
573 384
573 574
574 248
575 236
575 576
576 290
577 325
577 578
578 251
579 269
579 580
580 538
581 107
581 582
582 612
583 99
583 584
584 130
585 491
585 586
586 138
587 359
587 588
588 470
589 473
589 590
590 542
591 45
591 592
592 555
593 575
593 594
594 324
595 596
595 605
596 273
597 255
597 598
598 116
599 595
599 600
600 314
601 352
601 602
602 65
603 495
603 604
604 413
605 459
605 606
606 198
607 299
607 608
608 354
609 519
609 610
610 548
611 372
611 612
612 114
613 489
613 614
614 380
