0 207
0 491
3 303
3 440
4 176
4 237
6 66
5 158
7 183
7 282
8 148
8 508
9 206
10 21
11 103
11 505
13 33
13 144
15 357
15 512
17 271
17 463
19 462
19 594
21 244
21 270
23 24
23 375
24 89
25 26
25 310
26 416
27 28
27 543
28 504
29 30
29 82
30 608
31 32
31 204
32 154
33 34
33 139
34 354
35 36
35 389
36 73
37 38
37 405
38 152
39 40
39 241
40 222
41 42
41 140
42 126
43 44
43 101
44 349
45 46
45 121
46 552
47 48
47 266
48 393
49 50
49 423
50 336
51 52
51 574
52 78
53 54
53 86
54 599
55 56
55 409
56 586
57 58
57 289
58 150
59 60
59 75
60 278
61 62
61 347
62 371
63 64
63 281
64 248
65 66
65 192
66 128
67 68
67 260
68 523
69 70
69 511
70 228
71 72
71 420
72 46
73 74
73 537
74 240
75 76
75 401
76 527
77 3
77 78
78 62
79 80
79 147
80 51
81 82
81 84
82 590
83 4
83 84
84 431
85 86
85 261
86 332
87 88
87 530
88 257
89 90
89 460
90 572
91 92
91 252
92 386
93 94
93 195
94 414
95 96
95 443
96 321
97 98
97 546
98 502
99 100
99 104
100 500
101 102
101 169
102 32
103 43
103 104
104 110
105 39
105 106
106 411
107 108
107 466
108 1
109 110
109 426
110 540
111 112
111 565
112 122
113 114
113 434
114 135
115 116
115 545
116 12
117 118
117 323
118 456
119 120
119 301
120 173
121 122
121 560
122 592
123 124
123 531
124 340
125 126
125 164
126 258
127 123
127 128
128 232
129 130
129 561
130 308
131 40
131 132
132 167
133 134
133 175
134 358
135 136
135 276
136 210
137 138
137 402
138 488
139 140
139 149
140 253
141 142
141 529
142 486
143 144
143 461
144 591
145 146
145 255
146 472
147 148
147 356
148 398
149 150
149 328
150 507
151 152
151 348
152 372
153 154
153 533
154 9
155 156
155 473
156 496
157 158
157 283
158 366
159 160
159 299
160 111
161 162
161 603
162 156
163 164
163 245
164 71
165 166
165 469
166 58
167 168
167 581
168 521
169 170
169 385
170 542
171 172
171 610
172 425
173 174
173 487
174 218
175 131
175 176
176 80
177 178
177 230
178 296
179 180
179 475
180 124
181 182
181 437
182 588
183 13
183 184
184 602
185 186
185 481
186 181
187 163
187 188
188 579
189 190
189 478
190 264
191 11
191 192
192 97
193 194
193 381
194 392
195 196
195 364
196 108
197 153
197 198
198 595
199 200
199 470
200 551
201 202
201 435
202 370
203 204
203 609
204 352
205 206
205 351
206 162
207 208
207 601
208 199
209 210
209 305
210 580
211 133
211 212
212 597
213 214
213 497
214 362
215 216
215 422
216 151
217 141
217 218
218 607
219 220
219 605
220 408
221 222
221 584
222 380
223 224
223 509
224 361
225 20
225 226
226 284
227 223
227 228
228 553
229 230
229 376
230 331
231 161
231 232
232 501
233 234
233 450
234 536
235 236
235 611
236 190
237 238
237 249
238 94
239 240
239 418
240 294
241 242
241 535
242 186
243 209
243 244
244 250
245 246
245 337
246 444
247 243
247 248
248 100
249 250
249 363
250 234
251 252
251 476
252 524
253 48
253 254
254 600
255 256
255 575
256 557
257 258
257 379
258 442
259 260
259 541
260 384
261 262
261 396
262 286
263 59
263 264
264 268
265 266
265 391
266 216
267 44
267 268
268 92
269 270
269 490
270 254
271 272
271 549
272 172
273 274
273 279
274 360
275 276
275 534
276 412
277 201
277 278
278 345
279 61
279 280
280 224
281 35
281 282
282 96
283 7
283 284
284 10
285 286
285 568
286 272
287 288
287 517
288 200
289 290
289 387
290 576
291 95
291 292
292 233
293 294
293 319
294 19
295 65
295 296
296 99
297 298
297 341
298 417
299 300
299 449
300 480
301 256
301 302
302 55
303 304
303 388
304 142
305 306
305 344
306 390
307 52
307 308
308 520
309 310
309 451
310 382
311 6
311 312
312 194
313 314
313 482
314 277
315 69
315 316
316 236
317 34
317 318
318 25
319 320
319 519
320 81
321 68
321 322
322 64
323 41
323 324
324 88
325 47
325 326
326 306
327 197
327 328
328 102
329 293
329 330
330 514
331 292
331 332
332 471
333 334
333 433
334 262
335 336
335 499
336 559
337 338
337 522
338 30
339 191
339 340
340 526
341 291
341 342
342 28
343 344
343 397
344 17
345 246
345 346
346 477
347 348
347 587
348 317
349 313
349 350
350 407
351 198
351 352
352 157
353 106
353 354
354 116
355 120
355 356
356 129
357 358
357 593
358 37
359 360
359 613
360 45
361 288
361 362
362 338
363 137
363 364
364 74
365 315
365 366
366 428
367 90
367 368
368 107
369 370
369 427
370 5
371 372
371 547
372 22
373 374
373 515
374 578
375 235
375 376
376 247
377 329
377 378
378 109
379 380
379 484
380 485
381 273
381 382
382 532
383 384
383 453
384 324
385 386
385 569
386 458
387 215
387 388
388 24
389 369
389 390
390 452
391 392
391 454
392 516
393 298
393 394
394 498
395 365
395 396
396 208
397 339
397 398
398 510
399 400
399 555
400 42
401 217
401 402
402 53
403 8
403 404
404 38
405 399
405 406
406 130
407 205
407 408
408 304
409 410
409 589
410 570
411 14
411 412
412 112
413 93
413 414
414 226
415 416
415 554
416 400
417 85
417 418
418 577
419 420
419 465
420 492
421 79
421 422
422 105
423 297
423 424
424 479
425 426
425 583
426 518
427 193
427 428
428 438
429 251
429 430
430 322
431 432
431 544
432 220
433 275
433 434
434 67
435 87
435 436
436 320
437 438
437 614
438 528
439 165
439 440
440 212
441 442
441 494
442 404
443 444
443 573
444 548
445 170
445 446
446 468
447 448
447 563
448 5
449 27
449 450
450 346
451 452
451 585
452 196
453 180
453 454
454 539
455 406
455 456
456 9
457 171
457 458
458 455
459 267
459 460
460 6
461 77
461 462
462 91
463 383
463 464
464 114
465 143
465 466
466 378
467 295
467 468
468 214
469 231
469 470
470 318
471 472
471 550
472 239
473 474
473 571
474 300
475 343
475 476
476 63
477 330
477 478
478 29
479 287
479 480
480 432
481 482
481 567
482 483
483 36
483 484
484 159
485 446
485 486
486 225
487 185
487 488
488 274
489 113
489 490
490 353
491 203
491 492
492 213
493 441
493 494
494 178
495 259
495 496
496 10
497 50
497 498
498 367
499 355
499 500
500 238
501 436
501 502
502 606
503 269
503 504
504 566
505 335
505 506
506 184
507 136
507 508
508 430
509 49
509 510
510 316
511 227
511 512
512 160
513 314
513 514
514 302
515 54
515 516
516 26
517 187
517 518
518 72
519 174
519 520
520 118
521 83
521 522
522 15
523 464
523 524
524 219
525 445
525 526
526 612
527 528
527 604
528 138
529 421
529 530
530 290
531 377
531 532
532 16
533 242
533 534
534 350
535 419
535 536
536 564
537 327
537 538
538 117
539 415
539 540
540 413
541 119
541 542
542 127
543 307
543 544
544 374
545 57
545 546
546 395
547 177
547 548
548 31
549 211
549 550
550 70
551 552
551 582
552 493
553 146
553 554
554 311
555 18
555 556
556 403
557 179
557 558
558 202
559 188
559 560
560 334
561 115
561 562
562 221
563 309
563 564
564 312
565 125
565 566
566 265
567 132
567 568
568 60
569 229
569 570
570 448
571 368
571 572
572 562
573 168
573 574
574 280
575 429
575 576
576 596
577 558
577 578
578 394
579 285
579 580
580 155
581 439
581 582
582 410
583 342
583 584
584 189
585 513
585 586
586 326
587 359
587 588
588 134
589 325
589 590
590 2
591 503
591 592
592 166
593 525
593 594
594 556
595 489
595 596
596 76
597 459
597 598
598 424
599 598
599 600
600 56
601 145
601 602
602 98
603 373
603 604
604 538
605 506
605 606
606 474
607 447
607 608
608 182
609 495
609 610
610 333
611 263
611 612
612 457
613 23
613 614
614 467
