0 243
0 313
3 189
3 417
4 25
4 409
6 603
5 213
7 139
7 312
8 99
8 308
9 102
10 260
11 40
11 584
13 54
13 79
15 298
15 554
17 226
17 568
19 345
19 454
21 215
21 423
23 24
23 134
24 122
25 26
25 257
26 424
27 28
27 593
28 60
29 30
29 49
30 462
31 32
31 507
32 143
33 34
33 561
34 71
35 36
35 254
36 606
37 38
37 195
38 600
39 40
39 293
40 125
41 42
41 406
42 272
43 44
43 95
44 425
45 46
45 601
46 436
47 48
47 469
48 281
49 50
49 599
50 185
51 52
51 488
52 564
53 54
53 509
54 413
55 6
55 56
56 466
57 58
57 168
58 157
59 60
59 325
60 86
61 62
61 513
62 144
63 64
63 551
64 429
65 66
65 489
66 135
67 68
67 373
68 531
69 70
69 265
70 42
71 72
71 184
72 128
73 74
73 408
74 160
75 76
75 138
76 216
77 78
77 458
78 592
79 14
79 80
80 586
81 82
81 537
82 326
83 63
83 84
84 384
85 86
85 511
86 494
87 88
87 220
88 389
89 90
89 277
90 292
91 92
91 571
92 366
93 94
93 565
94 327
95 96
95 131
96 66
97 98
97 566
98 246
99 100
99 181
100 294
101 102
101 115
102 607
103 104
103 504
104 24
105 106
105 399
106 208
107 108
107 402
108 16
109 110
109 153
110 65
111 112
111 555
112 283
113 114
113 397
114 496
115 13
115 116
116 8
117 6
117 118
118 567
119 120
119 318
120 22
121 83
121 122
122 410
123 124
123 278
124 46
125 126
125 419
126 396
127 128
127 556
128 268
129 130
129 229
130 611
131 132
131 279
132 411
133 134
133 589
134 395
135 44
135 136
136 258
137 29
137 138
138 299
139 126
139 140
140 130
141 121
141 142
142 17
143 144
143 422
144 285
145 146
145 403
146 207
147 116
147 148
148 544
149 150
149 501
150 514
151 152
151 478
152 267
153 154
153 547
154 223
155 156
155 253
156 304
157 76
157 158
158 244
159 160
159 361
160 580
161 162
161 583
162 331
163 164
163 596
164 484
165 166
165 609
166 315
167 118
167 168
168 340
169 170
169 363
170 546
171 172
171 240
172 290
173 53
173 174
174 602
175 176
175 233
176 31
177 178
177 479
178 613
179 180
179 275
180 212
181 182
181 192
182 255
183 184
183 569
184 405
185 186
185 400
186 19
187 188
187 512
188 416
189 37
189 190
190 123
191 192
191 428
192 383
193 145
193 194
194 307
195 161
195 196
196 113
197 198
197 525
198 367
199 200
199 259
200 337
201 202
201 442
202 432
203 204
203 353
204 35
205 206
205 234
206 41
207 196
207 208
208 536
209 210
209 311
210 450
211 212
211 242
212 120
213 169
213 214
214 47
215 216
215 433
216 519
217 218
217 359
218 388
219 220
219 549
220 59
221 222
221 572
222 180
223 224
223 321
224 162
225 226
225 588
226 350
227 228
227 427
228 459
229 152
229 230
230 104
231 175
231 232
232 573
233 30
233 234
234 251
235 236
235 581
236 156
237 238
237 503
238 117
239 51
239 240
240 210
241 242
241 477
242 163
243 81
243 244
244 182
245 246
245 418
246 414
247 248
247 447
248 110
249 214
249 250
250 444
251 252
251 430
252 468
253 254
253 535
254 171
255 80
255 256
256 280
257 258
257 530
258 127
259 176
259 260
260 506
261 262
261 445
262 9
263 12
263 264
264 78
265 266
265 355
266 364
267 268
267 498
268 2
269 198
269 270
270 204
271 15
271 272
272 526
273 274
273 473
274 357
275 69
275 276
276 32
277 278
277 415
278 218
279 269
279 280
280 574
281 82
281 282
282 1
283 284
283 365
284 440
285 221
285 286
286 314
287 21
287 288
288 390
289 290
289 339
290 474
291 249
291 292
292 542
293 294
293 370
294 470
295 183
295 296
296 391
297 298
297 421
298 48
299 300
299 354
300 70
301 302
301 552
302 72
303 50
303 304
304 300
305 306
305 412
306 142
307 308
307 582
308 578
309 310
309 482
310 252
311 312
311 483
312 585
313 314
313 376
314 590
315 316
315 356
316 302
317 318
317 380
318 112
319 320
319 368
320 289
321 322
321 443
322 446
323 276
323 324
324 438
325 74
325 326
326 439
327 328
327 420
328 316
329 330
329 557
330 434
331 7
331 332
332 344
333 334
333 505
334 282
335 33
335 336
336 147
337 338
337 493
338 73
339 340
339 460
340 550
341 342
341 362
342 250
343 3
343 344
344 124
345 224
345 346
346 100
347 38
347 348
348 464
349 274
349 350
350 594
351 154
351 352
352 476
353 105
353 354
354 27
355 356
355 485
356 563
357 187
357 358
358 284
359 360
359 381
360 492
361 39
361 362
362 329
363 364
363 610
364 448
365 140
365 366
366 271
367 178
367 368
368 87
369 370
369 435
370 75
371 201
371 372
372 490
373 374
373 598
374 605
375 376
375 515
376 58
377 336
377 378
378 264
379 380
379 517
380 437
381 382
381 553
382 270
383 384
383 577
384 404
385 193
385 386
386 96
387 388
387 518
388 57
389 10
389 390
390 94
391 10
391 392
392 342
393 150
393 394
394 612
395 167
395 396
396 528
397 374
397 398
398 20
399 5
399 400
400 101
401 67
401 402
402 375
403 404
403 527
404 92
405 206
405 406
406 232
407 85
407 408
408 103
409 177
409 410
410 382
411 412
411 558
412 202
413 266
413 414
414 360
415 416
415 587
416 286
417 418
417 559
418 358
419 211
419 420
420 90
421 317
421 422
422 291
423 424
423 604
424 348
425 295
425 426
426 538
427 351
427 428
428 475
429 241
429 430
430 194
431 217
431 432
432 467
433 248
433 434
434 377
435 273
435 436
436 306
437 438
437 591
438 497
439 426
439 440
440 68
441 442
441 521
442 55
443 333
443 444
444 520
445 446
445 480
446 245
447 237
447 448
448 11
449 450
449 499
450 332
451 239
451 452
452 263
453 309
453 454
454 614
455 456
455 533
456 34
457 199
457 458
458 209
459 262
459 460
460 148
461 455
461 462
462 369
463 28
463 464
464 575
465 61
465 466
466 26
467 225
467 468
468 170
469 133
469 470
470 540
471 379
471 472
472 516
473 453
473 474
474 98
475 186
475 476
476 386
477 323
477 478
478 579
479 219
479 480
480 166
481 165
481 482
482 371
483 287
483 484
484 56
485 247
485 486
486 132
487 179
487 488
488 77
489 490
489 548
490 310
491 346
491 492
492 392
493 261
493 494
494 502
495 472
495 496
496 372
497 173
497 498
498 387
499 378
499 500
500 335
501 238
501 502
502 522
503 407
503 504
504 541
505 506
505 543
506 394
507 481
507 508
508 151
509 159
509 510
510 539
511 512
511 529
512 500
513 45
513 514
514 338
515 84
515 516
516 562
517 5
517 518
518 106
519 520
519 532
520 524
521 109
521 522
522 52
523 431
523 524
524 174
525 441
525 526
526 305
527 197
527 528
528 393
529 343
529 530
530 457
531 190
531 532
532 328
533 231
533 534
534 164
535 523
535 536
536 349
537 538
537 597
538 322
539 319
539 540
540 608
541 341
541 542
542 560
543 4
543 544
544 334
545 203
545 546
546 230
547 93
547 548
548 508
549 545
549 550
550 108
551 111
551 552
552 91
553 64
553 554
554 114
555 461
555 556
556 463
557 129
557 558
558 9
559 141
559 560
560 570
561 486
561 562
562 97
563 451
563 564
564 288
565 137
565 566
566 398
567 324
567 568
568 36
569 88
569 570
570 158
571 155
571 572
572 352
573 107
573 574
574 534
575 452
575 576
576 188
577 510
577 578
578 119
579 191
579 580
580 228
581 43
581 582
582 236
583 227
583 584
584 136
585 330
585 586
586 256
587 296
587 588
588 495
589 23
589 590
590 172
591 301
591 592
592 576
593 303
593 594
594 18
595 235
595 596
596 200
597 385
597 598
598 487
599 401
599 600
600 456
601 146
601 602
602 222
603 297
603 604
604 449
605 471
605 606
606 320
607 491
607 608
608 62
609 465
609 610
610 595
611 89
611 612
612 347
613 149
613 614
614 205
