0 153
0 427
3 281
3 304
4 253
4 614
5 223
6 89
7 84
7 430
8 251
8 365
10 552
9 486
11 87
11 526
13 110
13 563
15 180
15 402
17 152
17 285
19 78
19 535
21 22
21 176
23 24
23 476
24 16
25 26
25 41
26 58
27 28
27 353
28 132
29 30
29 403
30 564
31 32
31 577
32 284
33 34
33 116
34 204
35 1
35 36
36 137
37 38
37 319
38 492
39 40
39 181
40 396
41 42
41 409
42 590
43 4
43 44
44 182
45 14
45 46
46 423
47 48
47 472
48 170
49 33
49 50
50 362
51 52
51 66
52 607
53 54
53 467
54 301
55 56
55 592
56 378
57 58
57 91
58 594
59 27
59 60
60 530
61 23
61 62
62 495
63 64
63 608
64 107
65 66
65 583
66 279
67 68
67 161
68 235
69 70
69 494
70 96
71 72
71 221
72 35
73 26
73 74
74 34
75 76
75 297
76 568
77 78
77 413
78 454
79 80
79 305
80 39
81 82
81 444
82 108
83 84
83 159
84 586
85 86
85 249
86 533
87 85
87 88
88 130
89 90
89 102
90 589
91 92
91 199
92 261
93 94
93 229
94 271
95 96
95 231
96 543
97 30
97 98
98 88
99 100
99 537
100 349
101 102
101 395
102 531
103 104
103 283
104 82
105 106
105 331
106 143
107 108
107 186
108 580
109 110
109 422
110 538
111 112
111 584
112 109
113 114
113 462
114 2
115 116
115 193
116 168
117 118
117 500
118 578
119 120
119 154
120 416
121 122
121 351
122 364
123 97
123 124
124 328
125 10
125 126
126 308
127 128
127 397
128 73
129 79
129 130
130 408
131 132
131 178
132 93
133 134
133 257
134 373
135 136
135 571
136 320
137 138
137 554
138 21
139 140
139 228
140 366
141 142
141 359
142 497
143 144
143 207
144 340
145 146
145 553
146 569
147 148
147 599
148 508
149 37
149 150
150 431
151 152
151 264
152 470
153 154
153 473
154 425
155 156
155 562
156 64
157 158
157 375
158 171
159 160
159 274
160 63
161 5
161 162
162 164
163 133
163 164
164 124
165 166
165 225
166 76
167 168
167 417
168 545
169 170
169 451
170 350
171 6
171 172
172 83
173 174
173 369
174 272
175 176
175 250
176 504
177 178
177 529
178 428
179 12
179 180
180 174
181 182
181 277
182 433
183 184
183 489
184 254
185 186
185 367
186 42
187 134
187 188
188 282
189 190
189 514
190 519
191 192
191 455
192 334
193 194
193 596
194 374
195 15
195 196
196 113
197 198
197 202
198 450
199 105
199 200
200 380
201 202
201 303
202 498
203 204
203 382
204 458
205 106
205 206
206 460
207 135
207 208
208 111
209 147
209 210
210 466
211 212
211 482
212 24
213 214
213 371
214 488
215 216
215 386
216 156
217 3
217 218
218 212
219 165
219 220
220 323
221 222
221 517
222 326
223 224
223 278
224 598
225 226
225 241
226 44
227 228
227 581
228 437
229 230
229 407
230 474
231 86
231 232
232 348
233 53
233 234
234 245
235 140
235 236
236 20
237 238
237 496
238 138
239 240
239 280
240 208
241 227
241 242
242 169
243 101
243 244
244 527
245 246
245 379
246 266
247 220
247 248
248 125
249 250
249 419
250 528
251 252
251 421
252 210
253 254
253 469
254 532
255 256
255 391
256 46
257 233
257 258
258 574
259 260
259 509
260 252
261 262
261 606
262 9
263 54
263 264
264 546
265 266
265 330
266 238
267 206
267 268
268 160
269 117
269 270
270 94
271 272
271 337
272 372
273 270
273 274
274 317
275 276
275 613
276 506
277 145
277 278
278 298
279 5
279 280
280 61
281 282
281 295
282 567
283 284
283 452
284 332
285 55
285 286
286 582
287 288
287 471
288 436
289 290
289 363
290 211
291 292
291 556
292 446
293 294
293 523
294 215
295 163
295 296
296 368
297 298
297 445
298 499
299 56
299 300
300 477
301 302
301 491
302 18
303 304
303 440
304 561
305 29
305 306
306 360
307 308
307 329
308 426
309 310
309 345
310 123
311 269
311 312
312 118
313 155
313 314
314 98
315 25
315 316
316 293
317 197
317 318
318 166
319 320
319 343
320 296
321 322
321 324
322 536
323 232
323 324
324 394
325 326
325 339
326 290
327 38
327 328
328 222
329 330
329 609
330 559
331 217
331 332
332 126
333 310
333 334
334 52
335 313
335 336
336 478
337 100
337 338
338 224
339 340
339 399
340 31
341 342
341 601
342 456
343 209
343 344
344 127
345 346
345 603
346 151
347 348
347 611
348 203
349 350
349 483
350 314
351 352
351 525
352 260
353 65
353 354
354 605
355 356
355 441
356 299
357 358
357 410
358 418
359 360
359 565
360 566
361 362
361 480
362 604
363 242
363 364
364 36
365 95
365 366
366 216
367 67
367 368
368 557
369 370
369 501
370 256
371 316
371 372
372 544
373 374
373 443
374 575
375 376
375 595
376 200
377 309
377 378
378 541
379 380
379 522
380 136
381 382
381 390
382 121
383 341
383 384
384 62
385 77
385 386
386 273
387 172
387 388
388 45
389 390
389 459
390 265
391 177
391 392
392 465
393 237
393 394
394 184
395 315
395 396
396 392
397 287
397 398
398 401
399 356
399 400
400 381
401 11
401 402
402 246
403 404
403 439
404 213
405 201
405 406
406 576
407 144
407 408
408 376
409 157
409 410
410 262
411 28
411 412
412 387
413 414
413 551
414 47
415 416
415 555
416 327
417 418
417 468
418 520
419 226
419 420
420 438
421 422
421 510
422 198
423 190
423 424
424 128
425 426
425 507
426 424
427 428
427 540
428 355
429 344
429 430
430 542
431 71
431 432
432 457
433 267
433 434
434 50
435 81
435 436
436 236
437 13
437 438
438 286
439 440
439 511
440 602
441 99
441 442
442 550
443 444
443 521
444 342
445 446
445 475
446 103
447 398
447 448
448 302
449 173
449 450
450 312
451 276
451 452
452 175
453 115
453 454
454 558
455 456
455 597
456 8
457 112
457 458
458 218
459 429
459 460
460 490
461 462
461 549
462 268
463 139
463 464
464 352
465 420
465 466
466 336
467 243
467 468
468 205
469 470
469 585
470 32
471 167
471 472
472 6
473 57
473 474
474 248
475 476
475 485
476 461
477 321
477 478
478 318
479 183
479 480
480 518
481 141
481 482
482 548
483 335
483 484
484 412
485 275
485 486
486 570
487 405
487 488
488 560
489 404
489 490
490 240
491 122
491 492
492 503
493 307
493 494
494 347
495 370
495 496
496 60
497 294
497 498
498 610
499 187
499 500
500 354
501 463
501 502
502 434
503 504
503 588
504 534
505 506
505 593
506 142
507 453
507 508
508 19
509 361
509 510
510 432
511 80
511 512
512 104
513 487
513 514
514 146
515 516
515 539
516 388
517 449
517 518
518 69
519 196
519 520
520 74
521 377
521 522
522 259
523 51
523 524
524 612
525 291
525 526
526 195
527 384
527 528
528 70
529 385
529 530
530 357
531 333
531 532
532 162
533 258
533 534
534 179
535 288
535 536
536 448
537 119
537 538
538 516
539 383
539 540
540 17
541 542
541 573
542 48
543 442
543 544
544 464
545 300
545 546
546 292
547 149
547 548
548 148
549 188
549 550
550 90
551 493
551 552
552 114
553 219
553 554
554 120
555 306
555 556
556 338
557 484
557 558
558 502
559 411
559 560
560 9
561 389
561 562
562 194
563 75
563 564
564 415
565 505
565 566
566 591
567 311
567 568
568 406
569 400
569 570
570 263
571 185
571 572
572 10
573 234
573 574
574 214
575 7
575 576
576 358
577 158
577 578
578 192
579 481
579 580
580 572
581 150
581 582
582 244
583 129
583 584
584 325
585 131
585 586
586 92
587 447
587 588
588 49
589 68
589 590
590 512
591 289
591 592
592 40
593 255
593 594
594 524
595 515
595 596
596 59
597 479
597 598
598 393
599 579
599 600
600 346
601 547
601 602
602 191
603 239
603 604
604 600
605 587
605 606
606 230
607 247
607 608
608 72
609 43
609 610
610 435
611 189
611 612
612 322
613 513
613 614
614 414
