0 250
0 319
2 465
2 539
3 207
3 345
4 385
4 525
5 372
6 574
7 211
7 535
9 193
9 268
11 412
10 67
10 349
12 75
15 335
15 607
17 191
17 394
19 78
19 391
21 396
21 460
23 24
23 580
24 478
25 26
25 255
26 57
27 28
27 435
28 162
29 15
29 30
30 340
31 32
31 91
32 328
33 17
33 34
34 613
35 36
35 513
36 62
37 38
37 165
38 437
39 8
39 40
40 111
41 42
41 228
42 46
43 44
43 195
44 5
45 46
45 477
46 564
47 48
47 316
48 344
49 50
49 101
50 298
51 52
51 229
52 380
53 54
53 92
54 592
55 56
55 515
56 318
57 58
57 563
58 297
59 60
59 374
60 522
61 62
61 289
62 410
63 64
63 487
64 595
65 66
65 87
66 108
67 68
67 347
68 402
69 70
69 282
70 491
71 72
71 475
72 63
73 74
73 588
74 307
75 76
75 343
76 566
77 78
77 490
78 440
79 80
79 543
80 64
81 82
81 115
82 364
83 84
83 605
84 138
85 86
85 602
86 407
87 88
87 262
88 116
89 90
89 419
90 377
91 92
91 361
92 4
93 94
93 403
94 295
95 7
95 96
96 70
97 98
97 362
98 26
99 100
99 327
100 346
101 102
101 236
102 454
103 104
103 381
104 27
105 106
105 573
106 600
107 108
107 531
108 458
109 110
109 174
110 88
111 112
111 596
112 127
113 114
113 281
114 49
115 80
115 116
116 160
117 118
117 397
118 510
119 120
119 529
120 400
121 122
121 245
122 521
123 124
123 461
124 471
125 126
125 472
126 388
127 96
127 128
128 415
129 130
129 365
130 455
131 132
131 239
132 469
133 134
133 444
134 546
135 136
135 214
136 441
137 138
137 395
138 204
139 140
139 217
140 146
141 142
141 170
142 386
143 144
143 514
144 286
145 146
145 179
146 401
147 148
147 545
148 420
149 150
149 447
150 341
151 152
151 183
152 189
153 154
153 258
154 576
155 156
155 331
156 194
157 158
157 427
158 279
159 160
159 231
160 453
161 162
161 450
162 384
163 164
163 499
164 161
165 117
165 166
166 463
167 168
167 393
168 359
169 170
169 324
170 5
171 83
171 172
172 452
173 174
173 425
174 305
175 176
175 520
176 76
177 178
177 587
178 501
179 180
179 609
180 568
181 112
181 182
182 414
183 3
183 184
184 36
185 175
185 186
186 544
187 188
187 358
188 299
189 190
189 313
190 320
191 192
191 562
192 482
193 148
193 194
194 34
195 196
195 293
196 509
197 114
197 198
198 58
199 110
199 200
200 493
201 158
201 202
202 512
203 204
203 337
204 570
205 206
205 429
206 154
207 107
207 208
208 32
209 210
209 225
210 35
211 176
211 212
212 285
213 214
213 264
214 594
215 216
215 300
216 288
217 119
217 218
218 270
219 220
219 387
220 23
221 222
221 457
222 248
223 224
223 567
224 235
225 103
225 226
226 304
227 81
227 228
228 54
229 136
229 230
230 382
231 232
231 369
232 312
233 223
233 234
234 181
235 236
235 354
236 169
237 71
237 238
238 43
239 240
239 291
240 357
241 155
241 242
242 86
243 244
243 434
244 45
245 31
245 246
246 125
247 248
247 329
248 495
249 192
249 250
250 1
251 37
251 252
252 259
253 85
253 254
254 95
255 122
255 256
256 608
257 201
257 258
258 408
259 260
259 265
260 611
261 262
261 409
262 579
263 264
263 589
264 273
265 266
265 370
266 336
267 90
267 268
268 404
269 121
269 270
270 126
271 172
271 272
272 218
273 98
273 274
274 383
275 209
275 276
276 199
277 278
277 360
278 405
279 280
279 569
280 77
281 131
281 282
282 508
283 147
283 284
284 203
285 286
285 451
286 488
287 288
287 497
288 16
289 25
289 290
290 188
291 130
291 292
292 424
293 221
293 294
294 100
295 296
295 559
296 578
297 298
297 310
298 20
299 300
299 473
300 459
301 141
301 302
302 47
303 304
303 581
304 190
305 227
305 306
306 534
307 308
307 498
308 163
309 310
309 378
310 120
311 312
311 353
312 494
313 314
313 483
314 242
315 33
315 316
316 12
317 53
317 318
318 432
319 123
319 320
320 492
321 322
321 555
322 418
323 324
323 533
324 532
325 326
325 583
326 489
327 328
327 334
328 66
329 222
329 330
330 187
331 168
331 332
332 51
333 59
333 334
334 351
335 336
335 551
336 332
337 244
337 338
338 153
339 252
339 340
340 516
341 342
341 371
342 526
343 344
343 505
344 11
345 73
345 346
346 198
347 348
347 481
348 232
349 215
349 350
350 82
351 352
351 422
352 315
353 287
353 354
354 317
355 150
355 356
356 206
357 247
357 358
358 577
359 44
359 360
360 484
361 210
361 362
362 99
363 257
363 364
364 202
365 29
365 366
366 28
367 311
367 368
368 185
369 370
369 560
370 39
371 74
371 372
372 330
373 374
373 519
374 572
375 65
375 376
376 294
377 378
377 606
378 561
379 380
379 530
380 216
381 173
381 382
382 84
383 384
383 590
384 142
385 386
385 456
386 24
387 109
387 388
388 542
389 390
389 467
390 113
391 237
391 392
392 540
393 89
393 394
394 536
395 151
395 396
396 604
397 40
397 398
398 13
399 400
399 413
400 322
401 402
401 476
402 30
403 224
403 404
404 12
405 220
405 406
406 208
407 342
407 408
408 260
409 410
409 597
410 68
411 104
411 412
412 398
413 184
413 414
414 486
415 10
415 416
416 55
417 418
417 431
418 182
419 420
419 599
420 128
421 166
421 422
422 277
423 143
423 424
424 586
425 205
425 426
426 500
427 159
427 428
428 582
429 139
429 430
430 18
431 246
431 432
432 22
433 19
433 434
434 601
435 276
435 436
436 200
437 60
437 438
438 406
439 167
439 440
440 186
441 48
441 442
442 274
443 241
443 444
444 541
445 6
445 446
446 314
447 2
447 448
448 249
449 79
449 450
450 102
451 392
451 452
452 14
453 454
453 553
454 428
455 325
455 456
456 238
457 326
457 458
458 430
459 460
459 468
460 356
461 275
461 462
462 350
463 105
463 464
464 466
465 466
465 485
466 442
467 171
467 468
468 135
469 363
469 470
470 256
471 472
471 603
472 278
473 474
473 517
474 41
475 145
475 476
476 352
477 9
477 478
478 133
479 267
479 480
480 496
481 180
481 482
482 56
483 240
483 484
484 61
485 124
485 486
486 614
487 390
487 488
488 554
489 439
489 490
490 448
491 479
491 492
492 368
493 118
493 494
494 272
495 321
495 496
496 226
497 233
497 498
498 94
499 500
499 598
500 504
501 152
501 502
502 234
503 504
503 556
504 134
505 292
505 506
506 52
507 177
507 508
508 219
509 308
509 510
510 164
511 266
511 512
512 399
513 514
513 571
514 416
515 21
515 516
516 506
517 309
517 518
518 296
519 72
519 520
520 575
521 254
521 522
522 558
523 507
523 524
524 518
525 243
525 526
526 436
527 284
527 528
528 376
529 530
529 557
530 269
531 261
531 532
532 549
533 449
533 534
534 443
535 303
535 536
536 290
537 538
537 547
538 132
539 93
539 540
540 438
541 271
541 542
542 50
543 544
543 585
544 144
545 149
545 546
546 156
547 137
547 548
548 333
549 339
549 550
550 253
551 426
551 552
552 524
553 306
553 554
554 348
555 421
555 556
556 446
557 523
557 558
558 417
559 548
559 560
560 375
561 480
561 562
562 212
563 38
563 564
564 11
565 550
565 566
566 470
567 379
567 568
568 140
569 570
569 591
570 464
571 283
571 572
572 445
573 6
573 574
574 196
575 338
575 576
576 612
577 578
577 584
578 280
579 251
579 580
580 527
581 582
581 593
582 42
583 355
583 584
584 565
585 433
585 586
586 474
587 389
587 588
588 373
589 537
589 590
590 610
591 502
591 592
592 366
593 538
593 594
594 302
595 197
595 596
596 411
597 157
597 598
598 69
599 178
599 600
600 301
601 106
601 602
602 97
603 129
603 604
604 511
605 323
605 606
606 213
607 263
607 608
608 503
609 367
609 610
610 528
611 423
611 612
612 230
613 462
613 614
614 552
