0 445
0 504
2 24
2 361
3 460
3 523
5 102
4 56
4 205
6 505
9 81
9 503
10 109
10 269
12 577
11 281
13 442
13 613
15 287
15 312
17 271
17 351
19 150
19 434
21 10
21 37
23 24
23 118
24 200
25 26
25 127
26 174
27 28
27 511
28 159
29 19
29 30
30 310
31 32
31 593
32 303
33 34
33 466
34 330
35 36
35 459
36 282
37 38
37 507
38 496
39 40
39 286
40 85
41 42
41 486
42 494
43 44
43 307
44 381
45 46
45 311
46 131
47 48
47 137
48 582
49 50
49 490
50 413
51 52
51 105
52 144
53 54
53 203
54 154
55 56
55 233
56 299
57 58
57 325
58 605
59 60
59 550
60 168
61 62
61 479
62 342
63 64
63 417
64 308
65 66
65 388
66 584
67 68
67 453
68 212
69 70
69 537
70 481
71 72
71 241
72 75
73 65
73 74
74 272
75 76
75 147
76 567
77 78
77 224
78 401
79 80
79 387
80 260
81 12
81 82
82 404
83 32
83 84
84 384
85 86
85 380
86 468
87 88
87 301
88 288
89 73
89 90
90 563
91 92
91 483
92 266
93 94
93 237
94 18
95 96
95 262
96 502
97 70
97 98
98 34
99 100
99 596
100 424
101 102
101 444
102 234
103 44
103 104
104 476
105 106
105 457
106 602
107 108
107 371
108 353
109 110
109 585
110 304
111 112
111 139
112 126
113 114
113 499
114 610
115 116
115 439
116 592
117 118
117 155
118 258
119 120
119 263
120 186
121 93
121 122
122 491
123 124
123 520
124 400
125 126
125 198
126 175
127 128
127 475
128 542
129 130
129 579
130 338
131 17
131 132
132 418
133 134
133 397
134 78
135 136
135 597
136 112
137 28
137 138
138 96
139 140
139 447
140 172
141 142
141 464
142 500
143 144
143 568
144 55
145 146
145 527
146 232
147 148
147 187
148 94
149 119
149 150
150 244
151 152
151 216
152 274
153 88
153 154
154 478
155 156
155 167
156 183
157 158
157 283
158 532
159 160
159 391
160 128
161 162
161 329
162 348
163 164
163 533
164 472
165 166
165 218
166 80
167 168
167 531
168 251
169 170
169 337
170 68
171 172
171 199
172 419
173 174
173 469
174 214
175 23
175 176
176 278
177 178
177 231
178 247
179 97
179 180
180 228
181 182
181 341
182 291
183 184
183 360
184 528
185 59
185 186
186 522
187 49
187 188
188 367
189 190
189 428
190 264
191 192
191 331
192 515
193 179
193 194
194 253
195 196
195 265
196 298
197 42
197 198
198 83
199 200
199 255
200 332
201 202
201 372
202 409
203 204
203 541
204 368
205 161
205 206
206 513
207 129
207 208
208 433
209 210
209 501
210 339
211 212
211 589
212 566
213 214
213 538
214 99
215 171
215 216
216 365
217 142
217 218
218 426
219 220
219 512
220 14
221 222
221 545
222 151
223 224
223 373
224 210
225 226
225 407
226 249
227 228
227 576
228 153
229 230
229 369
230 6
231 226
231 232
232 448
233 234
233 403
234 106
235 25
235 236
236 163
237 135
237 238
238 166
239 240
239 420
240 91
241 242
241 363
242 422
243 244
243 257
244 394
245 246
245 601
246 440
247 145
247 248
248 38
249 245
249 250
250 76
251 89
251 252
252 4
253 152
253 254
254 158
255 256
255 261
256 526
257 258
257 345
258 140
259 260
259 349
260 36
261 61
261 262
262 223
263 264
263 389
264 162
265 266
265 558
266 5
267 268
267 315
268 254
269 51
269 270
270 98
271 272
271 556
272 110
273 21
273 274
274 378
275 276
275 473
276 524
277 278
277 441
278 302
279 9
279 280
280 31
281 282
281 313
282 132
283 149
283 284
284 77
285 286
285 410
286 352
287 288
287 317
288 204
289 222
289 290
290 8
291 292
291 350
292 108
293 294
293 359
294 217
295 71
295 296
296 408
297 43
297 298
298 477
299 5
299 300
300 100
301 302
301 449
302 374
303 304
303 607
304 560
305 252
305 306
306 517
307 121
307 308
308 572
309 310
309 534
310 300
311 312
311 383
312 598
313 314
313 587
314 362
315 13
315 316
316 530
317 116
317 318
318 379
319 320
319 335
320 521
321 285
321 322
322 318
323 160
323 324
324 484
325 326
325 427
326 16
327 293
327 328
328 474
329 330
329 376
330 334
331 47
331 332
332 207
333 275
333 334
334 50
335 259
335 336
336 240
337 229
337 338
338 134
339 340
339 461
340 564
341 342
341 463
342 123
343 221
343 344
344 90
345 173
345 346
346 432
347 348
347 561
348 358
349 350
349 591
350 559
351 101
351 352
352 250
353 1
353 354
354 64
355 356
355 599
356 268
357 35
357 358
358 86
359 12
359 360
360 557
361 133
361 362
362 386
363 236
363 364
364 178
365 320
365 366
366 82
367 368
367 446
368 571
369 58
369 370
370 246
371 372
371 508
372 485
373 374
373 586
374 213
375 376
375 471
376 525
377 378
377 467
378 146
379 380
379 588
380 164
381 382
381 581
382 7
383 384
383 465
384 540
385 386
385 470
386 248
387 388
387 600
388 196
389 57
389 390
390 539
391 209
391 392
392 219
393 394
393 569
394 294
395 319
395 396
396 305
397 398
397 590
398 230
399 400
399 547
400 614
401 29
401 402
402 208
403 156
403 404
404 270
405 103
405 406
406 562
407 408
407 509
408 604
409 111
409 410
410 295
411 215
411 412
412 399
413 54
413 414
414 436
415 416
415 435
416 578
417 297
417 418
418 20
419 284
419 420
420 176
421 422
421 429
422 495
423 424
423 506
424 220
425 385
425 426
426 296
427 428
427 489
428 480
429 211
429 430
430 48
431 375
431 432
432 256
433 309
433 434
434 482
435 181
435 436
436 603
437 115
437 438
438 276
439 440
439 575
440 74
441 185
441 442
442 201
443 444
443 450
444 169
445 113
445 446
446 392
447 333
447 448
448 370
449 450
449 612
450 565
451 452
451 611
452 552
453 235
453 454
454 354
455 273
455 456
456 412
457 63
457 458
458 377
459 396
459 460
460 124
461 72
461 462
462 323
463 87
463 464
464 3
465 455
465 466
466 190
467 280
467 468
468 452
469 67
469 470
470 197
471 472
471 492
472 328
473 474
473 606
474 26
475 45
475 476
476 60
477 438
477 478
478 364
479 456
479 480
480 79
481 398
481 482
482 30
483 484
483 498
484 454
485 104
485 486
486 22
487 125
487 488
488 554
489 279
489 490
490 357
491 492
491 546
492 458
493 277
493 494
494 114
495 366
495 496
496 382
497 120
497 498
498 227
499 347
499 500
500 570
501 117
501 502
502 148
503 243
503 504
504 510
505 393
505 506
506 33
507 415
507 508
508 95
509 355
509 510
510 292
511 157
511 512
512 6
513 514
513 595
514 553
515 193
515 516
516 206
517 462
517 518
518 390
519 11
519 520
520 529
521 497
521 522
522 136
523 107
523 524
524 594
525 322
525 526
526 402
527 170
527 528
528 356
529 46
529 530
530 324
531 532
531 555
532 488
533 343
533 534
534 194
535 189
535 536
536 40
537 493
537 538
538 180
539 238
539 540
540 340
541 267
541 542
542 130
543 544
543 551
544 52
545 122
545 546
546 425
547 519
547 548
548 414
549 421
549 550
550 191
551 69
551 552
552 184
553 84
553 554
554 92
555 405
555 556
556 443
557 416
557 558
558 423
559 306
559 560
560 516
561 27
561 562
562 574
563 518
563 564
564 548
565 225
565 566
566 346
567 290
567 568
568 430
569 177
569 570
570 344
571 572
571 608
572 514
573 395
573 574
574 66
575 451
575 576
576 195
577 578
577 609
578 406
579 336
579 580
580 165
581 411
581 582
582 580
583 11
583 584
584 487
585 573
585 586
586 544
587 327
587 588
588 192
589 437
589 590
590 15
591 549
591 592
592 53
593 535
593 594
594 182
595 316
595 596
596 138
597 543
597 598
598 326
599 321
599 600
600 41
601 239
601 602
602 314
603 39
603 604
604 536
605 2
605 606
606 431
607 289
607 608
608 242
609 62
609 610
610 143
611 583
611 612
612 202
613 141
613 614
614 188
