0 77
0 149
3 114
3 139
4 195
4 583
6 495
5 563
7 74
7 244
8 276
8 441
9 88
10 302
11 227
11 408
13 5
13 58
15 545
15 559
17 18
17 420
19 425
19 508
21 160
21 612
23 24
23 220
24 377
25 26
25 353
26 331
27 28
27 323
28 99
29 30
29 265
30 208
31 32
31 55
32 506
33 22
33 34
34 442
35 36
35 230
36 454
37 3
37 38
38 198
39 40
39 605
40 537
41 42
41 204
42 188
43 44
43 349
44 30
45 46
45 107
46 80
47 48
47 418
48 339
49 50
49 180
50 210
51 52
51 301
52 48
53 54
53 409
54 156
55 56
55 499
56 406
57 58
57 336
58 50
59 60
59 361
60 463
61 62
61 576
62 366
63 64
63 356
64 49
65 66
65 96
66 9
67 68
67 370
68 382
69 70
69 219
70 274
71 72
71 481
72 24
73 74
73 322
74 92
75 76
75 241
76 268
77 78
77 603
78 70
79 80
79 176
80 566
81 82
81 528
82 252
83 84
83 359
84 486
85 86
85 554
86 466
87 88
87 491
88 194
89 90
89 484
90 371
91 92
91 173
92 118
93 94
93 571
94 287
95 96
95 501
96 86
97 98
97 427
98 485
99 25
99 100
100 521
101 102
101 613
102 378
103 104
103 429
104 237
105 20
105 106
106 590
107 108
107 278
108 478
109 110
109 333
110 304
111 112
111 496
112 536
113 98
113 114
114 430
115 116
115 251
116 386
117 118
117 602
118 488
119 120
119 577
120 240
121 122
121 128
122 298
123 124
123 403
124 369
125 126
125 163
126 422
127 128
127 461
128 332
129 130
129 433
130 256
131 132
131 342
132 286
133 134
133 582
134 59
135 136
135 518
136 460
137 138
137 289
138 610
139 4
139 140
140 393
141 76
141 142
142 419
143 144
143 607
144 452
145 146
145 490
146 314
147 148
147 344
148 543
149 150
149 575
150 53
151 152
151 181
152 404
153 154
153 345
154 52
155 156
155 555
156 34
157 158
157 279
158 12
159 160
159 556
160 376
161 119
161 162
162 337
163 164
163 203
164 222
165 166
165 579
166 547
167 101
167 168
168 142
169 170
169 215
170 291
171 172
171 416
172 443
173 64
173 174
174 7
175 176
175 380
176 14
177 39
177 178
178 292
179 103
179 180
180 476
181 42
181 182
182 424
183 184
183 569
184 248
185 186
185 431
186 595
187 102
187 188
188 319
189 190
189 475
190 557
191 192
191 589
192 235
193 194
193 330
194 138
195 196
195 245
196 134
197 15
197 198
198 351
199 200
199 280
200 246
201 202
201 383
202 520
203 204
203 390
204 340
205 94
205 206
206 65
207 208
207 400
208 238
209 210
209 398
210 78
211 212
211 271
212 236
213 214
213 327
214 123
215 216
215 363
216 62
217 131
217 218
218 33
219 220
219 524
220 428
221 222
221 263
222 426
223 211
223 224
224 448
225 159
225 226
226 399
227 228
227 394
228 392
229 230
229 395
230 346
231 232
231 445
232 305
233 234
233 239
234 468
235 184
235 236
236 66
237 238
237 609
238 162
239 27
239 240
240 44
241 242
241 281
242 126
243 244
243 387
244 546
245 186
245 246
246 108
247 47
247 248
248 166
249 243
249 250
250 601
251 196
251 252
252 257
253 254
253 303
254 512
255 6
255 256
256 79
257 258
257 534
258 574
259 260
259 335
260 316
261 262
261 293
262 598
263 264
263 497
264 384
265 266
265 469
266 519
267 268
267 558
268 199
269 270
269 341
270 100
271 272
271 593
272 477
273 274
273 290
274 368
275 191
275 276
276 262
277 38
277 278
278 82
279 280
279 397
280 182
281 226
281 282
282 172
283 40
283 284
284 36
285 259
285 286
286 584
287 288
287 492
288 178
289 6
289 290
290 141
291 63
291 292
292 360
293 294
293 482
294 56
295 296
295 355
296 218
297 157
297 298
298 447
299 111
299 300
300 402
301 233
301 302
302 328
303 304
303 313
304 562
305 189
305 306
306 213
307 13
307 308
308 539
309 106
309 310
310 372
311 185
311 312
312 507
313 314
313 324
314 354
315 316
315 567
316 23
317 29
317 318
318 190
319 112
319 320
320 502
321 308
321 322
322 320
323 324
323 578
324 456
325 326
325 611
326 540
327 328
327 517
328 450
329 223
329 330
330 458
331 332
331 535
332 192
333 315
333 334
334 343
335 97
335 336
336 358
337 338
337 604
338 148
339 340
339 498
340 522
341 225
341 342
342 549
343 344
343 591
344 258
345 143
345 346
346 542
347 348
347 357
348 362
349 350
349 487
350 388
351 201
351 352
352 464
353 354
353 446
354 310
355 85
355 356
356 439
357 358
357 523
358 410
359 75
359 360
360 474
361 362
361 504
362 183
363 364
363 415
364 510
365 307
365 366
366 338
367 368
367 407
368 494
369 83
369 370
370 174
371 273
371 372
372 9
373 374
373 552
374 229
375 51
375 376
376 137
377 57
377 378
378 352
379 37
379 380
380 586
381 382
381 455
382 414
383 384
383 606
384 432
385 321
385 386
386 550
387 87
387 388
388 193
389 379
389 390
390 533
391 8
391 392
392 206
393 71
393 394
394 69
395 396
395 532
396 503
397 247
397 398
398 127
399 21
399 400
400 296
401 10
401 402
402 164
403 261
403 404
404 364
405 144
405 406
406 242
407 408
407 457
408 472
409 165
409 410
410 68
411 412
411 515
412 117
413 414
413 600
414 217
415 31
415 416
416 459
417 295
417 418
418 375
419 412
419 420
420 132
421 170
421 422
422 151
423 424
423 561
424 580
425 267
425 426
426 1
427 373
427 428
428 462
429 430
429 511
430 93
431 417
431 432
432 594
433 423
433 434
434 167
435 391
435 436
436 444
437 121
437 438
438 396
439 440
439 541
440 350
441 436
441 442
442 573
443 444
443 514
444 438
445 446
445 553
446 309
447 116
447 448
448 175
449 45
449 450
450 254
451 405
451 452
452 269
453 115
453 454
454 530
455 249
455 456
456 480
457 365
457 458
458 283
459 60
459 460
460 228
461 221
461 462
462 270
463 464
463 479
464 84
465 187
465 466
466 168
467 468
467 471
468 560
469 297
469 470
470 124
471 472
471 525
472 277
473 135
473 474
474 90
475 317
475 476
476 548
477 158
477 478
478 2
479 348
479 480
480 120
481 334
481 482
482 81
483 484
483 516
484 374
485 486
485 596
486 538
487 453
487 488
488 122
489 381
489 490
490 5
491 154
491 492
492 435
493 329
493 494
494 282
495 11
495 496
496 599
497 28
497 498
498 306
499 155
499 500
500 150
501 502
501 509
502 207
503 401
503 504
504 564
505 250
505 506
506 568
507 508
507 592
508 26
509 510
509 597
510 10
511 512
511 529
512 147
513 231
513 514
514 253
515 516
515 585
516 367
517 129
517 518
518 41
519 113
519 520
520 200
521 299
521 522
522 91
523 125
523 524
524 437
525 411
525 526
526 264
527 347
527 528
528 451
529 530
529 551
530 212
531 483
531 532
532 19
533 145
533 534
534 326
535 385
535 536
536 46
537 465
537 538
538 294
539 540
539 588
540 205
541 95
541 542
542 216
543 224
543 544
544 17
545 140
545 546
546 449
547 61
547 548
548 288
549 526
549 550
550 284
551 552
551 581
552 434
553 161
553 554
554 421
555 513
555 556
556 587
557 89
557 558
558 54
559 560
559 565
560 470
561 389
561 562
562 202
563 214
563 564
564 16
565 43
565 566
566 146
567 493
567 568
568 234
569 266
569 570
570 614
571 32
571 572
572 272
573 105
573 574
574 544
575 169
575 576
576 260
577 325
577 578
578 489
579 505
579 580
580 136
581 133
581 582
582 285
583 527
583 584
584 110
585 179
585 586
586 300
587 275
587 588
588 104
589 177
589 590
590 35
591 467
591 592
592 255
593 594
593 608
594 473
595 500
595 596
596 312
597 232
597 598
598 440
599 572
599 600
600 67
601 197
601 602
602 570
603 209
603 604
604 130
605 171
605 606
606 318
607 109
607 608
608 311
609 413
609 610
610 152
611 153
611 612
612 72
613 531
613 614
614 73
