0 313
0 538
2 417
2 489
3 504
3 565
4 43
4 491
5 363
6 501
7 351
7 398
9 155
8 54
8 76
10 82
13 5
13 335
15 164
15 222
17 230
17 383
19 361
19 429
21 79
21 507
23 24
23 613
24 326
25 26
25 295
26 224
27 28
27 484
28 192
29 30
29 141
30 92
31 32
31 392
32 386
33 34
33 345
34 422
35 36
35 59
36 544
37 38
37 296
38 604
39 40
39 463
40 68
41 22
41 42
42 448
43 44
43 413
44 273
45 46
45 284
46 87
47 48
47 237
48 24
49 50
49 412
50 449
51 52
51 271
52 478
53 54
53 343
54 286
55 56
55 409
56 291
57 5
57 58
58 6
59 60
59 85
60 432
61 62
61 337
62 425
63 64
63 78
64 66
65 66
65 396
66 488
67 68
67 399
68 279
69 70
69 541
70 462
71 72
71 240
72 80
73 74
73 104
74 193
75 76
75 393
76 441
77 65
77 78
78 150
79 80
79 437
80 235
81 56
81 82
82 194
83 84
83 299
84 297
85 86
85 389
86 469
87 88
87 234
88 140
89 90
89 608
90 214
91 92
91 499
92 188
93 94
93 232
94 160
95 39
95 96
96 30
97 98
97 563
98 390
99 49
99 100
100 368
101 102
101 400
102 277
103 104
103 419
104 151
105 99
105 106
106 70
107 108
107 452
108 152
109 110
109 325
110 427
111 97
111 112
112 580
113 29
113 114
114 385
115 116
115 447
116 493
117 118
117 508
118 300
119 13
119 120
120 374
121 122
121 535
122 442
123 124
123 587
124 16
125 126
125 349
126 213
127 128
127 439
128 424
129 130
129 521
130 380
131 132
131 549
132 98
133 6
133 134
134 27
135 91
135 136
136 328
137 138
137 394
138 246
139 2
139 140
140 178
141 142
141 159
142 36
143 19
143 144
144 61
145 146
145 527
146 530
147 148
147 185
148 172
149 150
149 600
150 320
151 152
151 229
152 486
153 154
153 594
154 388
155 156
155 552
156 366
157 158
157 574
158 186
159 160
159 537
160 318
161 162
161 494
162 464
163 164
163 557
164 127
165 166
165 265
166 456
167 165
167 168
168 490
169 89
169 170
170 357
171 172
171 609
172 444
173 174
173 346
174 196
175 176
175 371
176 605
177 178
177 201
178 242
179 180
179 330
180 74
181 108
181 182
182 198
183 184
183 353
184 475
185 62
185 186
186 558
187 33
187 188
188 528
189 190
189 247
190 9
191 192
191 536
192 539
193 194
193 322
194 122
195 183
195 196
196 482
197 63
197 198
198 282
199 200
199 395
200 255
201 72
201 202
202 162
203 204
203 610
204 591
205 206
205 446
206 126
207 113
207 208
208 8
209 95
209 210
210 555
211 135
211 212
212 115
213 214
213 550
214 278
215 216
215 317
216 468
217 168
217 218
218 356
219 47
219 220
220 133
221 222
221 245
222 81
223 4
223 224
224 167
225 226
225 268
226 269
227 228
227 438
228 376
229 225
229 230
230 510
231 232
231 546
232 270
233 234
233 331
234 572
235 52
235 236
236 17
237 206
237 238
238 513
239 240
239 241
240 93
241 220
241 242
242 458
243 38
243 244
244 116
245 69
245 246
246 100
247 139
247 248
248 568
249 142
249 250
250 12
251 35
251 252
252 339
253 254
253 274
254 217
255 256
255 588
256 310
257 131
257 258
258 597
259 260
259 312
260 460
261 262
261 506
262 250
263 25
263 264
264 311
265 266
265 443
266 561
267 268
267 509
268 359
269 118
269 270
270 602
271 83
271 272
272 511
273 274
273 581
274 249
275 276
275 283
276 305
277 278
277 573
278 20
279 280
279 607
280 612
281 282
281 525
282 454
283 284
283 307
284 50
285 44
285 286
286 228
287 212
287 288
288 514
289 147
289 290
290 287
291 124
291 292
292 372
293 294
293 364
294 298
295 296
295 505
296 175
297 34
297 298
298 254
299 300
299 529
300 520
301 77
301 302
302 522
303 248
303 304
304 266
305 306
305 354
306 262
307 308
307 571
308 176
309 1
309 310
310 182
311 312
311 611
312 216
313 314
313 545
314 9
315 123
315 316
316 46
317 318
317 379
318 500
319 320
319 405
320 233
321 322
321 382
322 548
323 207
323 324
324 487
325 326
325 367
326 293
327 328
327 543
328 112
329 187
329 330
330 434
331 121
331 332
332 204
333 334
333 569
334 476
335 336
335 560
336 26
337 338
337 411
338 55
339 340
339 547
340 174
341 321
341 342
342 117
343 109
343 344
344 566
345 346
345 495
346 578
347 111
347 348
348 606
349 350
349 352
350 423
351 352
351 370
352 205
353 3
353 354
354 477
355 272
355 356
356 596
357 110
357 358
358 516
359 236
359 360
360 256
361 336
361 362
362 263
363 355
363 364
364 344
365 23
365 366
366 570
367 368
367 579
368 586
369 227
369 370
370 130
371 372
371 375
372 360
373 125
373 374
374 551
375 376
375 473
376 190
377 378
377 471
378 564
379 86
379 380
380 10
381 15
381 382
382 559
383 260
383 384
384 440
385 211
385 386
386 334
387 210
387 388
388 253
389 37
389 390
390 553
391 200
391 392
392 149
393 105
393 394
394 485
395 365
395 396
396 589
397 398
397 595
398 161
399 114
399 400
400 129
401 45
401 402
402 166
403 404
403 554
404 28
405 391
405 406
406 197
407 408
407 534
408 492
409 18
409 410
410 173
411 377
411 412
412 7
413 414
413 497
414 134
415 251
415 416
416 244
417 257
417 418
418 276
419 420
419 431
420 243
421 406
421 422
422 410
423 424
423 577
424 314
425 426
425 614
426 451
427 403
427 428
428 42
429 430
429 483
430 342
431 432
431 503
432 381
433 434
433 436
434 290
435 275
435 436
436 264
437 426
437 438
438 459
439 332
439 440
440 11
441 32
441 442
442 358
443 215
443 444
444 138
445 362
445 446
446 137
447 448
447 567
448 90
449 450
449 455
450 31
451 101
451 452
452 453
453 179
453 454
454 306
455 329
455 456
456 73
457 415
457 458
458 583
459 169
459 460
460 252
461 57
461 462
462 120
463 378
463 464
464 474
465 158
465 466
466 181
467 401
467 468
468 184
469 348
469 470
470 402
471 467
471 472
472 540
473 474
473 601
474 562
475 153
475 476
476 280
477 433
477 478
478 430
479 323
479 480
480 60
481 482
481 531
482 202
483 435
483 484
484 316
485 40
485 486
486 294
487 341
487 488
488 208
489 490
489 533
490 136
491 267
491 492
492 518
493 145
493 494
494 576
495 445
495 496
496 457
497 239
497 498
498 502
499 500
499 524
500 146
501 319
501 502
502 327
503 479
503 504
504 199
505 496
505 506
506 397
507 231
507 508
508 58
509 461
509 510
510 304
511 219
511 512
512 226
513 96
513 514
514 585
515 516
515 519
516 292
517 303
517 518
518 177
519 67
519 520
520 526
521 209
521 522
522 575
523 75
523 524
524 315
525 350
525 526
526 288
527 338
527 528
528 512
529 144
529 530
530 106
531 480
531 532
532 261
533 481
533 534
534 373
535 498
535 536
536 14
537 195
537 538
538 143
539 64
539 540
540 88
541 289
541 542
542 472
543 84
543 544
544 309
545 103
545 546
546 407
547 548
547 556
548 170
549 523
549 550
550 532
551 258
551 552
552 584
553 450
553 554
554 238
555 517
555 556
556 281
557 21
557 558
558 148
559 515
559 560
560 603
561 48
561 562
562 10
563 71
563 564
564 203
565 51
565 566
566 132
567 102
567 568
568 259
569 107
569 570
570 542
571 301
571 572
572 465
573 223
573 574
574 128
575 576
575 593
576 466
577 421
577 578
578 180
579 387
579 580
580 94
581 582
581 590
582 41
583 428
583 584
584 384
585 586
585 592
586 154
587 588
587 599
588 470
589 189
589 590
590 157
591 420
591 592
592 414
593 333
593 594
594 347
595 408
595 596
596 156
597 308
597 598
598 404
599 163
599 600
600 416
601 171
601 602
602 191
603 53
603 604
604 285
605 598
605 606
606 218
607 302
607 608
608 119
609 221
609 610
610 582
611 324
611 612
612 340
613 369
613 614
614 418
