0 401
0 547
1 99
1 251
3 164
3 206
4 37
4 276
6 84
5 480
7 8
7 177
9 113
8 97
8 507
10 397
13 50
13 591
15 151
15 538
17 179
17 434
19 85
19 412
21 536
21 593
23 24
23 395
24 108
25 26
25 456
26 292
27 28
27 288
28 402
29 30
29 204
30 510
31 32
31 533
32 140
33 34
33 315
34 365
35 36
35 362
36 421
37 38
37 570
38 24
39 40
39 291
40 158
41 42
41 243
42 349
43 44
43 93
44 514
45 46
45 265
46 88
47 48
47 316
48 67
49 50
49 231
50 100
51 52
51 442
52 554
53 54
53 441
54 614
55 56
55 333
56 517
57 58
57 545
58 555
59 60
59 356
60 266
61 62
61 68
62 596
63 64
63 355
64 9
65 29
65 66
66 444
67 68
67 562
68 242
69 70
69 154
70 342
71 72
71 216
72 606
73 74
73 459
74 406
75 76
75 119
76 70
77 78
77 255
78 323
79 80
79 613
80 223
81 82
81 601
82 296
83 84
83 222
84 436
85 43
85 86
86 60
87 16
87 88
88 302
89 90
89 199
90 467
91 92
91 116
92 2
93 94
93 448
94 92
95 96
95 352
96 72
97 98
97 309
98 17
99 75
99 100
100 39
101 102
101 423
102 270
103 104
103 501
104 339
105 106
105 335
106 404
107 108
107 384
108 139
109 110
109 486
110 62
111 35
111 112
112 475
113 114
113 399
114 240
115 116
115 303
116 382
117 118
117 487
118 145
119 120
119 239
120 439
121 122
121 247
122 466
123 66
123 124
124 252
125 126
125 152
126 340
127 128
127 435
128 15
129 130
129 233
130 343
131 132
131 193
132 256
133 134
133 241
134 560
135 136
135 372
136 599
137 138
137 293
138 415
139 140
139 558
140 228
141 1
141 142
142 516
143 138
143 144
144 124
145 146
145 235
146 150
147 148
147 574
148 74
149 150
149 169
150 166
151 87
151 152
152 26
153 154
153 186
154 102
155 156
155 320
156 202
157 158
157 200
158 44
159 28
159 160
160 10
161 162
161 221
162 602
163 133
163 164
164 91
165 166
165 259
166 449
167 168
167 543
168 224
169 170
169 571
170 324
171 172
171 519
172 185
173 174
173 548
174 394
175 176
175 236
176 418
177 178
177 285
178 508
179 25
179 180
180 603
181 182
181 321
182 313
183 3
183 184
184 156
185 186
185 383
186 471
187 57
187 188
188 168
189 190
189 455
190 521
191 192
191 410
192 465
193 194
193 504
194 498
195 27
195 196
196 225
197 19
197 198
198 77
199 200
199 481
200 95
201 10
201 202
202 226
203 187
203 204
204 528
205 183
205 206
206 31
207 208
207 213
208 111
209 210
209 546
210 414
211 212
211 565
212 40
213 214
213 515
214 427
215 174
215 216
216 500
217 218
217 503
218 181
219 56
219 220
220 6
221 222
221 331
222 549
223 224
223 297
224 86
225 226
225 438
226 460
227 228
227 557
228 6
229 197
229 230
230 98
231 117
231 232
232 64
233 137
233 234
234 160
235 236
235 289
236 469
237 238
237 497
238 542
239 240
239 445
240 424
241 242
241 478
242 272
243 244
243 354
244 135
245 246
245 341
246 230
247 248
247 334
248 33
249 250
249 411
250 305
251 101
251 252
252 532
253 53
253 254
254 556
255 256
255 400
256 22
257 258
257 450
258 526
259 260
259 473
260 201
261 262
261 379
262 83
263 18
263 264
264 298
265 129
265 266
266 468
267 268
267 364
268 368
269 270
269 608
270 499
271 272
271 357
272 14
273 126
273 274
274 286
275 276
275 328
276 157
277 278
277 348
278 506
279 280
279 539
280 491
281 282
281 420
282 544
283 55
283 284
284 447
285 149
285 286
286 452
287 288
287 376
288 32
289 103
289 290
290 360
291 48
291 292
292 584
293 81
293 294
294 479
295 296
295 595
296 583
297 41
297 298
298 530
299 54
299 300
300 294
301 302
301 470
302 170
303 304
303 585
304 132
305 217
305 306
306 385
307 147
307 308
308 128
309 310
309 437
310 4
311 312
311 490
312 344
313 314
313 380
314 488
315 232
315 316
316 461
317 318
317 587
318 579
319 237
319 320
320 23
321 51
321 322
322 94
323 182
323 324
324 144
325 326
325 431
326 387
327 328
327 541
328 82
329 319
329 330
330 142
331 153
331 332
332 598
333 49
333 334
334 229
335 59
335 336
336 13
337 338
337 576
338 513
339 107
339 340
340 472
341 342
341 443
342 304
343 344
343 370
344 612
345 346
345 581
346 189
347 326
347 348
348 250
349 350
349 588
350 271
351 352
351 446
352 350
353 354
353 413
354 120
355 171
355 356
356 377
357 358
357 451
358 604
359 36
359 360
360 38
361 362
361 373
362 238
363 364
363 573
364 346
365 172
365 366
366 71
367 47
367 368
368 358
369 370
369 505
370 457
371 279
371 372
372 388
373 89
373 374
374 269
375 311
375 376
376 143
377 261
377 378
378 422
379 141
379 380
380 483
381 121
381 382
382 52
383 45
383 384
384 219
385 386
385 607
386 220
387 361
387 388
388 300
389 353
389 390
390 284
391 381
391 392
392 173
393 263
393 394
394 322
395 198
395 396
396 215
397 58
397 398
398 590
399 214
399 400
400 295
401 369
401 402
402 165
403 317
403 404
404 600
405 34
405 406
406 299
407 257
407 408
408 605
409 410
409 531
410 511
411 363
411 412
412 392
413 162
413 414
414 254
415 127
415 416
416 264
417 159
417 418
418 310
419 389
419 420
420 163
421 211
421 422
422 336
423 424
423 425
424 218
425 367
425 426
426 520
427 428
427 453
428 359
429 262
429 430
430 495
431 207
431 432
432 78
433 277
433 434
434 540
435 90
435 436
436 564
437 438
437 535
438 61
439 440
439 512
440 529
441 248
441 442
442 534
443 278
443 444
444 523
445 403
445 446
446 489
447 301
447 448
448 20
449 175
449 450
450 234
451 426
451 452
452 318
453 454
453 609
454 407
455 146
455 456
456 280
457 458
457 462
458 155
459 209
459 460
460 550
461 21
461 462
462 433
463 63
463 464
464 518
465 466
465 482
466 312
467 205
467 468
468 46
469 428
469 470
470 492
471 115
471 472
472 110
473 474
473 559
474 42
475 245
475 476
476 578
477 79
477 478
478 337
479 30
479 480
480 178
481 477
481 482
482 366
483 104
483 484
484 308
485 253
485 486
486 611
487 409
487 488
488 566
489 329
489 490
490 405
491 307
491 492
492 273
493 325
493 494
494 568
495 496
495 524
496 96
497 7
497 498
498 586
499 390
499 500
500 282
501 249
501 502
502 227
503 80
503 504
504 122
505 375
505 506
506 378
507 508
507 525
508 386
509 510
509 563
510 196
511 65
511 512
512 567
513 176
513 514
514 194
515 105
515 516
516 569
517 474
517 518
518 69
519 520
519 537
520 440
521 180
521 522
522 5
523 258
523 524
524 76
525 347
525 526
526 551
527 351
527 528
528 327
529 530
529 582
530 131
531 527
531 532
532 396
533 161
533 534
534 458
535 536
535 577
536 191
537 493
537 538
538 5
539 109
539 540
540 416
541 9
541 542
542 192
543 208
543 544
544 11
545 417
545 546
546 112
547 463
547 548
548 114
549 550
549 572
550 12
551 408
551 552
552 125
553 509
553 554
554 432
555 556
555 561
556 246
557 558
557 610
558 398
559 419
559 560
560 268
561 429
561 562
562 274
563 260
563 564
564 580
565 130
565 566
566 134
567 454
567 568
568 210
569 167
569 570
570 494
571 203
571 572
572 73
573 574
573 575
574 393
575 345
575 576
576 275
577 391
577 578
578 148
579 502
579 580
580 314
581 371
581 582
582 464
583 476
583 584
584 332
585 195
585 586
586 592
587 283
587 588
588 589
589 123
589 590
590 212
591 281
591 592
592 484
593 190
593 594
594 430
595 553
595 596
596 290
597 496
597 598
598 106
599 594
599 600
600 184
601 287
601 602
602 118
603 136
603 604
604 188
605 306
605 606
606 522
607 338
607 608
608 552
609 330
609 610
610 244
611 267
611 612
612 597
613 485
613 614
614 374
