0 365
0 473
1 133
1 579
3 551
3 557
4 13
4 417
5 26
6 440
9 437
9 547
10 397
10 543
12 587
11 12
13 316
13 419
15 19
15 581
17 294
17 503
19 97
19 443
21 220
21 613
23 24
23 86
24 136
25 26
25 560
26 425
27 28
27 62
28 259
29 30
29 479
30 169
31 32
31 124
32 426
33 34
33 515
34 73
35 36
35 337
36 168
37 38
37 424
38 188
39 40
39 167
40 12
41 42
41 48
42 502
43 44
43 400
44 235
45 46
45 93
46 70
47 48
47 90
48 43
49 50
49 226
50 166
51 52
51 416
52 342
53 54
53 210
54 314
55 56
55 363
56 66
57 58
57 403
58 459
59 60
59 460
60 534
61 62
61 517
62 369
63 64
63 379
64 550
65 66
65 575
66 392
67 68
67 505
68 184
69 70
69 308
70 442
71 72
71 117
72 482
73 21
73 74
74 310
75 76
75 255
76 312
77 78
77 113
78 128
79 80
79 531
80 465
81 82
81 339
82 455
83 84
83 457
84 215
85 72
85 86
86 447
87 88
87 103
88 358
89 90
89 383
90 221
91 92
91 556
92 111
93 55
93 94
94 275
95 85
95 96
96 248
97 98
97 584
98 544
99 34
99 100
100 313
101 102
101 605
102 611
103 104
103 222
104 451
105 106
105 283
106 592
107 108
107 516
108 91
109 110
109 408
110 303
111 112
111 518
112 24
113 114
113 258
114 14
115 116
115 143
116 495
117 118
117 433
118 100
119 120
119 334
120 422
121 81
121 122
122 84
123 124
123 234
124 8
125 126
125 524
126 264
127 128
127 453
128 18
129 130
129 512
130 372
131 132
131 452
132 212
133 134
133 213
134 27
135 69
135 136
136 350
137 138
137 159
138 298
139 140
139 321
140 56
141 74
141 142
142 32
143 144
143 431
144 594
145 146
145 492
146 68
147 139
147 148
148 105
149 150
149 478
150 76
151 152
151 296
152 614
153 36
153 154
154 480
155 156
155 332
156 413
157 158
157 501
158 9
159 160
159 471
160 96
161 162
161 231
162 348
163 164
163 359
164 398
165 166
165 597
166 204
167 168
167 175
168 291
169 170
169 561
170 609
171 172
171 207
172 600
173 174
173 338
174 119
175 157
175 176
176 260
177 108
177 178
178 218
179 180
179 488
180 475
181 182
181 420
182 126
183 184
183 351
184 251
185 186
185 486
186 354
187 188
187 225
188 134
189 190
189 456
190 367
191 192
191 567
192 586
193 78
193 194
194 278
195 106
195 196
196 22
197 198
197 374
198 319
199 200
199 282
200 59
201 158
201 202
202 266
203 174
203 204
204 462
205 206
205 396
206 228
207 161
207 208
208 245
209 75
209 210
210 461
211 191
211 212
212 508
213 214
213 429
214 401
215 216
215 284
216 484
217 61
217 218
218 11
219 220
219 474
220 364
221 222
221 375
222 361
223 224
223 411
224 268
225 226
225 389
226 137
227 228
227 610
228 585
229 95
229 230
230 377
231 208
231 232
232 216
233 219
233 234
234 305
235 46
235 236
236 31
237 182
237 238
238 588
239 240
239 491
240 160
241 242
241 286
242 135
243 244
243 591
244 472
245 246
245 428
246 356
247 248
247 381
248 380
249 250
249 390
250 349
251 23
251 252
252 232
253 254
253 529
254 280
255 1
255 256
256 181
257 258
257 441
258 58
259 260
259 427
260 180
261 262
261 293
262 612
263 264
263 436
264 30
265 121
265 266
266 384
267 268
267 603
268 558
269 243
269 270
270 202
271 102
271 272
272 211
273 149
273 274
274 352
275 276
275 373
276 176
277 278
277 598
278 596
279 25
279 280
280 145
281 42
281 282
282 468
283 239
283 284
284 306
285 286
285 287
286 51
287 273
287 288
288 415
289 279
289 290
290 470
291 292
291 432
292 450
293 294
293 357
294 199
295 151
295 296
296 217
297 155
297 298
298 563
299 127
299 300
300 20
301 144
301 302
302 236
303 224
303 304
304 568
305 98
305 306
306 578
307 308
307 506
308 336
309 310
309 394
310 122
311 71
311 312
312 263
313 314
313 435
314 152
315 316
315 519
316 590
317 233
317 318
318 409
319 320
319 322
320 540
321 261
321 322
322 150
323 99
323 324
324 497
325 101
325 326
326 114
327 4
327 328
328 562
329 153
329 330
330 241
331 269
331 332
332 277
333 28
333 334
334 295
335 230
335 336
336 496
337 335
337 338
338 376
339 203
339 340
340 186
341 342
341 386
342 110
343 344
343 353
344 340
345 38
345 346
346 602
347 348
347 371
348 490
349 333
349 350
350 54
351 352
351 439
352 326
353 147
353 354
354 414
355 356
355 576
356 185
357 94
357 358
358 423
359 331
359 360
360 385
361 362
361 573
362 140
363 289
363 364
364 164
365 366
365 559
366 49
367 178
367 368
368 242
369 318
369 370
370 569
371 29
371 372
372 92
373 374
373 445
374 104
375 247
375 376
376 323
377 190
377 378
378 205
379 11
379 380
380 522
381 311
381 382
382 552
383 384
383 553
384 125
385 40
385 386
386 171
387 388
387 545
388 123
389 390
389 499
390 405
391 392
391 458
392 555
393 183
393 394
394 141
395 396
395 407
396 528
397 398
397 601
398 88
399 115
399 400
400 571
401 177
401 402
402 514
403 249
403 404
404 80
405 16
405 406
406 548
407 408
407 582
408 83
409 118
409 410
410 530
411 165
411 412
412 44
413 246
413 414
414 418
415 67
415 416
416 107
417 17
417 418
418 463
419 267
419 420
420 549
421 325
421 422
422 382
423 197
423 424
424 200
425 240
425 426
426 526
427 428
427 539
428 330
429 223
429 430
430 64
431 209
431 432
432 324
433 201
433 434
434 5
435 355
435 436
436 346
437 438
437 527
438 378
439 53
439 440
440 292
441 87
441 442
442 254
443 444
443 487
444 406
445 148
445 446
446 109
447 172
447 448
448 274
449 366
449 450
450 302
451 393
451 452
452 238
453 454
453 572
454 564
455 256
455 456
456 320
457 458
457 577
458 300
459 395
459 460
460 262
461 462
461 507
462 510
463 196
463 464
464 120
465 466
465 493
466 607
467 468
467 481
468 368
469 229
469 470
470 343
471 341
471 472
472 546
473 399
473 474
474 593
475 170
475 476
476 494
477 478
477 521
478 41
479 297
479 480
480 288
481 482
481 489
482 511
483 317
483 484
484 244
485 449
485 486
486 194
487 57
487 488
488 33
489 483
489 490
490 574
491 163
491 492
492 276
493 494
493 504
494 142
495 35
495 496
496 608
497 154
497 498
498 388
499 500
499 509
500 533
501 45
501 502
502 537
503 301
503 504
504 434
505 307
505 506
506 604
507 250
507 508
508 193
509 39
509 510
510 570
511 65
511 512
512 410
513 3
513 514
514 7
515 412
515 516
516 253
517 518
517 532
518 498
519 329
519 520
520 444
521 257
521 522
522 476
523 467
523 524
524 464
525 265
525 526
526 466
527 528
527 566
528 520
529 189
529 530
530 52
531 485
531 532
532 454
533 438
533 534
534 6
535 421
535 536
536 227
537 270
537 538
538 60
539 525
539 540
540 156
541 542
541 565
542 328
543 387
543 544
544 206
545 173
545 546
546 192
547 77
547 548
548 63
549 550
549 595
550 304
551 281
551 552
552 6
553 523
553 554
554 252
555 79
555 556
556 536
557 89
557 558
558 430
559 560
559 589
560 47
561 362
561 562
562 2
563 214
563 564
564 500
565 15
565 566
566 360
567 299
567 568
568 404
569 570
569 599
570 538
571 37
571 572
572 198
573 179
573 574
574 132
575 290
575 576
576 327
577 285
577 578
578 542
579 345
579 580
580 309
581 535
581 582
582 469
583 446
583 584
584 391
585 146
585 586
586 162
587 130
587 588
588 402
589 187
589 590
590 138
591 10
591 592
592 347
593 477
593 594
594 50
595 370
595 596
596 606
597 541
597 598
598 271
599 315
599 600
600 580
601 195
601 602
602 237
603 82
603 604
604 272
605 513
605 606
606 448
607 112
607 608
608 554
609 129
609 610
610 5
611 116
611 612
612 344
613 583
613 614
614 131
