0 263
0 407
3 185
3 190
4 264
4 306
6 488
5 478
7 111
7 293
8 305
8 463
9 203
10 221
11 15
11 193
13 152
13 249
15 244
15 310
17 270
17 471
19 376
19 602
21 361
21 570
23 24
23 93
24 20
25 26
25 175
26 206
27 28
27 391
28 142
29 30
29 151
30 362
31 32
31 51
32 583
33 34
33 589
34 138
35 36
35 385
36 137
37 38
37 519
38 149
39 40
39 342
40 467
41 42
41 581
42 496
43 44
43 363
44 482
45 46
45 89
46 273
47 48
47 133
48 19
49 27
49 50
50 381
51 52
51 487
52 48
53 54
53 541
54 184
55 56
55 565
56 344
57 58
57 588
58 134
59 60
59 245
60 131
61 62
61 82
62 601
63 64
63 199
64 455
65 66
65 107
66 164
67 47
67 68
68 546
69 70
69 573
70 423
71 72
71 216
72 468
73 74
73 512
74 75
75 76
75 294
76 54
77 78
77 200
78 505
79 80
79 217
80 366
81 82
81 173
82 597
83 66
83 84
84 360
85 86
85 289
86 377
87 88
87 457
88 462
89 90
89 537
90 292
91 92
91 262
92 535
93 94
93 259
94 562
95 96
95 215
96 6
97 98
97 452
98 365
99 100
99 139
100 440
101 102
101 527
102 59
103 83
103 104
104 396
105 52
105 106
106 251
107 108
107 473
108 555
109 110
109 394
110 302
111 112
111 401
112 408
113 114
113 154
114 120
115 116
115 158
116 6
117 118
117 395
118 444
119 120
119 592
120 290
121 122
121 370
122 23
123 124
123 504
124 532
125 126
125 278
126 447
127 128
127 406
128 130
129 130
129 553
130 578
131 132
131 188
132 606
133 134
133 299
134 146
135 136
135 372
136 283
137 138
137 145
138 308
139 129
139 140
140 448
141 35
141 142
142 585
143 144
143 459
144 356
145 146
145 165
146 218
147 148
147 333
148 559
149 150
149 426
150 454
151 152
151 335
152 446
153 154
153 271
154 233
155 156
155 608
156 364
157 158
157 279
158 198
159 62
159 160
160 466
161 162
161 414
162 432
163 9
163 164
164 580
165 166
165 591
166 32
167 168
167 369
168 611
169 58
169 170
170 434
171 172
171 513
172 280
173 49
173 174
174 260
175 71
175 176
176 220
177 178
177 609
178 521
179 180
179 481
180 55
181 13
181 182
182 44
183 184
183 329
184 34
185 186
185 490
186 431
187 123
187 188
188 40
189 190
189 413
190 590
191 69
191 192
192 250
193 168
193 194
194 296
195 196
195 261
196 72
197 10
197 198
198 497
199 108
199 200
200 603
201 7
201 202
202 79
203 36
203 204
204 246
205 3
205 206
206 144
207 208
207 474
208 174
209 31
209 210
210 240
211 212
211 409
212 566
213 214
213 613
214 76
215 216
215 304
216 122
217 167
217 218
218 232
219 220
219 287
220 416
221 11
221 222
222 340
223 224
223 265
224 536
225 226
225 492
226 106
227 61
227 228
228 320
229 177
229 230
230 548
231 232
231 272
232 214
233 234
233 405
234 604
235 236
235 507
236 140
237 223
237 238
238 297
239 240
239 277
240 170
241 242
241 343
242 63
243 244
243 477
244 86
245 246
245 511
246 483
247 248
247 557
248 202
249 250
249 456
250 114
251 252
251 514
252 18
253 9
253 254
254 383
255 256
255 470
256 78
257 258
257 558
258 226
259 260
259 571
260 97
261 262
261 393
262 494
263 264
263 411
264 100
265 266
265 599
266 88
267 219
267 268
268 551
269 270
269 325
270 189
271 272
271 525
272 427
273 101
273 274
274 288
275 276
275 554
276 419
277 159
277 278
278 437
279 213
279 280
280 43
281 282
281 451
282 523
283 242
283 284
284 30
285 286
285 359
286 132
287 46
287 288
288 584
289 290
289 389
290 540
291 227
291 292
292 346
293 211
293 294
294 103
295 64
295 296
296 4
297 298
297 318
298 5
299 204
299 300
300 350
301 99
301 302
302 225
303 81
303 304
304 442
305 306
305 313
306 439
307 117
307 308
308 208
309 234
309 310
310 26
311 92
311 312
312 300
313 314
313 464
314 530
315 316
315 461
316 252
317 53
317 318
318 24
319 320
319 403
320 68
321 322
321 526
322 192
323 324
323 450
324 115
325 326
325 515
326 476
327 229
327 328
328 150
329 330
329 539
330 70
331 332
331 349
332 384
333 327
333 334
334 538
335 336
335 469
336 128
337 110
337 338
338 552
339 340
339 549
340 386
341 143
341 342
342 311
343 317
343 344
344 433
345 237
345 346
346 612
347 348
347 421
348 543
349 178
349 350
350 207
351 57
351 352
352 113
353 354
353 545
354 181
355 109
355 356
356 338
357 254
357 358
358 60
359 337
359 360
360 284
361 362
361 397
362 582
363 364
363 465
364 210
365 366
365 561
366 222
367 314
367 368
368 162
369 155
369 370
370 148
371 255
371 372
372 85
373 172
373 374
374 500
375 179
375 376
376 332
377 209
377 378
378 491
379 269
379 380
380 353
381 21
381 382
382 5
383 274
383 384
384 572
385 386
385 533
386 275
387 388
387 531
388 598
389 390
389 576
390 420
391 392
391 415
392 94
393 157
393 394
394 91
395 319
395 396
396 368
397 321
397 398
398 309
399 400
399 528
400 382
401 191
401 402
402 224
403 404
403 475
404 341
405 406
405 509
406 33
407 171
407 408
408 298
409 136
409 410
410 166
411 412
411 449
412 80
413 414
413 574
414 614
415 323
415 416
416 550
417 387
417 418
418 176
419 420
419 560
420 328
421 125
421 422
422 517
423 163
423 424
424 429
425 426
425 485
426 495
427 121
427 428
428 520
429 182
429 430
430 104
431 428
431 432
432 230
433 424
433 434
434 116
435 436
435 596
436 458
437 267
437 438
438 1
439 440
439 544
440 331
441 87
441 442
442 248
443 105
443 444
444 422
445 39
445 446
446 399
447 17
447 448
448 443
449 201
449 450
450 8
451 452
451 493
452 542
453 454
453 593
454 42
455 10
455 456
456 12
457 458
457 600
458 126
459 180
459 460
460 567
461 187
461 462
462 418
463 239
463 464
464 301
465 67
465 466
466 388
467 196
467 468
468 127
469 470
469 503
470 247
471 228
471 472
472 529
473 41
473 474
474 37
475 476
475 595
476 357
477 351
477 478
478 38
479 438
479 480
480 281
481 482
481 577
482 73
483 484
483 556
484 236
485 295
485 486
486 22
487 441
487 488
488 430
489 243
489 490
490 282
491 231
491 492
492 605
493 345
493 494
494 425
495 118
495 496
496 518
497 402
497 498
498 276
499 268
499 500
500 212
501 257
501 502
502 324
503 379
503 504
504 50
505 506
505 516
506 586
507 380
507 508
508 499
509 102
509 510
510 436
511 195
511 512
512 77
513 135
513 514
514 568
515 153
515 516
516 508
517 334
517 518
518 2
519 506
519 520
520 524
521 312
521 522
522 594
523 378
523 524
524 161
525 303
525 526
526 480
527 339
527 528
528 14
529 374
529 530
530 522
531 532
531 579
532 355
533 534
533 563
534 95
535 25
535 536
536 373
537 29
537 538
538 367
539 307
539 540
540 390
541 65
541 542
542 398
543 410
543 544
544 336
545 124
545 546
546 266
547 326
547 548
548 392
549 141
549 550
550 256
551 472
551 552
552 84
553 183
553 554
554 286
555 330
555 556
556 510
557 291
557 558
558 417
559 445
559 560
560 112
561 96
561 562
562 610
563 371
563 564
564 253
565 566
565 607
566 285
567 16
567 568
568 98
569 453
569 570
570 547
571 358
571 572
572 169
573 574
573 575
574 28
575 45
575 576
576 479
577 147
577 578
578 498
579 564
579 580
580 186
581 582
581 587
582 460
583 258
583 584
584 74
585 412
585 586
586 400
587 347
587 588
588 352
589 502
589 590
590 56
591 435
591 592
592 486
593 241
593 594
594 156
595 569
595 596
596 235
597 375
597 598
598 119
599 501
599 600
600 534
601 197
601 602
602 194
603 348
603 604
604 238
605 484
605 606
606 90
607 315
607 608
608 205
609 489
609 610
610 322
611 354
611 612
612 316
613 404
613 614
614 160
