0 161
0 165
2 153
2 449
3 39
3 413
4 188
4 588
5 235
6 143
7 10
7 80
9 110
8 575
8 607
10 546
13 214
13 290
15 30
15 249
17 38
17 548
19 216
19 465
21 136
21 490
23 6
23 24
24 446
25 26
25 481
26 77
27 28
27 407
28 322
29 30
29 393
30 515
31 32
31 139
32 163
33 34
33 562
34 314
35 36
35 253
36 553
37 38
37 171
38 5
39 40
39 148
40 359
41 42
41 43
42 462
43 44
43 356
44 61
45 46
45 492
46 478
47 48
47 270
48 243
49 50
49 518
50 487
51 52
51 468
52 340
53 54
53 569
54 24
55 56
55 267
56 265
57 58
57 286
58 99
59 60
59 474
60 509
61 62
61 392
62 124
63 15
63 64
64 364
65 66
65 580
66 100
67 68
67 319
68 200
69 70
69 363
70 496
71 72
71 268
72 602
73 74
73 497
74 587
75 76
75 441
76 473
77 78
77 146
78 50
79 80
79 277
80 399
81 82
81 565
82 42
83 84
83 291
84 78
85 86
85 87
86 120
87 88
87 173
88 26
89 4
89 90
90 495
91 72
91 92
92 366
93 94
93 208
94 192
95 76
95 96
96 74
97 57
97 98
98 556
99 67
99 100
100 365
101 102
101 362
102 190
103 104
103 589
104 344
105 106
105 158
106 450
107 108
107 215
108 451
109 110
109 504
110 464
111 112
111 134
112 273
113 114
113 225
114 335
115 116
115 476
116 272
117 118
117 479
118 357
119 120
119 610
120 404
121 122
121 140
122 390
123 19
123 124
124 122
125 27
125 126
126 564
127 119
127 128
128 297
129 121
129 130
130 350
131 132
131 401
132 452
133 134
133 599
134 223
135 136
135 166
136 145
137 138
137 349
138 28
139 37
139 140
140 396
141 114
141 142
142 406
143 144
143 155
144 104
145 146
145 433
146 323
147 107
147 148
148 585
149 150
149 169
150 471
151 88
151 152
152 466
153 108
153 154
154 73
155 156
155 275
156 274
157 158
157 327
158 391
159 160
159 315
160 408
161 162
161 611
162 388
163 164
163 579
164 604
165 166
165 455
166 341
167 168
167 211
168 584
169 170
169 229
170 93
171 172
171 301
172 58
173 154
173 174
174 544
175 105
175 176
176 384
177 178
177 512
178 244
179 90
179 180
180 524
181 182
181 207
182 218
183 184
183 513
184 131
185 186
185 255
186 324
187 47
187 188
188 503
189 190
189 369
190 224
191 192
191 328
192 578
193 194
193 597
194 222
195 35
195 196
196 152
197 198
197 400
198 594
199 200
199 317
200 151
201 202
201 502
202 380
203 204
203 577
204 205
205 206
205 532
206 347
207 113
207 208
208 382
209 91
209 210
210 46
211 212
211 472
212 101
213 137
213 214
214 311
215 216
215 541
216 8
217 218
217 306
218 254
219 220
219 247
220 313
221 123
221 222
222 485
223 224
223 283
224 230
225 226
225 582
226 9
227 187
227 228
228 198
229 230
229 375
230 170
231 65
231 232
232 284
233 195
233 234
234 6
235 236
235 439
236 381
237 106
237 238
238 368
239 240
239 534
240 164
241 242
241 338
242 156
243 96
243 244
244 520
245 111
245 246
246 84
247 7
247 248
248 41
249 250
249 603
250 436
251 2
251 252
252 168
253 63
253 254
254 294
255 256
255 601
256 416
257 258
257 336
258 102
259 260
259 269
260 537
261 262
261 484
262 552
263 264
263 531
264 20
265 266
265 326
266 523
267 13
267 268
268 221
269 21
269 270
270 563
271 142
271 272
272 333
273 274
273 499
274 454
275 276
275 289
276 82
277 251
277 278
278 34
279 280
279 586
280 9
281 189
281 282
282 49
283 284
283 405
284 234
285 286
285 397
286 403
287 68
287 288
288 178
289 186
289 290
290 14
291 56
291 292
292 129
293 184
293 294
294 422
295 296
295 533
296 613
297 271
297 298
298 1
299 300
299 463
300 40
301 302
301 491
302 138
303 304
303 343
304 209
305 159
305 306
306 45
307 60
307 308
308 212
309 310
309 383
310 522
311 36
311 312
312 103
313 176
313 314
314 419
315 316
315 425
316 258
317 183
317 318
318 193
319 177
319 320
320 418
321 322
321 430
322 440
323 324
323 507
324 257
325 303
325 326
326 296
327 147
327 328
328 118
329 281
329 330
330 248
331 52
331 332
332 572
333 334
333 354
334 470
335 191
335 336
336 427
337 150
337 338
338 516
339 340
339 477
340 182
341 342
341 489
342 568
343 79
343 344
344 266
345 59
345 346
346 467
347 348
347 460
348 494
349 312
349 350
350 444
351 352
351 598
352 438
353 75
353 354
354 160
355 245
355 356
356 217
357 358
357 437
358 442
359 231
359 360
360 196
361 362
361 511
362 81
363 364
363 374
364 595
365 366
365 592
366 410
367 368
367 609
368 86
369 370
369 549
370 18
371 305
371 372
372 292
373 95
373 374
374 527
375 175
375 376
376 387
377 378
377 389
378 345
379 325
379 380
380 308
381 382
381 508
382 414
383 133
383 384
384 144
385 125
385 386
386 448
387 388
387 415
388 172
389 367
389 390
390 302
391 392
391 505
392 54
393 394
393 539
394 424
395 394
395 396
396 386
397 70
397 398
398 360
399 400
399 517
400 53
401 202
401 402
402 276
403 329
403 404
404 128
405 406
405 543
406 204
407 408
407 483
408 554
409 201
409 410
410 432
411 179
411 412
412 395
413 5
413 414
414 420
415 416
415 559
416 596
417 418
417 542
418 23
419 420
419 555
420 469
421 3
421 422
422 62
423 213
423 424
424 132
425 426
425 521
426 259
427 307
427 428
428 372
429 430
429 525
430 545
431 417
431 432
432 358
433 227
433 434
434 246
435 320
435 436
436 608
437 282
437 438
438 12
439 238
439 440
440 351
441 379
441 442
442 332
443 264
443 444
444 206
445 446
445 558
446 98
447 239
447 448
448 242
449 117
449 450
450 85
451 452
451 561
452 528
453 287
453 454
454 130
455 371
455 456
456 342
457 376
457 458
458 435
459 310
459 460
460 280
461 355
461 462
462 334
463 385
463 464
464 526
465 97
465 466
466 557
467 468
467 482
468 210
469 10
469 470
470 348
471 457
471 472
472 600
473 337
473 474
474 605
475 476
475 550
476 409
477 92
477 478
478 226
479 199
479 480
480 250
481 482
481 581
482 510
483 484
483 514
484 219
485 240
485 486
486 321
487 89
487 488
488 398
489 304
489 490
490 529
491 25
491 492
492 560
493 494
493 583
494 11
495 228
495 496
496 220
497 318
497 498
498 162
499 361
499 500
500 278
501 493
501 502
502 614
503 458
503 504
504 530
505 233
505 506
506 459
507 48
507 508
508 593
509 510
509 536
510 293
511 512
511 547
512 570
513 203
513 514
514 295
515 112
515 516
516 94
517 518
517 612
518 330
519 31
519 520
520 567
521 353
521 522
522 426
523 316
523 524
524 412
525 263
525 526
526 252
527 149
527 528
528 443
529 237
529 530
530 352
531 83
531 532
532 500
533 157
533 534
534 115
535 309
535 536
536 591
537 538
537 573
538 109
539 519
539 540
540 66
541 29
541 542
542 429
543 194
543 544
544 370
545 475
545 546
546 480
547 261
547 548
548 566
549 141
549 550
550 232
551 285
551 552
552 434
553 181
553 554
554 488
555 556
555 571
556 574
557 236
557 558
558 486
559 535
559 560
560 32
561 69
561 562
562 453
563 564
563 606
564 378
565 456
565 566
566 174
567 167
567 568
568 331
569 298
569 570
570 339
571 116
571 572
572 260
573 574
573 590
574 501
575 551
575 576
576 33
577 185
577 578
578 44
579 506
579 580
580 17
581 64
581 582
582 498
583 22
583 584
584 402
585 461
585 586
586 288
587 262
587 588
588 126
589 431
589 590
590 428
591 197
591 592
592 346
593 445
593 594
594 279
595 135
595 596
596 540
597 180
597 598
598 16
599 421
599 600
600 256
601 299
601 602
602 55
603 423
603 604
604 576
605 300
605 606
606 241
607 447
607 608
608 538
609 373
609 610
610 411
611 377
611 612
612 71
613 127
613 614
614 51
