0 265
0 383
2 52
2 611
3 55
3 543
4 545
4 574
6 126
5 497
7 132
7 452
8 371
8 597
9 393
10 115
13 219
13 433
15 320
15 414
17 18
17 143
19 210
19 436
21 142
21 526
23 6
23 24
24 276
25 26
25 149
26 70
27 28
27 485
28 321
29 30
29 124
30 19
31 32
31 167
32 278
33 34
33 498
34 123
35 36
35 91
36 48
37 38
37 607
38 274
39 40
39 302
40 262
41 42
41 419
42 183
43 44
43 376
44 249
45 46
45 413
46 421
47 34
47 48
48 307
49 50
49 201
50 456
51 52
51 519
52 135
53 54
53 608
54 269
55 56
55 375
56 340
57 58
57 525
58 424
59 60
59 112
60 484
61 62
61 136
62 386
63 64
63 176
64 103
65 66
65 515
66 250
67 68
67 602
68 541
69 70
69 372
70 230
71 7
71 72
72 482
73 74
73 134
74 82
75 76
75 229
76 373
77 78
77 417
78 546
79 80
79 335
80 106
81 82
81 577
82 116
83 45
83 84
84 165
85 86
85 308
86 392
87 88
87 241
88 264
89 90
89 345
90 427
91 92
91 551
92 550
93 58
93 94
94 532
95 96
95 179
96 85
97 98
97 388
98 448
99 100
99 227
100 209
101 102
101 613
102 130
103 104
103 226
104 10
105 106
105 156
106 412
107 108
107 461
108 337
109 110
109 350
110 566
111 112
111 147
112 338
113 114
113 243
114 25
115 116
115 240
116 92
117 118
117 181
118 39
119 120
119 523
120 178
121 72
121 122
122 90
123 124
123 590
124 23
125 107
125 126
126 384
127 128
127 555
128 20
129 130
129 579
130 382
131 113
131 132
132 509
133 114
133 134
134 109
135 136
135 381
136 464
137 138
137 563
138 14
139 140
139 253
140 86
141 142
141 582
142 220
143 49
143 144
144 237
145 146
145 365
146 238
147 148
147 565
148 609
149 150
149 600
150 471
151 131
151 152
152 493
153 154
153 279
154 610
155 33
155 156
156 272
157 158
157 557
158 314
159 160
159 362
160 402
161 27
161 162
162 571
163 164
163 282
164 80
165 8
165 166
166 507
167 168
167 331
168 442
169 170
169 606
170 208
171 172
171 234
172 508
173 162
173 174
174 478
175 176
175 367
176 533
177 178
177 203
178 171
179 175
179 180
180 454
181 182
181 263
182 318
183 184
183 205
184 66
185 186
185 242
186 592
187 188
187 207
188 336
189 190
189 605
190 296
191 192
191 409
192 164
193 194
193 612
194 120
195 196
195 288
196 248
197 198
197 353
198 294
199 200
199 352
200 316
201 202
201 491
202 188
203 204
203 231
204 24
205 96
205 206
206 466
207 75
207 208
208 572
209 4
209 210
210 212
211 212
211 462
212 128
213 214
213 303
214 334
215 216
215 407
216 476
217 121
217 218
218 5
219 220
219 500
220 62
221 222
221 465
222 155
223 224
223 266
224 97
225 226
225 232
226 447
227 228
227 588
228 403
229 230
229 277
230 44
231 232
231 317
232 154
233 234
233 420
234 246
235 236
235 309
236 347
237 238
237 310
238 172
239 63
239 240
240 522
241 217
241 242
242 74
243 244
243 287
244 78
245 246
245 429
246 61
247 248
247 401
248 32
249 250
249 286
250 225
251 252
251 603
252 150
253 254
253 534
254 480
255 256
255 530
256 355
257 258
257 291
258 540
259 152
259 260
260 211
261 262
261 537
262 370
263 221
263 264
264 584
265 266
265 369
266 87
267 268
267 311
268 98
269 10
269 270
270 93
271 272
271 299
272 261
273 274
273 496
274 76
275 276
275 460
276 174
277 84
277 278
278 139
279 280
279 463
280 293
281 282
281 479
282 410
283 284
283 301
284 358
285 51
285 286
286 505
287 288
287 553
288 492
289 89
289 290
290 144
291 292
291 474
292 284
293 190
293 294
294 556
295 296
295 428
296 440
297 37
297 298
298 100
299 300
299 529
300 40
301 302
301 499
302 469
303 153
303 304
304 435
305 306
305 554
306 194
307 256
307 308
308 191
309 310
309 601
310 564
311 312
311 315
312 173
313 54
313 314
314 575
315 119
315 316
316 490
317 283
317 318
318 364
319 320
319 343
320 145
321 251
321 322
322 458
323 324
323 423
324 199
325 35
325 326
326 157
327 328
327 548
328 50
329 2
329 330
330 233
331 64
331 332
332 327
333 108
333 334
334 280
335 166
335 336
336 399
337 338
337 547
338 457
339 187
339 340
340 396
341 196
341 342
342 13
343 71
343 344
344 204
345 346
345 539
346 5
347 348
347 593
348 30
349 350
349 614
350 31
351 352
351 438
352 94
353 177
353 354
354 257
355 214
355 356
356 570
357 358
357 495
358 348
359 360
359 390
360 595
361 3
361 362
362 22
363 364
363 487
364 298
365 79
365 366
366 422
367 41
367 368
368 544
369 349
369 370
370 110
371 193
371 372
372 387
373 374
373 558
374 576
375 195
375 376
376 360
377 378
377 549
378 470
379 297
379 380
380 488
381 267
381 382
382 569
383 83
383 384
384 140
385 326
385 386
386 118
387 388
387 443
388 158
389 101
389 390
390 304
391 81
391 392
392 216
393 394
393 473
394 531
395 396
395 408
396 366
397 289
397 398
398 459
399 102
399 400
400 430
401 323
401 402
402 455
403 404
403 411
404 185
405 406
405 418
406 258
407 69
407 408
408 514
409 410
409 552
410 168
411 412
411 581
412 290
413 414
413 467
414 368
415 259
415 416
416 357
417 17
417 418
418 322
419 420
419 583
420 99
421 422
421 504
422 38
423 122
423 424
424 11
425 426
425 580
426 472
427 36
427 428
428 342
429 430
429 468
430 432
431 255
431 432
432 292
433 395
433 434
434 511
435 148
435 436
436 60
437 351
437 438
438 57
439 440
439 527
440 141
441 398
441 442
442 137
443 43
443 444
444 520
445 117
445 446
446 222
447 378
447 448
448 1
449 213
449 450
450 332
451 397
451 452
452 9
453 180
453 454
454 594
455 444
455 456
456 517
457 46
457 458
458 374
459 275
459 460
460 125
461 439
461 462
462 339
463 464
463 567
464 218
465 313
465 466
466 502
467 235
467 468
468 104
469 273
469 470
470 604
471 224
471 472
472 159
473 15
473 474
474 528
475 328
475 476
476 518
477 9
477 478
478 65
479 306
479 480
480 105
481 189
481 482
482 295
483 223
483 484
484 68
485 486
485 573
486 536
487 483
487 488
488 163
489 329
489 490
490 16
491 151
491 492
492 524
493 494
493 562
494 591
495 496
495 535
496 426
497 377
497 498
498 26
499 477
499 500
500 138
501 29
501 502
502 516
503 504
503 589
504 599
505 344
505 506
506 88
507 169
507 508
508 510
509 481
509 510
510 270
511 359
511 512
512 501
513 129
513 514
514 542
515 404
515 516
516 268
517 518
517 538
518 453
519 95
519 520
520 186
521 385
521 522
522 244
523 391
523 524
524 133
525 271
525 526
526 56
527 415
527 528
528 21
529 59
529 530
530 560
531 341
531 532
532 405
533 305
533 534
534 281
535 437
535 536
536 245
537 538
537 586
538 6
539 53
539 540
540 206
541 184
541 542
542 160
543 47
543 544
544 446
545 239
545 546
546 434
547 111
547 548
548 598
549 521
549 550
550 425
551 416
551 552
552 512
553 379
553 554
554 236
555 215
555 556
556 170
557 254
557 558
558 380
559 73
559 560
560 247
561 513
561 562
562 585
563 400
563 564
564 198
565 260
565 566
566 146
567 503
567 568
568 202
569 28
569 570
570 475
571 67
571 572
572 300
573 330
573 574
574 394
575 354
575 576
576 506
577 319
577 578
578 568
579 389
579 580
580 252
581 441
581 582
582 182
583 449
583 584
584 406
585 312
585 586
586 42
587 451
587 588
588 445
589 587
589 590
590 431
591 559
591 592
592 596
593 346
593 594
594 324
595 12
595 596
596 356
597 486
597 598
598 127
599 361
599 600
600 363
601 561
601 602
602 325
603 494
603 604
604 200
605 161
605 606
606 578
607 285
607 608
608 489
609 450
609 610
610 192
611 333
611 612
612 197
613 77
613 614
614 228
