0 29
0 99
2 294
2 314
3 379
3 483
4 439
4 491
6 393
5 536
7 59
7 462
8 428
8 470
9 594
10 319
13 104
13 419
15 240
15 440
17 81
17 138
19 154
19 220
21 310
21 434
23 24
23 284
24 317
25 26
25 465
26 124
27 28
27 504
28 598
29 30
29 549
30 143
31 32
31 100
32 522
33 34
33 596
34 56
35 36
35 361
36 556
37 38
37 475
38 202
39 40
39 190
40 362
41 42
41 525
42 528
43 44
43 285
44 382
45 46
45 407
46 171
47 48
47 118
48 148
49 50
49 346
50 185
51 52
51 355
52 262
53 54
53 135
54 573
55 56
55 189
56 325
57 58
57 397
58 52
59 60
59 584
60 376
61 62
61 333
62 502
63 64
63 293
64 19
65 66
65 585
66 25
67 60
67 68
68 416
69 70
69 567
70 377
71 72
71 273
72 507
73 74
73 512
74 116
75 76
75 412
76 85
77 78
77 196
78 40
79 80
79 589
80 515
81 82
81 575
82 554
83 84
83 292
84 174
85 86
85 427
86 478
87 88
87 605
88 347
89 90
89 410
90 334
91 92
91 443
92 592
93 94
93 239
94 413
95 96
95 582
96 44
97 73
97 98
98 296
99 100
99 473
100 288
101 17
101 102
102 127
103 104
103 409
104 203
105 106
105 380
106 309
107 49
107 108
108 45
109 110
109 587
110 328
111 112
111 117
112 110
113 3
113 114
114 173
115 97
115 116
116 343
117 118
117 452
118 529
119 120
119 553
120 140
121 122
121 542
122 332
123 124
123 400
124 204
125 126
125 459
126 500
127 14
127 128
128 95
129 130
129 603
130 396
131 132
131 476
132 601
133 134
133 165
134 546
135 136
135 479
136 481
137 138
137 300
138 96
139 140
139 207
140 7
141 142
141 580
142 72
143 144
143 611
144 188
145 146
145 445
146 156
147 148
147 353
148 401
149 150
149 555
150 67
151 152
151 280
152 92
153 154
153 306
154 274
155 156
155 257
156 430
157 158
157 230
158 64
159 160
159 330
160 279
161 162
161 191
162 488
163 164
163 341
164 610
165 129
165 166
166 303
167 168
167 561
168 238
169 170
169 449
170 267
171 126
171 172
172 532
173 163
173 174
174 613
175 5
175 176
176 21
177 75
177 178
178 77
179 180
179 304
180 22
181 23
181 182
182 201
183 184
183 579
184 249
185 186
185 248
186 168
187 188
187 277
188 226
189 63
189 190
190 456
191 76
191 192
192 370
193 194
193 366
194 9
195 196
195 199
196 166
197 198
197 363
198 487
199 200
199 331
200 298
201 202
201 423
202 111
203 102
203 204
204 356
205 206
205 313
206 212
207 198
207 208
208 448
209 210
209 436
210 387
211 212
211 537
212 172
213 214
213 499
214 223
215 179
215 216
216 34
217 218
217 329
218 497
219 142
219 220
220 486
221 222
221 312
222 58
223 224
223 340
224 608
225 226
225 265
226 245
227 228
227 345
228 36
229 4
229 230
230 604
231 232
231 577
232 336
233 57
233 234
234 568
235 132
235 236
236 562
237 238
237 295
238 543
239 240
239 261
240 482
241 219
241 242
242 403
243 123
243 244
244 320
245 246
245 514
246 42
247 41
247 248
248 433
249 250
249 463
250 108
251 252
251 480
252 266
253 254
253 606
254 90
255 256
255 326
256 68
257 217
257 258
258 88
259 26
259 260
260 145
261 262
261 493
262 39
263 205
263 264
264 349
265 266
265 425
266 569
267 268
267 474
268 472
269 6
269 270
270 318
271 272
271 441
272 234
273 274
273 545
274 28
275 276
275 501
276 8
277 200
277 278
278 121
279 186
279 280
280 418
281 282
281 365
282 32
283 284
283 484
284 385
285 286
285 533
286 437
287 43
287 288
288 563
289 290
289 523
290 530
291 292
291 503
292 137
293 294
293 498
294 275
295 296
295 305
296 578
297 298
297 557
298 250
299 300
299 467
300 51
301 302
301 471
302 268
303 210
303 304
304 48
305 306
305 468
306 438
307 47
307 308
308 358
309 86
309 310
310 259
311 312
311 607
312 435
313 227
313 314
314 105
315 316
315 321
316 521
317 136
317 318
318 492
319 78
319 320
320 112
321 6
321 322
322 228
323 324
323 351
324 588
325 152
325 326
326 581
327 114
327 328
328 466
329 263
329 330
330 415
331 332
331 551
332 11
333 89
333 334
334 566
335 133
335 336
336 66
337 158
337 338
338 153
339 283
339 340
340 388
341 237
341 342
342 50
343 344
343 348
344 354
345 103
345 346
346 299
347 247
347 348
348 216
349 350
349 457
350 576
351 352
351 469
352 82
353 354
353 374
354 12
355 241
355 356
356 46
357 315
357 358
358 15
359 62
359 360
360 420
361 362
361 408
362 337
363 364
363 517
364 176
365 182
365 366
366 184
367 368
367 447
368 252
369 370
369 524
370 194
371 372
371 544
372 122
373 253
373 374
374 406
375 352
375 376
376 302
377 290
377 378
378 10
379 229
379 380
380 572
381 335
381 382
382 338
383 384
383 513
384 242
385 386
385 477
386 565
387 388
387 531
388 602
389 367
389 390
390 278
391 392
391 395
392 464
393 161
393 394
394 120
395 69
395 396
396 214
397 119
397 398
398 159
399 357
399 400
400 495
401 1
401 402
402 151
403 404
403 552
404 2
405 225
405 406
406 131
407 327
407 408
408 27
409 410
409 583
410 550
411 213
411 412
412 291
413 91
413 414
414 146
415 416
415 612
416 490
417 418
417 424
418 256
419 106
419 420
420 222
421 10
421 422
422 344
423 232
423 424
424 83
425 264
425 426
426 282
427 428
427 506
428 224
429 430
429 547
430 534
431 432
431 505
432 378
433 434
433 511
434 360
435 101
435 436
436 307
437 369
437 438
438 454
439 373
439 440
440 392
441 442
441 595
442 281
443 444
443 526
444 342
445 446
445 570
446 520
447 448
447 593
448 600
449 5
449 450
450 130
451 107
451 452
452 398
453 389
453 454
454 244
455 31
455 456
456 192
457 324
457 458
458 20
459 35
459 460
460 115
461 125
461 462
462 98
463 464
463 599
464 372
465 323
465 466
466 18
467 431
467 468
468 218
469 193
469 470
470 270
471 391
471 472
472 548
473 87
473 474
474 24
475 147
475 476
476 243
477 175
477 478
478 364
479 169
479 480
480 297
481 141
481 482
482 255
483 71
483 484
484 311
485 65
485 486
486 128
487 109
487 488
488 432
489 386
489 490
490 236
491 53
491 492
492 614
493 381
493 494
494 221
495 160
495 496
496 527
497 211
497 498
498 609
499 113
499 500
500 180
501 502
501 586
502 254
503 170
503 504
504 359
505 231
505 506
506 494
507 384
507 508
508 38
509 289
509 510
510 251
511 157
511 512
512 9
513 149
513 514
514 404
515 516
515 564
516 215
517 79
517 518
518 84
519 405
519 520
520 460
521 33
521 522
522 70
523 183
523 524
524 269
525 526
525 540
526 508
527 322
527 528
528 414
529 167
529 530
530 446
531 375
531 532
532 574
533 339
533 534
534 458
535 429
535 536
536 258
537 55
537 538
538 276
539 451
539 540
540 286
541 442
541 542
542 208
543 260
543 544
544 422
545 271
545 546
546 235
547 383
547 548
548 461
549 209
549 550
550 94
551 541
551 552
552 558
553 554
553 590
554 455
555 411
555 556
556 368
557 30
557 558
558 519
559 402
559 560
560 246
561 496
561 562
562 272
563 564
563 591
564 301
565 54
565 566
566 444
567 37
567 568
568 162
569 516
569 570
570 426
571 181
571 572
572 178
573 518
573 574
574 390
575 187
575 576
576 559
577 93
577 578
578 421
579 197
579 580
580 233
581 16
581 582
582 560
583 571
583 584
584 80
585 139
585 586
586 394
587 287
587 588
588 399
589 535
589 590
590 539
591 489
591 592
592 371
593 155
593 594
594 308
595 485
595 596
596 206
597 150
597 598
598 74
599 510
599 600
600 350
601 61
601 602
602 164
603 195
603 604
604 538
605 509
605 606
606 453
607 177
607 608
608 13
609 144
609 610
610 597
611 417
611 612
612 450
613 134
613 614
614 316
