0 103
0 149
1 497
1 601
2 337
2 381
3 416
3 549
4 93
4 124
5 324
6 299
9 273
9 516
10 272
10 429
11 506
12 140
15 204
15 426
17 205
17 508
19 67
19 90
21 84
21 395
23 24
23 129
24 542
25 26
25 340
26 295
27 28
27 159
28 277
29 30
29 126
30 184
31 32
31 81
32 275
33 26
33 34
34 345
35 36
35 145
36 505
37 38
37 441
38 86
39 40
39 371
40 259
41 42
41 478
42 556
43 44
43 341
44 510
45 46
45 517
46 446
47 48
47 460
48 469
49 5
49 50
50 420
51 52
51 424
52 56
53 40
53 54
54 141
55 56
55 347
56 229
57 58
57 319
58 452
59 60
59 327
60 178
61 62
61 288
62 215
63 64
63 418
64 354
65 66
65 488
66 121
67 68
67 169
68 125
69 70
69 316
70 536
71 72
71 457
72 154
73 74
73 427
74 560
75 27
75 76
76 7
77 78
77 113
78 60
79 51
79 80
80 411
81 82
81 501
82 423
83 84
83 572
84 246
85 86
85 450
86 12
87 88
87 358
88 62
89 90
89 116
90 520
91 92
91 368
92 588
93 94
93 323
94 197
95 96
95 243
96 585
97 98
97 281
98 370
99 100
99 114
100 254
101 102
101 135
102 186
103 104
103 287
104 528
105 106
105 303
106 553
107 108
107 519
108 162
109 104
109 110
110 73
111 44
111 112
112 320
113 114
113 189
114 110
115 116
115 206
116 30
117 118
117 301
118 498
119 120
119 483
120 89
121 122
121 280
122 115
123 124
123 579
124 83
125 126
125 407
126 28
127 32
127 128
128 120
129 101
129 130
130 314
131 132
131 414
132 561
133 134
133 581
134 58
135 136
135 315
136 369
137 138
137 531
138 171
139 140
139 539
140 118
141 142
141 403
142 224
143 144
143 263
144 356
145 117
145 146
146 286
147 148
147 348
148 529
149 150
149 231
150 317
151 152
151 187
152 227
153 95
153 154
154 333
155 156
155 573
156 191
157 158
157 522
158 308
159 160
159 574
160 214
161 162
161 213
162 408
163 164
163 237
164 346
165 166
165 363
166 421
167 168
167 515
168 226
169 170
169 493
170 518
171 172
171 487
172 12
173 174
173 366
174 387
175 176
175 367
176 92
177 178
177 481
178 480
179 180
179 555
180 593
181 182
181 261
182 173
183 184
183 359
184 296
185 172
185 186
186 268
187 15
187 188
188 228
189 190
189 336
190 256
191 192
191 576
192 491
193 194
193 328
194 412
195 196
195 605
196 167
197 198
197 360
198 332
199 200
199 291
200 318
201 202
201 375
202 153
203 182
203 204
204 329
205 206
205 257
206 444
207 208
207 410
208 614
209 122
209 210
210 397
211 212
211 600
212 236
213 214
213 545
214 474
215 6
215 216
216 388
217 218
217 467
218 63
219 220
219 565
220 209
221 222
221 451
222 477
223 160
223 224
224 217
225 226
225 611
226 566
227 228
227 431
228 533
229 80
229 230
230 146
231 232
231 597
232 591
233 234
233 258
234 252
235 236
235 482
236 64
237 238
237 557
238 292
239 240
239 503
240 554
241 18
241 242
242 456
243 244
243 394
244 76
245 246
245 321
246 311
247 248
247 285
248 279
249 250
249 526
250 13
251 252
251 486
252 534
253 254
253 448
254 404
255 256
255 603
256 377
257 258
257 447
258 179
259 260
259 445
260 34
261 39
261 262
262 390
263 150
263 264
264 41
265 79
265 266
266 11
267 268
267 392
268 479
269 270
269 385
270 156
271 272
271 500
272 325
273 274
273 570
274 230
275 276
275 379
276 449
277 48
277 278
278 293
279 280
279 376
280 602
281 70
281 282
282 466
283 175
283 284
284 82
285 36
285 286
286 492
287 219
287 288
288 335
289 266
289 290
290 378
291 292
291 571
292 350
293 274
293 294
294 490
295 296
295 546
296 144
297 298
297 511
298 245
299 151
299 300
300 544
301 302
301 400
302 586
303 304
303 338
304 49
305 302
305 306
306 98
307 131
307 308
308 312
309 310
309 419
310 119
311 312
311 422
312 326
313 314
313 587
314 342
315 221
315 316
316 417
317 251
317 318
318 294
319 320
319 507
320 21
321 25
321 322
322 365
323 45
323 324
324 212
325 225
325 326
326 16
327 284
327 328
328 11
329 330
329 458
330 428
331 332
331 461
332 244
333 334
333 352
334 578
335 336
335 389
336 297
337 267
337 338
338 211
339 340
339 380
340 304
341 289
341 342
342 472
343 202
343 344
344 137
345 346
345 462
346 166
347 348
347 525
348 527
349 152
349 350
350 589
351 352
351 513
352 109
353 75
353 354
354 406
355 29
355 356
356 176
357 358
357 415
358 106
359 195
359 360
360 524
361 362
361 443
362 164
363 139
363 364
364 562
365 200
365 366
366 495
367 368
367 547
368 24
369 370
369 432
370 455
371 207
371 372
372 52
373 260
373 374
374 47
375 283
375 376
376 198
377 378
377 550
378 22
379 105
379 380
380 147
381 133
381 382
382 374
383 307
383 384
384 471
385 59
385 386
386 552
387 388
387 537
388 232
389 390
389 459
390 269
391 331
391 392
392 609
393 394
393 453
394 177
395 68
395 396
396 5
397 188
397 398
398 130
399 35
399 400
400 155
401 402
401 590
402 468
403 404
403 509
404 543
405 23
405 406
406 592
407 238
407 408
408 485
409 2
409 410
410 31
411 111
411 412
412 436
413 233
413 414
414 568
415 339
415 416
416 598
417 123
417 418
418 470
419 383
419 420
420 313
421 422
421 442
422 42
423 424
423 538
424 193
425 235
425 426
426 190
427 353
427 428
428 608
429 199
429 430
430 523
431 432
431 484
432 72
433 161
433 434
434 476
435 148
435 436
436 384
437 438
437 464
438 128
439 440
439 567
440 216
441 351
441 442
442 74
443 57
443 444
444 372
445 54
445 446
446 264
447 87
447 448
448 220
449 194
449 450
450 50
451 96
451 452
452 580
453 454
453 499
454 435
455 158
455 456
456 46
457 458
457 463
458 53
459 55
459 460
460 610
461 17
461 462
462 271
463 433
463 464
464 88
465 6
465 466
466 355
467 468
467 558
468 298
469 223
469 470
470 14
471 438
471 472
472 242
473 391
473 474
474 78
475 393
475 476
476 575
477 240
477 478
478 8
479 300
479 480
480 604
481 10
481 482
482 373
483 99
483 484
484 136
485 185
485 486
486 401
487 434
487 488
488 502
489 330
489 490
490 241
491 386
491 492
492 532
493 165
493 494
494 210
495 157
495 496
496 290
497 399
497 498
498 218
499 181
499 500
500 19
501 1
501 502
502 322
503 439
503 504
504 4
505 437
505 506
506 489
507 508
507 521
508 535
509 510
509 613
510 514
511 454
511 512
512 255
513 3
513 514
514 551
515 174
515 516
516 265
517 518
517 583
518 168
519 247
519 520
520 20
521 132
521 522
522 85
523 504
523 524
524 405
525 37
525 526
526 465
527 344
527 528
528 180
529 69
529 530
530 248
531 430
531 532
532 38
533 305
533 534
534 142
535 536
535 584
536 9
537 94
537 538
538 143
539 112
539 540
540 548
541 409
541 542
542 306
543 278
543 544
544 91
545 61
545 546
546 276
547 239
547 548
548 594
549 196
549 550
550 170
551 102
551 552
552 612
553 554
553 569
554 540
555 475
555 556
556 496
557 77
557 558
558 192
559 494
559 560
560 402
561 562
561 607
562 138
563 349
563 564
564 396
565 541
565 566
566 253
567 473
567 568
568 599
569 343
569 570
570 310
571 183
571 572
572 364
573 361
573 574
574 606
575 208
575 576
576 282
577 33
577 578
578 596
579 580
579 582
580 97
581 201
581 582
582 595
583 249
583 584
584 65
585 107
585 586
586 382
587 100
587 588
588 398
589 559
589 590
590 270
591 262
591 592
592 530
593 512
593 594
594 334
595 563
595 596
596 250
597 413
597 598
598 564
599 127
599 600
600 134
601 357
601 602
602 222
603 577
603 604
604 234
605 203
605 606
606 425
607 71
607 608
608 66
609 309
609 610
610 108
611 43
611 612
612 362
613 163
613 614
614 440
