0 369
0 486
2 29
2 102
3 151
3 443
4 71
4 411
5 416
6 83
8 295
8 469
9 109
9 286
10 398
10 515
11 368
12 128
15 65
15 440
17 43
17 110
19 252
19 464
21 455
21 551
23 24
23 263
24 193
25 26
25 433
26 445
27 28
27 301
28 222
29 30
29 545
30 67
31 32
31 466
32 208
33 34
33 347
34 324
35 36
35 118
36 289
37 38
37 53
38 144
39 40
39 237
40 537
41 42
41 597
42 538
43 44
43 298
44 274
45 46
45 534
46 275
47 48
47 161
48 50
49 50
49 459
50 28
51 52
51 134
52 567
53 54
53 269
54 139
55 56
55 321
56 78
57 58
57 428
58 196
59 60
59 115
60 48
61 24
61 62
62 135
63 64
63 488
64 293
65 66
65 516
66 72
67 68
67 418
68 552
69 70
69 586
70 553
71 72
71 361
72 90
73 74
73 160
74 254
75 49
75 76
76 595
77 78
77 345
78 294
79 80
79 99
80 366
81 82
81 165
82 386
83 84
83 563
84 248
85 86
85 308
86 105
87 88
87 503
88 305
89 90
89 427
90 88
91 92
91 419
92 566
93 94
93 212
94 474
95 96
95 132
96 332
97 41
97 98
98 453
99 12
99 100
100 113
101 102
101 359
102 127
103 104
103 319
104 307
105 106
105 568
106 235
107 108
107 247
108 253
109 110
109 470
110 18
111 112
111 412
112 544
113 34
113 114
114 517
115 116
115 340
116 594
117 118
117 150
118 123
119 120
119 145
120 326
121 122
121 291
122 32
123 124
123 426
124 532
125 126
125 529
126 540
127 128
127 249
128 257
129 63
129 130
130 336
131 132
131 337
132 341
133 134
133 590
134 465
135 136
135 320
136 283
137 138
137 601
138 591
139 140
139 166
140 142
141 25
141 142
142 328
143 144
143 581
144 535
145 146
145 513
146 508
147 148
147 541
148 164
149 150
149 543
150 613
151 152
151 417
152 536
153 154
153 316
154 580
155 156
155 598
156 56
157 158
157 364
158 100
159 160
159 292
160 156
161 162
161 170
162 213
163 164
163 402
164 238
165 166
165 397
166 239
167 168
167 384
168 583
169 170
169 547
170 271
171 172
171 303
172 264
173 174
173 557
174 288
175 176
175 496
176 124
177 111
177 178
178 495
179 180
179 401
180 42
181 182
181 382
182 476
183 184
183 195
184 152
185 61
185 186
186 300
187 185
187 188
188 481
189 60
189 190
190 344
191 192
191 268
192 436
193 168
193 194
194 599
195 162
195 196
196 76
197 198
197 309
198 600
199 200
199 322
200 20
201 197
201 202
202 542
203 204
203 219
204 122
205 206
205 245
206 394
207 208
207 226
208 593
209 210
209 477
210 11
211 209
211 212
212 355
213 214
213 497
214 408
215 216
215 351
216 430
217 218
217 499
218 270
219 220
219 482
220 92
221 21
221 222
222 244
223 224
223 339
224 246
225 6
225 226
226 117
227 204
227 228
228 429
229 62
229 230
230 125
231 232
231 255
232 14
233 234
233 485
234 214
235 236
235 518
236 472
237 211
237 238
238 203
239 95
239 240
240 5
241 242
241 348
242 189
243 93
243 244
244 380
245 246
245 571
246 175
247 101
247 248
248 206
249 250
249 267
250 171
251 252
251 277
252 140
253 254
253 609
254 494
255 256
255 524
256 560
257 258
257 279
258 35
259 27
259 260
260 420
261 262
261 423
262 413
263 107
263 264
264 323
265 266
265 528
266 520
267 268
267 483
268 103
269 30
269 270
270 126
271 265
271 272
272 256
273 251
273 274
274 192
275 276
275 579
276 448
277 26
277 278
278 44
279 280
279 375
280 374
281 215
281 282
282 174
283 284
283 533
284 172
285 286
285 387
286 577
287 258
287 288
288 422
289 227
289 290
290 353
291 292
291 331
292 51
293 54
293 294
294 130
295 296
295 510
296 158
297 298
297 607
298 80
299 2
299 300
300 133
301 302
301 521
302 546
303 304
303 403
304 424
305 306
305 406
306 478
307 308
307 489
308 12
309 310
309 330
310 313
311 89
311 312
312 381
313 106
313 314
314 13
315 316
315 391
316 22
317 231
317 318
318 604
319 320
319 409
320 383
321 242
321 322
322 220
323 228
323 324
324 138
325 326
325 446
326 493
327 328
327 509
328 73
329 3
329 330
330 373
331 332
331 468
332 576
333 284
333 334
334 176
335 98
335 336
336 120
337 338
337 461
338 262
339 340
339 376
340 462
341 342
341 350
342 31
343 344
343 451
344 410
345 346
345 549
346 114
347 348
347 569
348 449
349 350
349 405
350 207
351 129
351 352
352 414
353 354
353 612
354 400
355 356
355 507
356 11
357 97
357 358
358 177
359 299
359 360
360 310
361 261
361 362
362 79
363 364
363 561
364 447
365 266
365 366
366 592
367 146
367 368
368 116
369 91
369 370
370 141
371 297
371 372
372 484
373 229
373 374
374 558
375 223
375 376
376 173
377 217
377 378
378 335
379 39
379 380
380 296
381 382
381 490
382 199
383 384
383 608
384 33
385 75
385 386
386 282
387 388
387 584
388 393
389 148
389 390
390 407
391 392
391 531
392 218
393 394
393 435
394 343
395 388
395 396
396 104
397 186
397 398
398 52
399 400
399 512
400 614
401 402
401 525
402 86
403 404
403 480
404 432
405 273
405 406
406 184
407 45
407 408
408 431
409 329
409 410
410 19
411 412
411 467
412 233
413 414
413 564
414 502
415 46
415 416
416 573
417 143
417 418
418 188
419 420
419 457
420 314
421 422
421 439
422 94
423 421
423 424
424 365
425 278
425 426
426 356
427 357
427 428
428 371
429 430
429 588
430 575
431 74
431 432
432 224
433 358
433 434
434 64
435 436
435 450
436 232
437 57
437 438
438 287
439 440
439 456
440 596
441 442
441 603
442 68
443 243
443 444
444 250
445 137
445 446
446 396
447 96
447 448
448 112
449 395
449 450
450 9
451 178
451 452
452 200
453 434
453 454
454 582
455 38
455 456
456 167
457 458
457 487
458 318
459 315
459 460
460 216
461 6
461 462
462 15
463 84
463 464
464 272
465 466
465 473
466 236
467 370
467 468
468 363
469 47
469 470
470 58
471 377
471 472
472 442
473 205
473 474
474 565
475 476
475 555
476 82
477 478
477 514
478 504
479 311
479 480
480 70
481 149
481 482
482 415
483 179
483 484
484 182
485 486
485 523
486 312
487 23
487 488
488 346
489 87
489 490
490 36
491 40
491 492
492 276
493 234
493 494
494 574
495 496
495 559
496 181
497 498
497 605
498 550
499 425
499 500
500 7
501 471
501 502
502 404
503 438
503 504
504 572
505 506
505 562
506 362
507 491
507 508
508 285
509 119
509 510
510 183
511 281
511 512
512 342
513 514
513 527
514 334
515 325
515 516
516 17
517 444
517 518
518 602
519 201
519 520
520 554
521 4
521 522
522 169
523 221
523 524
524 131
525 479
525 526
526 378
527 437
527 528
528 589
529 498
529 530
530 10
531 37
531 532
532 610
533 367
533 534
534 290
535 77
535 536
536 163
537 147
537 538
538 548
539 519
539 540
540 452
541 317
541 542
542 241
543 108
543 544
544 198
545 259
545 546
546 180
547 81
547 548
548 390
549 505
549 550
550 522
551 187
551 552
552 458
553 302
553 554
554 360
555 225
555 556
556 210
557 463
557 558
558 55
559 69
559 560
560 460
561 349
561 562
562 539
563 8
563 564
564 202
565 500
565 566
566 392
567 85
567 568
568 157
569 379
569 570
570 352
571 530
571 572
572 606
573 492
573 574
574 399
575 570
575 576
576 556
577 66
577 578
578 5
579 333
579 580
580 190
581 194
581 582
582 578
583 389
583 584
584 159
585 191
585 586
586 59
587 506
587 588
588 304
589 136
589 590
590 338
591 501
591 592
592 155
593 306
593 594
594 260
595 587
595 596
596 280
597 121
597 598
598 526
599 385
599 600
600 372
601 327
601 602
602 153
603 475
603 604
604 354
605 230
605 606
606 1
607 585
607 608
608 441
609 610
609 611
610 240
611 511
611 612
612 454
613 154
613 614
614 16
