0 94
0 163
1 127
1 149
2 450
2 469
3 126
3 547
4 349
4 410
5 544
6 484
9 167
9 589
11 294
10 204
10 518
12 80
15 221
15 481
17 265
17 543
19 239
19 530
21 22
21 171
23 24
23 87
24 97
25 26
25 42
26 373
27 28
27 214
28 182
29 30
29 532
30 384
31 32
31 247
32 318
33 34
33 593
34 603
35 36
35 441
36 19
37 38
37 465
38 296
39 40
39 347
40 329
41 42
41 440
42 143
43 44
43 203
44 577
45 46
45 537
46 557
47 48
47 365
48 5
49 50
49 140
50 183
51 52
51 409
52 170
53 41
53 54
54 274
55 56
55 507
56 220
57 58
57 510
58 160
59 60
59 301
60 482
61 62
61 502
62 335
63 64
63 241
64 498
65 66
65 559
66 322
67 68
67 330
68 16
69 70
69 416
70 522
71 72
71 287
72 219
73 74
73 548
74 292
75 76
75 411
76 72
77 78
77 89
78 570
79 80
79 108
80 14
81 82
81 607
82 468
83 84
83 261
84 350
85 39
85 86
86 364
87 88
87 263
88 429
89 90
89 319
90 92
91 92
91 184
92 351
93 94
93 389
94 187
95 96
95 609
96 562
97 77
97 98
98 355
99 100
99 380
100 147
101 102
101 131
102 256
103 104
103 439
104 596
105 106
105 487
106 199
107 108
107 390
108 523
109 110
109 290
110 253
111 112
111 581
112 61
113 114
113 306
114 402
115 116
115 427
116 500
117 118
117 358
118 58
119 120
119 467
120 534
121 122
121 432
122 382
123 23
123 124
124 310
125 126
125 285
126 299
127 95
127 128
128 29
129 130
129 169
130 158
131 132
131 454
132 110
133 134
133 503
134 101
135 136
135 361
136 100
137 138
137 433
138 30
139 140
139 478
140 231
141 137
141 142
142 178
143 144
143 568
144 311
145 146
145 462
146 166
147 148
147 242
148 430
149 150
149 601
150 267
151 40
151 152
152 578
153 154
153 509
154 563
155 156
155 495
156 60
157 158
157 486
158 210
159 160
159 362
160 414
161 162
161 202
162 567
163 164
163 445
164 168
165 166
165 367
166 122
167 168
167 490
168 6
169 50
169 170
170 67
171 172
171 404
172 289
173 174
173 298
174 5
175 55
175 176
176 456
177 73
177 178
178 463
179 152
179 180
180 276
181 119
181 182
182 408
183 6
183 184
184 12
185 186
185 528
186 54
187 188
187 377
188 91
189 190
189 313
190 151
191 192
191 457
192 75
193 194
193 257
194 572
195 196
195 206
196 341
197 198
197 515
198 612
199 136
199 200
200 560
201 202
201 353
202 198
203 204
203 223
204 473
205 176
205 206
206 508
207 141
207 208
208 451
209 210
209 575
210 236
211 107
211 212
212 504
213 1
213 214
214 207
215 9
215 216
216 218
217 218
217 246
218 174
219 205
219 220
220 62
221 222
221 386
222 8
223 224
223 332
224 464
225 226
225 525
226 475
227 196
227 228
228 234
229 135
229 230
230 83
231 232
231 417
232 546
233 21
233 234
234 533
235 121
235 236
236 506
237 125
237 238
238 228
239 240
239 345
240 356
241 123
241 242
242 25
243 230
243 244
244 588
245 181
245 246
246 455
247 248
247 540
248 11
249 250
249 348
250 224
251 252
251 520
252 124
253 254
253 610
254 11
255 215
255 256
256 20
257 237
257 258
258 57
259 260
259 342
260 470
261 262
261 549
262 436
263 264
263 273
264 446
265 266
265 501
266 552
267 268
267 571
268 250
269 270
269 277
270 18
271 76
271 272
272 248
273 274
273 551
274 597
275 24
275 276
276 394
277 278
277 302
278 556
279 161
279 280
280 606
281 84
281 282
282 564
283 36
283 284
284 586
285 286
285 400
286 7
287 288
287 317
288 435
289 290
289 343
290 460
291 85
291 292
292 511
293 264
293 294
294 200
295 296
295 591
296 388
297 201
297 298
298 474
299 189
299 300
300 99
301 113
301 302
302 180
303 304
303 413
304 79
305 2
305 306
306 459
307 96
307 308
308 538
309 310
309 366
310 51
311 312
311 357
312 254
313 314
313 363
314 44
315 316
315 529
316 13
317 98
317 318
318 583
319 153
319 320
320 334
321 322
321 421
322 598
323 324
323 403
324 314
325 175
325 326
326 283
327 328
327 415
328 116
329 330
329 483
330 527
331 332
331 383
332 177
333 334
333 569
334 614
335 65
335 336
336 114
337 291
337 338
338 466
339 297
339 340
340 128
341 342
341 368
342 476
343 106
343 344
344 496
345 284
345 346
346 604
347 229
347 348
348 308
349 350
349 471
350 553
351 352
351 555
352 422
353 354
353 585
354 66
355 155
355 356
356 312
357 358
357 526
358 565
359 360
359 379
360 238
361 362
361 539
362 35
363 364
363 573
364 281
365 366
365 385
366 197
367 331
367 368
368 226
369 307
369 370
370 398
371 81
371 372
372 280
373 148
373 374
374 268
375 69
375 376
376 156
377 139
377 378
378 304
379 380
379 545
380 190
381 145
381 382
382 370
383 384
383 602
384 134
385 333
385 386
386 461
387 64
387 388
388 146
389 390
389 519
390 105
391 88
391 392
392 115
393 165
393 394
394 138
395 396
395 485
396 592
397 244
397 398
398 580
399 191
399 400
400 401
401 309
401 402
402 120
403 404
403 605
404 45
405 212
405 406
406 346
407 111
407 408
408 396
409 410
409 491
410 325
411 243
411 412
412 376
413 414
413 558
414 320
415 173
415 416
416 438
417 63
417 418
418 53
419 344
419 420
420 512
421 157
421 422
422 576
423 90
423 424
424 316
425 426
425 444
426 185
427 112
427 428
428 272
429 46
429 430
430 542
431 359
431 432
432 418
433 434
433 443
434 594
435 262
435 436
436 574
437 56
437 438
438 86
439 440
439 480
440 536
441 442
441 494
442 514
443 381
443 444
444 535
445 446
445 587
446 447
447 192
447 448
448 566
449 337
449 450
450 479
451 452
451 493
452 216
453 295
453 454
454 208
455 193
455 456
456 582
457 104
457 458
458 338
459 328
459 460
460 28
461 423
461 462
462 164
463 458
463 464
464 352
465 150
465 466
466 550
467 49
467 468
468 453
469 395
469 470
470 117
471 303
471 472
472 375
473 144
473 474
474 369
475 360
475 476
476 12
477 275
477 478
478 213
479 431
479 480
480 93
481 133
481 482
482 584
483 407
483 484
484 235
485 486
485 595
486 300
487 488
487 517
488 541
489 315
489 490
490 442
491 489
491 492
492 10
493 227
493 494
494 600
495 225
495 496
496 38
497 37
497 498
498 109
499 159
499 500
500 266
501 3
501 502
502 232
503 4
503 504
504 340
505 179
505 506
506 286
507 371
507 508
508 324
509 17
509 510
510 70
511 420
511 512
512 516
513 499
513 514
514 561
515 59
515 516
516 488
517 437
517 518
518 260
519 15
519 520
520 217
521 129
521 522
522 424
523 521
523 524
524 102
525 399
525 526
526 259
527 26
527 528
528 448
529 82
529 530
530 43
531 271
531 532
532 74
533 278
533 534
534 406
535 531
535 536
536 326
537 305
537 538
538 34
539 323
539 540
540 327
541 222
541 542
542 194
543 32
543 544
544 282
545 33
545 546
546 472
547 548
547 611
548 505
549 279
549 550
550 492
551 188
551 552
552 354
553 428
553 554
554 405
555 425
555 556
556 154
557 288
557 558
558 269
559 132
559 560
560 258
561 172
561 562
562 240
563 186
563 564
564 579
565 195
565 566
566 392
567 378
567 568
568 142
569 339
569 570
570 209
571 249
571 572
572 524
573 27
573 574
574 31
575 372
575 576
576 387
577 426
577 578
578 554
579 78
579 580
580 590
581 252
581 582
582 613
583 434
583 584
584 130
585 103
585 586
586 397
587 449
587 588
588 497
589 245
589 590
590 118
591 513
591 592
592 412
593 47
593 594
594 321
595 477
595 596
596 251
597 452
597 598
598 48
599 293
599 600
600 270
601 599
601 602
602 162
603 52
603 604
604 419
605 233
605 606
606 374
607 393
607 608
608 211
609 255
609 610
610 336
611 71
611 612
612 391
613 608
613 614
614 68
