0 302
0 577
1 307
1 514
3 437
3 473
5 44
4 203
4 474
6 456
9 261
9 515
10 332
10 381
12 1
11 443
13 128
13 412
15 48
15 49
17 448
17 517
19 184
19 228
21 79
21 373
23 24
23 330
24 490
25 26
25 499
26 251
27 28
27 411
28 6
29 30
29 157
30 583
31 32
31 344
32 90
33 34
33 98
34 564
35 36
35 50
36 318
37 38
37 600
38 300
39 40
39 298
40 441
41 42
41 95
42 357
43 44
43 489
44 191
45 46
45 309
46 8
47 48
47 570
48 358
49 50
49 571
50 407
51 52
51 567
52 303
53 38
53 54
54 594
55 56
55 396
56 187
57 58
57 535
58 220
59 60
59 563
60 537
61 62
61 206
62 584
63 64
63 355
64 484
65 66
65 334
66 253
67 68
67 182
68 148
69 70
69 150
70 449
71 72
71 199
72 3
73 74
73 145
74 280
75 76
75 190
76 116
77 78
77 391
78 569
79 80
79 559
80 258
81 82
81 425
82 506
83 84
83 525
84 86
85 86
85 392
86 310
87 88
87 271
88 345
89 57
89 90
90 301
91 92
91 457
92 389
93 94
93 438
94 294
95 96
95 221
96 154
97 98
97 527
98 606
99 100
99 321
100 142
101 102
101 131
102 611
103 74
103 104
104 192
105 47
105 106
106 426
107 108
107 195
108 89
109 110
109 287
110 162
111 12
111 112
112 213
113 114
113 370
114 486
115 116
115 123
116 311
117 118
117 255
118 581
119 110
119 120
120 2
121 122
121 167
122 21
123 124
123 317
124 562
125 126
125 197
126 119
127 128
127 377
128 186
129 130
129 135
130 350
131 132
131 384
132 532
133 134
133 598
134 424
135 108
135 136
136 526
137 138
137 521
138 33
139 140
139 275
140 212
141 142
141 542
142 429
143 144
143 267
144 397
145 146
145 410
146 126
147 148
147 518
148 328
149 150
149 314
150 416
151 152
151 295
152 53
153 154
153 239
154 361
155 156
155 543
156 165
157 158
157 561
158 204
159 28
159 160
160 26
161 162
161 589
162 453
163 164
163 353
164 244
165 166
165 451
166 395
167 168
167 603
168 112
169 170
169 427
170 431
171 172
171 541
172 504
173 96
173 174
174 24
175 176
175 605
176 520
177 178
177 471
178 523
179 180
179 371
180 56
181 127
181 182
182 442
183 184
183 494
184 534
185 186
185 609
186 102
187 69
187 188
188 85
189 51
189 190
190 141
191 192
191 209
192 502
193 194
193 540
194 14
195 196
195 575
196 249
197 198
197 364
198 488
199 200
199 351
200 478
201 156
201 202
202 217
203 58
203 204
204 245
205 206
205 315
206 181
207 208
207 492
208 210
209 139
209 210
210 20
211 212
211 435
212 421
213 175
213 214
214 196
215 216
215 289
216 12
217 118
217 218
218 19
219 220
219 281
220 227
221 222
221 229
222 117
223 224
223 467
224 470
225 226
225 262
226 480
227 228
227 510
228 198
229 230
229 343
230 219
231 232
231 273
232 592
233 234
233 557
234 260
235 178
235 236
236 152
237 41
237 238
238 331
239 151
239 240
240 560
241 242
241 556
242 134
243 244
243 481
244 246
245 246
245 308
246 498
247 153
247 248
248 549
249 193
249 250
250 160
251 252
251 352
252 62
253 5
253 254
254 536
255 39
255 256
256 73
257 258
257 597
258 256
259 260
259 383
260 329
261 42
261 262
262 248
263 264
263 387
264 602
265 29
265 266
266 124
267 268
267 341
268 101
269 222
269 270
270 316
271 59
271 272
272 276
273 274
273 483
274 454
275 276
275 596
276 380
277 278
277 501
278 121
279 280
279 290
280 61
281 282
281 476
282 348
283 97
283 284
284 226
285 286
285 359
286 402
287 288
287 375
288 65
289 290
289 565
290 500
291 22
291 292
292 180
293 189
293 294
294 432
295 296
295 446
296 408
297 298
297 335
298 185
299 10
299 300
300 140
301 302
301 482
302 68
303 163
303 304
304 138
305 306
305 325
306 319
307 72
307 308
308 200
309 52
309 310
310 254
311 312
311 461
312 508
313 231
313 314
314 507
315 40
315 316
316 88
317 318
317 349
318 347
319 320
319 368
320 286
321 75
321 322
322 111
323 324
323 545
324 60
325 326
325 413
326 211
327 237
327 328
328 304
329 218
329 330
330 604
331 183
331 332
332 288
333 147
333 334
334 493
335 259
335 336
336 99
337 93
337 338
338 113
339 9
339 340
340 11
341 342
341 428
342 176
343 344
343 579
344 13
345 224
345 346
346 580
347 348
347 544
348 170
349 278
349 350
350 587
351 352
351 503
352 444
353 247
353 354
354 236
355 356
355 419
356 398
357 297
357 358
358 511
359 70
359 360
360 104
361 362
361 553
362 11
363 364
363 566
364 382
365 366
365 465
366 159
367 368
367 415
368 291
369 370
369 400
370 613
371 372
371 409
372 608
373 363
373 374
374 37
375 376
375 593
376 573
377 130
377 378
378 338
379 380
379 445
380 284
381 382
381 509
382 374
383 215
383 384
384 495
385 6
385 386
386 164
387 340
387 388
388 279
389 230
389 390
390 588
391 392
391 466
392 92
393 342
393 394
394 132
395 66
395 396
396 366
397 394
397 398
398 18
399 400
399 529
400 80
401 402
401 599
402 133
403 55
403 404
404 354
405 15
405 406
406 223
407 83
407 408
408 234
409 410
409 585
410 5
411 412
411 539
412 450
413 232
413 414
414 333
415 233
415 416
416 166
417 266
417 418
418 326
419 87
419 420
420 496
421 30
421 422
422 522
423 424
423 558
424 548
425 265
425 426
426 67
427 129
427 428
428 574
429 205
429 430
430 576
431 393
431 432
432 34
433 27
433 434
434 477
435 136
435 436
436 158
437 438
437 547
438 125
439 440
439 460
440 242
441 270
441 442
442 225
443 444
443 463
444 533
445 401
445 446
446 388
447 448
447 487
448 439
449 172
449 450
450 194
451 405
451 452
452 524
453 106
453 454
454 252
455 362
455 456
456 143
457 35
457 458
458 63
459 379
459 460
460 422
461 216
461 462
462 369
463 458
463 464
464 485
465 45
465 466
466 179
467 468
467 607
468 336
469 470
469 595
470 403
471 25
471 472
472 572
473 214
473 474
474 434
475 472
475 476
476 582
477 243
477 478
478 356
479 188
479 480
480 614
481 482
481 512
482 337
483 484
483 591
484 207
485 268
485 486
486 312
487 109
487 488
488 114
489 327
489 490
490 390
491 447
491 492
492 322
493 173
493 494
494 372
495 31
495 496
496 241
497 414
497 498
498 360
499 299
499 500
500 468
501 107
501 502
502 440
503 238
503 504
504 378
505 146
505 506
506 264
507 168
507 508
508 7
509 313
509 510
510 462
511 475
511 512
512 385
513 202
513 514
514 586
515 367
515 516
516 169
517 497
517 518
518 201
519 149
519 520
520 546
521 305
521 522
522 94
523 46
523 524
524 208
525 365
525 526
526 568
527 78
527 528
528 174
529 115
529 530
530 100
531 455
531 532
532 550
533 32
533 534
534 404
535 531
535 536
536 386
537 103
537 538
538 23
539 540
539 552
540 479
541 542
541 551
542 283
543 376
543 544
544 76
545 122
545 546
546 612
547 513
547 548
548 274
549 420
549 550
550 235
551 71
551 552
552 36
553 269
553 554
554 306
555 257
555 556
556 528
557 469
557 558
558 491
559 530
559 560
560 324
561 137
561 562
562 161
563 433
563 564
564 272
565 177
565 566
566 519
567 459
567 568
568 601
569 417
569 570
570 323
571 77
571 572
572 16
573 17
573 574
574 590
575 399
575 576
576 54
577 43
577 578
578 155
579 277
579 580
580 320
581 418
581 582
582 4
583 84
583 584
584 430
585 406
585 586
586 292
587 250
587 588
588 285
589 64
589 590
590 555
591 423
591 592
592 91
593 293
593 594
594 452
595 81
595 596
596 464
597 240
597 598
598 144
599 578
599 600
600 538
601 602
601 610
602 120
603 339
603 604
604 346
605 554
605 606
606 82
607 171
607 608
608 516
609 263
609 610
610 105
611 282
611 612
612 505
613 296
613 614
614 436
