0 77
0 591
3 549
3 569
4 274
4 319
5 398
6 423
7 64
7 527
8 391
8 465
10 300
9 141
11 190
11 497
13 177
13 277
15 82
15 546
17 450
17 519
19 552
19 580
21 325
21 336
23 24
23 614
24 214
25 26
25 378
26 384
27 28
27 286
28 187
29 30
29 603
30 75
31 2
31 32
32 108
33 34
33 582
34 370
35 36
35 433
36 29
37 38
37 524
38 606
39 40
39 566
40 278
41 42
41 244
42 560
43 44
43 193
44 312
45 46
45 47
46 236
47 48
47 317
48 281
49 50
49 322
50 149
51 52
51 555
52 565
53 54
53 597
54 83
55 54
55 56
56 167
57 58
57 571
58 23
59 60
59 330
60 385
61 62
61 525
62 205
63 64
63 467
64 56
65 66
65 211
66 213
67 68
67 461
68 324
69 70
69 613
70 314
71 72
71 409
72 353
73 74
73 351
74 542
75 76
75 381
76 41
77 78
77 105
78 217
79 80
79 124
80 374
81 82
81 510
82 352
83 84
83 572
84 598
85 86
85 375
86 536
87 88
87 532
88 9
89 90
89 308
90 414
91 92
91 107
92 452
93 94
93 453
94 95
95 96
95 488
96 407
97 6
97 98
98 268
99 100
99 243
100 511
101 102
101 434
102 49
103 104
103 368
104 487
105 106
105 479
106 359
107 108
107 225
108 122
109 110
109 495
110 191
111 112
111 459
112 106
113 114
113 605
114 201
115 116
115 436
116 38
117 118
117 146
118 328
119 120
119 137
120 132
121 122
121 218
122 426
123 124
123 249
124 326
125 126
125 165
126 446
127 128
127 296
128 9
129 130
129 221
130 254
131 132
131 197
132 247
133 134
133 508
134 297
135 136
135 307
136 470
137 138
137 485
138 265
139 140
139 492
140 454
141 81
141 142
142 302
143 43
143 144
144 473
145 146
145 155
146 588
147 148
147 587
148 424
149 150
149 563
150 422
151 152
151 195
152 25
153 154
153 365
154 92
155 152
155 156
156 486
157 143
157 158
158 154
159 160
159 583
160 327
161 162
161 457
162 367
163 44
163 164
164 270
165 166
165 599
166 174
167 168
167 440
168 472
169 170
169 289
170 55
171 91
171 172
172 501
173 126
173 174
174 570
175 176
175 523
176 500
177 178
177 535
178 506
179 180
179 594
180 358
181 182
181 410
182 5
183 99
183 184
184 272
185 184
185 186
186 212
187 118
187 188
188 204
189 4
189 190
190 577
191 192
191 350
192 39
193 13
193 194
194 24
195 196
195 291
196 104
197 198
197 589
198 364
199 200
199 415
200 612
201 175
201 202
202 564
203 204
203 406
204 408
205 206
205 273
206 387
207 73
207 208
208 432
209 210
209 448
210 464
211 212
211 309
212 493
213 214
213 288
214 595
215 216
215 574
216 413
217 218
217 442
218 200
219 220
219 389
220 163
221 171
221 222
222 517
223 189
223 224
224 5
225 226
225 592
226 402
227 131
227 228
228 399
229 230
229 275
230 305
231 111
231 232
232 556
233 234
233 478
234 306
235 236
235 531
236 186
237 8
237 238
238 405
239 142
239 240
240 15
241 242
241 245
242 45
243 67
243 244
244 379
245 246
245 361
246 110
247 97
247 248
248 258
249 250
249 382
250 392
251 252
251 340
252 332
253 130
253 254
254 276
255 256
255 366
256 85
257 3
257 258
258 600
259 260
259 593
260 116
261 159
261 262
262 284
263 264
263 435
264 58
265 266
265 502
266 608
267 268
267 373
268 299
269 270
269 462
270 19
271 272
271 601
272 145
273 274
273 534
274 120
275 276
275 313
276 27
277 220
277 278
278 282
279 280
279 505
280 388
281 282
281 575
282 20
283 62
283 284
284 474
285 286
285 533
286 101
287 87
287 288
288 343
289 7
289 290
290 360
291 115
291 292
292 393
293 285
293 294
294 179
295 296
295 323
296 341
297 298
297 602
298 14
299 100
299 300
300 550
301 194
301 302
302 412
303 112
303 304
304 607
305 306
305 443
306 1
307 241
307 308
308 60
309 293
309 310
310 79
311 312
311 521
312 86
313 314
313 466
314 182
315 219
315 316
316 311
317 318
317 596
318 372
319 320
319 480
320 514
321 169
321 322
322 354
323 255
323 324
324 94
325 240
325 326
326 520
327 320
327 328
328 150
329 119
329 330
330 347
331 332
331 545
332 121
333 235
333 334
334 283
335 199
335 336
336 250
337 231
337 338
338 573
339 340
339 439
340 522
341 185
341 342
342 148
343 344
343 490
344 469
345 346
345 507
346 516
347 348
347 349
348 458
349 279
349 350
350 280
351 352
351 401
352 456
353 339
353 354
354 558
355 321
355 356
356 96
357 138
357 358
358 604
359 294
359 360
360 238
361 129
361 362
362 540
363 61
363 364
364 491
365 366
365 489
366 513
367 172
367 368
368 53
369 342
369 370
370 210
371 71
371 372
372 181
373 290
373 374
374 209
375 18
375 376
376 40
377 378
377 416
378 334
379 170
379 380
380 114
381 382
381 451
382 32
383 337
383 384
384 482
385 386
385 611
386 301
387 388
387 428
388 230
389 215
389 390
390 10
391 264
391 392
392 117
393 203
393 394
394 26
395 260
395 396
396 140
397 398
397 481
398 581
399 400
399 418
400 348
401 383
401 402
402 559
403 404
403 471
404 298
405 59
405 406
406 429
407 188
407 408
408 136
409 17
409 410
410 180
411 362
411 412
412 134
413 237
413 414
414 202
415 416
415 437
416 315
417 222
417 418
418 226
419 420
419 541
420 411
421 422
421 504
422 68
423 33
423 424
424 430
425 426
425 509
426 42
427 127
427 428
428 292
429 78
429 430
430 34
431 331
431 432
432 84
433 434
433 539
434 515
435 363
435 436
436 52
437 153
437 438
438 271
439 229
439 440
440 512
441 35
441 442
442 380
443 395
443 444
444 28
445 63
445 446
446 586
447 448
447 475
448 369
449 333
449 450
450 460
451 452
451 567
452 476
453 103
453 454
454 173
455 65
455 456
456 166
457 458
457 529
458 102
459 447
459 460
460 295
461 335
461 462
462 162
463 123
463 464
464 376
465 466
465 526
466 261
467 468
467 483
468 206
469 196
469 470
470 156
471 252
471 472
472 234
473 474
473 562
474 192
475 338
475 476
476 538
477 478
477 548
478 578
479 269
479 480
480 609
481 357
481 482
482 31
483 227
483 484
484 16
485 486
485 543
486 10
487 70
487 488
488 579
489 161
489 490
490 551
491 310
491 492
492 390
493 48
493 494
494 568
495 36
495 496
496 499
497 228
497 498
498 444
499 76
499 500
500 404
501 417
501 502
502 547
503 72
503 504
504 403
505 178
505 506
506 251
507 147
507 508
508 248
509 510
509 610
510 420
511 22
511 512
512 37
513 66
513 514
514 21
515 128
515 516
516 133
517 518
517 537
518 438
519 69
519 520
520 90
521 57
521 522
522 477
523 93
523 524
524 356
525 125
525 526
526 561
527 30
527 528
528 344
529 441
529 530
530 259
531 151
531 532
532 431
533 109
533 534
534 253
535 449
535 536
536 303
537 355
537 538
538 256
539 207
539 540
540 232
541 542
541 553
542 554
543 135
543 544
544 585
545 386
545 546
546 396
547 548
547 557
548 287
549 223
549 550
550 74
551 242
551 552
552 498
553 267
553 554
554 168
555 316
555 556
556 346
557 216
557 558
558 233
559 419
559 560
560 50
561 530
561 562
562 304
563 198
563 564
564 164
565 544
565 566
566 484
567 157
567 568
568 98
569 345
569 570
570 6
571 425
571 572
572 528
573 371
573 574
574 518
575 468
575 576
576 224
577 12
577 578
578 266
579 80
579 580
580 176
581 160
581 582
582 400
583 496
583 584
584 139
585 397
585 586
586 262
587 89
587 588
588 494
589 329
589 590
590 377
591 257
591 592
592 183
593 113
593 594
594 463
595 427
595 596
596 239
597 88
597 598
598 318
599 445
599 600
600 144
601 455
601 602
602 421
603 51
603 604
604 576
605 46
605 606
606 584
607 246
607 608
608 394
609 263
609 610
610 158
611 503
611 612
612 208
613 590
613 614
614 11
