0 273
0 393
1 19
1 61
3 27
3 475
4 343
4 531
6 507
5 367
7 107
7 458
9 598
8 375
8 382
10 556
13 150
13 585
15 85
15 154
17 69
17 441
19 323
19 595
21 80
21 364
23 24
23 457
24 349
25 26
25 101
26 548
27 28
27 429
28 315
29 30
29 563
30 91
31 32
31 350
32 192
33 34
33 371
34 115
35 36
35 229
36 211
37 6
37 38
38 234
39 40
39 265
40 381
41 35
41 42
42 184
43 44
43 118
44 417
45 46
45 509
46 123
47 48
47 235
48 196
49 50
49 208
50 314
51 52
51 321
52 403
53 54
53 155
54 432
55 56
55 427
56 94
57 58
57 611
58 156
59 60
59 67
60 95
61 51
61 62
62 21
63 59
63 64
64 535
65 66
65 132
66 584
67 68
67 294
68 394
69 70
69 401
70 338
71 72
71 326
72 522
73 74
73 247
74 236
75 76
75 461
76 530
77 78
77 287
78 553
79 80
79 333
80 363
81 82
81 410
82 170
83 84
83 517
84 60
85 86
85 392
86 14
87 88
87 499
88 400
89 90
89 185
90 502
91 92
91 299
92 336
93 94
93 474
94 414
95 96
95 426
96 573
97 98
97 421
98 312
99 100
99 340
100 104
101 102
101 249
102 582
103 104
103 450
104 74
105 106
105 526
106 552
107 108
107 378
108 359
109 110
109 279
110 191
111 112
111 255
112 577
113 114
113 575
114 527
115 116
115 470
116 408
117 118
117 215
118 271
119 120
119 245
120 127
121 122
121 177
122 218
123 124
123 198
124 342
125 126
125 537
126 306
127 128
127 465
128 341
129 44
129 130
130 149
131 9
131 132
132 68
133 3
133 134
134 500
135 136
135 489
136 422
137 138
137 217
138 275
139 140
139 223
140 268
141 113
141 142
142 494
143 144
143 280
144 54
145 146
145 419
146 18
147 130
147 148
148 346
149 150
149 504
150 425
151 152
151 169
152 376
153 154
153 453
154 172
155 122
155 156
156 71
157 158
157 433
158 92
159 129
159 160
160 213
161 162
161 446
162 373
163 119
163 164
164 131
165 166
165 413
166 354
167 168
167 241
168 9
169 170
169 477
170 493
171 172
171 600
172 290
173 174
173 399
174 160
175 176
175 351
176 137
177 17
177 178
178 195
179 180
179 519
180 174
181 182
181 498
182 266
183 184
183 317
184 597
185 87
185 186
186 510
187 188
187 231
188 330
189 190
189 348
190 423
191 192
191 569
192 456
193 194
193 329
194 197
195 196
195 490
196 272
197 146
197 198
198 389
199 200
199 285
200 496
201 202
201 479
202 374
203 7
203 204
204 353
205 120
205 206
206 358
207 5
207 208
208 66
209 210
209 344
210 166
211 212
211 411
212 261
213 214
213 609
214 40
215 216
215 328
216 158
217 218
217 355
218 390
219 79
219 220
220 257
221 106
221 222
222 194
223 224
223 415
224 604
225 226
225 305
226 545
227 29
227 228
228 591
229 230
229 379
230 483
231 232
231 554
232 357
233 39
233 234
234 501
235 236
235 387
236 416
237 55
237 238
238 529
239 240
239 524
240 488
241 242
241 536
242 5
243 171
243 244
244 454
245 246
245 485
246 224
247 248
247 298
248 347
249 250
249 551
250 372
251 183
251 252
252 32
253 110
253 254
254 560
255 175
255 256
256 308
257 258
257 589
258 602
259 260
259 511
260 240
261 262
261 580
262 216
263 264
263 561
264 161
265 266
265 607
266 10
267 164
267 268
268 181
269 133
269 270
270 428
271 254
271 272
272 168
273 274
273 409
274 383
275 276
275 516
276 26
277 278
277 362
278 180
279 280
279 471
280 209
281 282
281 452
282 469
283 109
283 284
284 204
285 286
285 402
286 15
287 219
287 288
288 480
289 99
289 290
290 108
291 292
291 570
292 356
293 294
293 345
294 533
295 296
295 601
296 49
297 298
297 579
298 515
299 46
299 300
300 24
301 302
301 407
302 178
303 141
303 304
304 292
305 306
305 540
306 98
307 105
307 308
308 459
309 125
309 310
310 543
311 312
311 571
312 140
313 276
313 314
314 286
315 89
315 316
316 246
317 318
317 613
318 424
319 320
319 322
320 296
321 322
321 380
322 295
323 20
323 324
324 301
325 250
325 326
326 482
327 328
327 528
328 23
329 77
329 330
330 512
331 332
331 534
332 222
333 334
333 449
334 144
335 336
335 420
336 334
337 221
337 338
338 566
339 159
339 340
340 253
341 342
341 487
342 318
343 344
343 385
344 259
345 33
345 346
346 10
347 348
347 361
348 310
349 350
349 369
350 418
351 121
351 352
352 574
353 88
353 354
354 442
355 153
355 356
356 590
357 358
357 594
358 562
359 8
359 360
360 316
361 362
361 386
362 284
363 190
363 364
364 58
365 117
365 366
366 162
367 368
367 606
368 337
369 142
369 370
370 368
371 103
371 372
372 460
373 6
373 374
374 214
375 376
375 558
376 256
377 309
377 378
378 586
379 139
379 380
380 324
381 382
381 404
382 124
383 384
383 443
384 463
385 82
385 386
386 134
387 388
387 547
388 542
389 252
389 390
390 325
391 392
391 559
392 481
393 1
393 394
394 532
395 396
395 555
396 614
397 398
397 478
398 30
399 400
399 596
400 581
401 274
401 402
402 186
403 64
403 404
404 610
405 138
405 406
406 472
407 13
407 408
408 476
409 410
409 599
410 365
411 311
411 412
412 145
413 414
413 436
414 203
415 151
415 416
416 42
417 189
417 418
418 366
419 420
419 518
420 206
421 116
421 422
422 258
423 424
423 546
424 182
425 167
425 426
426 395
427 270
427 428
428 176
429 78
429 430
430 242
431 432
431 521
432 508
433 434
433 557
434 201
435 63
435 436
436 238
437 438
437 495
438 435
439 319
439 440
440 210
441 442
441 462
442 304
443 263
443 444
444 135
445 114
445 446
446 497
447 251
447 448
448 370
449 450
449 451
450 173
451 452
451 491
452 4
453 454
453 587
454 550
455 226
455 456
456 466
457 458
457 549
458 398
459 239
459 460
460 568
461 41
461 462
462 513
463 96
463 464
464 50
465 47
465 466
466 102
467 243
467 468
468 612
469 34
469 470
470 603
471 444
471 472
472 100
473 445
473 474
474 36
475 81
475 476
476 360
477 111
477 478
478 281
479 57
479 480
480 576
481 136
481 482
482 22
483 205
483 484
484 302
485 75
485 486
486 467
487 225
487 488
488 514
489 397
489 490
490 76
491 163
491 492
492 112
493 157
493 494
494 38
495 496
495 583
496 264
497 434
497 498
498 202
499 52
499 500
500 339
501 90
501 502
502 565
503 391
503 504
504 220
505 438
505 506
506 578
507 506
507 508
508 260
509 248
509 510
510 605
511 307
511 512
512 320
513 327
513 514
514 148
515 331
515 516
516 244
517 518
517 539
518 588
519 128
519 520
520 48
521 522
521 541
522 291
523 300
523 524
524 608
525 269
525 526
526 147
527 528
527 567
528 84
529 45
529 530
530 126
531 230
531 532
532 332
533 83
533 534
534 377
535 486
535 536
536 188
537 492
537 538
538 396
539 165
539 540
540 37
541 288
541 542
542 97
543 56
543 544
544 455
545 62
545 546
546 282
547 227
547 548
548 278
549 437
549 550
550 233
551 505
551 552
552 593
553 237
553 554
554 430
555 228
555 556
556 440
557 297
557 558
558 520
559 439
559 560
560 187
561 503
561 562
562 16
563 28
563 564
564 431
565 72
565 566
566 262
567 447
567 568
568 86
569 70
569 570
570 448
571 179
571 572
572 289
573 207
573 574
574 31
575 293
575 576
576 592
577 544
577 578
578 212
579 43
579 580
580 484
581 384
581 582
582 313
583 473
583 584
584 53
585 25
585 586
586 564
587 283
587 588
588 143
589 199
589 590
590 468
591 200
591 592
592 572
593 267
593 594
594 12
595 523
595 596
596 525
597 352
597 598
598 538
599 193
599 600
600 73
601 303
601 602
602 335
603 412
603 604
604 11
605 277
605 606
606 405
607 406
607 608
608 2
609 464
609 610
610 152
611 65
611 612
612 232
613 93
613 614
614 388
