0 541
0 556
3 169
3 431
4 276
4 449
6 552
5 144
7 197
7 494
8 320
8 611
9 90
10 484
11 178
11 610
13 196
13 346
15 322
15 389
17 485
17 499
19 275
19 503
21 258
21 587
23 24
23 323
24 57
25 26
25 397
26 222
27 3
27 28
28 113
29 9
29 30
30 25
31 32
31 522
32 56
33 32
33 34
34 26
35 36
35 73
36 282
37 38
37 152
38 355
39 40
39 347
40 384
41 42
41 374
42 492
43 44
43 233
44 477
45 46
45 189
46 250
47 48
47 307
48 518
49 50
49 156
50 456
51 52
51 297
52 602
53 54
53 180
54 479
55 56
55 435
56 182
57 58
57 225
58 278
59 60
59 372
60 108
61 62
61 358
62 198
63 64
63 409
64 538
65 21
65 66
66 80
67 68
67 352
68 170
69 70
69 241
70 236
71 8
71 72
72 480
73 74
73 85
74 220
75 76
75 301
76 284
77 78
77 161
78 109
79 80
79 159
80 255
81 82
81 545
82 9
83 84
83 314
84 574
85 86
85 609
86 24
87 88
87 215
88 184
89 90
89 378
90 364
91 92
91 459
92 510
93 94
93 591
94 7
95 83
95 96
96 549
97 98
97 469
98 254
99 100
99 216
100 231
101 102
101 239
102 432
103 104
103 501
104 172
105 75
105 106
106 261
107 108
107 318
108 388
109 110
109 512
110 404
111 112
111 363
112 267
113 114
113 309
114 555
115 116
115 232
116 414
117 118
117 240
118 454
119 120
119 606
120 20
121 19
121 122
122 183
123 124
123 316
124 472
125 126
125 407
126 94
127 116
127 128
128 392
129 130
129 471
130 370
131 132
131 420
132 450
133 81
133 134
134 244
135 136
135 167
136 339
137 138
137 415
138 603
139 140
139 434
140 14
141 142
141 303
142 412
143 144
143 416
144 385
145 146
145 177
146 427
147 148
147 265
148 208
149 150
149 573
150 354
151 152
151 165
152 50
153 23
153 154
154 77
155 156
155 360
156 104
157 158
157 171
158 58
159 27
159 160
160 135
161 28
161 162
162 209
163 164
163 270
164 497
165 166
165 543
166 155
167 168
167 515
168 256
169 170
169 425
170 476
171 106
171 172
172 260
173 95
173 174
174 66
175 176
175 383
176 336
177 121
177 178
178 82
179 43
179 180
180 356
181 11
181 182
182 92
183 87
183 184
184 424
185 186
185 483
186 306
187 188
187 583
188 444
189 190
189 201
190 162
191 192
191 534
192 305
193 194
193 551
194 148
195 196
195 509
196 251
197 64
197 198
198 321
199 200
199 605
200 140
201 202
201 334
202 139
203 204
203 242
204 176
205 45
205 206
206 408
207 208
207 330
208 212
209 210
209 371
210 582
211 212
211 300
212 36
213 214
213 553
214 134
215 216
215 466
216 470
217 218
217 266
218 252
219 205
219 220
220 506
221 222
221 327
222 365
223 191
223 224
224 88
225 226
225 569
226 539
227 228
227 423
228 99
229 230
229 259
230 489
231 181
231 232
232 281
233 107
233 234
234 310
235 236
235 298
236 312
237 39
237 238
238 396
239 240
239 584
240 269
241 186
241 242
242 391
243 214
243 244
244 601
245 246
245 527
246 441
247 248
247 367
248 464
249 250
249 406
250 600
251 252
251 317
252 481
253 133
253 254
254 402
255 55
255 256
256 474
257 258
257 291
258 448
259 260
259 411
260 586
261 262
261 393
262 40
263 130
263 264
264 560
265 266
265 505
266 493
267 117
267 268
268 566
269 270
269 271
270 31
271 272
271 558
272 84
273 274
273 433
274 576
275 187
275 276
276 279
277 153
277 278
278 1
279 247
279 280
280 525
281 206
281 282
282 18
283 96
283 284
284 112
285 243
285 286
286 289
287 288
287 375
288 595
289 290
289 559
290 200
291 103
291 292
292 381
293 126
293 294
294 508
295 296
295 401
296 211
297 298
297 353
298 395
299 38
299 300
300 544
301 237
301 302
302 612
303 131
303 304
304 542
305 306
305 341
306 524
307 308
307 405
308 70
309 310
309 357
310 342
311 312
311 570
312 268
313 304
313 314
314 283
315 248
315 316
316 22
317 122
317 318
318 590
319 311
319 320
320 468
321 322
321 596
322 361
323 47
323 324
324 10
325 138
325 326
326 30
327 102
327 328
328 521
329 125
329 330
330 6
331 195
331 332
332 123
333 334
333 379
334 325
335 145
335 336
336 41
337 105
337 338
338 65
339 100
339 340
340 115
341 342
341 597
342 328
343 344
343 446
344 366
345 190
345 346
346 430
347 348
347 585
348 403
349 207
349 350
350 382
351 277
351 352
352 400
353 79
353 354
354 49
355 101
355 356
356 390
357 358
357 565
358 490
359 292
359 360
360 158
361 362
361 398
362 344
363 364
363 457
364 163
365 114
365 366
366 120
367 313
367 368
368 164
369 235
369 370
370 324
371 202
371 372
372 280
373 374
373 571
374 67
375 238
375 376
376 285
377 350
377 378
378 462
379 229
379 380
380 74
381 382
381 531
382 467
383 373
383 384
384 502
385 142
385 386
386 10
387 388
387 548
388 203
389 53
389 390
390 204
391 71
391 392
392 290
393 61
393 394
394 128
395 377
395 396
396 550
397 398
397 536
398 168
399 42
399 400
400 593
401 402
401 458
402 160
403 192
403 404
404 308
405 147
405 406
406 607
407 17
407 408
408 487
409 293
409 410
410 453
411 151
411 412
412 227
413 246
413 414
414 452
415 111
415 416
416 333
417 359
417 418
418 413
419 420
419 437
420 589
421 351
421 422
422 146
423 387
423 424
424 234
425 426
425 613
426 329
427 428
427 429
428 302
429 217
429 430
430 614
431 432
431 567
432 129
433 137
433 434
434 580
435 127
435 436
436 194
437 438
437 491
438 69
439 440
439 579
440 362
441 5
441 442
442 16
443 444
443 575
444 528
445 417
445 446
446 419
447 448
447 530
448 332
449 450
449 540
450 149
451 418
451 452
452 34
453 376
453 454
454 12
455 33
455 456
456 228
457 458
457 572
458 532
459 460
459 482
460 110
461 185
461 462
462 399
463 15
463 464
464 588
465 345
465 466
466 5
467 13
467 468
468 463
469 348
469 470
470 604
471 472
471 578
472 166
473 29
473 474
474 564
475 226
475 476
476 486
477 97
477 478
478 296
479 480
479 546
480 118
481 60
481 482
482 594
483 484
483 513
484 529
485 486
485 519
486 272
487 199
487 488
488 386
489 141
489 490
490 179
491 492
491 507
492 72
493 465
493 494
494 224
495 496
495 511
496 294
497 442
497 498
498 428
499 154
499 500
500 98
501 175
501 502
502 52
503 257
503 504
504 315
505 51
505 506
506 91
507 349
507 508
508 473
509 4
509 510
510 504
511 512
511 517
512 520
513 495
513 514
514 6
515 516
515 592
516 286
517 518
517 599
518 157
519 86
519 520
520 438
521 410
521 522
522 516
523 524
523 533
524 299
525 526
525 557
526 78
527 445
527 528
528 577
529 447
529 530
530 274
531 273
531 532
532 343
533 230
533 534
534 439
535 218
535 536
536 62
537 514
537 538
538 554
539 422
539 540
540 451
541 335
541 542
542 443
543 426
543 544
544 338
545 369
545 546
546 89
547 35
547 548
548 213
549 550
549 568
550 37
551 552
551 581
552 63
553 93
553 554
554 136
555 498
555 556
556 124
557 174
557 558
558 46
559 560
559 561
560 598
561 340
561 562
562 288
563 262
563 564
564 368
565 566
565 608
566 264
567 143
567 568
568 219
569 173
569 570
570 523
571 461
571 572
572 421
573 44
573 574
574 2
575 475
575 576
576 68
577 526
577 578
578 478
579 331
579 580
580 193
581 253
581 582
582 326
583 500
583 584
584 76
585 319
585 586
586 440
587 537
587 588
588 394
589 223
589 590
590 287
591 48
591 592
592 188
593 263
593 594
594 119
595 380
595 596
596 460
597 59
597 598
598 488
599 245
599 600
600 150
601 535
601 602
602 210
603 132
603 604
604 221
605 562
605 606
606 563
607 337
607 608
608 295
609 249
609 610
610 54
611 496
611 612
612 436
613 547
613 614
614 455
