0 139
0 502
2 360
2 532
3 34
3 556
5 508
4 238
4 507
6 408
9 261
9 333
10 133
10 451
11 230
12 2
13 43
13 130
15 137
15 540
17 89
17 211
19 81
19 425
21 3
21 99
23 24
23 565
24 220
25 26
25 127
26 27
27 28
27 116
28 509
29 30
29 199
30 514
31 32
31 421
32 75
33 34
33 207
34 481
35 36
35 511
36 436
37 38
37 262
38 234
39 40
39 281
40 614
41 42
41 521
42 48
43 44
43 315
44 245
45 46
45 287
46 182
47 23
47 48
48 411
49 50
49 499
50 138
51 52
51 247
52 440
53 54
53 106
54 373
55 56
55 299
56 575
57 58
57 385
58 384
59 60
59 577
60 544
61 62
61 297
62 379
63 64
63 148
64 582
65 66
65 505
66 392
67 68
67 415
68 318
69 70
69 325
70 469
71 72
71 497
72 257
73 74
73 186
74 459
75 76
75 361
76 463
77 78
77 149
78 429
79 80
79 290
80 188
81 82
81 163
82 251
83 84
83 208
84 221
85 69
85 86
86 383
87 28
87 88
88 350
89 90
89 418
90 553
91 61
91 92
92 558
93 94
93 613
94 292
95 96
95 343
96 465
97 98
97 237
98 197
99 38
99 100
100 346
101 102
101 387
102 187
103 104
103 569
104 520
105 106
105 479
106 265
107 108
107 589
108 113
109 107
109 110
110 441
111 112
111 527
112 396
113 114
113 492
114 244
115 13
115 116
116 340
117 118
117 205
118 12
119 120
119 123
120 431
121 122
121 323
122 54
123 71
123 124
124 339
125 126
125 179
126 522
127 120
127 128
128 147
129 130
129 134
130 155
131 108
131 132
132 406
133 134
133 193
134 46
135 136
135 401
136 572
137 90
137 138
138 466
139 140
139 597
140 531
141 142
141 564
142 374
143 144
143 603
144 146
145 146
145 439
146 57
147 148
147 389
148 110
149 150
149 410
150 448
151 152
151 260
152 278
153 154
153 574
154 136
155 156
155 363
156 549
157 158
157 524
158 609
159 160
159 585
160 600
161 162
161 503
162 226
163 164
163 321
164 135
165 166
165 370
166 312
167 168
167 310
168 176
169 85
169 170
170 552
171 169
171 172
172 180
173 174
173 215
174 279
175 176
175 225
176 24
177 178
177 407
178 486
179 180
179 217
180 328
181 182
181 477
182 349
183 178
183 184
184 612
185 186
185 291
186 446
187 188
187 203
188 434
189 190
189 561
190 276
191 74
191 192
192 6
193 194
193 557
194 198
195 196
195 570
196 485
197 151
197 198
198 376
199 200
199 369
200 494
201 55
201 202
202 280
203 204
203 473
204 461
205 206
205 293
206 62
207 208
207 586
208 94
209 210
209 501
210 6
211 158
211 212
212 550
213 214
213 311
214 95
215 216
215 525
216 145
217 175
217 218
218 157
219 220
219 533
220 42
221 222
221 368
222 206
223 114
223 224
224 36
225 226
225 555
226 87
227 228
227 427
228 298
229 230
229 598
230 67
231 232
231 498
232 588
233 200
233 234
234 590
235 236
235 426
236 240
237 238
237 388
238 302
239 240
239 391
240 551
241 242
241 571
242 580
243 91
243 244
244 16
245 49
245 246
246 515
247 103
247 248
248 300
249 223
249 250
250 184
251 252
251 258
252 382
253 254
253 443
254 354
255 256
255 442
256 484
257 236
257 258
258 246
259 105
259 260
260 284
261 262
261 437
262 229
263 264
263 347
264 255
265 266
265 352
266 471
267 228
267 268
268 449
269 270
269 330
270 468
271 272
271 487
272 458
273 274
273 335
274 474
275 276
275 364
276 348
277 167
277 278
278 584
279 194
279 280
280 50
281 274
281 282
282 460
283 273
283 284
284 344
285 286
285 452
286 610
287 288
287 289
288 204
289 25
289 290
290 453
291 292
291 428
292 272
293 15
293 294
294 142
295 296
295 591
296 420
297 214
297 298
298 375
299 300
299 423
300 209
301 159
301 302
302 124
303 304
303 541
304 334
305 306
305 500
306 132
307 140
307 308
308 282
309 310
309 399
310 219
311 312
311 435
312 96
313 307
313 314
314 353
315 316
315 563
316 266
317 63
317 318
318 464
319 320
319 513
320 358
321 165
321 322
322 377
323 314
323 324
324 93
325 326
325 489
326 192
327 313
327 328
328 254
329 330
329 386
330 294
331 332
331 409
332 78
333 334
333 587
334 488
335 121
335 336
336 362
337 263
337 338
338 535
339 5
339 340
340 58
341 161
341 342
342 608
343 344
343 365
344 21
345 152
345 346
346 79
347 348
347 419
348 269
349 267
349 350
350 68
351 352
351 412
352 450
353 19
353 354
354 526
355 239
355 356
356 213
357 358
357 367
358 252
359 326
359 360
360 73
361 143
361 362
362 322
363 364
363 528
364 232
365 366
365 404
366 122
367 368
367 416
368 224
369 17
369 370
370 288
371 359
371 372
372 286
373 374
373 478
374 8
375 153
375 376
376 594
377 77
377 378
378 304
379 380
379 454
380 592
381 196
381 382
382 472
383 59
383 384
384 536
385 386
385 534
386 456
387 189
387 388
388 172
389 231
389 390
390 212
391 392
391 583
392 568
393 11
393 394
394 118
395 371
395 396
396 512
397 111
397 398
398 402
399 141
399 400
400 92
401 70
401 402
402 104
403 227
403 404
404 475
405 306
405 406
406 1
407 408
407 490
408 190
409 9
409 410
410 510
411 412
411 542
412 22
413 414
413 554
414 144
415 109
415 416
416 506
417 235
417 418
418 277
419 309
419 420
420 366
421 47
421 422
422 523
423 397
423 424
424 516
425 417
425 426
426 467
427 119
427 428
428 606
429 126
429 430
430 222
431 201
431 432
432 218
433 72
433 434
434 264
435 436
435 445
436 40
437 115
437 438
438 248
439 195
439 440
440 430
441 433
441 442
442 424
443 444
443 539
444 476
445 243
445 446
446 39
447 338
447 448
448 53
449 166
449 450
450 30
451 45
451 452
452 154
453 5
453 454
454 7
455 456
455 519
456 66
457 458
457 599
458 14
459 150
459 460
460 518
461 337
461 462
462 100
463 462
463 464
464 82
465 413
465 466
466 305
467 216
467 468
468 52
469 319
469 470
470 566
471 332
471 472
472 482
473 32
473 474
474 160
475 476
475 547
476 259
477 162
477 478
478 156
479 480
479 483
480 537
481 447
481 482
482 380
483 129
483 484
484 538
485 357
485 486
486 576
487 341
487 488
488 390
489 102
489 490
490 320
491 400
491 492
492 250
493 494
493 607
494 530
495 12
495 496
496 84
497 171
497 498
498 605
499 470
499 500
500 191
501 393
501 502
502 517
503 65
503 504
504 270
505 10
505 506
506 601
507 60
507 508
508 80
509 86
509 510
510 97
511 37
511 512
512 210
513 181
513 514
514 578
515 18
515 516
516 596
517 177
517 518
518 405
519 168
519 520
520 256
521 432
521 522
522 329
523 271
523 524
524 327
525 283
525 526
526 543
527 303
527 528
528 83
529 422
529 530
530 98
531 128
531 532
532 480
533 444
533 534
534 548
535 536
535 595
536 398
537 44
537 538
538 546
539 457
539 540
540 249
541 125
541 542
542 345
543 356
543 544
544 395
545 41
545 546
546 559
547 317
547 548
548 202
549 378
549 550
550 496
551 394
551 552
552 268
553 11
553 554
554 233
555 545
555 556
556 4
557 438
557 558
558 183
559 316
559 560
560 88
561 331
561 562
562 351
563 56
563 564
564 164
565 51
565 566
566 295
567 562
567 568
568 342
569 101
569 570
570 20
571 491
571 572
572 76
573 33
573 574
574 381
575 253
575 576
576 414
577 117
577 578
578 455
579 573
579 580
580 611
581 403
581 582
582 604
583 26
583 584
584 112
585 31
585 586
586 355
587 581
587 588
588 296
589 336
589 590
590 242
591 170
591 592
592 131
593 495
593 594
594 64
595 185
595 596
596 504
597 301
597 598
598 529
599 173
599 600
600 602
601 593
601 602
602 275
603 35
603 604
604 567
605 29
605 606
606 324
607 579
607 608
608 560
609 493
609 610
610 308
611 174
611 612
612 372
613 241
613 614
614 285
