0 215
0 393
3 113
3 457
4 79
4 514
6 214
5 142
7 35
7 289
8 64
8 613
9 561
10 66
11 274
11 552
13 109
13 551
15 143
15 233
17 325
17 405
19 17
19 479
21 82
21 337
23 24
23 149
24 518
25 26
25 225
26 9
27 28
27 220
28 558
29 30
29 355
30 567
31 32
31 445
32 333
33 34
33 497
34 432
35 36
35 373
36 384
37 38
37 285
38 596
39 40
39 237
40 177
41 42
41 411
42 259
43 44
43 288
44 332
45 46
45 331
46 475
47 48
47 482
48 275
49 50
49 169
50 590
51 52
51 273
52 179
53 54
53 269
54 494
55 56
55 399
56 342
57 58
57 564
58 378
59 60
59 317
60 538
61 62
61 591
62 160
63 64
63 253
64 509
65 66
65 187
66 562
67 68
67 296
68 86
69 70
69 421
70 544
71 72
71 238
72 90
73 74
73 283
74 454
75 76
75 589
76 140
77 78
77 197
78 398
79 80
79 381
80 1
81 82
81 578
82 267
83 84
83 394
84 124
85 86
85 571
86 537
87 88
87 456
88 277
89 73
89 90
90 166
91 92
91 133
92 130
93 94
93 227
94 249
95 96
95 435
96 7
97 98
97 224
98 392
99 100
99 431
100 390
101 102
101 315
102 529
103 104
103 397
104 263
105 106
105 506
106 50
107 51
107 108
108 105
109 110
109 300
110 455
111 112
111 201
112 361
113 114
113 257
114 441
115 116
115 314
116 248
117 118
117 559
118 279
119 41
119 120
120 172
121 46
121 122
122 268
123 124
123 447
124 258
125 126
125 493
126 123
127 128
127 483
128 587
129 130
129 534
130 477
131 85
131 132
132 460
133 10
133 134
134 469
135 136
135 581
136 533
137 138
137 521
138 134
139 91
139 140
140 12
141 142
141 464
142 108
143 144
143 281
144 6
145 146
145 162
146 554
147 148
147 352
148 38
149 150
149 211
150 415
151 152
151 375
152 313
153 154
153 191
154 168
155 156
155 433
156 180
157 158
157 271
158 547
159 160
159 229
160 409
161 93
161 162
162 575
163 164
163 357
164 276
165 166
165 592
166 576
167 58
167 168
168 246
169 139
169 170
170 413
171 39
171 172
172 327
173 174
173 265
174 467
175 81
175 176
176 504
177 178
177 593
178 247
179 180
179 334
180 290
181 60
181 182
182 458
183 67
183 184
184 195
185 186
185 206
186 478
187 188
187 371
188 28
189 190
189 301
190 322
191 192
191 527
192 308
193 194
193 471
194 295
195 138
195 196
196 412
197 198
197 205
198 328
199 200
199 203
200 383
201 202
201 565
202 512
203 204
203 543
204 364
205 136
205 206
206 223
207 147
207 208
208 420
209 164
209 210
210 80
211 212
211 336
212 232
213 212
213 214
214 2
215 161
215 216
216 372
217 218
217 557
218 307
219 220
219 244
220 326
221 182
221 222
222 186
223 107
223 224
224 391
225 40
225 226
226 395
227 228
227 309
228 221
229 230
229 319
230 55
231 232
231 501
232 429
233 16
233 234
234 282
235 236
235 491
236 188
237 238
237 251
238 157
239 240
239 583
240 480
241 242
241 410
242 303
243 244
243 605
244 416
245 246
245 481
246 608
247 231
247 248
248 516
249 245
249 250
250 566
251 65
251 252
252 52
253 254
253 299
254 376
255 256
255 370
256 209
257 258
257 487
258 68
259 260
259 428
260 132
261 36
261 262
262 278
263 264
263 347
264 490
265 194
265 266
266 586
267 114
267 268
268 388
269 270
269 520
270 362
271 272
271 387
272 222
273 274
273 343
274 98
275 276
275 311
276 176
277 278
277 427
278 340
279 280
279 555
280 24
281 175
281 282
282 181
283 83
283 284
284 129
285 286
285 463
286 607
287 288
287 459
288 380
289 189
289 290
290 430
291 292
291 453
292 446
293 294
293 466
294 190
295 21
295 296
296 126
297 3
297 298
298 250
299 89
299 300
300 286
301 302
301 525
302 599
303 8
303 304
304 264
305 118
305 306
306 540
307 57
307 308
308 240
309 159
309 310
310 523
311 216
311 312
312 360
313 314
313 461
314 280
315 178
315 316
316 19
317 318
317 351
318 42
319 95
319 320
320 152
321 306
321 322
322 122
323 31
323 324
324 144
325 323
325 326
326 474
327 320
327 328
328 406
329 330
329 502
330 137
331 131
331 332
332 32
333 256
333 334
334 146
335 336
335 601
336 29
337 294
337 338
338 272
339 340
339 345
340 324
341 342
341 595
342 611
343 344
343 403
344 104
345 316
345 346
346 141
347 348
347 603
348 612
349 292
349 350
350 198
351 352
351 579
352 49
353 354
353 531
354 92
355 69
355 356
356 443
357 119
357 358
358 597
359 360
359 536
360 610
361 270
361 362
362 304
363 287
363 364
364 127
365 366
365 452
366 254
367 297
367 368
368 379
369 217
369 370
370 570
371 372
371 498
372 485
373 97
373 374
374 75
375 193
375 376
376 424
377 74
377 378
378 72
379 291
379 380
380 604
381 63
381 382
382 56
383 59
383 384
384 418
385 386
385 426
386 302
387 173
387 388
388 22
389 390
389 465
390 553
391 111
391 392
392 462
393 33
393 394
394 13
395 358
395 396
396 174
397 4
397 398
398 27
399 363
399 400
400 330
401 402
401 548
402 102
403 218
403 404
404 153
405 150
405 406
406 594
407 368
407 408
408 284
409 199
409 410
410 356
411 412
411 577
412 18
413 414
413 500
414 495
415 416
415 582
416 43
417 234
417 418
418 396
419 420
419 425
420 439
421 422
421 507
422 546
423 94
423 424
424 20
425 239
425 426
426 312
427 230
427 428
428 255
429 430
429 484
430 228
431 70
431 432
432 385
433 11
433 434
434 115
435 163
435 436
436 213
437 404
437 438
438 10
439 440
439 503
440 374
441 125
441 442
442 532
443 444
443 568
444 448
445 446
445 541
446 100
447 9
447 448
448 207
449 450
449 519
450 517
451 452
451 511
452 235
453 454
453 545
454 61
455 53
455 456
456 77
457 458
457 606
458 128
459 460
459 489
460 588
461 462
461 569
462 329
463 171
463 464
464 422
465 135
465 466
466 486
467 208
467 468
468 580
469 470
469 496
470 354
471 389
471 472
472 560
473 470
473 474
474 348
475 442
475 476
476 262
477 434
477 478
478 148
479 366
479 480
480 476
481 482
481 572
482 344
483 484
483 492
484 266
485 369
485 486
486 14
487 449
487 488
488 6
489 47
489 490
490 401
491 226
491 492
492 321
493 241
493 494
494 542
495 54
495 496
496 382
497 498
497 539
498 407
499 183
499 500
500 293
501 87
501 502
502 346
503 156
503 504
504 210
505 400
505 506
506 488
507 508
507 535
508 106
509 26
509 510
510 202
511 155
511 512
512 438
513 341
513 514
514 386
515 472
515 516
516 338
517 468
517 518
518 154
519 103
519 520
520 37
521 522
521 528
522 5
523 62
523 524
524 318
525 110
525 526
526 549
527 528
527 574
528 219
529 505
529 530
530 510
531 298
531 532
532 450
533 534
533 585
534 158
535 367
535 536
536 419
537 112
537 538
538 184
539 540
539 609
540 524
541 71
541 542
542 556
543 526
543 544
544 584
545 305
545 546
546 261
547 236
547 548
548 204
549 451
549 550
550 192
551 310
551 552
552 365
553 530
553 554
554 550
555 151
555 556
556 84
557 200
557 558
558 440
559 30
559 560
560 602
561 165
561 562
562 121
563 359
563 564
564 515
565 242
565 566
566 349
567 48
567 568
568 185
569 339
569 570
570 260
571 23
571 572
572 117
573 574
573 600
574 402
575 45
575 576
576 573
577 145
577 578
578 34
579 15
579 580
580 116
581 88
581 582
582 76
583 377
583 584
584 423
585 120
585 586
586 417
587 437
587 588
588 78
589 5
589 590
590 353
591 99
591 592
592 167
593 243
593 594
594 44
595 436
595 596
596 350
597 101
597 598
598 614
599 408
599 600
600 414
601 96
601 602
602 598
603 499
603 604
604 522
605 563
605 606
606 252
607 25
607 608
608 196
609 335
609 610
610 170
611 473
611 612
612 508
613 444
613 614
614 513
