0 441
0 595
3 26
3 106
4 32
4 347
5 108
6 287
7 416
7 489
8 79
8 313
9 89
10 63
11 120
11 318
13 282
13 387
15 16
15 132
17 259
17 395
19 222
19 338
21 154
21 591
23 24
23 33
24 157
25 26
25 607
26 419
27 28
27 299
28 532
29 30
29 561
30 185
31 22
31 32
32 54
33 34
33 348
34 540
35 36
35 406
36 164
37 38
37 47
38 592
39 40
39 279
40 34
41 42
41 365
42 557
43 44
43 314
44 82
45 46
45 514
46 44
47 48
47 451
48 459
49 50
49 367
50 304
51 52
51 60
52 6
53 54
53 601
54 360
55 56
55 439
56 584
57 58
57 413
58 271
59 60
59 400
60 134
61 62
61 312
62 574
63 64
63 509
64 38
65 66
65 229
66 488
67 68
67 531
68 468
69 70
69 319
70 91
71 72
71 179
72 568
73 74
73 405
74 370
75 76
75 232
76 330
77 78
77 114
78 302
79 80
79 303
80 274
81 11
81 82
82 512
83 84
83 140
84 373
85 86
85 503
86 412
87 88
87 175
88 258
89 90
89 463
90 610
91 92
91 99
92 598
93 94
93 382
94 453
95 96
95 505
96 295
97 7
97 98
98 504
99 100
99 113
100 86
101 102
101 327
102 112
103 104
103 375
104 272
105 106
105 589
106 152
107 108
107 359
108 535
109 110
109 167
110 560
111 112
111 236
112 452
113 114
113 483
114 484
115 116
115 357
116 522
117 118
117 429
118 257
119 57
119 120
120 491
121 29
121 122
122 442
123 124
123 150
124 100
125 126
125 435
126 420
127 128
127 252
128 362
129 101
129 130
130 153
131 132
131 201
132 461
133 134
133 213
134 6
135 21
135 136
136 205
137 97
137 138
138 384
139 140
139 497
140 18
141 125
141 142
142 467
143 144
143 474
144 209
145 146
145 183
146 335
147 148
147 227
148 230
149 150
149 155
150 269
151 152
151 261
152 585
153 87
153 154
154 305
155 117
155 156
156 67
157 158
157 426
158 572
159 160
159 324
160 460
161 162
161 194
162 224
163 164
163 490
164 59
165 166
165 206
166 462
167 168
167 562
168 286
169 170
169 608
170 50
171 172
171 216
172 135
173 174
173 494
174 168
175 176
175 177
176 56
177 10
177 178
178 408
179 180
179 386
180 515
181 109
181 182
182 241
183 84
183 184
184 218
185 186
185 428
186 471
187 188
187 519
188 378
189 190
189 506
190 499
191 192
191 371
192 470
193 194
193 545
194 508
195 55
195 196
196 285
197 198
197 353
198 597
199 200
199 527
200 402
201 202
201 383
202 516
203 204
203 270
204 606
205 19
205 206
206 102
207 208
207 377
208 307
209 15
209 210
210 58
211 212
211 554
212 502
213 214
213 399
214 611
215 216
215 551
216 39
217 182
217 218
218 356
219 220
219 575
220 341
221 222
221 366
222 446
223 224
223 538
224 401
225 226
225 237
226 161
227 228
227 249
228 582
229 230
229 447
230 130
231 219
231 232
232 556
233 181
233 234
234 94
235 236
235 251
236 331
237 238
237 456
238 397
239 173
239 240
240 156
241 242
241 410
242 124
243 244
243 599
244 242
245 119
245 246
246 65
247 214
247 248
248 126
249 250
249 593
250 323
251 252
251 301
252 546
253 220
253 254
254 550
255 256
255 431
256 266
257 258
257 289
258 565
259 197
259 260
260 343
261 262
261 604
262 14
263 45
263 264
264 273
265 266
265 605
266 308
267 162
267 268
268 280
269 215
269 270
270 518
271 272
271 364
272 208
273 2
273 274
274 454
275 276
275 311
276 425
277 278
277 345
278 196
279 280
279 583
280 520
281 172
281 282
282 90
283 49
283 284
284 98
285 5
285 286
286 300
287 80
287 288
288 594
289 147
289 290
290 344
291 187
291 292
292 403
293 294
293 517
294 240
295 296
295 298
296 316
297 298
297 438
298 72
299 3
299 300
300 234
301 302
301 326
302 204
303 304
303 328
304 198
305 306
305 600
306 578
307 308
307 430
308 68
309 95
309 310
310 247
311 312
311 352
312 612
313 314
313 580
314 48
315 316
315 588
316 116
317 318
317 524
318 62
319 320
319 411
320 129
321 322
321 363
322 380
323 146
323 324
324 498
325 193
325 326
326 121
327 328
327 445
328 390
329 245
329 330
330 389
331 223
331 332
332 564
333 41
333 334
334 221
335 336
335 539
336 444
337 315
337 338
338 165
339 115
339 340
340 66
341 342
341 379
342 536
343 333
343 344
344 457
345 346
345 555
346 53
347 348
347 443
348 61
349 350
349 537
350 31
351 17
351 352
352 133
353 354
353 381
354 13
355 356
355 374
356 388
357 211
357 358
358 423
359 137
359 360
360 263
361 362
361 544
362 392
363 69
363 364
364 284
365 366
365 559
366 526
367 368
367 473
368 533
369 317
369 370
370 590
371 334
371 372
372 496
373 235
373 374
374 513
375 346
375 376
376 440
377 354
377 378
378 434
379 76
379 380
380 246
381 83
381 382
382 178
383 384
383 478
384 262
385 170
385 386
386 480
387 136
387 388
388 176
389 390
389 507
390 10
391 12
391 392
392 244
393 111
393 394
394 510
395 253
395 396
396 309
397 398
397 602
398 40
399 123
399 400
400 93
401 350
401 402
402 248
403 169
403 404
404 256
405 406
405 523
406 576
407 96
407 408
408 265
409 189
409 410
410 20
411 412
411 465
412 184
413 414
413 613
414 202
415 416
415 587
416 337
417 92
417 418
418 586
419 420
419 479
420 332
421 422
421 450
422 534
423 424
423 464
424 342
425 310
425 426
426 255
427 372
427 428
428 85
429 430
429 525
430 448
431 212
431 432
432 51
433 186
433 434
434 358
435 369
435 436
436 306
437 438
437 553
438 243
439 139
439 440
440 570
441 283
441 442
442 603
443 444
443 501
444 228
445 396
445 446
446 563
447 233
447 448
448 52
449 276
449 450
450 581
451 452
451 530
452 296
453 376
453 454
454 28
455 351
455 456
456 275
457 322
457 458
458 203
459 77
459 460
460 188
461 361
461 462
462 104
463 148
463 464
464 192
465 466
465 481
466 138
467 398
467 468
468 110
469 70
469 470
470 596
471 43
471 472
472 5
473 277
473 474
474 267
475 329
475 476
476 567
477 478
477 558
478 492
479 4
479 480
480 35
481 482
481 579
482 609
483 30
483 484
484 566
485 36
485 486
486 174
487 472
487 488
488 160
489 231
489 490
490 118
491 492
491 549
492 74
493 103
493 494
494 476
495 493
495 496
496 226
497 339
497 498
498 417
499 404
499 500
500 548
501 71
501 502
502 573
503 207
503 504
504 128
505 239
505 506
506 458
507 291
507 508
508 385
509 510
509 521
510 46
511 436
511 512
512 294
513 485
513 514
514 200
515 516
515 541
516 210
517 518
517 552
518 292
519 482
519 520
520 158
521 522
521 528
522 394
523 27
523 524
524 469
525 437
525 526
526 577
527 107
527 528
528 238
529 495
529 530
530 290
531 144
531 532
532 336
533 449
533 534
534 264
535 511
535 536
536 142
537 195
537 538
538 542
539 24
539 540
540 190
541 127
541 542
542 422
543 529
543 544
544 414
545 543
545 546
546 23
547 427
547 548
548 466
549 281
549 550
550 1
551 8
551 552
552 105
553 325
553 554
554 180
555 199
555 556
556 293
557 9
557 558
558 78
559 225
559 560
560 288
561 321
561 562
562 73
563 421
563 564
564 88
565 340
565 566
566 217
567 568
567 614
568 409
569 355
569 570
570 268
571 75
571 572
572 166
573 141
573 574
574 391
575 145
575 576
576 250
577 25
577 578
578 486
579 260
579 580
580 475
581 433
581 582
582 424
583 42
583 584
584 432
585 569
585 586
586 393
587 368
587 588
588 407
589 297
589 590
590 143
591 547
591 592
592 159
593 455
593 594
594 254
595 149
595 596
596 278
597 151
597 598
598 487
599 415
599 600
600 418
601 163
601 602
602 81
603 571
603 604
604 477
605 64
605 606
606 131
607 171
607 608
608 349
609 37
609 610
610 500
611 191
611 612
612 9
613 320
613 614
614 122
