0 391
0 443
2 339
2 493
3 197
3 323
4 23
4 277
6 263
5 492
7 355
7 429
8 166
8 369
9 358
10 574
13 223
13 568
15 304
15 524
17 130
17 366
19 96
19 490
21 219
21 234
23 24
23 162
24 335
25 26
25 289
26 473
27 28
27 351
28 421
29 30
29 569
30 436
31 32
31 327
32 360
33 7
33 34
34 342
35 36
35 227
36 15
37 38
37 383
38 112
39 40
39 151
40 114
41 42
41 120
42 250
43 44
43 290
44 536
45 46
45 58
46 363
47 48
47 371
48 582
49 50
49 551
50 138
51 52
51 258
52 302
53 54
53 500
54 580
55 56
55 362
56 495
57 51
57 58
58 402
59 60
59 596
60 452
61 62
61 367
62 422
63 64
63 439
64 608
65 66
65 70
66 349
67 68
67 205
68 557
69 70
69 202
70 40
71 72
71 87
72 532
73 74
73 384
74 336
75 76
75 433
76 444
77 78
77 267
78 238
79 80
79 305
80 368
81 82
81 497
82 479
83 84
83 147
84 102
85 48
85 86
86 12
87 13
87 88
88 230
89 71
89 90
90 345
91 92
91 328
92 284
93 94
93 535
94 470
95 96
95 361
96 73
97 98
97 478
98 160
99 100
99 214
100 510
101 102
101 460
102 322
103 104
103 468
104 594
105 59
105 106
106 438
107 108
107 315
108 430
109 110
109 115
110 303
111 20
111 112
112 156
113 114
113 134
114 131
115 116
115 215
116 314
117 118
117 587
118 80
119 120
119 245
120 307
121 122
121 461
122 117
123 124
123 498
124 220
125 89
125 126
126 32
127 128
127 253
128 211
129 130
129 598
130 474
131 132
131 509
132 118
133 134
133 296
134 334
135 136
135 299
136 278
137 27
137 138
138 364
139 140
139 179
140 503
141 142
141 485
142 246
143 119
143 144
144 571
145 44
145 146
146 29
147 148
147 584
148 10
149 150
149 239
150 517
151 152
151 431
152 148
153 154
153 320
154 400
155 156
155 417
156 5
157 158
157 537
158 447
159 160
159 333
160 174
161 128
161 162
162 65
163 164
163 181
164 260
165 161
165 166
166 30
167 168
167 301
168 448
169 170
169 494
170 593
171 172
171 196
172 472
173 174
173 275
174 46
175 176
175 481
176 133
177 178
177 603
178 62
179 33
179 180
180 55
181 116
181 182
182 570
183 154
183 184
184 588
185 186
185 254
186 451
187 188
187 589
188 109
189 69
189 190
190 352
191 192
191 221
192 321
193 194
193 453
194 459
195 90
195 196
196 9
197 140
197 198
198 11
199 200
199 279
200 141
201 57
201 202
202 66
203 204
203 317
204 180
205 206
205 332
206 554
207 149
207 208
208 428
209 210
209 469
210 413
211 4
211 212
212 337
213 214
213 607
214 420
215 216
215 611
216 231
217 218
217 513
218 504
219 220
219 370
220 408
221 222
221 575
222 526
223 216
223 224
224 312
225 226
225 292
226 136
227 228
227 475
228 224
229 25
229 230
230 610
231 49
231 232
232 512
233 152
233 234
234 354
235 236
235 415
236 103
237 238
237 274
238 164
239 187
239 240
240 449
241 242
241 556
242 6
243 165
243 244
244 505
245 201
245 246
246 576
247 248
247 471
248 578
249 250
249 425
250 193
251 252
251 293
252 132
253 254
253 523
254 169
255 256
255 343
256 542
257 258
257 311
258 135
259 260
259 338
260 515
261 262
261 560
262 45
263 84
263 264
264 612
265 266
265 601
266 137
267 268
267 291
268 52
269 270
269 423
270 348
271 95
271 272
272 283
273 274
273 390
274 178
275 276
275 399
276 477
277 278
277 585
278 376
279 157
279 280
280 184
281 282
281 319
282 288
283 204
283 284
284 97
285 121
285 286
286 590
287 88
287 288
288 85
289 290
289 527
290 491
291 143
291 292
292 446
293 294
293 567
294 233
295 127
295 296
296 441
297 207
297 298
298 602
299 300
299 340
300 356
301 302
301 445
302 200
303 251
303 304
304 1
305 122
305 306
306 508
307 213
307 308
308 206
309 176
309 310
310 170
311 93
311 312
312 14
313 314
313 579
314 286
315 43
315 316
316 34
317 255
317 318
318 76
319 199
319 320
320 480
321 146
321 322
322 486
323 324
323 455
324 280
325 265
325 326
326 252
327 328
327 534
328 28
329 64
329 330
330 544
331 332
331 591
332 487
333 37
333 334
334 54
335 203
335 336
336 518
337 338
337 440
338 74
339 340
339 519
340 465
341 232
341 342
342 346
343 344
343 547
344 236
345 276
345 346
346 528
347 348
347 395
348 595
349 229
349 350
350 56
351 113
351 352
352 572
353 354
353 562
354 416
355 356
355 377
356 144
357 195
357 358
358 142
359 39
359 360
360 182
361 249
361 362
362 484
363 106
363 364
364 516
365 366
365 406
366 10
367 191
367 368
368 36
369 26
369 370
370 19
371 372
371 565
372 240
373 374
373 437
374 3
375 376
375 427
376 158
377 331
377 378
378 81
379 380
379 573
380 412
381 281
381 382
382 543
383 329
383 384
384 476
385 386
385 411
386 577
387 365
387 388
388 126
389 257
389 390
390 287
391 2
391 392
392 145
393 241
393 394
394 100
395 297
395 396
396 541
397 269
397 398
398 237
399 400
399 403
400 272
401 94
401 402
402 18
403 404
403 605
404 357
405 406
405 489
406 404
407 408
407 502
408 92
409 410
409 426
410 353
411 316
411 412
412 435
413 153
413 414
414 172
415 31
415 416
416 22
417 271
417 418
418 63
419 420
419 563
420 111
421 192
421 422
422 522
423 424
423 538
424 273
425 173
425 426
426 244
427 347
427 428
428 521
429 381
429 430
430 409
431 60
431 432
432 414
433 382
433 434
434 496
435 436
435 583
436 613
437 42
437 438
438 398
439 266
439 440
440 194
441 53
441 442
442 604
443 379
443 444
444 393
445 155
445 446
446 261
447 448
447 450
448 98
449 75
449 450
450 454
451 452
451 466
452 17
453 375
453 454
454 282
455 456
455 462
456 609
457 458
457 581
458 374
459 410
459 460
460 210
461 217
461 462
462 47
463 309
463 464
464 434
465 466
465 525
466 552
467 243
467 468
468 456
469 470
469 592
470 419
471 472
471 586
472 464
473 247
473 474
474 424
475 24
475 476
476 330
477 171
477 478
478 262
479 373
479 480
480 531
481 38
481 482
482 91
483 484
483 555
484 67
485 188
485 486
486 326
487 488
487 520
488 387
489 208
489 490
490 396
491 483
491 492
492 123
493 298
493 494
494 209
495 496
495 600
496 310
497 498
497 533
498 482
499 407
499 500
500 385
501 125
501 502
502 386
503 235
503 504
504 463
505 401
505 506
506 318
507 35
507 508
508 104
509 499
509 510
510 566
511 110
511 512
512 124
513 185
513 514
514 388
515 68
515 516
516 514
517 212
517 518
518 256
519 139
519 520
520 190
521 150
521 522
522 506
523 189
523 524
524 308
525 41
525 526
526 324
527 418
527 528
528 72
529 392
529 530
530 86
531 163
531 532
532 558
533 77
533 534
534 539
535 536
535 545
536 372
537 359
537 538
538 457
539 540
539 561
540 183
541 99
541 542
542 270
543 467
543 544
544 488
545 82
545 546
546 242
547 405
547 548
548 83
549 344
549 550
550 432
551 552
551 553
552 549
553 511
553 554
554 264
555 556
555 597
556 78
557 306
557 558
558 564
559 380
559 560
560 159
561 529
561 562
562 129
563 507
563 564
564 228
565 300
565 566
566 222
567 107
567 568
568 6
569 79
569 570
570 16
571 268
571 572
572 21
573 397
573 574
574 248
575 313
575 576
576 186
577 5
577 578
578 530
579 108
579 580
580 101
581 389
581 582
582 168
583 540
583 584
584 550
585 177
585 586
586 294
587 226
587 588
588 546
589 325
589 590
590 8
591 167
591 592
592 458
593 259
593 594
594 394
595 341
595 596
596 606
597 61
597 598
598 599
599 225
599 600
600 548
601 285
601 602
602 295
603 175
603 604
604 50
605 378
605 606
606 198
607 559
607 608
608 218
609 105
609 610
610 350
611 501
611 612
612 614
613 9
613 614
614 442
