0 485
0 560
1 349
1 565
3 66
3 506
4 385
4 486
5 447
6 100
7 9
7 290
9 260
9 519
11 542
10 396
10 489
12 330
15 236
15 559
17 206
17 502
19 220
19 250
21 284
21 402
23 24
23 221
24 301
25 26
25 419
26 501
27 28
27 577
28 317
29 30
29 35
30 46
31 32
31 114
32 74
33 34
33 168
34 450
35 36
35 227
36 67
37 38
37 423
38 356
39 40
39 85
40 194
41 42
41 442
42 478
43 44
43 531
44 544
45 46
45 217
46 499
47 48
47 103
48 375
49 50
49 321
50 469
51 52
51 145
52 590
53 54
53 127
54 498
55 56
55 234
56 75
57 58
57 568
58 511
59 60
59 409
60 5
61 62
61 63
62 369
63 64
63 115
64 116
65 66
65 383
66 551
67 68
67 167
68 414
69 50
69 70
70 382
71 72
71 427
72 138
73 74
73 289
74 54
75 76
75 496
76 254
77 78
77 424
78 564
79 80
79 527
80 422
81 82
81 418
82 339
83 84
83 329
84 281
85 86
85 494
86 358
87 88
87 373
88 572
89 90
89 404
90 558
91 92
91 359
92 353
93 94
93 172
94 533
95 96
95 216
96 78
97 98
97 371
98 569
99 100
99 320
100 474
101 102
101 198
102 120
103 104
103 401
104 546
105 106
105 517
106 184
107 108
107 536
108 528
109 110
109 310
110 107
111 10
111 112
112 539
113 114
113 398
114 47
115 116
115 425
116 529
117 118
117 183
118 426
119 120
119 324
120 209
121 122
121 205
122 507
123 124
123 602
124 452
125 126
125 264
126 274
127 24
127 128
128 603
129 130
129 379
130 161
131 132
131 291
132 158
133 134
133 233
134 4
135 60
135 136
136 163
137 138
137 585
138 514
139 140
139 193
140 143
141 31
141 142
142 101
143 144
143 279
144 433
145 146
145 189
146 397
147 95
147 148
148 278
149 150
149 338
150 581
151 105
151 152
152 287
153 154
153 232
154 312
155 156
155 350
156 282
157 158
157 252
158 576
159 80
159 160
160 306
161 162
161 187
162 292
163 164
163 438
164 460
165 73
165 166
166 12
167 30
167 168
168 102
169 170
169 213
170 448
171 93
171 172
172 508
173 174
173 325
174 326
175 59
175 176
176 408
177 164
177 178
178 42
179 180
179 200
180 272
181 182
181 608
182 606
183 184
183 415
184 12
185 1
185 186
186 605
187 188
187 597
188 72
189 190
189 543
190 288
191 192
191 510
192 342
193 194
193 410
194 88
195 196
195 457
196 332
197 198
197 235
198 32
199 200
199 512
200 8
201 202
201 439
202 472
203 204
203 208
204 444
205 206
205 432
206 246
207 159
207 208
208 14
209 210
209 309
210 613
211 212
211 440
212 192
213 214
213 240
214 222
215 216
215 368
216 463
217 218
217 413
218 104
219 37
219 220
220 106
221 222
221 437
222 147
223 43
223 224
224 316
225 25
225 226
226 614
227 228
227 241
228 269
229 230
229 580
230 541
231 232
231 331
232 491
233 234
233 547
234 341
235 223
235 236
236 157
237 238
237 430
238 479
239 240
239 495
240 575
241 242
241 365
242 7
243 244
243 361
244 521
245 211
245 246
246 482
247 248
247 327
248 266
249 250
249 277
250 307
251 83
251 252
252 475
253 254
253 592
254 20
255 256
255 347
256 466
257 79
257 258
258 351
259 260
259 403
260 428
261 262
261 566
262 582
263 84
263 264
264 377
265 266
265 477
266 128
267 259
267 268
268 420
269 270
269 451
270 298
271 190
271 272
272 109
273 196
273 274
274 162
275 276
275 607
276 524
277 278
277 471
278 2
279 280
279 458
280 446
281 282
281 537
282 370
283 224
283 284
284 135
285 286
285 461
286 553
287 16
287 288
288 273
289 52
289 290
290 33
291 185
291 292
292 154
293 228
293 294
294 455
295 139
295 296
296 473
297 298
297 503
298 191
299 36
299 300
300 41
301 265
301 302
302 554
303 28
303 304
304 586
305 306
305 523
306 170
307 308
307 334
308 210
309 310
309 355
310 538
311 97
311 312
312 110
313 314
313 513
314 562
315 263
315 316
316 58
317 296
317 318
318 360
319 320
319 367
320 598
321 322
321 421
322 548
323 146
323 324
324 137
325 326
325 467
326 386
327 112
327 328
328 336
329 330
329 535
330 125
331 332
331 381
332 374
333 334
333 345
334 481
335 336
335 435
336 366
337 68
337 338
338 53
339 302
339 340
340 563
341 342
341 431
342 186
343 174
343 344
344 118
345 251
345 346
346 488
347 348
347 556
348 294
349 350
349 493
350 39
351 352
351 395
352 5
353 71
353 354
354 594
355 356
355 387
356 588
357 358
357 545
358 462
359 337
359 360
360 526
361 195
361 362
362 323
363 256
363 364
364 132
365 51
365 366
366 178
367 149
367 368
368 280
369 370
369 611
370 212
371 45
371 372
372 166
373 374
373 609
374 261
375 238
375 376
376 86
377 203
377 378
378 82
379 219
379 380
380 218
381 382
381 417
382 56
383 29
383 384
384 91
385 386
385 555
386 434
387 388
387 573
388 318
389 283
389 390
390 286
391 242
391 392
392 464
393 299
393 394
394 156
395 311
395 396
396 400
397 293
397 398
398 19
399 134
399 400
400 176
401 169
401 402
402 445
403 111
403 404
404 549
405 92
405 406
406 304
407 408
407 465
408 567
409 410
409 443
410 389
411 357
411 412
412 38
413 55
413 414
414 363
415 48
415 416
416 6
417 153
417 418
418 552
419 420
419 599
420 34
421 225
421 422
422 453
423 207
423 424
424 122
425 49
425 426
426 126
427 428
427 591
428 70
429 130
429 430
430 570
431 23
431 432
432 391
433 434
433 532
434 96
435 65
435 436
436 449
437 151
437 438
438 6
439 440
439 497
440 177
441 442
441 505
442 245
443 229
443 444
444 276
445 123
445 446
446 388
447 285
447 448
448 376
449 247
449 450
450 530
451 384
451 452
452 244
453 197
453 454
454 534
455 456
455 459
456 76
457 69
457 458
458 15
459 226
459 460
460 392
461 297
461 462
462 328
463 57
463 464
464 248
465 466
465 525
466 601
467 99
467 468
468 253
469 129
469 470
470 21
471 472
471 579
472 150
473 44
473 474
474 378
475 407
475 476
476 315
477 202
477 478
478 340
479 436
479 480
480 322
481 144
481 482
482 180
483 484
483 522
484 181
485 335
485 486
486 470
487 352
487 488
488 40
489 308
489 490
490 406
491 492
491 587
492 416
493 333
493 494
494 188
495 275
495 496
496 372
497 441
497 498
498 124
499 487
499 500
500 77
501 500
501 502
502 155
503 140
503 504
504 11
505 255
505 506
506 393
507 119
507 508
508 346
509 141
509 510
510 612
511 199
511 512
512 492
513 230
513 514
514 89
515 61
515 516
516 295
517 175
517 518
518 108
519 362
519 520
520 148
521 390
521 522
522 268
523 171
523 524
524 94
525 526
525 595
526 561
527 528
527 557
528 394
529 113
529 530
530 305
531 429
531 532
532 583
533 484
533 534
534 160
535 201
535 536
536 354
537 27
537 538
538 490
539 142
539 540
540 412
541 542
541 600
542 17
543 239
543 544
544 313
545 131
545 546
546 300
547 257
547 548
548 348
549 18
549 550
550 179
551 81
551 552
552 314
553 215
553 554
554 483
555 249
555 556
556 571
557 515
557 558
558 574
559 152
559 560
560 578
561 204
561 562
562 214
563 550
563 564
564 13
565 399
565 566
566 11
567 568
567 610
568 540
569 509
569 570
570 26
571 572
571 589
572 454
573 364
573 574
574 262
575 237
575 576
576 405
577 64
577 578
578 344
579 258
579 580
580 516
581 231
581 582
582 343
583 173
583 584
584 90
585 270
585 586
586 593
587 476
587 588
588 596
589 243
589 590
590 3
591 504
591 592
592 480
593 584
593 594
594 520
595 121
595 596
596 468
597 165
597 598
598 303
599 411
599 600
600 98
601 62
601 602
602 182
603 518
603 604
604 456
605 604
605 606
606 22
607 133
607 608
608 380
609 267
609 610
610 319
611 87
611 612
612 117
613 271
613 614
614 136
