0 53
0 849
2 147
2 1259
3 399
3 873
4 13
4 408
5 783
6 844
9 157
9 781
10 110
10 771
12 1316
11 315
13 463
13 653
15 67
15 725
17 497
17 1104
19 390
19 456
21 662
21 1160
23 24
23 445
24 855
25 26
25 176
26 75
27 28
27 543
28 877
29 30
29 337
30 41
31 32
31 1001
32 328
33 34
33 1392
34 1310
35 36
35 1088
36 215
37 38
37 820
38 470
39 40
39 402
40 1414
41 42
41 300
42 1406
43 44
43 1171
44 1071
45 46
45 1097
46 1055
47 48
47 1162
48 308
49 50
49 503
50 419
51 52
51 697
52 974
53 54
53 173
54 862
55 56
55 181
56 636
57 58
57 160
58 1004
59 60
59 73
60 363
61 62
61 903
62 726
63 64
63 779
64 828
65 66
65 216
66 598
67 68
67 373
68 724
69 33
69 70
70 920
71 72
71 313
72 1215
73 74
73 758
74 672
75 59
75 76
76 614
77 78
77 255
78 560
79 80
79 793
80 727
81 82
81 1281
82 1002
83 84
83 1233
84 1082
85 86
85 250
86 940
87 88
87 409
88 189
89 90
89 1335
90 329
91 92
91 617
92 1285
93 94
93 1029
94 502
95 96
95 683
96 112
97 98
97 574
98 684
99 100
99 1361
100 148
101 63
101 102
102 114
103 104
103 1393
104 38
105 106
105 1349
106 1111
107 108
107 204
108 16
109 110
109 650
110 74
111 112
111 589
112 1384
113 114
113 860
114 1120
115 27
115 116
116 495
117 118
117 1217
118 838
119 120
119 921
120 1368
121 122
121 646
122 1038
123 124
123 174
124 973
125 99
125 126
126 910
127 128
127 391
128 1123
129 130
129 928
130 101
131 132
131 1312
132 696
133 134
133 1237
134 1243
135 136
135 1234
136 671
137 138
137 466
138 226
139 56
139 140
140 547
141 142
141 1202
142 86
143 144
143 570
144 1110
145 146
145 213
146 1260
147 31
147 148
148 473
149 150
149 361
150 42
151 152
151 1207
152 549
153 154
153 988
154 594
155 156
155 810
156 818
157 158
157 322
158 875
159 160
159 285
160 1147
161 162
161 1278
162 975
163 164
163 483
164 909
165 166
165 1358
166 1072
167 168
167 353
168 1073
169 170
169 1105
170 998
171 172
171 375
172 22
173 174
173 1133
174 149
175 176
175 659
176 989
177 178
177 931
178 508
179 180
179 1017
180 108
181 182
181 864
182 634
183 184
183 411
184 690
185 50
185 186
186 1407
187 188
187 1136
188 498
189 190
189 677
190 410
191 192
191 1005
192 1245
193 194
193 501
194 1206
195 109
195 196
196 1372
197 37
197 198
198 384
199 200
199 695
200 288
201 202
201 571
202 219
203 204
203 906
204 1224
205 206
205 309
206 58
207 208
207 737
208 196
209 210
209 890
210 587
211 165
211 212
212 1341
213 5
213 214
214 350
215 216
215 1313
216 401
217 218
217 717
218 971
219 220
219 832
220 258
221 222
221 1101
222 34
223 224
223 1229
224 769
225 185
225 226
226 722
227 228
227 572
228 564
229 230
229 443
230 120
231 232
231 1363
232 824
233 234
233 867
234 1225
235 236
235 956
236 444
237 238
237 1337
238 24
239 240
239 275
240 854
241 242
241 1155
242 278
243 223
243 244
244 1052
245 115
245 246
246 515
247 248
247 1149
248 1057
249 250
249 866
250 1404
251 252
251 714
252 428
253 254
253 604
254 314
255 209
255 256
256 641
257 258
257 1205
258 188
259 252
259 260
260 528
261 262
261 839
262 896
263 119
263 264
264 1230
265 266
265 733
266 180
267 268
267 1063
268 775
269 270
269 1053
270 1296
271 272
271 1209
272 55
273 274
273 500
274 833
275 276
275 311
276 113
277 278
277 983
278 1223
279 280
279 1195
280 1192
281 272
281 282
282 488
283 284
283 533
284 894
285 286
285 1030
286 433
287 288
287 486
288 144
289 290
289 1325
290 586
291 292
291 297
292 1300
293 153
293 294
294 1244
295 296
295 1089
296 145
297 298
297 531
298 442
299 300
299 918
300 506
301 302
301 688
302 232
303 3
303 304
304 664
305 306
305 1083
306 885
307 308
307 625
308 362
309 227
309 310
310 836
311 312
311 1129
312 670
313 314
313 1253
314 878
315 316
315 338
316 102
317 271
317 318
318 378
319 320
319 563
320 198
321 322
321 475
322 1336
323 324
323 874
324 1006
325 326
325 1201
326 842
327 328
327 1297
328 1210
329 330
329 1309
330 35
331 332
331 819
332 1409
333 334
333 610
334 778
335 336
335 865
336 348
337 338
337 612
338 710
339 340
339 689
340 265
341 218
341 342
342 912
343 344
343 655
344 792
345 346
345 1047
346 656
347 333
347 348
348 1058
349 350
349 578
350 980
351 352
351 425
352 1115
353 354
353 1269
354 1144
355 356
355 567
356 1010
357 358
357 1151
358 548
359 360
359 431
360 118
361 362
361 843
362 492
363 364
363 1041
364 292
365 366
365 1085
366 107
367 368
367 705
368 141
369 19
369 370
370 386
371 372
371 635
372 1018
373 28
373 374
374 159
375 376
375 1413
376 1390
377 378
377 1141
378 186
379 380
379 1117
380 201
381 382
381 601
382 1344
383 384
383 1193
384 1008
385 386
385 1412
386 482
387 388
387 949
388 557
389 390
389 1315
390 941
391 392
391 1231
392 1108
393 394
393 707
394 452
395 396
395 1226
396 282
397 217
397 398
398 1353
399 400
399 1199
400 274
401 402
401 790
402 208
403 404
403 806
404 1014
405 66
405 406
406 284
407 387
407 408
408 1371
409 410
409 481
410 1066
411 412
411 1175
412 487
413 414
413 663
414 946
415 416
415 441
416 6
417 183
417 418
418 343
419 420
419 1040
420 582
421 422
421 1402
422 273
423 424
423 1093
424 593
425 426
425 537
426 454
427 163
427 428
428 1291
429 430
429 675
430 346
431 245
431 432
432 1298
433 434
433 870
434 1326
435 436
435 747
436 796
437 438
437 1176
438 242
439 440
439 992
440 830
441 442
441 1031
442 990
443 248
443 444
444 732
445 446
445 1165
446 1381
447 339
447 448
448 312
449 352
449 450
450 618
451 452
451 1352
452 289
453 454
453 837
454 166
455 29
455 456
456 1292
457 458
457 699
458 627
459 460
459 555
460 296
461 462
461 606
462 1357
463 464
463 579
464 342
465 466
465 1015
466 1078
467 468
467 970
468 1204
469 470
469 1146
470 542
471 472
471 1267
472 1276
473 474
473 1360
474 1391
475 449
475 476
476 1026
477 478
477 945
478 30
479 465
479 480
480 647
481 482
481 1035
482 8
483 397
483 484
484 1011
485 486
485 1373
486 1399
487 488
487 802
488 1046
489 395
489 490
490 406
491 130
491 492
492 716
493 247
493 494
494 1398
495 496
495 1180
496 840
497 498
497 1242
498 1094
499 500
499 1395
500 669
501 502
501 708
502 178
503 263
503 504
504 978
505 506
505 516
506 1348
507 303
507 508
508 1362
509 241
509 510
510 156
511 512
511 615
512 1152
513 158
513 514
514 926
515 117
515 516
516 280
517 169
517 518
518 1287
519 520
519 1069
520 1214
521 522
521 1048
522 700
523 524
523 919
524 1080
525 526
525 984
526 1068
527 237
527 528
528 1000
529 493
529 530
530 1359
531 331
531 532
532 154
533 43
533 534
534 512
535 536
535 631
536 1308
537 538
537 1299
538 194
539 540
539 1275
540 246
541 542
541 987
542 666
543 305
543 544
544 850
545 546
545 1339
546 139
547 548
547 972
548 142
549 550
549 1054
550 138
551 523
551 552
552 155
553 554
553 605
554 1367
555 295
555 556
556 70
557 558
557 951
558 633
559 558
559 560
560 1262
561 562
561 1403
562 692
563 231
563 564
564 1106
565 566
565 1257
566 914
567 568
567 808
568 12
569 570
569 1179
570 814
571 572
571 723
572 1338
573 574
573 1385
574 895
575 576
575 1181
576 462
577 578
577 651
578 966
579 580
579 1306
580 276
581 103
581 582
582 1130
583 584
583 859
584 327
585 385
585 586
586 1012
587 588
587 1327
588 1119
589 556
589 590
590 609
591 592
591 770
592 161
593 472
593 594
594 304
595 335
595 596
596 648
597 598
597 736
598 266
599 600
599 1100
600 538
601 602
601 999
602 1148
603 604
603 773
604 220
605 279
605 606
606 1087
607 608
607 761
608 976
609 187
609 610
610 254
611 603
611 612
612 948
613 614
613 1266
614 68
615 267
615 616
616 1045
617 618
617 959
618 624
619 9
619 620
620 122
621 622
621 858
622 301
623 624
623 889
624 630
625 626
625 639
626 1172
627 628
627 1150
628 1033
629 630
629 1186
630 640
631 632
631 1331
632 95
633 65
633 634
634 344
635 636
635 1401
636 645
637 179
637 638
638 788
639 224
639 640
640 521
641 135
641 642
642 332
643 644
643 907
644 1137
645 646
645 934
646 1240
647 648
647 1079
648 780
649 650
649 1169
650 436
651 652
651 1356
652 536
653 477
653 654
654 509
655 643
655 656
656 812
657 658
657 774
658 861
659 660
659 1247
660 440
661 199
661 662
662 746
663 664
663 719
664 450
665 202
665 666
666 430
667 668
667 1379
668 1220
669 251
669 670
670 96
671 672
671 1396
672 1265
673 674
673 1059
674 1177
675 676
675 1043
676 1021
677 678
677 845
678 190
679 319
679 680
680 682
681 682
681 1121
682 191
683 539
683 684
684 815
685 127
685 686
686 900
687 688
687 963
688 760
689 690
689 879
690 626
691 692
691 883
692 927
693 355
693 694
694 853
695 696
695 1211
696 1279
697 577
697 698
698 182
699 4
699 700
700 1109
701 658
701 702
702 316
703 704
703 789
704 897
705 91
705 706
706 996
707 541
707 708
708 882
709 710
709 1076
710 730
711 632
711 712
712 657
713 714
713 1271
714 955
715 716
715 961
716 932
717 718
717 893
718 847
719 359
719 720
720 1340
721 722
721 1174
722 260
723 724
723 1187
724 20
725 726
725 735
726 825
727 17
727 728
728 686
729 730
729 731
730 12
731 732
731 871
732 764
733 734
733 1329
734 772
735 736
735 829
736 884
737 734
737 738
738 94
739 740
739 1096
740 1250
741 87
741 742
742 791
743 447
743 744
744 799
745 746
745 811
746 694
747 748
747 1103
748 712
749 750
749 851
750 991
751 752
751 962
752 1333
753 754
753 1273
754 1075
755 753
755 756
756 484
757 239
757 758
758 277
759 98
759 760
760 728
761 762
761 965
762 1037
763 764
763 876
764 7
765 681
765 766
766 164
767 729
767 768
768 494
769 371
769 770
770 262
771 772
771 1023
772 1365
773 774
773 823
774 552
775 776
775 1307
776 388
777 455
777 778
778 140
779 39
779 780
780 568
781 36
781 782
782 324
783 713
783 784
784 268
785 10
785 786
786 192
787 788
787 1301
788 698
789 518
789 790
790 129
791 792
791 1016
792 448
793 576
793 794
794 376
795 293
795 796
796 62
797 798
797 1343
798 678
799 800
799 1189
800 703
801 471
801 802
802 985
803 25
803 804
804 1060
805 453
805 806
806 967
807 527
807 808
808 368
809 393
809 810
810 1256
811 674
811 812
812 356
813 814
813 1317
814 370
815 816
815 1347
816 302
817 418
817 818
818 1249
819 820
819 1377
820 720
821 809
821 822
822 901
823 824
823 1127
824 1364
825 476
825 826
826 513
827 326
827 828
828 786
829 89
829 830
830 1290
831 221
831 832
832 1084
833 834
833 1236
834 888
835 836
835 1077
836 968
837 540
837 838
838 1194
839 840
839 1213
840 1
841 104
841 842
842 721
843 844
843 1170
844 868
845 846
845 1351
846 1134
847 848
847 1387
848 270
849 93
849 850
850 1095
851 852
851 1145
852 1081
853 474
853 854
854 938
855 856
855 1314
856 236
857 485
857 858
858 766
859 860
859 1305
860 649
861 405
861 862
862 1142
863 437
863 864
864 1153
865 866
865 1355
866 150
867 868
867 937
868 1156
869 57
869 870
870 446
871 872
871 1067
872 298
873 84
873 874
874 49
875 522
875 876
876 334
877 701
877 878
878 592
879 751
879 880
880 1270
881 367
881 882
882 1113
883 381
883 884
884 281
885 374
885 886
886 207
887 170
887 888
888 798
889 749
889 890
890 429
891 611
891 892
892 510
893 894
893 1009
894 1410
895 414
895 896
896 947
897 318
897 898
898 235
899 900
899 944
900 341
901 902
901 1028
902 249
903 23
903 904
904 287
905 763
905 906
906 366
907 435
907 908
908 619
909 910
909 1197
910 1039
911 551
911 912
912 997
913 499
913 914
914 1062
915 767
915 916
916 898
917 44
917 918
918 1112
919 920
919 1191
920 412
921 69
921 922
922 294
923 924
923 1007
924 137
925 926
925 964
926 1070
927 210
927 928
928 100
929 685
929 930
930 1330
931 715
931 932
932 259
933 934
933 1241
934 1277
935 797
935 936
936 416
937 162
937 938
938 856
939 307
939 940
940 550
941 942
941 1061
942 257
943 575
943 944
944 755
945 553
945 946
946 1163
947 193
947 948
948 977
949 950
949 1159
950 916
951 654
951 952
952 132
953 679
953 954
954 1284
955 562
955 956
956 434
957 623
957 958
958 111
959 960
959 981
960 958
961 962
961 1323
962 133
963 90
963 964
964 505
965 881
965 966
966 1036
967 968
967 1294
968 438
969 106
969 970
970 131
971 972
971 1321
972 782
973 85
973 974
974 372
975 976
975 1208
976 986
977 546
977 978
978 1190
979 980
979 1263
980 892
981 915
981 982
982 172
983 389
983 984
984 1125
985 47
985 986
986 1280
987 988
987 1185
988 616
989 787
989 990
990 924
991 673
991 992
992 490
993 994
993 1397
994 517
995 996
995 1332
996 638
997 748
997 998
998 738
999 1000
999 1383
1000 596
1001 365
1001 1002
1002 1274
1003 205
1003 1004
1004 872
1005 1006
1005 1375
1006 1350
1007 77
1007 1008
1008 1044
1009 1010
1009 1254
1010 644
1011 105
1011 1012
1012 1382
1013 569
1013 1014
1014 1346
1015 1016
1015 1227
1016 1218
1017 1018
1017 1184
1018 230
1019 1020
1019 1295
1020 960
1021 1022
1021 1128
1022 244
1023 253
1023 1024
1024 1378
1025 607
1025 1026
1026 1116
1027 1028
1027 1394
1028 1154
1029 469
1029 1030
1030 151
1031 1032
1031 1056
1032 121
1033 340
1033 1034
1034 468
1035 1036
1035 1255
1036 637
1037 336
1037 1038
1038 834
1039 676
1039 1040
1040 1164
1041 1042
1041 1099
1042 777
1043 583
1043 1044
1044 1304
1045 1025
1045 1046
1046 1131
1047 911
1047 1048
1048 826
1049 1050
1049 1139
1050 759
1051 821
1051 1052
1052 1268
1053 1054
1053 1065
1054 1238
1055 1056
1055 1248
1056 11
1057 1058
1057 1272
1058 1302
1059 545
1059 1060
1060 507
1061 807
1061 1062
1062 514
1063 803
1063 1064
1064 143
1065 211
1065 1066
1066 240
1067 407
1067 1068
1068 360
1069 321
1069 1070
1070 706
1071 621
1071 1072
1072 526
1073 383
1073 1074
1074 197
1075 171
1075 1076
1076 1288
1077 152
1077 1078
1078 1400
1079 46
1079 1080
1080 1140
1081 804
1081 1082
1082 460
1083 457
1083 1084
1084 1027
1085 741
1085 1086
1086 1188
1087 935
1087 1088
1088 21
1089 1090
1089 1405
1090 347
1091 261
1091 1092
1092 835
1093 427
1093 1094
1094 1252
1095 691
1095 1096
1096 661
1097 750
1097 1098
1098 1118
1099 1100
1099 1182
1100 1235
1101 1102
1101 1221
1102 994
1103 1104
1103 1369
1104 620
1105 754
1105 1106
1106 1124
1107 530
1107 1108
1108 1228
1109 48
1109 1110
1110 496
1111 768
1111 1112
1112 124
1113 908
1113 1114
1114 358
1115 1116
1115 1411
1116 591
1117 1118
1117 1293
1118 18
1119 1003
1119 1120
1120 1122
1121 256
1121 1122
1122 520
1123 544
1123 1124
1124 396
1125 600
1125 1126
1126 800
1127 687
1127 1128
1128 377
1129 899
1129 1130
1130 1388
1131 954
1131 1132
1132 652
1133 957
1133 1134
1134 1064
1135 32
1135 1136
1136 364
1137 415
1137 1138
1138 1380
1139 1091
1139 1140
1140 203
1141 234
1141 1142
1142 524
1143 532
1143 1144
1144 936
1145 535
1145 1146
1146 1167
1147 629
1147 1148
1148 451
1149 45
1149 1150
1150 784
1151 1152
1151 1173
1152 286
1153 225
1153 1154
1154 51
1155 597
1155 1156
1156 1138
1157 1050
1157 1158
1158 1024
1159 479
1159 1160
1160 952
1161 805
1161 1162
1162 590
1163 801
1163 1164
1164 439
1165 969
1165 1166
1166 794
1167 581
1167 1168
1168 1286
1169 1102
1169 1170
1170 917
1171 306
1171 1172
1172 660
1173 599
1173 1174
1174 1032
1175 83
1175 1176
1176 580
1177 175
1177 1178
1178 608
1179 817
1179 1180
1180 846
1181 573
1181 1182
1182 711
1183 1184
1183 1319
1184 1216
1185 1186
1185 1386
1186 857
1187 891
1187 1188
1188 214
1189 417
1189 1190
1190 1289
1191 752
1191 1192
1192 880
1193 1194
1193 1303
1194 995
1195 757
1195 1196
1196 1074
1197 1183
1197 1198
1198 228
1199 1022
1199 1200
1200 1166
1201 913
1201 1202
1202 345
1203 561
1203 1204
1204 64
1205 1019
1205 1206
1206 628
1207 269
1207 1208
1208 1143
1209 357
1209 1210
1210 195
1211 283
1211 1212
1212 902
1213 459
1213 1214
1214 566
1215 1157
1215 1216
1216 1042
1217 863
1217 1218
1218 756
1219 351
1219 1220
1220 1098
1221 852
1221 1222
1222 1246
1223 922
1223 1224
1224 827
1225 1135
1225 1226
1226 467
1227 765
1227 1228
1228 693
1229 718
1229 1230
1230 982
1231 177
1231 1232
1232 11
1233 79
1233 1234
1234 5
1235 72
1235 1236
1236 1354
1237 125
1237 1238
1238 925
1239 923
1239 1240
1240 1251
1241 511
1241 1242
1242 1261
1243 1244
1243 1282
1244 146
1245 504
1245 1246
1246 762
1247 642
1247 1248
1248 816
1249 116
1249 1250
1250 1232
1251 1252
1251 1322
1252 740
1253 1239
1253 1254
1254 529
1255 461
1255 1256
1256 1092
1257 243
1257 1258
1258 584
1259 1051
1259 1260
1260 382
1261 380
1261 1262
1262 400
1263 993
1263 1264
1264 423
1265 602
1265 1266
1266 134
1267 519
1267 1268
1268 458
1269 739
1269 1270
1270 1376
1271 60
1271 1272
1272 290
1273 795
1273 1274
1274 54
1275 80
1275 1276
1276 40
1277 559
1277 1278
1278 354
1279 1280
1279 1370
1280 82
1281 1013
1281 1282
1282 489
1283 1264
1283 1284
1284 1374
1285 323
1285 1286
1286 1196
1287 349
1287 1288
1288 6
1289 78
1289 1290
1290 76
1291 14
1291 1292
1292 206
1293 743
1293 1294
1294 421
1295 831
1295 1296
1296 1090
1297 61
1297 1298
1298 887
1299 595
1299 1300
1300 394
1301 233
1301 1302
1302 1408
1303 291
1303 1304
1304 1318
1305 413
1305 1306
1306 933
1307 1107
1307 1308
1308 52
1309 1161
1309 1310
1310 422
1311 379
1311 1312
1312 904
1313 534
1313 1314
1314 702
1315 869
1315 1316
1316 1320
1317 212
1317 1318
1318 704
1319 1203
1319 1320
1320 1034
1321 665
1321 1322
1322 1114
1323 2
1323 1324
1324 426
1325 229
1325 1326
1326 184
1327 776
1327 1328
1328 950
1329 464
1329 1330
1330 478
1331 1258
1331 1332
1332 1198
1333 822
1333 1334
1334 1222
1335 1311
1335 1336
1336 680
1337 565
1337 1338
1338 1020
1339 97
1339 1340
1340 424
1341 1212
1341 1342
1342 588
1343 554
1343 1344
1344 848
1345 1346
1345 1389
1346 238
1347 92
1347 1348
1348 905
1349 317
1349 1350
1350 1178
1351 667
1351 1352
1352 398
1353 886
1353 1354
1354 320
1355 26
1355 1356
1356 330
1357 167
1357 1358
1358 81
1359 1345
1359 1360
1360 299
1361 128
1361 1362
1362 491
1363 742
1363 1364
1364 525
1365 1126
1365 1366
1366 1200
1367 15
1367 1368
1368 264
1369 1219
1369 1370
1370 585
1371 709
1371 1372
1372 1086
1373 1283
1373 1374
1374 1334
1375 392
1375 1376
1376 785
1377 123
1377 1378
1378 1324
1379 1049
1379 1380
1380 432
1381 480
1381 1382
1382 841
1383 744
1383 1384
1384 200
1385 929
1385 1386
1386 979
1387 942
1387 1388
1388 1328
1389 136
1389 1390
1390 813
1391 613
1391 1392
1392 668
1393 943
1393 1394
1394 403
1395 168
1395 1396
1396 745
1397 88
1397 1398
1398 622
1399 1168
1399 1400
1400 420
1401 325
1401 1402
1402 126
1403 953
1403 1404
1404 1342
1405 71
1405 1406
1406 1132
1407 1158
1407 1408
1408 404
1409 222
1409 1410
1410 310
1411 369
1411 1412
1412 1366
1413 939
1413 1414
1414 930
