0 631
0 737
3 620
3 1338
4 357
4 624
5 193
6 946
7 38
7 705
8 53
8 123
9 745
10 1166
11 58
11 131
13 331
13 755
15 514
15 783
17 912
17 1226
19 1181
19 1378
21 361
21 1371
23 24
23 767
24 1369
25 26
25 990
26 404
27 28
27 832
28 142
29 30
29 1311
30 32
31 32
31 1156
32 731
33 34
33 1331
34 652
35 36
35 1384
36 812
37 38
37 883
38 339
39 40
39 702
40 1398
41 42
41 1013
42 344
43 44
43 93
44 688
45 46
45 556
46 1195
47 48
47 1299
48 682
49 50
49 437
50 544
51 52
51 268
52 1020
53 54
53 796
54 661
55 56
55 539
56 1326
57 58
57 515
58 895
59 60
59 327
60 698
61 62
61 529
62 632
63 64
63 1351
64 593
65 66
65 491
66 1346
67 68
67 406
68 994
69 70
69 1185
70 966
71 72
71 505
72 336
73 74
73 719
74 1103
75 76
75 841
76 604
77 78
77 888
78 1002
79 80
79 675
80 124
81 82
81 507
82 127
83 31
83 84
84 440
85 86
85 445
86 92
87 88
87 1211
88 882
89 90
89 1359
90 874
91 92
91 625
92 570
93 94
93 591
94 964
95 96
95 1130
96 537
97 98
97 1337
98 52
99 90
99 100
100 42
101 62
101 102
102 442
103 104
103 1267
104 27
105 106
105 992
106 1262
107 108
107 438
108 1414
109 110
109 518
110 636
111 112
111 643
112 1367
113 73
113 114
114 225
115 116
115 1106
116 448
117 118
117 554
118 623
119 120
119 693
120 522
121 122
121 217
122 1269
123 124
123 915
124 690
125 126
125 489
126 989
127 11
127 128
128 198
129 130
129 856
130 1018
131 132
131 419
132 898
133 134
133 735
134 834
135 136
135 172
136 1246
137 138
137 1010
138 460
139 140
139 513
140 182
141 142
141 1411
142 1260
143 144
143 153
144 1275
145 146
145 645
146 654
147 148
147 1293
148 1370
149 150
149 221
150 381
151 152
151 1120
152 407
153 89
153 154
154 380
155 156
155 979
156 1243
157 158
157 432
158 1250
159 107
159 160
160 1363
161 162
161 975
162 1005
163 164
163 267
164 1354
165 166
165 1041
166 1251
167 168
167 875
168 1067
169 170
169 949
170 386
171 172
171 1167
172 1307
173 174
173 493
174 1108
175 176
175 1344
176 1366
177 178
177 517
178 480
179 180
179 612
180 878
181 182
181 763
182 830
183 184
183 462
184 22
185 186
185 191
186 173
187 188
187 959
188 1098
189 190
189 1192
190 307
191 181
191 192
192 83
193 194
193 472
194 16
195 196
195 945
196 743
197 198
197 551
198 1146
199 200
199 896
200 424
201 202
201 948
202 592
203 204
203 954
204 134
205 206
205 601
206 943
207 55
207 208
208 1198
209 210
209 325
210 1399
211 212
211 538
212 345
213 214
213 376
214 982
215 216
215 430
216 958
217 218
217 355
218 13
219 220
219 1193
220 1279
221 222
221 1294
222 1219
223 224
223 277
224 850
225 226
225 315
226 1132
227 228
227 676
228 393
229 230
229 574
230 130
231 232
231 940
232 298
233 129
233 234
234 816
235 236
235 843
236 282
237 163
237 238
238 170
239 240
239 600
240 252
241 242
241 482
242 827
243 244
243 1204
244 694
245 96
245 246
246 971
247 248
247 410
248 1348
249 250
249 766
250 1194
251 252
251 1094
252 1406
253 254
253 792
254 733
255 256
255 1091
256 1249
257 258
257 1292
258 1272
259 260
259 1332
260 1286
261 224
261 262
262 573
263 215
263 264
264 498
265 266
265 662
266 706
267 268
267 1304
268 76
269 270
269 1290
270 619
271 272
271 670
272 1266
273 274
273 1203
274 1376
275 276
275 492
276 746
277 278
277 471
278 597
279 280
279 294
280 1110
281 282
281 641
282 724
283 81
283 284
284 1356
285 286
285 757
286 106
287 288
287 1014
288 1
289 194
289 290
290 50
291 292
291 1135
292 213
293 294
293 458
294 995
295 143
295 296
296 1310
297 298
297 451
298 183
299 300
299 457
300 572
301 302
301 1277
302 929
303 146
303 304
304 739
305 306
305 840
306 274
307 308
307 980
308 1070
309 310
309 1053
310 784
311 312
311 779
312 681
313 314
313 478
314 894
315 316
315 413
316 1066
317 318
317 1049
318 243
319 320
319 589
320 41
321 322
321 383
322 1134
323 324
323 884
324 292
325 326
325 531
326 356
327 311
327 328
328 1151
329 330
329 1306
330 965
331 332
331 1196
332 710
333 334
333 1101
334 650
335 336
335 477
336 1036
337 338
337 1177
338 394
339 340
339 603
340 205
341 342
341 921
342 868
343 344
343 1107
344 794
345 346
345 1046
346 646
347 54
347 348
348 1157
349 188
349 350
350 633
351 352
351 1413
352 1218
353 354
353 409
354 793
355 356
355 545
356 583
357 358
357 909
358 1174
359 360
359 364
360 1104
361 141
361 362
362 220
363 88
363 364
364 926
365 366
365 1165
366 726
367 368
367 871
368 1233
369 370
369 826
370 303
371 372
371 1303
372 968
373 374
373 1352
374 1392
375 376
375 1050
376 120
377 378
377 729
378 338
379 380
379 822
380 605
381 202
381 382
382 464
383 384
383 835
384 332
385 117
385 386
386 879
387 388
387 947
388 321
389 390
389 899
390 957
391 392
391 449
392 1054
393 394
393 1270
394 932
395 323
395 396
396 276
397 398
397 802
398 1212
399 400
399 535
400 913
401 291
401 402
402 782
403 404
403 1078
404 1328
405 406
405 1127
406 2
407 341
407 408
408 212
409 410
409 1145
410 1239
411 412
411 1084
412 278
413 15
413 414
414 125
415 9
415 416
416 1388
417 418
417 1248
418 1341
419 420
419 869
420 469
421 422
421 642
422 1069
423 424
423 1242
424 566
425 223
425 426
426 1232
427 69
427 428
428 228
429 430
429 1385
430 1161
431 388
431 432
432 744
433 434
433 499
434 528
435 436
435 716
436 955
437 438
437 1025
438 985
439 440
439 908
440 938
441 442
441 590
442 132
443 145
443 444
444 196
445 12
445 446
446 484
447 192
447 448
448 937
449 87
449 450
450 886
451 160
451 452
452 1027
453 49
453 454
454 596
455 456
455 1265
456 1282
457 458
457 1116
458 918
459 460
459 1409
460 1298
461 462
461 577
462 1318
463 464
463 1386
464 296
465 235
465 466
466 655
467 468
467 564
468 300
469 156
469 470
470 426
471 239
471 472
472 6
473 474
473 1335
474 1252
475 476
475 532
476 1034
477 478
477 851
478 647
479 379
479 480
480 616
481 482
481 997
482 543
483 245
483 484
484 118
485 473
485 486
486 150
487 488
487 1202
488 606
489 490
489 1302
490 1088
491 492
491 978
492 862
493 494
493 1086
494 359
495 75
495 496
496 337
497 498
497 663
498 820
499 500
499 821
500 558
501 94
501 502
502 626
503 137
503 504
504 848
505 308
505 506
506 366
507 508
507 524
508 26
509 175
509 510
510 952
511 57
511 512
512 734
513 514
513 754
514 1345
515 516
515 768
516 500
517 114
517 518
518 960
519 520
519 1111
520 911
521 522
521 629
522 530
523 524
523 713
524 1330
525 251
525 526
526 961
527 391
527 528
528 798
529 530
529 613
530 148
531 532
531 1017
532 521
533 351
533 534
534 1237
535 536
535 711
536 1245
537 538
537 1087
538 236
539 161
539 540
540 98
541 542
541 579
542 902
543 544
543 1062
544 1400
545 546
545 1016
546 306
547 61
547 548
548 305
549 405
549 550
550 1374
551 552
551 1097
552 496
553 552
553 554
554 846
555 556
555 885
556 927
557 558
557 805
558 988
559 560
559 1256
560 116
561 562
561 651
562 262
563 317
563 564
564 446
565 566
565 1241
566 1342
567 187
567 568
568 512
569 326
569 570
570 890
571 572
571 976
572 910
573 574
573 849
574 672
575 576
575 741
576 263
577 578
577 1358
578 697
579 428
579 580
580 140
581 582
581 799
582 443
583 584
583 833
584 30
585 8
585 586
586 817
587 256
587 588
588 1175
589 504
589 590
590 390
591 592
591 881
592 242
593 40
593 594
594 1048
595 596
595 1349
596 1336
597 77
597 598
598 790
599 600
599 1119
600 953
601 602
601 1396
602 1006
603 171
603 604
604 486
605 606
605 914
606 730
607 608
607 873
608 1012
609 610
609 920
610 585
611 612
611 621
612 316
613 614
613 1281
614 415
615 616
615 967
616 1362
617 218
617 618
618 1236
619 620
619 1102
620 786
621 401
621 622
622 1072
623 370
623 624
624 1047
625 7
625 626
626 1055
627 238
627 628
628 230
629 190
629 630
630 154
631 91
631 632
632 1333
633 510
633 634
634 852
635 226
635 636
636 310
637 638
637 877
638 301
639 640
639 666
640 727
641 389
641 642
642 23
643 644
643 1093
644 762
645 328
645 646
646 392
647 648
647 991
648 703
649 111
649 650
650 494
651 536
651 652
652 1178
653 347
653 654
654 1064
655 656
655 935
656 924
657 588
657 658
658 20
659 660
659 1100
660 1164
661 662
661 1268
662 981
663 46
663 664
664 628
665 666
665 1228
666 704
667 668
667 707
668 534
669 670
669 1255
670 829
671 335
671 672
672 810
673 658
673 674
674 227
675 676
675 1057
676 1397
677 678
677 1035
678 1096
679 680
679 831
680 1210
681 70
681 682
682 776
683 684
683 1129
684 1402
685 686
685 1321
686 1154
687 688
687 1150
688 343
689 680
689 690
690 382
691 483
691 692
692 618
693 694
693 752
694 668
695 696
695 987
696 1340
697 698
697 1080
698 360
699 700
699 1324
700 916
701 702
701 1023
702 575
703 353
703 704
704 815
705 706
705 1003
706 468
707 708
707 983
708 1410
709 710
709 1229
710 728
711 167
711 712
712 956
713 714
713 1190
714 385
715 716
715 1109
716 487
717 523
717 718
718 1159
719 155
719 720
720 758
721 722
721 854
722 732
723 377
723 724
724 1000
725 726
725 1334
726 210
727 35
727 728
728 864
729 373
729 730
730 6
731 686
731 732
732 1068
733 734
733 1199
734 214
735 324
735 736
736 206
737 701
737 738
738 1408
739 436
739 740
740 1056
741 74
741 742
742 80
743 744
743 769
744 845
745 746
745 1060
746 168
747 433
747 748
748 1258
749 750
749 1395
750 1180
751 752
751 863
752 1031
753 754
753 865
754 485
755 431
755 756
756 1259
757 687
757 758
758 416
759 738
759 760
760 635
761 762
761 1039
762 320
763 715
763 764
764 684
765 766
765 1077
766 110
767 19
767 768
768 456
769 770
769 775
770 1124
771 349
771 772
772 1183
773 749
773 774
774 934
775 400
775 776
776 352
777 773
777 778
778 365
779 425
779 780
780 501
781 33
781 782
782 1082
783 784
783 811
784 461
785 329
785 786
786 1092
787 788
787 1247
788 1353
789 790
789 1162
790 1147
791 71
791 792
792 1030
793 374
793 794
794 408
795 796
795 1343
796 685
797 798
797 825
798 112
799 751
799 800
800 369
801 36
801 802
802 162
803 411
803 804
804 922
805 691
805 806
806 1231
807 808
807 1037
808 930
809 497
809 810
810 1186
811 108
811 812
812 1273
813 100
813 814
814 568
815 216
815 816
816 844
817 659
817 818
818 144
819 820
819 1155
820 791
821 822
821 1205
822 454
823 824
823 1045
824 1271
825 599
825 826
826 463
827 280
827 828
828 1276
829 830
829 1206
830 1160
831 832
831 1217
832 396
833 527
833 834
834 1200
835 136
835 836
836 1118
837 838
837 1029
838 996
839 283
839 840
840 250
841 842
841 1227
842 126
843 185
843 844
844 84
845 348
845 846
846 718
847 421
847 848
848 708
849 850
849 1300
850 211
851 255
851 852
852 222
853 398
853 854
854 664
855 856
855 1117
856 1316
857 403
857 858
858 246
859 860
859 986
860 10
861 862
861 1365
862 598
863 864
863 1405
864 402
865 777
865 866
866 9
867 804
867 868
868 174
869 683
869 870
870 1173
871 207
871 872
872 1011
873 823
873 874
874 1176
875 795
875 876
876 384
877 878
877 1144
878 441
879 880
879 1280
880 736
881 882
881 1295
882 561
883 884
883 1143
884 209
885 295
885 886
886 1284
887 395
887 888
888 452
889 414
889 890
890 322
891 459
891 892
892 669
893 894
893 1095
894 674
895 760
895 896
896 984
897 595
897 898
898 479
899 897
899 900
900 279
901 99
901 902
902 508
903 546
903 904
904 858
905 318
905 906
906 639
907 908
907 973
908 765
909 272
909 910
910 208
911 467
911 912
912 1138
913 914
913 1355
914 1209
915 314
915 916
916 1208
917 350
917 918
918 722
919 920
919 1360
920 859
921 907
921 922
922 1179
923 503
923 924
924 1112
925 342
925 926
926 24
927 363
927 928
928 998
929 930
929 1244
930 346
931 901
931 932
932 266
933 47
933 934
934 1142
935 285
935 936
936 941
937 378
937 938
938 5
939 648
939 940
940 97
941 942
941 1085
942 634
943 548
943 944
944 770
945 946
945 1201
946 764
947 152
947 948
948 434
949 950
949 1063
950 824
951 275
951 952
952 1274
953 954
953 963
954 249
955 64
955 956
956 4
957 951
957 958
958 720
959 960
959 1364
960 1309
961 962
961 1297
962 1128
963 615
963 964
964 665
965 189
965 966
966 550
967 968
967 1168
968 157
969 313
969 970
970 1171
971 176
971 972
972 248
973 974
973 1051
974 1224
975 976
975 1163
976 1081
977 609
977 978
978 774
979 37
979 980
980 229
981 982
981 1184
982 928
983 984
983 1172
984 1122
985 169
985 986
986 819
987 761
987 988
988 302
989 354
989 990
990 1188
991 237
991 992
992 785
993 109
993 994
994 232
995 721
995 996
996 1240
997 158
997 998
998 836
999 1000
999 1291
1000 1152
1001 1002
1001 1019
1002 340
1003 1004
1003 1329
1004 1323
1005 1006
1005 1059
1006 837
1007 417
1007 1008
1008 78
1009 455
1009 1010
1010 999
1011 807
1011 1012
1012 231
1013 234
1013 1014
1014 1225
1015 555
1015 1016
1016 1139
1017 1018
1017 1357
1018 184
1019 569
1019 1020
1020 201
1021 1022
1021 1288
1022 1389
1023 151
1023 1024
1024 44
1025 1026
1025 1169
1026 511
1027 1028
1027 1403
1028 1090
1029 304
1029 1030
1030 14
1031 444
1031 1032
1032 1008
1033 876
1033 1034
1034 1126
1035 509
1035 1036
1036 1220
1037 423
1037 1038
1038 750
1039 1032
1039 1040
1040 689
1041 147
1041 1042
1042 780
1043 371
1043 1044
1044 756
1045 1046
1045 1377
1046 700
1047 917
1047 1048
1048 742
1049 435
1049 1050
1050 627
1051 121
1051 1052
1052 1339
1053 1054
1053 1289
1054 28
1055 1056
1055 1375
1056 696
1057 923
1057 1058
1058 177
1059 260
1059 1060
1060 860
1061 1062
1061 1234
1062 1296
1063 1064
1063 1215
1064 801
1065 969
1065 1066
1066 203
1067 541
1067 1068
1068 289
1069 974
1069 1070
1070 1368
1071 1072
1071 1285
1072 771
1073 838
1073 1074
1074 287
1075 149
1075 1076
1076 1222
1077 789
1077 1078
1078 1404
1079 312
1079 1080
1080 204
1081 925
1081 1082
1082 660
1083 319
1083 1084
1084 63
1085 1086
1085 1407
1086 608
1087 892
1087 1088
1088 233
1089 1090
1089 1207
1090 853
1091 649
1091 1092
1092 254
1093 1094
1093 1325
1094 753
1095 695
1095 1096
1096 178
1097 622
1097 1098
1098 219
1099 576
1099 1100
1100 563
1101 803
1101 1102
1102 179
1103 1104
1103 1261
1104 286
1105 525
1105 1106
1106 1001
1107 1108
1107 1197
1108 25
1109 847
1109 1110
1110 614
1111 778
1111 1112
1112 638
1113 905
1113 1114
1114 587
1115 43
1115 1116
1116 872
1117 787
1117 1118
1118 450
1119 429
1119 1120
1120 709
1121 270
1121 1122
1122 1412
1123 265
1123 1124
1124 200
1125 95
1125 1126
1126 808
1127 671
1127 1128
1128 284
1129 466
1129 1130
1130 1213
1131 993
1131 1132
1132 640
1133 867
1133 1134
1134 1136
1135 1083
1135 1136
1136 1264
1137 3
1137 1138
1138 56
1139 165
1139 1140
1140 273
1141 1142
1141 1230
1142 1079
1143 1144
1143 1401
1144 465
1145 657
1145 1146
1146 1133
1147 199
1147 1148
1148 962
1149 1150
1149 1187
1150 582
1151 387
1151 1152
1152 1278
1153 553
1153 1154
1154 358
1155 59
1155 1156
1156 1390
1157 1158
1157 1387
1158 602
1159 1026
1159 1160
1160 164
1161 1071
1161 1162
1162 65
1163 113
1163 1164
1164 584
1165 950
1165 1166
1166 264
1167 135
1167 1168
1168 1191
1169 581
1169 1170
1170 309
1171 519
1171 1172
1172 1061
1173 1174
1173 1221
1174 630
1175 119
1175 1176
1176 1038
1177 105
1177 1178
1178 567
1179 906
1179 1180
1180 516
1181 79
1181 1182
1182 1320
1183 904
1183 1184
1184 818
1185 128
1185 1186
1186 806
1187 82
1187 1188
1188 475
1189 1190
1189 1315
1190 839
1191 368
1191 1192
1192 679
1193 1044
1193 1194
1194 290
1195 1196
1195 1313
1196 253
1197 617
1197 1198
1198 474
1199 712
1199 1200
1200 1308
1201 122
1201 1202
1202 970
1203 759
1203 1204
1204 197
1205 1075
1205 1206
1206 1137
1207 1043
1207 1208
1208 828
1209 48
1209 1210
1210 470
1211 610
1211 1212
1212 68
1213 299
1213 1214
1214 490
1215 21
1215 1216
1216 903
1217 372
1217 1218
1218 931
1219 580
1219 1220
1220 542
1221 1214
1221 1222
1222 1073
1223 1153
1223 1224
1224 866
1225 944
1225 1226
1226 18
1227 1089
1227 1228
1228 1379
1229 855
1229 1230
1230 1114
1231 422
1231 1232
1232 942
1233 533
1233 1234
1234 418
1235 725
1235 1236
1236 72
1237 240
1237 1238
1238 880
1239 870
1239 1240
1240 678
1241 809
1241 1242
1242 611
1243 86
1243 1244
1244 644
1245 939
1245 1246
1246 800
1247 453
1247 1248
1248 1065
1249 919
1249 1250
1250 427
1251 520
1251 1252
1252 1322
1253 1033
1253 1254
1254 5
1255 1256
1255 1381
1256 893
1257 333
1257 1258
1258 1131
1259 1260
1259 1383
1260 17
1261 1149
1261 1262
1262 594
1263 1264
1263 1317
1264 259
1265 637
1265 1266
1266 1182
1267 367
1267 1268
1268 861
1269 1099
1269 1270
1270 1253
1271 540
1271 1272
1272 397
1273 889
1273 1274
1274 244
1275 104
1275 1276
1276 1361
1277 51
1277 1278
1278 900
1279 1123
1279 1280
1280 133
1281 1125
1281 1282
1282 101
1283 138
1283 1284
1284 488
1285 1140
1285 1286
1286 102
1287 747
1287 1288
1288 1327
1289 412
1289 1290
1290 502
1291 39
1291 1292
1292 1350
1293 677
1293 1294
1294 1305
1295 1105
1295 1296
1296 439
1297 139
1297 1298
1298 547
1299 797
1299 1300
1300 653
1301 247
1301 1302
1302 67
1303 103
1303 1304
1304 1372
1305 565
1305 1306
1306 1382
1307 1021
1307 1308
1308 60
1309 714
1309 1310
1310 1076
1311 977
1311 1312
1312 772
1313 1058
1313 1314
1314 1283
1315 399
1315 1316
1316 10
1317 1022
1317 1318
1318 1040
1319 269
1319 1320
1320 972
1321 241
1321 1322
1322 375
1323 195
1323 1324
1324 362
1325 1263
1325 1326
1326 288
1327 115
1327 1328
1328 476
1329 495
1329 1330
1330 936
1331 1004
1331 1332
1332 1380
1333 1235
1333 1334
1334 1394
1335 891
1335 1336
1336 1158
1337 1223
1337 1338
1338 1254
1339 1148
1339 1340
1340 578
1341 186
1341 1342
1342 692
1343 549
1343 1344
1344 1373
1345 607
1345 1346
1346 1052
1347 1319
1347 1348
1348 334
1349 29
1349 1350
1350 748
1351 261
1351 1352
1352 330
1353 1024
1353 1354
1354 560
1355 557
1355 1356
1356 506
1357 1287
1357 1358
1358 420
1359 933
1359 1360
1360 159
1361 1028
1361 1362
1362 1074
1363 667
1363 1364
1364 257
1365 297
1365 1366
1366 258
1367 180
1367 1368
1368 66
1369 813
1369 1370
1370 814
1371 717
1371 1372
1372 45
1373 526
1373 1374
1374 559
1375 723
1375 1376
1376 293
1377 1314
1377 1378
1378 673
1379 887
1379 1380
1380 857
1381 1257
1381 1382
1382 1170
1383 842
1383 1384
1384 85
1385 1189
1385 1386
1386 1391
1387 34
1387 1388
1388 1216
1389 1113
1389 1390
1390 788
1391 586
1391 1392
1392 571
1393 1141
1393 1394
1394 481
1395 781
1395 1396
1396 1121
1397 656
1397 1398
1398 1301
1399 271
1399 1400
1400 740
1401 1015
1401 1402
1402 1238
1403 1347
1403 1404
1404 1312
1405 1393
1405 1406
1406 699
1407 1115
1407 1408
1408 1007
1409 1042
1409 1410
1410 447
1411 281
1411 1412
1412 166
1413 1009
1413 1414
1414 562
