0 345
0 855
2 829
2 969
3 465
3 699
4 466
4 856
5 591
6 99
7 320
7 340
8 582
8 753
9 1310
10 1184
13 1023
13 1366
15 128
15 215
17 1321
17 1343
19 29
19 494
21 1221
21 1379
23 24
23 522
24 272
25 26
25 871
26 386
27 28
27 993
28 789
29 30
29 193
30 647
31 32
31 1171
32 520
33 34
33 907
34 766
35 36
35 95
36 232
37 38
37 325
38 435
39 40
39 1142
40 1413
41 42
41 1114
42 865
43 44
43 47
44 420
45 46
45 495
46 717
47 38
47 48
48 1012
49 50
49 388
50 1123
51 52
51 473
52 433
53 54
53 615
54 293
55 56
55 1385
56 890
57 58
57 900
58 635
59 60
59 1133
60 822
61 62
61 1075
62 109
63 59
63 64
64 1108
65 66
65 1209
66 212
67 68
67 755
68 1262
69 70
69 498
70 1037
71 35
71 72
72 6
73 74
73 791
74 263
75 76
75 693
76 802
77 78
77 1295
78 684
79 40
79 80
80 1070
81 82
81 796
82 230
83 84
83 1313
84 786
85 86
85 118
86 1029
87 88
87 629
88 289
89 90
89 411
90 658
91 92
91 884
92 512
93 94
93 1041
94 1407
95 50
95 96
96 280
97 98
97 1179
98 427
99 100
99 1085
100 931
101 102
101 1231
102 1177
103 104
103 833
104 443
105 106
105 499
106 376
107 72
107 108
108 1344
109 110
109 815
110 778
111 112
111 154
112 1057
113 114
113 329
114 1074
115 101
115 116
116 1061
117 118
117 757
118 1017
119 120
119 396
120 689
121 122
121 893
122 564
123 124
123 1378
124 188
125 126
125 493
126 665
127 128
127 908
128 299
129 127
129 130
130 1094
131 132
131 1360
132 619
133 134
133 740
134 387
135 136
135 1214
136 1140
137 138
137 183
138 643
139 140
139 318
140 484
141 89
141 142
142 721
143 144
143 441
144 1386
145 146
145 221
146 1235
147 148
147 416
148 612
149 150
149 1404
150 452
151 152
151 831
152 488
153 154
153 981
154 219
155 156
155 1047
156 438
157 158
157 963
158 1396
159 160
159 324
160 1350
161 162
161 1013
162 23
163 131
163 164
164 204
165 166
165 1237
166 853
167 168
167 546
168 967
169 170
169 1361
170 434
171 172
171 1283
172 440
173 174
173 1043
174 681
175 176
175 541
176 1105
177 178
177 663
178 718
179 180
179 801
180 1192
181 182
181 1259
182 1202
183 184
183 705
184 1196
185 186
185 1116
186 1132
187 188
187 608
188 624
189 190
189 243
190 1359
191 192
191 203
192 176
193 194
193 964
194 442
195 139
195 196
196 1393
197 198
197 781
198 1390
199 81
199 200
200 1054
201 202
201 549
202 472
203 204
203 759
204 1136
205 4
205 206
206 560
207 208
207 1065
208 1158
209 210
209 1170
210 1036
211 212
211 726
212 639
213 214
213 581
214 504
215 216
215 811
216 378
217 218
217 339
218 1234
219 220
219 1150
220 1319
221 55
221 222
222 550
223 224
223 1145
224 1173
225 226
225 562
226 482
227 228
227 554
228 701
229 230
229 574
230 1042
231 232
231 235
232 660
233 234
233 1341
234 1369
235 86
235 236
236 451
237 238
237 594
238 808
239 229
239 240
240 189
241 242
241 543
242 124
243 244
243 1363
244 634
245 246
245 1106
246 146
247 248
247 566
248 657
249 85
249 250
250 1406
251 252
251 1263
252 190
253 254
253 724
254 462
255 256
255 1330
256 1400
257 258
257 409
258 58
259 177
259 260
260 130
261 262
261 1327
262 336
263 264
263 866
264 618
265 266
265 649
266 1293
267 17
267 268
268 225
269 270
269 1066
270 614
271 182
271 272
272 918
273 274
273 1121
274 362
275 276
275 1322
276 1020
277 278
277 1291
278 500
279 280
279 342
280 1092
281 46
281 282
282 172
283 284
283 1199
284 600
285 286
285 1139
286 974
287 288
287 1003
288 730
289 290
289 511
290 1292
291 292
291 1137
292 133
293 294
293 1120
294 24
295 296
295 461
296 542
297 298
297 1093
298 216
299 16
299 300
300 1154
301 33
301 302
302 1294
303 304
303 1051
304 762
305 306
305 680
306 1355
307 308
307 552
308 364
309 310
309 845
310 87
311 312
311 733
312 10
313 291
313 314
314 1005
315 316
315 1168
316 869
317 257
317 318
318 910
319 320
319 898
320 746
321 322
321 929
322 1068
323 324
323 965
324 917
325 205
325 326
326 1039
327 328
327 664
328 1000
329 121
329 330
330 1285
331 332
331 1073
332 389
333 334
333 1213
334 749
335 336
335 837
336 1030
337 338
337 695
338 572
339 340
339 1103
340 261
341 342
341 365
342 1102
343 344
343 1297
344 80
345 346
345 859
346 351
347 348
347 486
348 363
349 350
349 547
350 274
351 352
351 422
352 779
353 354
353 1365
354 1166
355 213
355 356
356 870
357 358
357 1087
358 150
359 360
359 849
360 1252
361 362
361 571
362 878
363 364
363 1394
364 1250
365 366
365 1019
366 478
367 368
367 927
368 925
369 370
369 428
370 706
371 372
371 575
372 358
373 374
373 381
374 453
375 376
375 656
376 7
377 378
377 447
378 994
379 380
379 1275
380 758
381 174
381 382
382 1138
383 384
383 487
384 1270
385 386
385 1034
386 1332
387 341
387 388
388 18
389 390
389 1388
390 181
391 111
391 392
392 1026
393 394
393 1049
394 934
395 396
395 1287
396 429
397 398
397 407
398 1280
399 400
399 1201
400 92
401 402
401 1368
402 536
403 360
403 404
404 311
405 350
405 406
406 312
407 408
407 772
408 1157
409 410
409 775
410 424
411 412
411 551
412 1299
413 357
413 414
414 269
415 416
415 1191
416 175
417 418
417 832
418 152
419 420
419 1032
420 454
421 422
421 497
422 1187
423 424
423 1167
424 868
425 426
425 565
426 481
427 428
427 595
428 157
429 430
429 1276
430 682
431 432
431 1050
432 160
433 314
433 434
434 787
435 436
435 827
436 1208
437 266
437 438
438 279
439 2
439 440
440 41
441 354
441 442
442 1370
443 227
443 444
444 580
445 237
445 446
446 902
447 448
447 1239
448 496
449 126
449 450
450 159
451 452
451 1371
452 1336
453 454
453 736
454 936
455 456
455 922
456 106
457 458
457 646
458 768
459 460
459 1033
460 935
461 462
461 703
462 760
463 464
463 985
464 200
465 125
465 466
466 962
467 353
467 468
468 1128
469 168
469 470
470 11
471 472
471 1148
472 530
473 474
473 783
474 1334
475 421
475 476
476 1160
477 478
477 803
478 144
479 480
479 519
480 491
481 482
481 1339
482 43
483 484
483 1352
484 510
485 486
485 773
486 1246
487 488
487 1129
488 906
489 338
489 490
490 1218
491 37
491 492
492 666
493 494
493 903
494 136
495 247
495 496
496 557
497 498
497 711
498 327
499 500
499 812
500 921
501 502
501 659
502 355
503 504
503 1007
504 734
505 492
505 506
506 374
507 508
507 1380
508 344
509 510
509 1353
510 1002
511 303
511 512
512 1016
513 36
513 514
514 406
515 516
515 813
516 404
517 518
517 1115
518 662
519 371
519 520
520 654
521 97
521 522
522 292
523 524
523 881
524 179
525 526
525 675
526 1195
527 249
527 528
528 750
529 530
529 754
530 1248
531 532
531 997
532 1326
533 534
533 704
534 26
535 192
535 536
536 645
537 538
537 986
538 1099
539 538
539 540
540 208
541 542
541 809
542 76
543 544
543 879
544 518
545 546
545 677
546 145
547 548
547 1081
548 694
549 550
549 953
550 372
551 552
551 1251
552 211
553 283
553 554
554 1162
555 556
555 676
556 966
557 558
557 1311
558 394
559 560
559 882
560 630
561 187
561 562
562 763
563 564
563 860
564 166
565 566
565 1229
566 1325
567 370
567 568
568 82
569 503
569 570
570 971
571 572
571 1107
572 1027
573 574
573 1277
574 583
575 576
575 843
576 1238
577 103
577 578
578 278
579 580
579 1318
580 1410
581 563
581 582
582 1249
583 584
583 1403
584 1227
585 586
585 601
586 887
587 287
587 588
588 872
589 241
589 590
590 928
591 592
591 691
592 276
593 594
593 715
594 1219
595 596
595 669
596 1174
597 475
597 598
598 1232
599 600
599 942
600 1266
601 602
601 1113
602 298
603 604
603 1117
604 1062
605 544
605 606
606 210
607 113
607 608
608 1189
609 610
609 670
610 1242
611 445
611 612
612 588
613 614
613 862
614 1082
615 616
615 761
616 238
617 31
617 618
618 1354
619 620
619 1257
620 392
621 622
621 959
622 1088
623 624
623 911
624 457
625 115
625 626
626 73
627 628
627 707
628 242
629 630
629 770
630 1384
631 632
631 1228
632 1342
633 290
633 634
634 375
635 245
635 636
636 780
637 401
637 638
638 346
639 640
639 728
640 1268
641 430
641 642
642 1186
643 94
643 644
644 218
645 586
645 646
646 322
647 296
647 648
648 9
649 650
649 678
650 973
651 223
651 652
652 628
653 654
653 1135
654 1210
655 373
655 656
656 1267
657 658
657 821
658 930
659 61
659 660
660 1264
661 662
661 1289
662 1261
663 664
663 708
664 960
665 666
665 912
666 1374
667 116
667 668
668 254
669 670
669 756
670 979
671 672
671 793
672 597
673 84
673 674
674 383
675 479
675 676
676 517
677 67
677 678
678 349
679 680
679 735
680 1001
681 527
681 682
682 978
683 559
683 684
684 1015
685 617
685 686
686 840
687 68
687 688
688 610
689 690
689 767
690 836
691 692
691 1009
692 1104
693 694
693 937
694 1300
695 696
695 1175
696 515
697 698
697 1147
698 1178
699 623
699 700
700 361
701 702
701 1328
702 196
703 704
703 1200
704 847
705 531
705 706
706 470
707 708
707 739
708 155
709 307
709 710
710 1052
711 712
711 867
712 1207
713 714
713 1205
714 1172
715 716
715 1337
716 1233
717 718
717 1375
718 1180
719 343
719 720
720 644
721 201
721 722
722 390
723 335
723 724
724 1324
725 599
725 726
726 1077
727 27
727 728
728 876
729 236
729 730
730 468
731 732
731 1163
732 1131
733 284
733 734
734 13
735 736
735 745
736 1320
737 246
737 738
738 976
739 167
739 740
740 65
741 667
741 742
742 1381
743 727
743 744
744 642
745 671
745 746
746 110
747 21
747 748
748 896
749 750
749 897
750 1064
751 258
751 752
752 998
753 129
753 754
754 456
755 607
755 756
756 1357
757 153
757 758
758 977
759 760
759 1254
760 609
761 239
761 762
762 384
763 88
763 764
764 1096
765 587
765 766
766 158
767 186
767 768
768 184
769 770
769 1090
770 285
771 34
771 772
772 1193
773 774
773 1373
774 1405
775 313
775 776
776 1236
777 632
777 778
778 579
779 533
779 780
780 854
781 731
781 782
782 1340
783 273
783 784
784 830
785 786
785 1243
786 638
787 334
787 788
788 814
789 790
789 851
790 824
791 537
791 792
792 114
793 305
793 794
794 156
795 449
795 796
796 653
797 798
797 1141
798 1408
799 163
799 800
800 1100
801 69
801 802
802 945
803 15
803 804
804 415
805 806
805 825
806 968
807 808
807 1222
808 9
809 810
809 889
810 982
811 525
811 812
812 561
813 814
813 952
814 191
815 816
815 1095
816 648
817 722
817 818
818 1048
819 45
819 820
820 720
821 377
821 822
822 260
823 348
823 824
824 950
825 78
825 826
826 710
827 828
827 1091
828 742
829 830
829 1411
830 686
831 832
831 1271
832 570
833 834
833 941
834 516
835 836
835 1149
836 490
837 231
837 838
838 932
839 277
839 840
840 568
841 842
841 1031
842 535
843 251
843 844
844 1269
845 679
845 846
846 90
847 848
847 1006
848 22
849 480
849 850
850 356
851 852
851 1323
852 48
853 854
853 1335
854 224
855 856
855 1083
856 877
857 83
857 858
858 874
859 259
859 860
860 49
861 425
861 862
862 737
863 569
863 864
864 738
865 866
865 1282
866 294
867 505
867 868
868 506
869 870
869 980
870 222
871 240
871 872
872 42
873 631
873 874
874 1412
875 696
875 876
876 271
877 819
877 878
878 810
879 197
879 880
880 702
881 882
881 1367
882 785
883 5
883 884
884 655
885 886
885 1119
886 1265
887 888
887 1008
888 864
889 683
889 890
890 776
891 875
891 892
892 405
893 28
893 894
894 380
895 625
895 896
896 1156
897 898
897 1069
898 56
899 463
899 900
900 1072
901 895
901 902
902 1010
903 904
903 909
904 891
905 391
905 906
906 774
907 908
907 1273
908 30
909 301
909 910
910 1194
911 912
911 1063
912 1349
913 102
913 914
914 209
915 916
915 1281
916 270
917 63
917 918
918 688
919 337
919 920
920 1414
921 19
921 922
922 282
923 924
923 989
924 913
925 534
925 926
926 1022
927 928
927 1376
928 226
929 317
929 930
930 6
931 253
931 932
932 1080
933 841
933 934
934 820
935 799
935 936
936 1018
937 369
937 938
938 990
939 940
939 1161
940 991
941 942
941 1211
942 108
943 459
943 944
944 1122
945 620
945 946
946 834
947 948
947 1084
948 450
949 950
949 1382
950 20
951 952
951 1347
952 162
953 545
953 954
954 816
955 651
955 956
956 439
957 885
957 958
958 1045
959 960
959 1301
960 310
961 137
961 962
962 955
963 395
963 964
964 1372
965 39
965 966
966 508
967 968
967 1164
968 1331
969 970
969 1303
970 606
971 777
971 972
972 1212
973 974
973 1004
974 366
975 976
975 988
976 436
977 132
977 978
978 748
979 980
979 1247
980 752
981 982
981 1111
982 1290
983 984
983 1151
984 769
985 986
985 1305
986 975
987 77
987 988
988 593
989 142
989 990
990 398
991 267
991 992
992 149
993 957
993 994
994 14
995 788
995 996
996 431
997 426
997 998
998 446
999 858
999 1000
1000 1183
1001 905
1001 1002
1002 592
1003 309
1003 1004
1004 589
1005 359
1005 1006
1006 692
1007 626
1007 1008
1008 687
1009 107
1009 1010
1010 880
1011 938
1011 1012
1012 304
1013 275
1013 1014
1014 315
1015 268
1015 1016
1016 992
1017 105
1017 1018
1018 640
1019 119
1019 1020
1020 1058
1021 199
1021 1022
1022 596
1023 1024
1023 1126
1024 1
1025 940
1025 1026
1026 233
1027 627
1027 1028
1028 1159
1029 1030
1029 1110
1030 1240
1031 62
1031 1032
1032 220
1033 553
1033 1034
1034 1306
1035 1036
1035 1392
1036 308
1037 954
1037 1038
1038 1362
1039 1040
1039 1225
1040 1356
1041 585
1041 1042
1042 302
1043 523
1043 1044
1044 838
1045 1046
1045 1125
1046 946
1047 1048
1047 1143
1048 892
1049 983
1049 1050
1050 122
1051 138
1051 1052
1052 455
1053 1054
1053 1397
1054 458
1055 933
1055 1056
1056 652
1057 8
1057 1058
1058 1226
1059 951
1059 1060
1060 74
1061 795
1061 1062
1062 194
1063 52
1063 1064
1064 1056
1065 661
1065 1066
1066 1223
1067 332
1067 1068
1068 972
1069 984
1069 1070
1070 698
1071 368
1071 1072
1072 697
1073 98
1073 1074
1074 295
1075 248
1075 1076
1076 54
1077 1021
1077 1078
1078 70
1079 636
1079 1080
1080 604
1081 25
1081 1082
1082 10
1083 901
1083 1084
1084 265
1085 956
1085 1086
1086 1028
1087 861
1087 1088
1088 507
1089 846
1089 1090
1090 524
1091 794
1091 1092
1092 949
1093 147
1093 1094
1094 100
1095 947
1095 1096
1096 195
1097 207
1097 1098
1098 202
1099 403
1099 1100
1100 914
1101 469
1101 1102
1102 996
1103 1035
1103 1104
1104 540
1105 134
1105 1106
1106 807
1107 117
1107 1108
1108 1071
1109 1110
1109 1253
1110 1358
1111 621
1111 1112
1112 817
1113 637
1113 1114
1114 1314
1115 747
1115 1116
1116 1391
1117 347
1117 1118
1118 1124
1119 413
1119 1120
1120 1383
1121 501
1121 1122
1122 206
1123 1124
1123 1387
1124 970
1125 297
1125 1126
1126 400
1127 444
1127 1128
1128 471
1129 529
1129 1130
1130 1038
1131 217
1131 1132
1132 244
1133 723
1133 1134
1134 288
1135 286
1135 1136
1136 1098
1137 1138
1137 1203
1138 513
1139 1140
1139 1312
1140 548
1141 333
1141 1142
1142 71
1143 555
1143 1144
1144 532
1145 323
1145 1146
1146 558
1147 1148
1147 1308
1148 1230
1149 1150
1149 1185
1150 255
1151 5
1151 1152
1152 782
1153 418
1153 1154
1154 818
1155 732
1155 1156
1156 605
1157 135
1157 1158
1158 1244
1159 1160
1159 1402
1160 1317
1161 987
1161 1162
1162 716
1163 1164
1163 1176
1164 397
1165 1067
1165 1166
1166 1364
1167 939
1167 1168
1168 1190
1169 771
1169 1170
1170 685
1171 556
1171 1172
1172 944
1173 44
1173 1174
1174 1272
1175 51
1175 1176
1176 1255
1177 1178
1177 1395
1178 1152
1179 477
1179 1180
1180 873
1181 526
1181 1182
1182 228
1183 1184
1183 1304
1184 214
1185 943
1185 1186
1186 316
1187 256
1187 1188
1188 1215
1189 330
1189 1190
1190 460
1191 1089
1191 1192
1192 999
1193 539
1193 1194
1194 798
1195 923
1195 1196
1196 1224
1197 489
1197 1198
1198 96
1199 1200
1199 1333
1200 306
1201 899
1201 1202
1202 414
1203 423
1203 1204
1204 995
1205 143
1205 1206
1206 603
1207 1198
1207 1208
1208 1398
1209 1204
1209 1210
1210 764
1211 165
1211 1212
1212 1216
1213 924
1213 1214
1214 476
1215 382
1215 1216
1216 1182
1217 622
1217 1218
1218 790
1219 120
1219 1220
1220 800
1221 1169
1221 1222
1222 674
1223 613
1223 1224
1224 823
1225 140
1225 1226
1226 514
1227 367
1227 1228
1228 863
1229 3
1229 1230
1230 264
1231 521
1231 1232
1232 112
1233 1188
1233 1234
1234 1060
1235 1236
1235 1284
1236 1206
1237 91
1237 1238
1238 784
1239 1240
1239 1399
1240 1040
1241 828
1241 1242
1242 888
1243 650
1243 1244
1244 1217
1245 1112
1245 1246
1246 32
1247 180
1247 1248
1248 250
1249 806
1249 1250
1250 576
1251 743
1251 1252
1252 577
1253 792
1253 1254
1254 805
1255 1165
1255 1256
1256 904
1257 709
1257 1258
1258 1144
1259 1260
1259 1401
1260 326
1261 64
1261 1262
1262 1338
1263 141
1263 1264
1264 826
1265 483
1265 1266
1266 57
1267 668
1267 1268
1268 1389
1269 1270
1269 1346
1270 300
1271 1272
1271 1274
1272 714
1273 321
1273 1274
1274 417
1275 919
1275 1276
1276 410
1277 1025
1277 1278
1278 171
1279 573
1279 1280
1280 1127
1281 857
1281 1282
1282 1146
1283 1284
1283 1345
1284 1079
1285 474
1285 1286
1286 509
1287 393
1287 1288
1288 1155
1289 161
1289 1290
1290 1260
1291 467
1291 1292
1292 1241
1293 1294
1293 1409
1294 198
1295 1279
1295 1296
1296 1024
1297 835
1297 1298
1298 1044
1299 151
1299 1300
1300 1307
1301 1055
1301 1302
1302 751
1303 1109
1303 1304
1304 319
1305 252
1305 1306
1306 1288
1307 850
1307 1308
1308 402
1309 448
1309 1310
1310 66
1311 719
1311 1312
1312 1076
1313 839
1313 1314
1314 412
1315 673
1315 1316
1316 464
1317 419
1317 1318
1318 1130
1319 1256
1319 1320
1320 185
1321 1097
1321 1322
1322 169
1323 1324
1323 1351
1324 408
1325 961
1325 1326
1326 590
1327 1220
1327 1328
1328 848
1329 485
1329 1330
1330 1197
1331 234
1331 1332
1332 104
1333 765
1333 1334
1334 725
1335 633
1335 1336
1336 1296
1337 437
1337 1338
1338 1258
1339 1059
1339 1340
1340 616
1341 641
1341 1342
1342 1046
1343 741
1343 1344
1344 1014
1345 1346
1345 1348
1346 1286
1347 700
1347 1348
1348 948
1349 53
1349 1350
1350 712
1351 797
1351 1352
1352 883
1353 1053
1353 1354
1354 920
1355 170
1355 1356
1356 1134
1357 502
1357 1358
1358 598
1359 584
1359 1360
1360 1278
1361 379
1361 1362
1362 1153
1363 958
1363 1364
1364 1101
1365 173
1365 1366
1366 1316
1367 672
1367 1368
1368 886
1369 916
1369 1370
1370 567
1371 352
1371 1372
1372 164
1373 1309
1373 1374
1374 93
1375 399
1375 1376
1376 331
1377 1086
1377 1378
1378 926
1379 60
1379 1380
1380 578
1381 611
1381 1382
1382 1118
1383 713
1383 1384
1384 1011
1385 804
1385 1386
1386 385
1387 178
1387 1388
1388 75
1389 328
1389 1390
1390 148
1391 894
1391 1392
1392 729
1393 1298
1393 1394
1394 432
1395 281
1395 1396
1396 528
1397 1078
1397 1398
1398 262
1399 1181
1399 1400
1400 842
1401 1377
1401 1402
1402 1302
1403 915
1403 1404
1404 602
1405 123
1405 1406
1406 690
1407 1315
1407 1408
1408 744
1409 1329
1409 1410
1410 852
1411 79
1411 1412
1412 844
1413 1245
1413 1414
1414 12
