0 27
0 561
1 657
1 1313
2 91
2 816
3 1047
3 1127
5 1176
4 88
4 702
6 1096
9 1055
9 1155
11 951
10 429
10 1131
12 338
15 928
15 1074
17 190
17 1222
19 175
19 1377
21 127
21 1089
23 24
23 547
24 1038
25 26
25 346
26 608
27 28
27 1035
28 567
29 30
29 1020
30 1118
31 32
31 527
32 1238
33 34
33 432
34 1275
35 36
35 642
36 38
37 38
37 939
38 1321
39 40
39 1277
40 1015
41 42
41 371
42 1302
43 44
43 297
44 236
45 46
45 1241
46 1100
47 48
47 733
48 1031
49 50
49 478
50 957
51 52
51 112
52 1168
53 54
53 138
54 890
55 56
55 628
56 587
57 58
57 123
58 1239
59 60
59 524
60 511
61 62
61 521
62 1308
63 64
63 875
64 1374
65 66
65 651
66 6
67 68
67 72
68 906
69 70
69 431
70 544
71 72
71 572
72 475
73 74
73 555
74 909
75 76
75 400
76 174
77 78
77 147
78 1040
79 80
79 650
80 617
81 82
81 645
82 1232
83 84
83 303
84 659
85 86
85 953
86 1084
87 88
87 491
88 156
89 90
89 1287
90 428
91 92
91 849
92 1072
93 94
93 822
94 160
95 96
95 761
96 796
97 98
97 1383
98 1011
99 100
99 693
100 29
101 102
101 341
102 436
103 104
103 1358
104 229
105 106
105 294
106 42
107 108
107 179
108 882
109 110
109 1110
110 1174
111 112
111 1204
112 896
113 57
113 114
114 534
115 116
115 392
116 579
117 118
117 1229
118 1012
119 120
119 825
120 1335
121 122
121 1143
122 553
123 124
123 950
124 337
125 126
125 1178
126 131
127 128
127 1193
128 1026
129 130
129 986
130 330
131 132
131 380
132 529
133 134
133 1273
134 944
135 41
135 136
136 1370
137 138
137 949
138 226
139 140
139 992
140 472
141 142
141 1097
142 661
143 95
143 144
144 292
145 146
145 789
146 1001
147 148
147 339
148 750
149 150
149 1256
150 1083
151 152
151 792
152 386
153 154
153 631
154 874
155 156
155 365
156 1223
157 158
157 681
158 774
159 160
159 1411
160 1180
161 162
161 1262
162 1350
163 63
163 164
164 254
165 166
165 721
166 828
167 168
167 215
168 108
169 170
169 1327
170 990
171 172
171 272
172 1106
173 174
173 234
174 384
175 176
175 1077
176 1050
177 178
177 724
178 516
179 180
179 434
180 771
181 182
181 401
182 485
183 184
183 323
184 963
185 186
185 1208
186 362
187 188
187 299
188 1116
189 190
189 690
190 1342
191 145
191 192
192 243
193 194
193 669
194 483
195 196
195 781
196 861
197 198
197 713
198 758
199 200
199 1075
200 757
201 202
201 663
202 1301
203 204
203 843
204 1278
205 206
205 997
206 1210
207 208
207 658
208 1170
209 210
209 301
210 1351
211 212
211 860
212 600
213 214
213 1279
214 446
215 216
215 1285
216 535
217 218
217 998
218 984
219 181
219 220
220 278
221 222
221 639
222 716
223 224
223 479
224 11
225 226
225 675
226 1195
227 228
227 743
228 839
229 214
229 230
230 562
231 232
231 673
232 891
233 234
233 493
234 837
235 236
235 1299
236 61
237 238
237 1064
238 13
239 240
239 893
240 1300
241 242
241 509
242 630
243 244
243 542
244 968
245 48
245 246
246 154
247 248
247 489
248 1165
249 250
249 1379
250 1326
251 252
251 333
252 90
253 39
253 254
254 320
255 256
255 1052
256 241
257 43
257 258
258 1003
259 119
259 260
260 366
261 262
261 1103
262 1124
263 264
263 1115
264 283
265 141
265 266
266 203
267 268
267 463
268 1390
269 129
269 270
270 1234
271 33
271 272
272 764
273 274
273 422
274 604
275 276
275 858
276 70
277 161
277 278
278 1378
279 280
279 751
280 1039
281 282
281 1004
282 1252
283 284
283 784
284 1408
285 286
285 383
286 1184
287 288
287 899
288 801
289 290
289 616
290 58
291 292
291 1183
292 570
293 294
293 725
294 114
295 296
295 938
296 889
297 298
297 819
298 1191
299 300
299 1181
300 1112
301 302
301 1041
302 300
303 219
303 304
304 334
305 306
305 1037
306 152
307 140
307 308
308 668
309 310
309 325
310 798
311 37
311 312
312 518
313 314
313 355
314 723
315 316
315 980
316 929
317 84
317 318
318 632
319 320
319 1318
320 745
321 322
321 445
322 184
323 324
323 1019
324 1316
325 326
325 599
326 1008
327 328
327 974
328 490
329 330
329 933
330 14
331 332
331 584
332 1167
333 334
333 1069
334 803
335 336
335 689
336 1197
337 206
337 338
338 456
339 340
339 734
340 943
341 342
341 903
342 582
343 344
343 670
344 335
345 346
345 519
346 1022
347 348
347 1005
348 531
349 350
349 653
350 936
351 352
351 1331
352 988
353 354
353 972
354 1216
355 322
355 356
356 352
357 358
357 543
358 12
359 360
359 361
360 274
361 362
361 425
362 1246
363 311
363 364
364 704
365 366
365 586
366 705
367 368
367 662
368 373
369 370
369 1330
370 551
371 372
371 1231
372 878
373 128
373 374
374 16
375 376
375 1283
376 1016
377 378
377 1164
378 106
379 142
379 380
380 240
381 382
381 1396
382 242
383 384
383 537
384 24
385 386
385 601
386 695
387 313
387 388
388 1325
389 390
389 1409
390 720
391 392
391 1295
392 923
393 394
393 1212
394 369
395 396
395 1201
396 913
397 398
397 413
398 1392
399 251
399 400
400 309
401 402
401 977
402 1199
403 64
403 404
404 552
405 200
405 406
406 1320
407 408
407 864
408 520
409 89
409 410
410 667
411 412
411 1310
412 6
413 414
413 821
414 1391
415 115
415 416
416 574
417 418
417 447
418 592
419 420
419 1179
420 1152
421 271
421 422
422 469
423 65
423 424
424 548
425 426
425 873
426 7
427 428
427 443
428 683
429 430
429 499
430 426
431 97
431 432
432 1148
433 434
433 752
434 1029
435 436
435 731
436 286
437 438
437 1346
438 812
439 440
439 676
440 1076
441 442
441 1345
442 360
443 225
443 444
444 808
445 446
445 785
446 474
447 448
447 867
448 356
449 450
449 905
450 17
451 137
451 452
452 1225
453 454
453 591
454 287
455 456
455 498
456 848
457 458
457 467
458 820
459 460
459 815
460 989
461 462
461 533
462 1104
463 464
463 660
464 204
465 466
465 1177
466 1160
467 468
467 605
468 613
469 470
469 1093
470 868
471 472
471 1042
472 1290
473 474
473 765
474 719
475 476
475 1309
476 1149
477 306
477 478
478 195
479 480
479 1337
480 1348
481 209
481 482
482 786
483 484
483 770
484 1185
485 486
485 618
486 1369
487 83
487 488
488 60
489 423
489 490
490 1172
491 230
491 492
492 1095
493 481
493 494
494 856
495 496
495 655
496 1032
497 498
497 1353
498 969
499 261
499 500
500 840
501 453
501 502
502 430
503 285
503 504
504 629
505 506
505 857
506 666
507 508
507 1099
508 1380
509 510
509 528
510 830
511 512
511 1009
512 748
513 514
513 1109
514 107
515 516
515 921
516 172
517 518
517 999
518 397
519 258
519 520
520 1163
521 522
521 727
522 817
523 135
523 524
524 1151
525 193
525 526
526 1385
527 528
527 1186
528 462
529 530
529 736
530 926
531 99
531 532
532 11
533 534
533 677
534 44
535 536
535 1249
536 717
537 183
537 538
538 350
539 87
539 540
540 502
541 158
541 542
542 916
543 544
543 1206
544 416
545 546
545 1265
546 1336
547 548
547 773
548 1233
549 550
549 1056
550 284
551 552
551 656
552 1046
553 554
553 813
554 580
555 275
555 556
556 477
557 558
557 1058
558 67
559 560
559 981
560 121
561 562
561 797
562 1354
563 564
563 1123
564 709
565 197
565 566
566 804
567 389
567 568
568 1402
569 570
569 763
570 894
571 253
571 572
572 1364
573 249
573 574
574 1372
575 576
575 1137
576 411
577 578
577 749
578 468
579 471
579 580
580 732
581 582
581 593
582 71
583 393
583 584
584 117
585 586
585 603
586 1146
587 588
587 648
588 686
589 590
589 1235
590 281
591 81
591 592
592 182
593 594
593 1107
594 144
595 417
595 596
596 964
597 598
597 698
598 1094
599 571
599 600
600 382
601 602
601 1061
602 1057
603 239
603 604
604 1175
605 597
605 606
606 735
607 608
607 1248
608 495
609 459
609 610
610 358
611 612
611 678
612 577
613 379
613 614
614 1224
615 19
615 616
616 877
617 618
617 1065
618 255
619 620
619 1060
620 1324
621 622
621 664
622 1213
623 415
623 624
624 696
625 583
625 626
626 198
627 359
627 628
628 1405
629 630
629 978
630 130
631 632
631 823
632 1260
633 221
633 634
634 368
635 25
635 636
636 1122
637 638
637 979
638 557
639 640
639 851
640 316
641 642
641 1328
642 150
643 644
643 778
644 834
645 449
645 646
646 1053
647 648
647 1187
648 1192
649 650
649 1323
650 1171
651 532
651 652
652 310
653 654
653 1138
654 1000
655 656
655 1398
656 960
657 9
657 658
658 1045
659 660
659 738
660 1048
661 470
661 662
662 1286
663 589
663 664
664 421
665 666
665 904
666 1347
667 668
667 1217
668 186
669 347
669 670
670 865
671 672
671 947
672 1073
673 652
673 674
674 522
675 676
675 1059
676 1267
677 678
677 835
678 50
679 680
679 1133
680 408
681 402
681 682
682 910
683 149
683 684
684 1381
685 686
685 1271
686 136
687 202
687 688
688 576
689 690
689 1108
690 1258
691 692
691 925
692 1288
693 633
693 694
694 1101
695 696
695 991
696 238
697 280
697 698
698 985
699 517
699 700
700 500
701 702
701 940
702 930
703 21
703 704
704 536
705 353
705 706
706 1274
707 708
707 1062
708 1144
709 482
709 710
710 1368
711 712
711 955
712 895
713 714
713 1221
714 971
715 716
715 841
716 1130
717 718
717 1334
718 218
719 720
719 897
720 917
721 722
721 1332
722 282
723 556
723 724
724 918
725 726
725 1119
726 1141
727 262
727 728
728 598
729 730
729 1067
730 911
731 732
731 915
732 18
733 734
733 958
734 163
735 672
735 736
736 976
737 581
737 738
738 759
739 167
739 740
740 884
741 742
741 886
742 558
743 744
743 1154
744 1412
745 340
745 746
746 328
747 748
747 1365
748 319
749 750
749 1352
750 62
751 625
751 752
752 1296
753 754
753 767
754 77
755 756
755 1158
756 1156
757 758
757 1085
758 252
759 139
759 760
760 192
761 575
761 762
762 213
763 764
763 1289
764 1153
765 766
765 1247
766 3
767 649
767 768
768 1007
769 385
769 770
770 351
771 772
771 1263
772 866
773 774
773 907
774 1257
775 739
775 776
776 1134
777 304
777 778
778 1135
779 780
779 942
780 887
781 685
781 782
782 654
783 377
783 784
784 776
785 786
785 1013
786 1018
787 457
787 788
788 32
789 790
789 1227
790 1017
791 621
791 792
792 569
793 364
793 794
794 1362
795 796
795 810
796 403
797 715
797 798
798 343
799 74
799 800
800 433
801 788
801 802
802 268
803 804
803 1333
804 266
805 806
805 1211
806 465
807 363
807 808
808 228
809 312
809 810
810 793
811 812
811 1129
812 20
813 622
813 814
814 970
815 399
815 816
816 208
817 818
817 902
818 1188
819 391
819 820
820 620
821 822
821 1361
822 1264
823 824
823 1414
824 336
825 826
825 1269
826 367
827 568
827 828
828 212
829 612
829 830
830 794
831 497
831 832
832 924
833 494
833 834
834 15
835 647
835 836
836 354
837 838
837 1036
838 1261
839 132
839 840
840 46
841 842
841 961
842 102
843 844
843 1215
844 967
845 442
845 846
846 862
847 692
847 848
848 52
849 263
849 850
850 1169
851 852
851 1397
852 966
853 854
853 956
854 398
855 809
855 856
856 772
857 615
857 858
858 45
859 466
859 860
860 760
861 708
861 862
862 594
863 729
863 864
864 76
865 866
865 1360
866 276
867 523
867 868
868 563
869 370
869 870
870 1024
871 414
871 872
872 802
873 874
873 1071
874 700
875 876
875 1082
876 1173
877 265
877 878
878 245
879 880
879 975
880 295
881 69
881 882
882 216
883 451
883 884
884 1189
885 376
885 886
886 1245
887 730
887 888
888 246
889 890
889 1066
890 1121
891 892
891 1161
892 1162
893 345
893 894
894 1250
895 896
895 1088
896 222
897 454
897 898
898 1010
899 842
899 900
900 1126
901 902
901 1292
902 82
903 611
903 904
904 427
905 906
905 1303
906 1202
907 289
907 908
908 348
909 194
909 910
910 126
911 766
911 912
912 404
913 805
913 914
914 36
915 595
915 916
916 110
917 177
917 918
918 1090
919 357
919 920
920 1068
921 782
921 922
922 12
923 450
923 924
924 920
925 614
925 926
926 217
927 928
927 1125
928 486
929 854
929 930
930 1157
931 932
931 1027
932 994
933 344
933 934
934 888
935 671
935 936
936 1033
937 791
937 938
938 987
939 75
939 940
940 800
941 40
941 942
942 885
943 850
943 944
944 30
945 439
945 946
946 1272
947 34
947 948
948 1092
949 585
949 950
950 1139
951 855
951 952
952 718
953 954
953 962
954 879
955 956
955 1359
956 1344
957 111
957 958
958 342
959 541
959 960
960 1150
961 962
961 1023
962 10
963 964
963 1142
964 912
965 966
965 1243
966 298
967 968
967 1413
968 898
969 235
969 970
970 691
971 162
971 972
972 118
973 807
973 974
974 290
975 305
975 976
976 418
977 978
977 1307
978 914
979 405
979 980
980 880
981 982
981 1293
982 588
983 984
983 1030
984 1166
985 945
985 986
986 122
987 455
987 988
988 96
989 694
989 990
990 35
991 754
991 992
992 452
993 504
993 994
994 983
995 996
995 1025
996 464
997 80
997 998
998 332
999 1000
999 1319
1000 291
1001 169
1001 1002
1002 959
1003 863
1003 1004
1004 564
1005 435
1005 1006
1006 560
1007 349
1007 1008
1008 1226
1009 1010
1009 1401
1010 1312
1011 1012
1011 1205
1012 680
1013 191
1013 1014
1014 742
1015 1016
1015 1371
1016 515
1017 1018
1017 1251
1018 626
1019 1020
1019 1357
1020 714
1021 1022
1021 1341
1022 210
1023 559
1023 1024
1024 420
1025 1026
1025 1253
1026 5
1027 526
1027 1028
1028 712
1029 590
1029 1030
1030 1406
1031 205
1031 1032
1032 892
1033 1034
1033 1282
1034 388
1035 1036
1035 1329
1036 619
1037 28
1037 1038
1038 165
1039 315
1039 1040
1040 1367
1041 201
1041 1042
1042 607
1043 1014
1043 1044
1044 269
1045 643
1045 1046
1046 530
1047 1048
1047 1079
1048 1128
1049 762
1049 1050
1050 1132
1051 1052
1051 1147
1052 1404
1053 795
1053 1054
1054 317
1055 85
1055 1056
1056 1159
1057 207
1057 1058
1058 395
1059 1060
1059 1399
1060 726
1061 1062
1061 1375
1062 78
1063 609
1063 1064
1064 1317
1065 1066
1065 1393
1066 832
1067 995
1067 1068
1068 267
1069 703
1069 1070
1070 8
1071 109
1071 1072
1072 1098
1073 876
1073 1074
1074 783
1075 1063
1075 1076
1076 1311
1077 409
1077 1078
1078 1070
1079 1080
1079 1111
1080 100
1081 711
1081 1082
1082 396
1083 826
1083 1084
1084 458
1085 883
1085 1086
1086 1340
1087 247
1087 1088
1088 814
1089 2
1089 1090
1090 440
1091 1092
1091 1386
1092 166
1093 908
1093 1094
1094 189
1095 610
1095 1096
1096 644
1097 173
1097 1098
1098 374
1099 775
1099 1100
1100 196
1101 105
1101 1102
1102 635
1103 23
1103 1104
1104 596
1105 1106
1105 1291
1106 124
1107 1108
1107 1389
1108 407
1109 1110
1109 1297
1110 919
1111 153
1111 1112
1112 869
1113 151
1113 1114
1114 846
1115 1049
1115 1116
1116 1220
1117 49
1117 1118
1118 728
1119 259
1119 1120
1120 1349
1121 1122
1121 1255
1122 125
1123 1102
1123 1124
1124 1395
1125 321
1125 1126
1126 484
1127 66
1127 1128
1128 26
1129 538
1129 1130
1130 744
1131 565
1131 1132
1132 461
1133 687
1133 1134
1134 1276
1135 1136
1135 1145
1136 682
1137 279
1137 1138
1138 838
1139 931
1139 1140
1140 824
1141 73
1141 1142
1142 506
1143 545
1143 1144
1144 540
1145 146
1145 1146
1146 185
1147 473
1147 1148
1148 1219
1149 394
1149 1150
1150 256
1151 777
1151 1152
1152 706
1153 514
1153 1154
1154 31
1155 844
1155 1156
1156 492
1157 448
1157 1158
1158 833
1159 159
1159 1160
1160 54
1161 1162
1161 1387
1162 901
1163 412
1163 1164
1164 996
1165 1166
1165 1322
1166 1198
1167 211
1167 1168
1168 264
1169 1170
1169 1214
1170 244
1171 941
1171 1172
1172 1254
1173 1174
1173 1200
1174 818
1175 1176
1175 1268
1176 836
1177 460
1177 1178
1178 1091
1179 375
1179 1180
1180 480
1181 231
1181 1182
1182 640
1183 641
1183 1184
1184 799
1185 55
1185 1186
1186 993
1187 937
1187 1188
1188 5
1189 318
1189 1190
1190 308
1191 314
1191 1192
1192 811
1193 1194
1193 1259
1194 187
1195 790
1195 1196
1196 845
1197 1086
1197 1198
1198 872
1199 1200
1199 1294
1200 859
1201 768
1201 1202
1202 1366
1203 157
1203 1204
1204 1384
1205 973
1205 1206
1206 701
1207 223
1207 1208
1208 47
1209 922
1209 1210
1210 1240
1211 779
1211 1212
1212 1236
1213 116
1213 1214
1214 1028
1215 257
1215 1216
1216 934
1217 488
1217 1218
1218 168
1219 98
1219 1220
1220 94
1221 753
1221 1222
1222 68
1223 1080
1223 1224
1224 148
1225 171
1225 1226
1226 1140
1227 525
1227 1228
1228 549
1229 852
1229 1230
1230 1034
1231 501
1231 1232
1232 1114
1233 636
1233 1234
1234 746
1235 53
1235 1236
1236 438
1237 1054
1237 1238
1238 510
1239 1087
1239 1240
1240 755
1241 566
1241 1242
1242 104
1243 103
1243 1244
1244 780
1245 1120
1245 1246
1246 710
1247 487
1247 1248
1248 170
1249 1250
1249 1410
1250 250
1251 769
1251 1252
1252 86
1253 410
1253 1254
1254 444
1255 1044
1255 1256
1256 232
1257 227
1257 1258
1258 378
1259 441
1259 1260
1260 277
1261 155
1261 1262
1262 476
1263 1244
1263 1264
1264 827
1265 233
1265 1266
1266 1270
1267 1266
1267 1268
1268 634
1269 503
1269 1270
1270 747
1271 1105
1271 1272
1272 1298
1273 1006
1273 1274
1274 51
1275 602
1275 1276
1276 952
1277 1278
1277 1376
1278 1356
1279 1280
1279 1363
1280 806
1281 1282
1281 1407
1282 1382
1283 1
1283 1284
1284 296
1285 927
1285 1286
1286 424
1287 419
1287 1288
1288 220
1289 954
1289 1290
1290 674
1291 638
1291 1292
1292 288
1293 881
1293 1294
1294 101
1295 637
1295 1296
1296 1194
1297 199
1297 1298
1298 381
1299 787
1299 1300
1300 188
1301 606
1301 1302
1302 870
1303 437
1303 1304
1304 554
1305 327
1305 1306
1306 627
1307 1308
1307 1315
1308 932
1309 546
1309 1310
1310 237
1311 853
1311 1312
1312 134
1313 324
1313 1314
1314 180
1315 293
1315 1316
1316 273
1317 326
1317 1318
1318 1400
1319 665
1319 1320
1320 1338
1321 1136
1321 1322
1322 1209
1323 1207
1323 1324
1324 539
1325 390
1325 1326
1326 1190
1327 1117
1327 1328
1328 113
1329 507
1329 1330
1330 623
1331 1332
1331 1394
1332 1230
1333 741
1333 1334
1334 56
1335 133
1335 1336
1336 740
1337 1051
1337 1338
1338 79
1339 1306
1339 1340
1340 1284
1341 1280
1341 1342
1342 550
1343 707
1343 1344
1344 1314
1345 699
1345 1346
1346 505
1347 1348
1347 1373
1348 722
1349 1218
1349 1350
1350 684
1351 900
1351 1352
1352 22
1353 1305
1353 1354
1354 1182
1355 1356
1355 1403
1356 307
1357 1203
1357 1358
1358 697
1359 224
1359 1360
1360 93
1361 1242
1361 1362
1362 946
1363 120
1363 1364
1364 646
1365 935
1365 1366
1366 679
1367 578
1367 1368
1368 1078
1369 92
1369 1370
1370 624
1371 831
1371 1372
1372 164
1373 372
1373 1374
1374 1281
1375 176
1375 1376
1376 1343
1377 1355
1377 1378
1378 270
1379 847
1379 1380
1380 496
1381 178
1381 1382
1382 248
1383 737
1383 1384
1384 331
1385 1237
1385 1386
1386 982
1387 508
1387 1388
1388 1196
1389 513
1389 1390
1390 948
1391 1043
1391 1392
1392 4
1393 1081
1393 1394
1394 1228
1395 1339
1395 1396
1396 756
1397 1113
1397 1398
1398 1002
1399 59
1399 1400
1400 573
1401 387
1401 1402
1402 871
1403 143
1403 1404
1404 260
1405 329
1405 1406
1406 302
1407 512
1407 1408
1408 1304
1409 406
1409 1410
1410 829
1411 1021
1411 1412
1412 1388
1413 965
1413 1414
1414 688
