0 375
0 1361
1 834
1 1198
3 1063
3 1182
4 100
4 392
6 1005
5 443
7 477
7 1220
8 1335
8 1366
9 1315
10 1152
13 525
13 574
15 243
15 1393
17 605
17 1183
19 593
19 945
21 368
21 569
23 24
23 625
24 257
25 26
25 297
26 564
27 28
27 792
28 982
29 30
29 985
30 1226
31 32
31 635
32 340
33 34
33 253
34 818
35 36
35 310
36 1117
37 38
37 470
38 1290
39 7
39 40
40 689
41 42
41 975
42 126
43 44
43 171
44 1202
45 46
45 696
46 383
47 48
47 135
48 586
49 50
49 728
50 1044
51 52
51 407
52 971
53 54
53 250
54 365
55 56
55 719
56 472
57 58
57 720
58 786
59 60
59 156
60 810
61 62
61 1143
62 334
63 64
63 357
64 52
65 66
65 828
66 1050
67 56
67 68
68 1302
69 2
69 70
70 542
71 72
71 601
72 631
73 74
73 954
74 457
75 76
75 1349
76 1190
77 78
77 129
78 615
79 80
79 590
80 268
81 82
81 513
82 836
83 84
83 391
84 1122
85 86
85 1273
86 1194
87 88
87 485
88 1000
89 90
89 342
90 556
91 92
91 287
92 168
93 94
93 675
94 265
95 96
95 925
96 756
97 98
97 864
98 70
99 100
99 1178
100 137
101 102
101 242
102 1343
103 104
103 691
104 491
105 106
105 1239
106 951
107 108
107 843
108 729
109 110
109 545
110 362
111 112
111 400
112 469
113 114
113 1197
114 530
115 116
115 644
116 482
117 118
117 1193
118 766
119 9
119 120
120 526
121 122
121 1075
122 22
123 124
123 717
124 554
125 126
125 512
126 872
127 128
127 1299
128 1339
129 130
129 533
130 1164
131 132
131 762
132 754
133 134
133 180
134 194
135 136
135 576
136 842
137 138
137 501
138 219
139 77
139 140
140 216
141 142
141 1351
142 927
143 144
143 1207
144 10
145 146
145 809
146 1167
147 148
147 176
148 504
149 150
149 953
150 481
151 152
151 511
152 583
153 154
153 385
154 555
155 156
155 1378
156 903
157 158
157 647
158 312
159 160
159 183
160 214
161 162
161 1084
162 638
163 155
163 164
164 1243
165 166
165 455
166 776
167 168
167 1003
168 692
169 1
169 170
170 1066
171 172
171 1303
172 1353
173 174
173 1083
174 710
175 176
175 655
176 1336
177 178
177 771
178 192
179 180
179 820
180 747
181 182
181 957
182 1144
183 184
183 468
184 433
185 186
185 303
186 898
187 188
187 785
188 418
189 190
189 1004
190 814
191 192
191 527
192 858
193 187
193 194
194 104
195 196
195 699
196 112
197 198
197 267
198 884
199 71
199 200
200 1244
201 202
201 419
202 914
203 4
203 204
204 1405
205 206
205 1043
206 158
207 208
207 802
208 932
209 210
209 420
210 622
211 212
211 988
212 772
213 214
213 245
214 1296
215 164
215 216
216 1363
217 218
217 387
218 434
219 6
219 220
220 837
221 222
221 403
222 1100
223 224
223 1110
224 888
225 226
225 1134
226 775
227 228
227 478
228 445
229 230
229 602
230 66
231 232
231 1337
232 531
233 234
233 1276
234 1089
235 236
235 948
236 1368
237 238
237 804
238 36
239 240
239 737
240 373
241 242
241 460
242 90
243 217
243 244
244 258
245 55
245 246
246 1085
247 248
247 559
248 1201
249 204
249 250
250 1249
251 252
251 705
252 442
253 254
253 1123
254 825
255 256
255 461
256 937
257 258
257 1141
258 1360
259 260
259 1289
260 687
261 262
261 578
262 1399
263 264
263 767
264 665
265 266
265 519
266 1270
267 268
267 1266
268 140
269 270
269 1330
270 552
271 21
271 272
272 588
273 274
273 1251
274 1341
275 276
275 701
276 1012
277 184
277 278
278 568
279 266
279 280
280 813
281 282
281 974
282 494
283 284
283 1056
284 620
285 286
285 567
286 1210
287 288
287 1281
288 300
289 290
289 318
290 536
291 170
291 292
292 1370
293 294
293 405
294 114
295 296
295 587
296 162
297 298
297 1171
298 1256
299 284
299 300
300 1308
301 302
301 1258
302 1344
303 304
303 599
304 1224
305 306
305 1297
306 993
307 308
307 1191
308 873
309 310
309 801
310 1129
311 312
311 549
312 1148
313 227
313 314
314 191
315 195
315 316
316 291
317 318
317 335
318 240
319 320
319 1402
320 344
321 322
321 1113
322 401
323 324
323 1391
324 1394
325 326
325 1186
326 1039
327 328
327 371
328 1119
329 330
329 437
330 1247
331 332
331 1007
332 99
333 199
333 334
334 1046
335 336
335 1177
336 131
337 338
337 1035
338 80
339 340
339 657
340 1326
341 342
341 1159
342 1057
343 344
343 395
344 1162
345 83
345 346
346 558
347 348
347 495
348 700
349 65
349 350
350 456
351 179
351 352
352 159
353 181
353 354
354 947
355 356
355 869
356 148
357 358
357 1230
358 774
359 157
359 360
360 553
361 261
361 362
362 1381
363 323
363 364
364 942
365 366
365 1048
366 550
367 352
367 368
368 1342
369 370
369 543
370 388
371 372
371 1172
372 970
373 374
373 732
374 136
375 376
375 493
376 1034
377 17
377 378
378 594
379 380
379 1215
380 1042
381 115
381 382
382 668
383 280
383 384
384 1286
385 386
385 572
386 909
387 388
387 1255
388 538
389 390
389 1287
390 142
391 392
391 1114
392 1367
393 394
393 1245
394 997
395 396
395 1387
396 229
397 106
397 398
398 806
399 400
399 670
400 681
401 402
401 645
402 1142
403 321
403 404
404 1414
405 252
405 406
406 1052
407 408
407 963
408 1294
409 410
409 1092
410 1358
411 412
411 941
412 523
413 288
413 414
414 1372
415 416
415 1199
416 1271
417 73
417 418
418 949
419 420
419 906
420 1305
421 422
421 1116
422 76
423 424
423 1031
424 274
425 411
425 426
426 1008
427 428
427 1203
428 78
429 430
429 1149
430 900
431 432
431 1407
432 1261
433 434
433 508
434 904
435 436
435 1118
436 1076
437 188
437 438
438 663
439 440
439 1237
440 510
441 442
441 1187
442 324
443 207
443 444
444 1362
445 446
445 1277
446 1176
447 448
447 913
448 532
449 450
449 844
450 10
451 452
451 1189
452 548
453 454
453 704
454 68
455 456
455 725
456 981
457 458
457 871
458 394
459 3
459 460
460 34
461 231
461 462
462 354
463 464
463 497
464 328
465 466
465 698
466 314
467 468
467 1227
468 1126
469 24
469 470
470 768
471 472
471 1293
472 1019
473 474
473 517
474 812
475 123
475 476
476 928
477 311
477 478
478 570
479 286
479 480
480 636
481 213
481 482
482 978
483 273
483 484
484 1380
485 486
485 499
486 423
487 488
487 1111
488 154
489 309
489 490
490 592
491 492
491 840
492 86
493 494
493 1329
494 1104
495 496
495 1389
496 492
497 498
497 859
498 566
499 500
499 727
500 749
501 364
501 502
502 1252
503 504
503 649
504 1192
505 43
505 506
506 962
507 202
507 508
508 1102
509 510
509 1200
510 808
511 221
511 512
512 607
513 514
513 853
514 1107
515 255
515 516
516 372
517 238
517 518
518 232
519 520
519 919
520 1216
521 45
521 522
522 1279
523 524
523 889
524 1130
525 147
525 526
526 98
527 337
527 528
528 1218
529 530
529 751
530 1082
531 79
531 532
532 619
533 85
533 534
534 1029
535 536
535 1097
536 465
537 538
537 931
538 664
539 489
539 540
540 408
541 542
541 992
542 848
543 544
543 861
544 1371
545 113
545 546
546 32
547 548
547 955
548 292
549 117
549 550
550 218
551 552
551 821
552 608
553 474
553 554
554 1166
555 556
555 579
556 654
557 558
557 741
558 877
559 329
559 560
560 660
561 562
561 1324
562 1212
563 487
563 564
564 1109
565 566
565 1347
566 1002
567 568
567 855
568 1036
569 570
569 1095
570 348
571 572
571 1313
572 1153
573 574
573 1217
574 224
575 313
575 576
576 893
577 167
577 578
578 673
579 396
579 580
580 1300
581 63
581 582
582 304
583 353
583 584
584 31
585 586
585 1328
586 130
587 518
587 588
588 1374
589 590
589 839
590 454
591 592
591 959
592 1072
593 594
593 661
594 745
595 596
595 865
596 1253
597 598
597 674
598 446
599 600
599 923
600 910
601 367
601 602
602 241
603 23
603 604
604 1132
605 606
605 1240
606 425
607 535
607 608
608 850
609 610
609 784
610 789
611 612
611 803
612 1232
613 614
613 811
614 735
615 376
615 616
616 1074
617 618
617 862
618 488
619 430
619 620
620 206
621 175
621 622
622 1392
623 624
623 1263
624 656
625 260
625 626
626 410
627 628
627 1291
628 198
629 630
629 1310
630 1214
631 165
631 632
632 431
633 544
633 634
634 708
635 636
635 782
636 97
637 638
637 1093
638 522
639 397
639 640
640 366
641 642
641 857
642 1377
643 347
643 644
644 333
645 406
645 646
646 1246
647 648
647 1065
648 926
649 502
649 650
650 1040
651 343
651 652
652 402
653 654
653 1325
654 92
655 656
655 1145
656 581
657 658
657 1288
658 1140
659 660
659 887
660 757
661 427
661 662
662 742
663 591
663 664
664 507
665 438
665 666
666 1025
667 668
667 1278
668 912
669 670
669 1319
670 93
671 672
671 1317
672 800
673 674
673 1156
674 134
675 75
675 676
676 563
677 614
677 678
678 1188
679 246
679 680
680 308
681 682
681 1021
682 38
683 684
683 1404
684 1170
685 686
685 743
686 82
687 537
687 688
688 1356
689 161
689 690
690 1398
691 616
691 692
692 370
693 694
693 1073
694 697
695 203
695 696
696 986
697 282
697 698
698 462
699 700
699 849
700 289
701 61
701 702
702 1136
703 704
703 1064
704 1355
705 706
705 1211
706 1131
707 708
707 1006
708 1272
709 710
709 1169
710 916
711 712
711 1147
712 658
713 475
713 714
714 759
715 124
715 716
716 336
717 293
717 718
718 426
719 595
719 720
720 964
721 618
721 722
722 1268
723 105
723 724
724 585
725 726
725 922
726 998
727 606
727 728
728 201
729 730
729 1396
730 1388
731 108
731 732
732 1062
733 360
733 734
734 1235
735 503
735 736
736 1322
737 723
737 738
738 132
739 317
739 740
740 262
741 331
741 742
742 1015
743 744
743 987
744 1352
745 746
745 1373
746 1086
747 639
747 748
748 876
749 627
749 750
750 1295
751 752
751 1059
752 16
753 754
753 1229
754 301
755 228
755 756
756 432
757 435
757 758
758 1312
759 215
759 760
760 690
761 762
761 983
762 1158
763 29
763 764
764 854
765 25
765 766
766 484
767 768
767 1409
768 1124
769 770
769 1231
770 1010
771 772
771 1133
772 382
773 466
773 774
774 374
775 776
775 819
776 934
777 778
777 1316
778 726
779 145
779 780
780 991
781 185
781 782
782 721
783 784
783 1125
784 1401
785 327
785 786
786 744
787 765
787 788
788 960
789 715
789 790
790 20
791 514
791 792
792 637
793 646
793 794
794 899
795 236
795 796
796 612
797 798
797 1184
798 901
799 800
799 1383
800 1069
801 33
801 802
802 1091
803 239
803 804
804 451
805 69
805 806
806 210
807 808
807 1307
808 1168
809 378
809 810
810 230
811 812
811 1221
812 596
813 295
813 814
814 805
815 816
815 1165
816 121
817 818
817 977
818 711
819 820
819 1397
820 822
821 177
821 822
822 938
823 355
823 824
824 450
825 269
825 826
826 643
827 369
827 828
828 641
829 19
829 830
830 1292
831 832
831 867
832 731
833 539
833 834
834 835
835 761
835 836
836 276
837 838
837 1127
838 684
839 560
839 840
840 1070
841 248
841 842
842 958
843 844
843 933
844 152
845 846
845 1051
846 444
847 398
847 848
848 790
849 850
849 1061
850 1041
851 852
851 1285
852 856
853 39
853 854
854 826
855 856
855 1175
856 1234
857 858
857 924
858 1080
859 860
859 1151
860 14
861 739
861 862
862 611
863 864
863 1022
864 629
865 399
865 866
866 1323
867 868
867 1060
868 604
869 551
869 870
870 48
871 779
871 872
872 1400
873 146
873 874
874 506
875 237
875 876
876 680
877 878
877 897
878 788
879 37
879 880
880 1049
881 220
881 882
882 1017
883 415
883 884
884 200
885 886
885 1331
886 264
887 119
887 888
888 1250
889 706
889 890
890 174
891 892
891 920
892 748
893 886
893 894
894 946
895 393
895 896
896 598
897 632
897 898
898 794
899 630
899 900
900 1318
901 902
901 1354
902 760
903 847
903 904
904 283
905 906
905 1357
906 935
907 15
907 908
908 500
909 467
909 910
910 1179
911 338
911 912
912 716
913 914
913 1009
914 414
915 916
915 939
916 57
917 918
917 1413
918 770
919 852
919 920
920 339
921 791
921 922
922 279
923 924
923 1163
924 1228
925 249
925 926
926 713
927 319
927 928
928 860
929 730
929 930
930 122
931 361
931 932
932 944
933 473
933 934
934 908
935 330
935 936
936 464
937 520
937 938
938 613
939 151
939 940
940 621
941 486
941 942
942 1242
943 944
943 1058
944 421
945 107
945 946
946 863
947 948
947 1033
948 896
949 724
949 950
950 650
951 764
951 952
952 1311
953 417
953 954
954 1233
955 529
955 956
956 648
957 138
957 958
958 1055
959 943
959 960
960 882
961 962
961 1011
962 413
963 964
963 1385
964 1139
965 832
965 966
966 1047
967 290
967 968
968 880
969 970
969 1269
970 628
971 422
971 972
972 582
973 974
973 1283
974 5
975 35
975 976
976 633
977 196
977 978
978 1264
979 980
979 1369
980 1180
981 458
981 982
982 667
983 984
983 1071
984 386
985 986
985 1219
986 956
987 988
987 1365
988 1045
989 984
989 990
990 18
991 325
991 992
992 783
993 298
993 994
994 1024
995 996
995 1225
996 1382
997 936
997 998
998 1020
999 377
999 1000
1000 1298
1001 1002
1001 1332
1002 384
1003 1004
1003 1267
1004 270
1005 133
1005 1006
1006 356
1007 787
1007 1008
1008 47
1009 1010
1009 1087
1010 666
1011 817
1011 1012
1012 1320
1013 753
1013 1014
1014 351
1015 769
1015 1016
1016 102
1017 1018
1017 1174
1018 1120
1019 990
1019 1020
1020 1248
1021 1022
1021 1195
1022 580
1023 781
1023 1024
1024 1406
1025 428
1025 1026
1026 476
1027 441
1027 1028
1028 509
1029 845
1029 1030
1030 714
1031 565
1031 1032
1032 1338
1033 326
1033 1034
1034 795
1035 110
1035 1036
1036 796
1037 153
1037 1038
1038 1411
1039 1040
1039 1408
1040 911
1041 490
1041 1042
1042 60
1043 682
1043 1044
1044 208
1045 412
1045 1046
1046 868
1047 1048
1047 1121
1048 874
1049 1018
1049 1050
1050 734
1051 557
1051 1052
1052 892
1053 5
1053 1054
1054 652
1055 190
1055 1056
1056 736
1057 127
1057 1058
1058 42
1059 573
1059 1060
1060 571
1061 940
1061 1062
1062 381
1063 359
1063 1064
1064 534
1065 1066
1065 1259
1066 349
1067 846
1067 1068
1068 44
1069 1070
1069 1208
1070 197
1071 81
1071 1072
1072 702
1073 1074
1073 1241
1074 50
1075 1076
1075 1115
1076 40
1077 211
1077 1078
1078 498
1079 294
1079 1080
1080 235
1081 693
1081 1082
1082 976
1083 345
1083 1084
1084 1384
1085 917
1085 1086
1086 380
1087 577
1087 1088
1088 449
1089 316
1089 1090
1090 222
1091 416
1091 1092
1092 610
1093 1094
1093 1350
1094 1067
1095 827
1095 1096
1096 247
1097 921
1097 1098
1098 1135
1099 968
1099 1100
1100 448
1101 562
1101 1102
1102 1154
1103 815
1103 1104
1104 1079
1105 46
1105 1106
1106 712
1107 1053
1107 1108
1108 205
1109 722
1109 1110
1110 733
1111 866
1111 1112
1112 11
1113 969
1113 1114
1114 141
1115 1116
1115 1265
1116 67
1117 1118
1117 1359
1118 1348
1119 496
1119 1120
1120 1150
1121 541
1121 1122
1122 878
1123 1124
1123 1185
1124 1027
1125 894
1125 1126
1126 1364
1127 950
1127 1128
1128 58
1129 1101
1129 1130
1130 1103
1131 1132
1131 1257
1132 1001
1133 8
1133 1134
1134 676
1135 1094
1135 1136
1136 1204
1137 1138
1137 1238
1138 930
1139 163
1139 1140
1140 186
1141 672
1141 1142
1142 966
1143 1144
1143 1157
1144 404
1145 797
1145 1146
1146 471
1147 891
1147 1148
1148 144
1149 296
1149 1150
1150 738
1151 799
1151 1152
1152 12
1153 483
1153 1154
1154 160
1155 671
1155 1156
1156 424
1157 341
1157 1158
1158 778
1159 1023
1159 1160
1160 223
1161 780
1161 1162
1162 902
1163 111
1163 1164
1164 918
1165 1038
1165 1166
1166 189
1167 755
1167 1168
1168 101
1169 51
1169 1170
1170 118
1171 193
1171 1172
1172 259
1173 1174
1173 1304
1174 1280
1175 463
1175 1176
1176 182
1177 833
1177 1178
1178 685
1179 1180
1179 1346
1180 302
1181 1146
1181 1182
1182 831
1183 109
1183 1184
1184 87
1185 617
1185 1186
1186 694
1187 773
1187 1188
1188 1333
1189 669
1189 1190
1190 116
1191 150
1191 1192
1192 1196
1193 973
1193 1194
1194 1030
1195 226
1195 1196
1196 994
1197 254
1197 1198
1198 905
1199 524
1199 1200
1200 1160
1201 1068
1201 1202
1202 890
1203 1204
1203 1309
1204 479
1205 895
1205 1206
1206 1282
1207 999
1207 1208
1208 1375
1209 634
1209 1210
1210 1340
1211 561
1211 1212
1212 807
1213 390
1213 1214
1214 750
1215 49
1215 1216
1216 1108
1217 447
1217 1218
1218 1112
1219 883
1219 1220
1220 94
1221 233
1221 1222
1222 1410
1223 915
1223 1224
1224 758
1225 1013
1225 1226
1226 678
1227 125
1227 1228
1228 244
1229 547
1229 1230
1230 1213
1231 793
1231 1232
1232 996
1233 459
1233 1234
1234 515
1235 277
1235 1236
1236 54
1237 623
1237 1238
1238 30
1239 173
1239 1240
1240 103
1241 251
1241 1242
1242 275
1243 609
1243 1244
1244 881
1245 1246
1245 1327
1246 1262
1247 695
1247 1248
1248 640
1249 363
1249 1250
1250 642
1251 659
1251 1252
1252 306
1253 166
1253 1254
1254 540
1255 143
1255 1256
1256 965
1257 763
1257 1258
1258 1128
1259 95
1259 1260
1260 263
1261 1137
1261 1262
1262 967
1263 683
1263 1264
1264 688
1265 172
1265 1266
1266 1161
1267 271
1267 1268
1268 879
1269 305
1269 1270
1270 679
1271 677
1271 1272
1272 686
1273 1223
1273 1274
1274 597
1275 1276
1275 1395
1276 979
1277 96
1277 1278
1278 409
1279 624
1279 1280
1280 120
1281 1181
1281 1282
1282 1026
1283 851
1283 1284
1284 961
1285 1205
1285 1286
1286 626
1287 1288
1287 1345
1288 1306
1289 453
1289 1290
1290 1222
1291 1105
1291 1292
1292 952
1293 149
1293 1294
1294 777
1295 212
1295 1296
1296 929
1297 995
1297 1298
1298 358
1299 209
1299 1300
1300 62
1301 1077
1301 1302
1302 178
1303 13
1303 1304
1304 1321
1305 521
1305 1306
1306 1390
1307 256
1307 1308
1308 980
1309 1096
1309 1310
1310 1386
1311 1138
1311 1312
1312 1334
1313 703
1313 1314
1314 59
1315 389
1315 1316
1316 972
1317 1275
1317 1318
1318 1236
1319 823
1319 1320
1320 278
1321 346
1321 1322
1322 1206
1323 1098
1323 1324
1324 439
1325 603
1325 1326
1326 1274
1327 907
1327 1328
1328 575
1329 139
1329 1330
1330 1037
1331 1284
1331 1332
1332 1209
1333 436
1333 1334
1334 272
1335 1336
1335 1403
1336 1173
1337 1338
1337 1376
1338 26
1339 322
1339 1340
1340 440
1341 1081
1341 1342
1342 830
1343 320
1343 1344
1344 452
1345 829
1345 1346
1346 1016
1347 91
1347 1348
1348 885
1349 653
1349 1350
1350 816
1351 169
1351 1352
1352 746
1353 546
1353 1354
1354 1379
1355 379
1355 1356
1356 1254
1357 53
1357 1358
1358 707
1359 589
1359 1360
1360 6
1361 315
1361 1362
1362 480
1363 64
1363 1364
1364 1314
1365 875
1365 1366
1366 651
1367 1155
1367 1368
1368 1099
1369 281
1369 1370
1370 528
1371 128
1371 1372
1372 299
1373 89
1373 1374
1374 28
1375 225
1375 1376
1376 72
1377 740
1377 1378
1378 798
1379 429
1379 1380
1380 88
1381 350
1381 1382
1382 824
1383 41
1383 1384
1384 1028
1385 9
1385 1386
1386 84
1387 1260
1387 1388
1388 838
1389 505
1389 1390
1390 1032
1391 332
1391 1392
1392 1078
1393 752
1393 1394
1394 27
1395 307
1395 1396
1396 234
1397 1301
1397 1398
1398 1090
1399 662
1399 1400
1400 870
1401 516
1401 1402
1402 1412
1403 285
1403 1404
1404 1014
1405 1088
1405 1406
1406 600
1407 74
1407 1408
1408 718
1409 709
1409 1410
1410 1054
1411 989
1411 1412
1412 1106
1413 584
1413 1414
1414 841
