0 150
0 709
1 844
1 969
3 1110
3 1333
4 192
4 1380
5 857
6 948
9 105
9 1294
10 1013
10 1256
12 1251
11 1169
13 178
13 515
15 180
15 699
17 60
17 1342
19 177
19 1261
21 169
21 243
23 24
23 711
24 826
25 26
25 449
26 988
27 28
27 159
28 342
29 30
29 491
30 713
31 32
31 277
32 586
33 34
33 446
34 992
35 36
35 366
36 638
37 38
37 993
38 1260
39 40
39 804
40 879
41 42
41 744
42 644
43 44
43 498
44 790
45 46
45 1225
46 274
47 48
47 929
48 624
49 50
49 259
50 1159
51 52
51 450
52 632
53 54
53 634
54 406
55 56
55 156
56 645
57 58
57 1187
58 680
59 60
59 423
60 960
61 62
61 1135
62 794
63 64
63 471
64 1176
65 66
65 334
66 764
67 68
67 673
68 34
69 70
69 347
70 659
71 72
71 1173
72 1140
73 74
73 1368
74 1388
75 76
75 1345
76 460
77 78
77 350
78 322
79 80
79 1313
80 1376
81 82
81 104
82 348
83 84
83 283
84 223
85 86
85 1043
86 336
87 88
87 1361
88 500
89 90
89 610
90 674
91 92
91 821
92 694
93 94
93 535
94 900
95 96
95 731
96 998
97 98
97 1085
98 234
99 100
99 1322
100 1400
101 102
101 737
102 391
103 104
103 875
104 1160
105 106
105 893
106 591
107 108
107 611
108 1092
109 110
109 1061
110 5
111 112
111 1266
112 664
113 114
113 1317
114 778
115 116
115 915
116 1060
117 118
117 1255
118 398
119 120
119 225
120 609
121 122
121 220
122 1356
123 124
123 604
124 831
125 126
125 1351
126 1151
127 128
127 154
128 1328
129 130
129 509
130 571
131 132
131 1195
132 568
133 134
133 291
134 873
135 136
135 373
136 1237
137 138
137 185
138 302
139 140
139 166
140 660
141 142
141 433
142 511
143 144
143 1221
144 473
145 146
145 326
146 82
147 148
147 769
148 355
149 150
149 419
150 1357
151 152
151 476
152 197
153 154
153 1372
154 143
155 156
155 1201
156 669
157 158
157 290
158 1341
159 160
159 775
160 716
161 83
161 162
162 364
163 75
163 164
164 149
165 166
165 1136
166 688
167 168
167 871
168 37
169 170
169 1171
170 275
171 172
171 1283
172 408
173 174
173 1297
174 898
175 176
175 985
176 444
177 178
177 305
178 236
179 180
179 519
180 1167
181 182
181 296
182 1107
183 184
183 773
184 293
185 186
185 369
186 1150
187 188
187 910
188 1094
189 190
189 453
190 1164
191 192
191 229
192 65
193 194
193 681
194 1331
195 196
195 1224
196 702
197 198
197 1358
198 872
199 200
199 961
200 754
201 12
201 202
202 93
203 204
203 1145
204 1040
205 155
205 206
206 944
207 208
207 1413
208 620
209 85
209 210
210 1360
211 135
211 212
212 706
213 214
213 991
214 1073
215 146
215 216
216 566
217 124
217 218
218 483
219 220
219 1286
220 1272
221 222
221 456
222 278
223 87
223 224
224 797
225 12
225 226
226 402
227 32
227 228
228 1401
229 230
229 923
230 816
231 232
231 555
232 612
233 234
233 1399
234 1088
235 236
235 855
236 1103
237 238
237 1027
238 198
239 68
239 240
240 170
241 242
241 401
242 622
243 244
243 1379
244 883
245 246
245 1249
246 478
247 248
247 990
248 718
249 250
249 1139
250 409
251 252
251 933
252 1346
253 254
253 1141
254 779
255 256
255 1258
256 1175
257 214
257 258
258 758
259 260
259 629
260 69
261 262
261 311
262 462
263 264
263 736
264 1057
265 266
265 1046
266 1156
267 187
267 268
268 1339
269 30
269 270
270 44
271 272
271 1293
272 266
273 274
273 1079
274 262
275 276
275 1248
276 222
277 221
277 278
278 1398
279 280
279 351
280 464
281 282
281 1203
282 400
283 284
283 463
284 1394
285 286
285 1009
286 343
287 288
287 803
288 1070
289 290
289 332
290 1044
291 292
291 860
292 808
293 294
293 954
294 482
295 21
295 296
296 241
297 298
297 719
298 42
299 300
299 1302
300 765
301 264
301 302
302 144
303 304
303 1193
304 1180
305 306
305 1371
306 921
307 308
307 1118
308 195
309 310
309 1074
310 994
311 312
311 1309
312 1200
313 314
313 763
314 1064
315 316
315 510
316 564
317 318
317 970
318 172
319 320
319 1095
320 239
321 322
321 959
322 1082
323 324
323 868
324 1207
325 326
325 553
326 114
327 328
327 1265
328 656
329 330
329 907
330 362
331 332
331 899
332 714
333 334
333 569
334 1340
335 336
335 465
336 246
337 309
337 338
338 84
339 272
339 340
340 710
341 216
341 342
342 962
343 344
343 438
344 1262
345 251
345 346
346 1016
347 348
347 649
348 783
349 350
349 429
350 800
351 352
351 1257
352 24
353 163
353 354
354 1123
355 54
355 356
356 14
357 358
357 431
358 705
359 360
359 375
360 1259
361 362
361 542
362 1101
363 364
363 1137
364 232
365 366
365 643
366 424
367 368
367 435
368 863
369 370
369 1282
370 751
371 372
371 945
372 496
373 374
373 1273
374 741
375 376
375 1287
376 1143
377 378
377 1307
378 798
379 380
379 967
380 160
381 382
381 485
382 663
383 384
383 1097
384 912
385 386
385 932
386 563
387 297
387 388
388 537
389 390
389 1301
390 657
391 392
391 953
392 1412
393 394
393 949
394 1386
395 396
395 943
396 1381
397 398
397 425
398 395
399 346
399 400
400 707
401 402
401 583
402 1117
403 404
403 513
404 1100
405 406
405 567
406 16
407 408
407 850
408 1080
409 128
409 410
410 1078
411 27
411 412
412 2
413 33
413 414
414 1056
415 416
415 531
416 90
417 418
417 829
418 53
419 420
419 747
420 1179
421 113
421 422
422 380
423 50
423 424
424 636
425 426
425 851
426 7
427 10
427 428
428 1020
429 430
429 1291
430 982
431 432
431 603
432 73
433 434
433 761
434 1212
435 436
435 1131
436 585
437 438
437 756
438 789
439 440
439 1007
440 1326
441 442
441 890
442 77
443 444
443 812
444 138
445 107
445 446
446 619
447 448
447 1362
448 479
449 315
449 450
450 1312
451 452
451 686
452 832
453 454
453 1003
454 1030
455 271
455 456
456 1172
457 458
457 1205
458 249
459 460
459 1343
460 442
461 331
461 462
462 1114
463 464
463 767
464 951
465 466
465 1334
466 822
467 254
467 468
468 475
469 470
469 1281
470 103
471 472
471 939
472 1378
473 474
473 1236
474 86
475 476
475 986
476 927
477 478
477 1414
478 40
479 480
479 528
480 770
481 437
481 482
482 934
483 484
483 748
484 906
485 321
485 486
486 200
487 488
487 1023
488 310
489 490
489 1183
490 199
491 428
491 492
492 1211
493 203
493 494
494 228
495 496
495 1019
496 470
497 498
497 683
498 551
499 151
499 500
500 911
501 502
501 1323
502 81
503 504
503 725
504 589
505 506
505 1109
506 978
507 508
507 630
508 354
509 207
509 510
510 365
511 512
511 1194
512 1324
513 514
513 547
514 572
515 516
515 1311
516 1278
517 325
517 518
518 256
519 520
519 749
520 552
521 63
521 522
522 1348
523 524
523 784
524 70
525 526
525 908
526 1186
527 528
527 1163
528 1320
529 530
529 1241
530 1227
531 532
531 1411
532 112
533 534
533 1189
534 17
535 439
535 536
536 502
537 538
537 834
538 639
539 540
539 605
540 244
541 520
541 542
542 1289
543 506
543 544
544 1218
545 546
545 596
546 524
547 548
547 1403
548 92
549 426
549 550
550 196
551 552
551 909
552 679
553 554
553 1332
554 1192
555 548
555 556
556 36
557 558
557 1191
558 218
559 560
559 1285
560 780
561 292
561 562
562 842
563 436
563 564
564 662
565 57
565 566
566 250
567 568
567 1076
568 467
569 570
569 799
570 134
571 39
571 572
572 240
573 74
573 574
574 514
575 376
575 576
576 1158
577 578
577 1037
578 1395
579 580
579 785
580 889
581 582
581 1075
582 338
583 120
583 584
584 1182
585 586
585 828
586 1232
587 588
587 685
588 543
589 590
589 1405
590 538
591 164
591 592
592 750
593 594
593 1226
594 484
595 592
595 596
596 1014
597 598
597 647
598 533
599 600
599 617
600 1154
601 448
601 602
602 1396
603 129
603 604
604 295
605 606
605 631
606 25
607 175
607 608
608 414
609 606
609 610
610 696
611 612
611 1041
612 481
613 614
613 1091
614 1384
615 64
615 616
616 1067
617 618
617 1190
618 188
619 620
619 940
620 885
621 141
621 622
622 950
623 374
623 624
624 793
625 405
625 626
626 238
627 628
627 892
628 79
629 469
629 630
630 791
631 9
631 632
632 720
633 634
633 1365
634 328
635 125
635 636
636 31
637 333
637 638
638 316
639 434
639 640
640 1052
641 642
641 658
642 301
643 416
643 644
644 561
645 646
645 806
646 1006
647 55
647 648
648 549
649 650
649 941
650 786
651 359
651 652
652 901
653 529
653 654
654 1336
655 279
655 656
656 1152
657 658
657 757
658 361
659 230
659 660
660 1375
661 386
661 662
662 1208
663 664
663 902
664 1344
665 666
665 956
666 1355
667 668
667 1168
668 308
669 670
669 845
670 18
671 672
671 1071
672 307
673 674
673 1299
674 1338
675 676
675 958
676 340
677 678
677 825
678 268
679 367
679 680
680 874
681 117
681 682
682 623
683 684
683 1295
684 1008
685 686
685 1157
686 352
687 688
687 795
688 133
689 690
689 979
690 202
691 540
691 692
692 512
693 313
693 694
694 499
695 300
695 696
696 235
697 698
697 1058
698 1206
699 700
699 781
700 356
701 318
701 702
702 78
703 704
703 1127
704 602
705 706
705 745
706 841
707 418
707 708
708 1072
709 710
709 1391
710 1228
711 541
711 712
712 451
713 329
713 714
714 4
715 716
715 1335
716 1022
717 718
717 839
718 1268
719 337
719 720
720 1026
721 595
721 722
722 590
723 523
723 724
724 330
725 495
725 726
726 181
727 267
727 728
728 678
729 730
729 1161
730 886
731 19
731 732
732 615
733 734
733 1217
734 774
735 736
735 1004
736 650
737 738
737 1051
738 608
739 740
739 1199
740 1177
741 100
741 742
742 1048
743 142
743 744
744 936
745 15
745 746
746 594
747 233
747 748
748 593
749 389
749 750
750 404
751 652
751 752
752 665
753 754
753 1045
754 1300
755 260
755 756
756 999
757 285
757 758
758 219
759 760
759 905
760 1267
761 762
761 809
762 576
763 49
763 764
764 1389
765 224
765 766
766 1392
767 768
767 1377
768 1330
769 770
769 1321
770 1363
771 772
771 813
772 115
773 774
773 820
774 1214
775 776
775 853
776 94
777 778
777 1325
778 675
779 762
779 780
780 1000
781 11
781 782
782 282
783 684
783 784
784 796
785 507
785 786
786 937
787 273
787 788
788 640
789 790
789 1065
790 876
791 653
791 792
792 759
793 118
793 794
794 1222
795 796
795 1393
796 776
797 139
797 798
798 35
799 415
799 800
800 522
801 802
801 1031
802 148
803 804
803 1243
804 600
805 806
805 995
806 722
807 370
807 808
808 1062
809 810
809 931
810 1147
811 582
811 812
812 788
813 814
813 1113
814 1170
815 816
815 1252
816 1108
817 818
817 1053
818 1352
819 265
819 820
820 801
821 226
821 822
822 858
823 824
823 1275
824 123
825 581
825 826
826 319
827 828
827 859
828 1049
829 378
829 830
830 682
831 360
831 832
832 1238
833 23
833 834
834 1146
835 836
835 917
836 1188
837 261
837 838
838 782
839 840
839 1196
840 1385
841 842
841 846
842 1274
843 844
843 1366
844 1305
845 846
845 1242
846 864
847 848
847 1002
848 110
849 850
849 1001
850 968
851 217
851 852
852 691
853 854
853 997
854 521
855 856
855 957
856 730
857 858
857 938
858 964
859 493
859 860
860 530
861 56
861 862
862 1084
863 231
863 864
864 1155
865 255
865 866
866 182
867 211
867 868
868 147
869 870
869 1025
870 1306
871 655
871 872
872 66
873 874
873 1410
874 922
875 876
875 1142
876 966
877 137
877 878
878 930
879 692
879 880
880 700
881 136
881 882
882 1119
883 884
883 1329
884 1310
885 886
885 1021
886 573
887 459
887 888
888 1128
889 95
889 890
890 627
891 881
891 892
892 559
893 894
893 1315
894 189
895 870
895 896
896 430
897 898
897 1036
898 1138
899 900
899 1370
900 303
901 458
901 902
902 830
903 787
903 904
904 1105
905 455
905 906
906 896
907 908
907 980
908 661
909 843
909 910
910 597
911 320
911 912
912 666
913 324
913 914
914 494
915 121
915 916
916 152
917 677
917 918
918 176
919 920
919 1246
920 598
921 26
921 922
922 80
923 641
923 924
924 614
925 926
925 1015
926 368
927 140
927 928
928 918
929 457
929 930
930 654
931 932
931 1059
932 421
933 934
933 1024
934 8
935 690
935 936
936 866
937 904
937 938
938 976
939 204
939 940
940 289
941 942
941 1337
942 1296
943 752
943 944
944 96
945 946
945 1083
946 102
947 948
947 1148
948 836
949 950
949 983
950 1234
951 952
951 1318
952 1390
953 377
953 954
954 848
955 956
955 977
956 616
957 461
957 958
958 972
959 884
959 960
960 861
961 131
961 962
962 1290
963 91
963 964
964 474
965 411
965 966
966 298
967 968
967 1240
968 287
969 970
969 987
970 527
971 578
971 972
972 45
973 173
973 974
974 704
975 847
975 976
976 486
977 43
977 978
978 1174
979 980
979 1005
980 67
981 914
981 982
982 1298
983 257
983 984
984 701
985 193
985 986
986 1198
987 13
987 988
988 191
989 990
989 1219
990 810
991 580
991 992
992 1397
993 994
993 1055
994 975
995 729
995 996
996 1280
997 755
997 998
998 46
999 916
999 1000
1000 1028
1001 227
1001 1002
1002 626
1003 607
1003 1004
1004 1033
1005 201
1005 1006
1006 1090
1007 811
1007 1008
1008 840
1009 869
1009 1010
1010 252
1011 161
1011 1012
1012 127
1013 101
1013 1014
1014 99
1015 497
1015 1016
1016 1233
1017 98
1017 1018
1018 546
1019 1020
1019 1383
1020 1081
1021 1022
1021 1308
1022 1230
1023 1024
1023 1270
1024 1149
1025 247
1025 1026
1026 947
1027 358
1027 1028
1028 734
1029 621
1029 1030
1030 168
1031 1032
1031 1373
1032 276
1033 281
1033 1034
1034 565
1035 852
1035 1036
1036 1316
1037 492
1037 1038
1038 1250
1039 693
1039 1040
1040 1034
1041 895
1041 1042
1042 345
1043 771
1043 1044
1044 410
1045 1046
1045 1387
1046 517
1047 385
1047 1048
1048 1210
1049 695
1049 1050
1050 671
1051 753
1051 1052
1052 743
1053 314
1053 1054
1054 51
1055 3
1055 1056
1056 1096
1057 208
1057 1058
1058 186
1059 579
1059 1060
1060 1382
1061 628
1061 1062
1062 724
1063 1029
1063 1064
1064 165
1065 1066
1065 1126
1066 818
1067 1068
1067 1354
1068 532
1069 387
1069 1070
1070 746
1071 903
1071 1072
1072 242
1073 1074
1073 1220
1074 153
1075 504
1075 1076
1076 518
1077 963
1077 1078
1078 648
1079 601
1079 1080
1080 928
1081 637
1081 1082
1082 1120
1083 1084
1083 1367
1084 1132
1085 1086
1085 1319
1086 1244
1087 394
1087 1088
1088 5
1089 299
1089 1090
1090 1124
1091 1092
1091 1181
1092 284
1093 190
1093 1094
1094 58
1095 317
1095 1096
1096 740
1097 1098
1097 1111
1098 1247
1099 1100
1099 1277
1100 312
1101 1102
1101 1304
1102 1408
1103 556
1103 1104
1104 838
1105 1106
1105 1112
1106 880
1107 1108
1107 1264
1108 554
1109 179
1109 1110
1110 407
1111 1112
1111 1121
1112 888
1113 965
1113 1114
1114 856
1115 1116
1115 1263
1116 294
1117 106
1117 1118
1118 1104
1119 1120
1119 1231
1120 544
1121 403
1121 1122
1122 1213
1123 526
1123 1124
1124 1102
1125 575
1125 1126
1126 1404
1127 1128
1127 1409
1128 468
1129 349
1129 1130
1130 891
1131 383
1131 1132
1132 1106
1133 390
1133 1134
1134 440
1135 1136
1135 1165
1136 372
1137 935
1137 1138
1138 335
1139 382
1139 1140
1140 480
1141 11
1141 1142
1142 1047
1143 215
1143 1144
1144 1116
1145 357
1145 1146
1146 981
1147 735
1147 1148
1148 126
1149 1050
1149 1150
1150 974
1151 732
1151 1152
1152 924
1153 212
1153 1154
1154 88
1155 432
1155 1156
1156 1215
1157 1158
1157 1269
1158 1098
1159 717
1159 1160
1160 1054
1161 323
1161 1162
1162 894
1163 971
1163 1164
1164 413
1165 715
1165 1166
1166 158
1167 171
1167 1168
1168 516
1169 819
1169 1170
1170 286
1171 393
1171 1172
1172 777
1173 89
1173 1174
1174 1066
1175 417
1175 1176
1176 882
1177 1087
1177 1178
1178 6
1179 625
1179 1180
1180 1134
1181 29
1181 1182
1182 1035
1183 327
1183 1184
1184 1122
1185 739
1185 1186
1186 1407
1187 913
1187 1188
1188 72
1189 557
1189 1190
1190 1153
1191 1042
1191 1192
1192 1202
1193 1194
1193 1229
1194 41
1195 503
1195 1196
1196 237
1197 588
1197 1198
1198 560
1199 447
1199 1200
1200 642
1201 867
1201 1202
1202 952
1203 613
1203 1204
1204 245
1205 539
1205 1206
1206 22
1207 837
1207 1208
1208 676
1209 119
1209 1210
1210 599
1211 1185
1211 1212
1212 742
1213 727
1213 1214
1214 1284
1215 184
1215 1216
1216 984
1217 205
1217 1218
1218 1144
1219 805
1219 1220
1220 379
1221 712
1221 1222
1222 815
1223 1224
1223 1253
1224 1017
1225 1226
1225 1303
1226 887
1227 577
1227 1228
1228 1166
1229 807
1229 1230
1230 862
1231 926
1231 1232
1232 814
1233 1234
1233 1350
1234 1374
1235 708
1235 1236
1236 1178
1237 209
1237 1238
1238 71
1239 194
1239 1240
1240 760
1241 1089
1241 1242
1242 487
1243 472
1243 1244
1244 396
1245 47
1245 1246
1246 1292
1247 443
1247 1248
1248 157
1249 1250
1249 1327
1250 772
1251 835
1251 1252
1252 878
1253 1254
1253 1349
1254 422
1255 505
1255 1256
1256 1239
1257 477
1257 1258
1258 397
1259 667
1259 1260
1260 1364
1261 20
1261 1262
1262 488
1263 854
1263 1264
1264 76
1265 490
1265 1266
1266 1353
1267 726
1267 1268
1268 384
1269 689
1269 1270
1270 1038
1271 109
1271 1272
1272 420
1273 687
1273 1274
1274 280
1275 1162
1275 1276
1276 1359
1277 817
1277 1278
1278 52
1279 1280
1279 1347
1280 877
1281 733
1281 1282
1282 536
1283 1032
1283 1284
1284 270
1285 258
1285 1286
1286 833
1287 1115
1287 1288
1288 697
1289 363
1289 1290
1290 174
1291 1133
1291 1292
1292 1406
1293 824
1293 1294
1294 441
1295 253
1295 1296
1296 550
1297 1235
1297 1298
1298 6
1299 1099
1299 1300
1300 130
1301 353
1301 1302
1302 827
1303 392
1303 1304
1304 1216
1305 269
1305 1306
1306 1204
1307 1063
1307 1308
1308 1197
1309 183
1309 1310
1310 108
1311 452
1311 1312
1312 1125
1313 1077
1313 1314
1314 942
1315 97
1315 1316
1316 62
1317 111
1317 1318
1318 738
1319 823
1319 1320
1320 996
1321 1245
1321 1322
1322 728
1323 1184
1323 1324
1324 248
1325 920
1325 1326
1326 339
1327 525
1327 1328
1328 849
1329 721
1329 1330
1330 766
1331 946
1331 1332
1332 633
1333 562
1333 1334
1334 574
1335 1011
1335 1336
1336 668
1337 792
1337 1338
1338 698
1339 1010
1339 1340
1340 388
1341 1288
1341 1342
1342 670
1343 399
1343 1344
1344 973
1345 61
1345 1346
1346 162
1347 1
1347 1348
1348 304
1349 1039
1349 1350
1350 341
1351 1223
1351 1352
1352 703
1353 1069
1353 1354
1354 558
1355 122
1355 1356
1356 38
1357 865
1357 1358
1358 381
1359 145
1359 1360
1360 1314
1361 167
1361 1362
1362 651
1363 344
1363 1364
1364 570
1365 955
1365 1366
1366 1209
1367 489
1367 1368
1368 132
1369 587
1369 1370
1370 508
1371 59
1371 1372
1372 306
1373 1012
1373 1374
1374 897
1375 116
1375 1376
1376 206
1377 371
1377 1378
1378 1086
1379 925
1379 1380
1380 534
1381 672
1381 1382
1382 412
1383 427
1383 1384
1384 768
1385 584
1385 1386
1386 288
1387 213
1387 1388
1388 1402
1389 466
1389 1390
1390 618
1391 635
1391 1392
1392 1068
1393 989
1393 1394
1394 723
1395 919
1395 1396
1396 1254
1397 646
1397 1398
1398 802
1399 445
1399 1400
1400 48
1401 263
1401 1402
1402 210
1403 1369
1403 1404
1404 1093
1405 1279
1405 1406
1406 501
1407 1276
1407 1408
1408 28
1409 454
1409 1410
1410 1018
1411 1130
1411 1412
1412 545
1413 1129
1413 1414
1414 1271
