0 353
0 1142
3 597
3 1153
4 59
4 1187
6 1014
5 1267
7 953
7 1408
8 633
8 1253
10 534
9 252
11 208
11 1061
13 436
13 628
15 1233
15 1357
17 30
17 466
19 1260
19 1354
21 148
21 1043
23 24
23 133
24 1402
25 26
25 1255
26 1194
27 28
27 724
28 947
29 30
29 92
30 184
31 32
31 1321
32 354
33 34
33 347
34 1062
35 36
35 276
36 19
37 38
37 1202
38 662
39 40
39 755
40 1381
41 42
41 129
42 973
43 44
43 1056
44 1130
45 46
45 857
46 211
47 48
47 710
48 960
49 50
49 1209
50 1178
51 52
51 1127
52 195
53 54
53 958
54 978
55 56
55 461
56 176
57 58
57 1108
58 163
59 60
59 311
60 301
61 62
61 469
62 16
63 64
63 1399
64 533
65 21
65 66
66 612
67 68
67 877
68 112
69 70
69 154
70 1367
71 72
71 678
72 1243
73 74
73 1055
74 240
75 76
75 1067
76 926
77 78
77 1405
78 650
79 80
79 509
80 207
81 82
81 224
82 182
83 84
83 670
84 938
85 86
85 687
86 786
87 88
87 1336
88 928
89 51
89 90
90 118
91 92
91 281
92 402
93 94
93 791
94 512
95 26
95 96
96 1184
97 98
97 688
98 1344
99 100
99 1229
100 988
101 102
101 313
102 62
103 104
103 1089
104 275
105 106
105 527
106 1333
107 108
107 1349
108 384
109 110
109 191
110 876
111 112
111 833
112 480
113 114
113 1380
114 1084
115 116
115 591
116 1232
117 118
117 345
118 164
119 120
119 639
120 1210
121 122
121 1177
122 468
123 124
123 589
124 950
125 126
125 812
126 222
127 128
127 531
128 1236
129 130
129 849
130 299
131 132
131 744
132 880
133 134
133 964
134 768
135 136
135 1295
136 1171
137 138
137 1195
138 1068
139 140
139 393
140 1120
141 142
141 989
142 1296
143 144
143 253
144 456
145 146
145 767
146 1316
147 148
147 711
148 28
149 8
149 150
150 1016
151 152
151 1012
152 1382
153 154
153 968
154 1026
155 156
155 1280
156 368
157 125
157 158
158 156
159 160
159 577
160 842
161 162
161 1099
162 1282
163 15
163 164
164 1196
165 166
165 993
166 674
167 49
167 168
168 762
169 170
169 1304
170 742
171 172
171 867
172 488
173 174
173 899
174 458
175 176
175 465
176 1140
177 178
177 204
178 290
179 180
179 955
180 190
181 182
181 415
182 896
183 184
183 336
184 43
185 186
185 1414
186 844
187 188
187 1397
188 66
189 190
189 1351
190 446
191 192
191 911
192 1350
193 194
193 1027
194 339
195 196
195 268
196 1186
197 198
197 657
198 858
199 200
199 965
200 1042
201 202
201 481
202 1125
203 162
203 204
204 74
205 206
205 491
206 54
207 208
207 385
208 723
209 210
209 1239
210 1116
211 212
211 1049
212 40
213 214
213 425
214 117
215 216
215 485
216 232
217 218
217 409
218 414
219 220
219 1053
220 1064
221 222
221 238
222 374
223 224
223 1348
224 7
225 226
225 263
226 1024
227 228
227 789
228 150
229 230
229 655
230 64
231 232
231 432
232 972
233 234
233 524
234 76
235 236
235 287
236 61
237 238
237 1085
238 963
239 240
239 1353
240 47
241 115
241 242
242 98
243 244
243 1141
244 982
245 104
245 246
246 631
247 248
247 1247
248 319
249 250
249 1211
250 582
251 252
251 905
252 114
253 254
253 379
254 495
255 256
255 543
256 820
257 258
257 375
258 565
259 260
259 490
260 1406
261 262
261 388
262 110
263 264
263 1297
264 1248
265 266
265 1339
266 776
267 268
267 1083
268 661
269 270
269 1148
270 170
271 272
271 1040
272 1231
273 274
273 967
274 704
275 122
275 276
276 1287
277 278
277 1205
278 957
279 280
279 1074
280 410
281 282
281 520
282 854
283 284
283 1256
284 890
285 286
285 1403
286 342
287 107
287 288
288 898
289 290
289 1286
290 824
291 292
291 741
292 270
293 294
293 504
294 623
295 296
295 403
296 380
297 298
297 1400
298 1207
299 300
299 1262
300 592
301 302
301 702
302 933
303 186
303 304
304 664
305 306
305 1319
306 646
307 308
307 1136
308 1288
309 310
309 624
310 1139
311 312
311 1031
312 1050
313 314
313 1103
314 1059
315 316
315 916
316 1412
317 318
317 906
318 794
319 320
319 819
320 42
321 322
321 352
322 22
323 81
323 324
324 308
325 326
325 507
326 846
327 328
327 904
328 1244
329 160
329 330
330 840
331 332
331 499
332 1039
333 80
333 334
334 286
335 336
335 886
336 738
337 338
337 1051
338 1273
339 340
339 998
340 1168
341 120
341 342
342 382
343 344
343 1206
344 293
345 346
345 773
346 508
347 109
347 348
348 659
349 350
349 719
350 159
351 352
351 878
352 1204
353 354
353 391
354 256
355 356
355 1007
356 828
357 358
357 467
358 706
359 348
359 360
360 89
361 272
361 362
362 980
363 364
363 949
364 82
365 10
365 366
366 140
367 368
367 1413
368 350
369 370
369 737
370 1114
371 372
371 636
372 979
373 374
373 1271
374 1176
375 376
375 745
376 1058
377 378
377 811
378 700
379 235
379 380
380 440
381 382
381 1070
382 1330
383 384
383 1251
384 1046
385 386
385 424
386 800
387 388
387 787
388 1086
389 390
389 1134
390 974
391 392
391 1201
392 930
393 394
393 756
394 940
395 396
395 847
396 369
397 91
397 398
398 334
399 400
399 584
400 346
401 402
401 1079
402 442
403 25
403 404
404 389
405 406
405 1076
406 668
407 408
407 1072
408 864
409 307
409 410
410 1192
411 412
411 544
412 1352
413 414
413 785
414 683
415 416
415 743
416 411
417 418
417 799
418 1361
419 420
419 1092
420 1284
421 422
421 827
422 1374
423 417
423 424
424 923
425 426
425 1098
426 183
427 428
427 970
428 870
429 387
429 430
430 667
431 432
431 1279
432 901
433 434
433 915
434 640
435 436
435 983
436 1215
437 438
437 985
438 1342
439 440
439 1149
440 364
441 87
441 442
442 594
443 444
443 891
444 1113
445 446
445 595
446 1291
447 448
447 860
448 1185
449 450
449 804
450 1340
451 452
451 715
452 567
453 454
453 887
454 291
455 23
455 456
456 294
457 223
457 458
458 1263
459 460
459 1283
460 751
461 462
461 981
462 57
463 314
463 464
464 732
465 466
465 1004
466 1008
467 209
467 468
468 143
469 470
469 1221
470 454
471 472
471 1017
472 866
473 474
473 782
474 1222
475 97
475 476
476 851
477 386
477 478
478 746
479 480
479 813
480 180
481 451
481 482
482 377
483 484
483 521
484 329
485 486
485 961
486 1226
487 488
487 579
488 1174
489 490
489 951
490 244
491 323
491 492
492 892
493 494
493 914
494 231
495 496
495 1365
496 780
497 498
497 547
498 553
499 462
499 500
500 1331
501 331
501 502
502 267
503 504
503 903
504 838
505 506
505 761
506 356
507 95
507 508
508 821
509 121
509 510
510 419
511 512
511 1121
512 1292
513 514
513 1220
514 1002
515 65
515 516
516 822
517 518
517 648
518 598
519 520
519 736
520 777
521 73
521 522
522 764
523 524
523 1395
524 269
525 526
525 1385
526 952
527 161
527 528
528 177
529 530
529 693
530 227
531 532
531 717
532 496
533 239
533 534
534 634
535 536
535 555
536 472
537 538
537 1166
538 673
539 540
539 1147
540 1172
541 525
541 542
542 1266
543 544
543 677
544 259
545 546
545 1011
546 692
547 548
547 593
548 1135
549 550
549 625
550 1265
551 552
551 754
552 102
553 135
553 554
554 196
555 556
555 1001
556 895
557 558
557 1119
558 1327
559 560
559 656
560 166
561 562
561 1346
562 330
563 564
563 721
564 1213
565 254
565 566
566 932
567 128
567 568
568 856
569 570
569 769
570 1322
571 463
571 572
572 1366
573 574
573 805
574 649
575 576
575 1097
576 538
577 338
577 578
578 1180
579 580
579 587
580 1225
581 582
581 586
582 366
583 584
583 1191
584 6
585 586
585 1391
586 69
587 588
587 1137
588 1241
589 199
589 590
590 146
591 592
591 991
592 24
593 594
593 937
594 351
595 60
595 596
596 1234
597 598
597 681
598 888
599 600
599 935
600 946
601 556
601 602
602 444
603 604
603 1312
604 672
605 168
605 606
606 1034
607 608
607 883
608 408
609 476
609 610
610 632
611 612
611 619
612 1308
613 614
613 1019
614 1388
615 616
615 707
616 262
617 618
617 1230
618 682
619 620
619 1252
620 48
621 245
621 622
622 1161
623 305
623 624
624 922
625 626
625 718
626 131
627 563
627 628
628 1238
629 630
629 1181
630 228
631 632
631 1398
632 283
633 634
633 839
634 1394
635 636
635 792
636 1285
637 157
637 638
638 548
639 640
639 694
640 14
641 335
641 642
642 29
643 46
643 644
644 1021
645 646
645 1384
646 1164
647 648
647 739
648 621
649 53
649 650
650 326
651 652
651 1347
652 1332
653 654
653 1093
654 158
655 656
655 1246
656 289
657 337
657 658
658 1392
659 11
659 660
660 580
661 662
661 871
662 566
663 517
663 664
664 1320
665 273
665 666
666 709
667 668
667 1081
668 948
669 71
669 670
670 645
671 37
671 672
672 722
673 447
673 674
674 303
675 100
675 676
676 1080
677 678
677 1115
678 1075
679 680
679 797
680 438
681 682
681 1383
682 897
683 654
683 684
684 434
685 459
685 686
686 441
687 247
687 688
688 1107
689 471
689 690
690 1146
691 692
691 962
692 470
693 33
693 694
694 505
695 420
695 696
696 806
697 698
697 1033
698 1313
699 165
699 700
700 994
701 702
701 885
702 1159
703 704
703 1096
704 600
705 477
705 706
706 398
707 708
707 1261
708 134
709 221
709 710
710 616
711 265
711 712
712 292
713 714
713 1105
714 734
715 716
715 1303
716 1314
717 718
717 1044
718 361
719 622
719 720
720 1300
721 213
721 722
722 1359
723 724
723 1006
724 113
725 726
725 1376
726 537
727 725
727 728
728 1219
729 251
729 730
730 1318
731 502
731 732
732 358
733 734
733 975
734 720
735 736
735 909
736 501
737 738
737 941
738 210
739 665
739 740
740 920
741 288
741 742
742 312
743 744
743 1065
744 835
745 746
745 1193
746 317
747 596
747 748
748 149
749 750
749 1218
750 1198
751 690
751 752
752 407
753 754
753 986
754 1298
755 482
755 756
756 669
757 758
757 913
758 528
759 497
759 760
760 788
761 45
761 762
762 230
763 141
763 764
764 1338
765 766
765 1038
766 376
767 483
767 768
768 258
769 236
769 770
770 1018
771 172
771 772
772 250
773 77
773 774
774 571
775 449
775 776
776 802
777 257
777 778
778 641
779 604
779 780
780 546
781 493
781 782
782 618
783 41
783 784
784 401
785 201
785 786
786 1163
787 788
787 861
788 1378
789 790
789 1052
790 306
791 792
791 817
792 729
793 127
793 794
794 10
795 796
795 1355
796 532
797 137
797 798
798 541
799 167
799 800
800 1156
801 615
801 802
802 1275
803 179
803 804
804 853
805 298
805 806
806 514
807 315
807 808
808 608
809 810
809 1208
810 874
811 585
811 812
812 917
813 36
813 814
814 260
815 55
815 816
816 344
817 511
817 818
818 691
819 763
819 820
820 1306
821 822
821 1326
822 569
823 824
823 1227
824 1368
825 363
825 826
826 605
827 828
827 1126
828 206
829 603
829 830
830 1094
831 832
831 1179
832 343
833 834
833 1335
834 774
835 328
835 836
836 220
837 838
837 1281
838 918
839 540
839 840
840 175
841 583
841 842
842 304
843 831
843 844
844 426
845 4
845 846
846 855
847 413
847 848
848 1290
849 529
849 850
850 1145
851 852
851 873
852 1396
853 187
853 854
854 20
855 406
855 856
856 740
857 145
857 858
858 1091
859 860
859 1197
860 1270
861 862
861 1245
862 798
863 17
863 864
864 1182
865 85
865 866
866 88
867 255
867 868
868 460
869 870
869 1175
870 34
871 872
871 1022
872 70
873 635
873 874
874 9
875 510
875 876
876 178
877 878
877 1363
878 939
879 880
879 1358
880 852
881 83
881 882
882 816
883 372
883 884
884 185
885 686
885 886
886 1301
887 888
887 1131
888 879
889 890
889 1317
890 1082
891 689
891 892
892 1278
893 365
893 894
894 1302
895 214
895 896
896 90
897 590
897 898
898 486
899 383
899 900
900 671
901 581
901 902
902 1289
903 904
903 1151
904 606
905 906
905 1165
906 1117
907 908
907 1387
908 966
909 910
909 1341
910 733
911 487
911 912
912 695
913 914
913 1323
914 607
915 86
915 916
916 229
917 918
917 1109
918 790
919 920
919 1228
920 936
921 922
921 1128
922 562
923 473
923 924
924 942
925 926
925 1389
926 412
927 119
927 928
928 576
929 395
929 930
930 1162
931 932
931 1249
932 810
933 934
933 1167
934 1066
935 936
935 1325
936 322
937 938
937 999
938 78
939 266
939 940
940 765
941 136
941 942
942 832
943 431
943 944
944 779
945 946
945 1212
946 554
947 948
947 1010
948 1000
949 558
949 950
950 893
951 845
951 952
952 889
953 218
953 954
954 1240
955 101
955 956
956 869
957 644
957 958
958 588
959 321
959 960
960 422
961 962
961 1343
962 324
963 573
963 964
964 1307
965 421
965 966
966 492
967 418
967 968
968 731
969 475
969 970
970 699
971 617
971 972
972 772
973 13
973 974
974 38
975 697
975 976
976 848
977 494
977 978
978 194
979 931
979 980
980 1200
981 929
981 982
982 106
983 452
983 984
984 96
985 545
985 986
986 355
987 396
987 988
988 1028
989 850
989 990
990 574
991 992
991 1112
992 1077
993 599
993 994
994 1362
995 627
995 996
996 1071
997 513
997 998
998 902
999 155
999 1000
1000 1372
1001 50
1001 1002
1002 152
1003 233
1003 1004
1004 169
1005 620
1005 1006
1006 1235
1007 35
1007 1008
1008 142
1009 925
1009 1010
1010 400
1011 63
1011 1012
1012 327
1013 271
1013 1014
1014 1315
1015 954
1015 1016
1016 296
1017 701
1017 1018
1018 1254
1019 261
1019 1020
1020 912
1021 193
1021 1022
1022 997
1023 435
1023 1024
1024 1132
1025 397
1025 1026
1026 959
1027 503
1027 1028
1028 279
1029 793
1029 1030
1030 559
1031 609
1031 1032
1032 450
1033 1013
1033 1034
1034 1410
1035 453
1035 1036
1036 392
1037 1038
1037 1223
1038 1020
1039 1040
1039 1100
1040 416
1041 1042
1041 1393
1042 302
1043 784
1043 1044
1044 1025
1045 478
1045 1046
1046 750
1047 371
1047 1048
1048 522
1049 663
1049 1050
1050 758
1051 359
1051 1052
1052 295
1053 399
1053 1054
1054 549
1055 500
1055 1056
1056 675
1057 519
1057 1058
1058 1188
1059 1060
1059 1277
1060 455
1061 1062
1061 1401
1062 907
1063 1009
1063 1064
1064 18
1065 67
1065 1066
1066 630
1067 523
1067 1068
1068 568
1069 726
1069 1070
1070 1118
1071 381
1071 1072
1072 44
1073 535
1073 1074
1074 32
1075 1041
1075 1076
1076 801
1077 1078
1077 1329
1078 629
1079 489
1079 1080
1080 362
1081 333
1081 1082
1082 1030
1083 31
1083 1084
1084 1144
1085 139
1085 1086
1086 1305
1087 3
1087 1088
1088 248
1089 825
1089 1090
1090 550
1091 868
1091 1092
1092 680
1093 427
1093 1094
1094 1276
1095 795
1095 1096
1096 808
1097 1098
1097 1375
1098 658
1099 498
1099 1100
1100 557
1101 759
1101 1102
1102 1003
1103 679
1103 1104
1104 934
1105 423
1105 1106
1106 818
1107 39
1107 1108
1108 1373
1109 1110
1109 1155
1110 676
1111 189
1111 1112
1112 373
1113 526
1113 1114
1114 506
1115 237
1115 1116
1116 309
1117 1118
1117 1371
1118 924
1119 285
1119 1120
1120 1337
1121 437
1121 1122
1122 809
1123 349
1123 1124
1124 652
1125 1063
1125 1126
1126 75
1127 93
1127 1128
1128 1047
1129 984
1129 1130
1130 712
1131 205
1131 1132
1132 300
1133 647
1133 1134
1134 433
1135 1136
1135 1169
1136 325
1137 1138
1137 1199
1138 1379
1139 1140
1139 1216
1140 1078
1141 1088
1141 1142
1142 570
1143 1144
1143 1190
1144 264
1145 910
1145 1146
1146 249
1147 564
1147 1148
1148 56
1149 843
1149 1150
1150 875
1151 1152
1151 1293
1152 12
1153 1037
1153 1154
1154 748
1155 1156
1155 1224
1156 1045
1157 147
1157 1158
1158 518
1159 666
1159 1160
1160 1173
1161 1162
1161 1390
1162 1370
1163 643
1163 1164
1164 796
1165 72
1165 1166
1166 572
1167 660
1167 1168
1168 1274
1169 5
1169 1170
1170 144
1171 637
1171 1172
1172 1095
1173 1174
1173 1334
1174 1242
1175 197
1175 1176
1176 1360
1177 1178
1177 1183
1178 1189
1179 601
1179 1180
1180 1106
1181 126
1181 1182
1182 132
1183 1184
1183 1269
1184 200
1185 908
1185 1186
1186 1364
1187 1188
1187 1345
1188 1152
1189 515
1189 1190
1190 192
1191 1087
1191 1192
1192 274
1193 807
1193 1194
1194 278
1195 815
1195 1196
1196 542
1197 479
1197 1198
1198 992
1199 841
1199 1200
1200 378
1201 1111
1201 1202
1202 405
1203 551
1203 1204
1204 203
1205 443
1205 1206
1206 749
1207 439
1207 1208
1208 859
1209 943
1209 1210
1210 990
1211 1154
1211 1212
1212 836
1213 919
1213 1214
1214 390
1215 766
1215 1216
1216 1214
1217 969
1217 1218
1218 484
1219 1203
1219 1220
1220 834
1221 1124
1221 1222
1222 282
1223 181
1223 1224
1224 173
1225 1226
1225 1264
1226 770
1227 698
1227 1228
1228 781
1229 1073
1229 1230
1230 530
1231 445
1231 1232
1232 216
1233 747
1233 1234
1234 760
1235 708
1235 1236
1236 1036
1237 1238
1237 1386
1238 1310
1239 727
1239 1240
1240 448
1241 1157
1241 1242
1242 1023
1243 1244
1243 1299
1244 894
1245 1133
1245 1246
1246 921
1247 1217
1247 1248
1248 318
1249 58
1249 1250
1250 611
1251 5
1251 1252
1252 705
1253 884
1253 1254
1254 714
1255 215
1255 1256
1256 829
1257 202
1257 1258
1258 651
1259 360
1259 1260
1260 716
1261 367
1261 1262
1262 1150
1263 1060
1263 1264
1264 944
1265 684
1265 1266
1266 703
1267 775
1267 1268
1268 217
1269 803
1269 1270
1270 771
1271 987
1271 1272
1272 977
1273 174
1273 1274
1274 863
1275 1160
1275 1276
1276 116
1277 430
1277 1278
1278 1129
1279 1280
1279 1409
1280 956
1281 753
1281 1282
1282 602
1283 277
1283 1284
1284 370
1285 823
1285 1286
1286 814
1287 1268
1287 1288
1288 996
1289 1158
1289 1290
1290 188
1291 394
1291 1292
1292 108
1293 242
1293 1294
1294 234
1295 99
1295 1296
1296 1356
1297 927
1297 1298
1298 151
1299 1300
1299 1311
1300 1032
1301 246
1301 1302
1302 1309
1303 783
1303 1304
1304 320
1305 642
1305 1306
1306 1048
1307 198
1307 1308
1308 626
1309 696
1309 1310
1310 1090
1311 995
1311 1312
1312 900
1313 1314
1313 1369
1314 1035
1315 123
1315 1316
1316 1122
1317 284
1317 1318
1318 124
1319 560
1319 1320
1320 226
1321 539
1321 1322
1322 1
1323 332
1323 1324
1324 341
1325 1123
1325 1326
1326 138
1327 241
1327 1328
1328 613
1329 730
1329 1330
1330 2
1331 1332
1331 1411
1332 130
1333 638
1333 1334
1334 153
1335 1101
1335 1336
1336 243
1337 280
1337 1338
1338 976
1339 1328
1339 1340
1340 310
1341 575
1341 1342
1342 68
1343 1344
1343 1377
1344 1404
1345 685
1345 1346
1346 52
1347 1138
1347 1348
1348 561
1349 1258
1349 1350
1350 1250
1351 1352
1351 1407
1352 1110
1353 6
1353 1354
1354 474
1355 428
1355 1356
1356 830
1357 1005
1357 1358
1358 316
1359 516
1359 1360
1360 9
1361 1259
1361 1362
1362 945
1363 357
1363 1364
1364 464
1365 614
1365 1366
1366 1170
1367 1069
1367 1368
1368 1104
1369 826
1369 1370
1370 1237
1371 1272
1371 1372
1372 752
1373 105
1373 1374
1374 552
1375 713
1375 1376
1376 971
1377 404
1377 1378
1378 862
1379 297
1379 1380
1380 1015
1381 457
1381 1382
1382 84
1383 865
1383 1384
1384 1029
1385 728
1385 1386
1386 27
1387 1143
1387 1388
1388 872
1389 757
1389 1390
1390 1324
1391 171
1391 1392
1392 225
1393 111
1393 1394
1394 340
1395 1054
1395 1396
1396 1294
1397 881
1397 1398
1398 219
1399 1057
1399 1400
1400 778
1401 429
1401 1402
1402 1102
1403 103
1403 1404
1404 653
1405 610
1405 1406
1406 536
1407 735
1407 1408
1408 94
1409 79
1409 1410
1410 212
1411 1257
1411 1412
1412 882
1413 837
1413 1414
1414 578
