0 1065
0 1355
3 776
3 1206
4 842
4 1316
6 609
5 1377
7 225
7 877
8 509
8 813
9 333
10 1193
11 26
11 314
13 438
13 867
15 33
15 857
17 340
17 458
19 171
19 608
21 388
21 1056
23 24
23 673
24 1045
25 26
25 173
26 409
27 28
27 541
28 1356
29 30
29 521
30 178
31 32
31 1186
32 885
33 34
33 501
34 320
35 36
35 147
36 137
37 38
37 209
38 499
39 40
39 151
40 267
41 42
41 619
42 553
43 44
43 979
44 57
45 46
45 549
46 230
47 48
47 579
48 268
49 50
49 940
50 692
51 52
51 913
52 1396
53 11
53 54
54 1012
55 56
55 1053
56 412
57 58
57 739
58 148
59 60
59 754
60 348
61 62
61 1253
62 562
63 64
63 473
64 968
65 66
65 1039
66 386
67 68
67 1349
68 1182
69 70
69 146
70 1262
71 72
71 1137
72 670
73 74
73 1264
74 986
75 76
75 999
76 1090
77 78
77 558
78 713
79 80
79 1227
80 709
81 82
81 1293
82 634
83 84
83 383
84 721
85 86
85 675
86 689
87 88
87 629
88 622
89 90
89 628
90 1330
91 25
91 92
92 683
93 94
93 339
94 1402
95 96
95 1285
96 287
97 98
97 507
98 1364
99 100
99 587
100 743
101 102
101 259
102 1354
103 104
103 677
104 764
105 106
105 331
106 811
107 49
107 108
108 1078
109 110
109 623
110 130
111 112
111 150
112 1133
113 114
113 196
114 912
115 116
115 687
116 47
117 63
117 118
118 1214
119 120
119 185
120 664
121 122
121 375
122 747
123 124
123 294
124 1006
125 126
125 645
126 372
127 128
127 235
128 989
129 130
129 1046
130 379
131 132
131 694
132 1260
133 134
133 529
134 1192
135 136
135 1073
136 1092
137 138
137 682
138 1183
139 140
139 359
140 752
141 142
141 1225
142 735
143 89
143 144
144 430
145 146
145 954
146 207
147 43
147 148
148 627
149 150
149 1025
150 872
151 152
151 301
152 733
153 154
153 1058
154 564
155 156
155 1057
156 602
157 158
157 1035
158 371
159 160
159 791
160 115
161 113
161 162
162 567
163 164
163 784
164 1404
165 166
165 1198
166 965
167 168
167 561
168 1399
169 170
169 573
170 191
171 101
171 172
172 50
173 174
173 650
174 432
175 176
175 415
176 962
177 178
177 1254
178 77
179 180
179 408
180 578
181 182
181 1295
182 390
183 184
183 585
184 681
185 186
185 307
186 967
187 188
187 321
188 325
189 190
189 617
190 951
191 192
191 444
192 583
193 194
193 930
194 1055
195 196
195 1181
196 879
197 198
197 1249
198 338
199 200
199 435
200 996
201 202
201 324
202 1062
203 204
203 570
204 909
205 206
205 805
206 908
207 208
207 815
208 1271
209 210
209 921
210 483
211 212
211 942
212 94
213 214
213 911
214 296
215 216
215 950
216 592
217 218
217 394
218 6
219 220
219 621
220 635
221 222
221 291
222 760
223 224
223 674
224 165
225 149
225 226
226 538
227 228
227 1345
228 202
229 230
229 695
230 19
231 232
231 1236
232 60
233 145
233 234
234 1339
235 236
235 1003
236 1246
237 46
237 238
238 520
239 67
239 240
240 1307
241 210
241 242
242 1357
243 244
243 1149
244 369
245 246
245 1273
246 540
247 248
247 455
248 1320
249 250
249 599
250 810
251 75
251 252
252 586
253 254
253 557
254 318
255 256
255 707
256 7
257 258
257 493
258 1286
259 260
259 1024
260 984
261 262
261 527
262 1160
263 264
263 595
264 1343
265 266
265 1178
266 357
267 268
267 1153
268 504
269 119
269 270
270 27
271 272
271 891
272 1394
273 220
273 274
274 1041
275 276
275 440
276 854
277 107
277 278
278 140
279 112
279 280
280 697
281 282
281 389
282 1359
283 32
283 284
284 377
285 286
285 1337
286 1138
287 288
287 806
288 244
289 290
289 1072
290 971
291 292
291 1165
292 144
293 294
293 973
294 1308
295 296
295 669
296 1384
297 139
297 298
298 680
299 300
299 366
300 604
301 302
301 1261
302 422
303 304
303 863
304 1128
305 217
305 306
306 482
307 263
307 308
308 1392
309 155
309 310
310 679
311 312
311 1108
312 684
313 314
313 987
314 1351
315 316
315 642
316 1122
317 318
317 883
318 461
319 320
319 514
320 1378
321 322
321 755
322 787
323 324
323 1389
324 129
325 326
325 849
326 1071
327 161
327 328
328 362
329 330
329 699
330 779
331 332
331 589
332 749
333 334
333 475
334 896
335 336
335 405
336 54
337 338
337 1306
338 1000
339 340
339 593
340 724
341 342
341 367
342 1318
343 280
343 344
344 550
345 195
345 346
346 1019
347 348
347 981
348 398
349 326
349 350
350 1188
351 352
351 1228
352 704
353 354
353 1089
354 1210
355 356
355 943
356 188
357 354
357 358
358 907
359 360
359 847
360 76
361 362
361 825
362 750
363 364
363 723
364 780
365 366
365 639
366 904
367 243
367 368
368 373
369 343
369 370
370 1144
371 372
371 1329
372 436
373 238
373 374
374 994
375 376
375 581
376 638
377 378
377 1338
378 474
379 380
379 612
380 1400
381 382
381 1381
382 1060
383 53
383 384
384 342
385 386
385 852
386 1282
387 388
387 808
388 508
389 390
389 1007
390 62
391 13
391 392
392 542
393 394
393 939
394 424
395 241
395 396
396 16
397 398
397 1371
398 486
399 400
399 698
400 1268
401 402
401 1094
402 1350
403 404
403 1247
404 476
405 381
405 406
406 892
407 408
407 537
408 345
409 410
409 935
410 300
411 412
411 626
412 804
413 8
413 414
414 360
415 416
415 1005
416 938
417 303
417 418
418 748
419 229
419 420
420 1175
421 170
421 422
422 406
423 424
423 588
424 768
425 426
425 875
426 1077
427 380
427 428
428 643
429 430
429 705
430 17
431 269
431 432
432 138
433 434
433 1121
434 264
435 393
435 436
436 328
437 190
437 438
438 685
439 440
439 1331
440 117
441 289
441 442
442 261
443 444
443 978
444 1297
445 446
445 983
446 332
447 448
447 545
448 477
449 450
449 814
450 212
451 265
451 452
452 1008
453 305
453 454
454 574
455 456
455 649
456 56
457 458
457 1215
458 5
459 460
459 502
460 488
461 242
461 462
462 1372
463 121
463 464
464 710
465 44
465 466
466 887
467 31
467 468
468 895
469 470
469 543
470 176
471 472
471 605
472 524
473 474
473 1091
474 1026
475 347
475 476
476 72
477 40
477 478
478 441
479 392
479 480
480 1332
481 446
481 482
482 1294
483 484
483 839
484 256
485 486
485 798
486 1059
487 365
487 488
488 51
489 323
489 490
490 1082
491 492
491 512
492 730
493 484
493 494
494 1127
495 496
495 900
496 1238
497 498
497 1251
498 728
499 500
499 980
500 12
501 502
501 1387
502 1087
503 504
503 1277
504 1414
505 506
505 855
506 575
507 508
507 771
508 86
509 277
509 510
510 420
511 512
511 711
512 702
513 514
513 1067
514 1313
515 516
515 785
516 83
517 518
517 767
518 378
519 104
519 520
520 1244
521 522
521 1109
522 427
523 175
523 524
524 1130
525 526
525 1131
526 1187
527 528
527 717
528 1031
529 530
529 1038
530 1021
531 489
531 532
532 738
533 534
533 613
534 1303
535 227
535 536
536 773
537 538
537 737
538 757
539 540
539 569
540 1276
541 542
541 945
542 722
543 513
543 544
544 603
545 546
545 1043
546 496
547 214
547 548
548 571
549 469
549 550
550 1194
551 552
551 1018
552 1015
553 554
553 719
554 1322
555 131
555 556
556 1084
557 558
557 601
558 864
559 560
559 1348
560 2
561 133
561 562
562 928
563 564
563 1327
564 1216
565 566
565 936
566 5
567 568
567 1374
568 1309
569 570
569 977
570 919
571 572
571 781
572 590
573 574
573 703
574 286
575 576
575 1405
576 344
577 578
577 963
578 462
579 313
579 580
580 793
581 341
581 582
582 1017
583 519
583 584
584 652
585 179
585 586
586 1248
587 588
587 1177
588 327
589 87
589 590
590 352
591 592
591 934
592 404
593 594
593 1319
594 960
595 596
595 801
596 606
597 598
597 1413
598 223
599 600
599 1352
600 716
601 602
601 1093
602 865
603 604
603 671
604 118
605 606
605 858
606 1180
607 299
607 608
608 1279
609 610
609 1304
610 222
611 199
611 612
612 616
613 614
613 1385
614 142
615 91
615 616
616 525
617 221
617 618
618 1314
619 607
619 620
620 1298
621 622
621 869
622 1269
623 624
623 1189
624 1066
625 376
625 626
626 1022
627 628
627 1054
628 1366
629 55
629 630
630 1288
631 632
631 931
632 866
633 194
633 634
634 58
635 636
635 1301
636 878
637 311
637 638
638 335
639 640
639 1237
640 850
641 447
641 642
642 725
643 644
643 1111
644 1166
645 646
645 1117
646 330
647 648
647 898
648 632
649 641
649 650
650 547
651 652
651 1179
652 232
653 293
653 654
654 203
655 656
655 740
656 835
657 658
657 1135
658 1110
659 239
659 660
660 925
661 662
661 1195
662 701
663 664
663 1158
664 834
665 120
665 666
666 1408
667 668
667 1289
668 630
669 539
669 670
670 64
671 80
671 672
672 915
673 674
673 1119
674 59
675 255
675 676
676 708
677 41
677 678
678 800
679 517
679 680
680 1162
681 682
681 1095
682 481
683 262
683 684
684 610
685 686
685 1124
686 98
687 99
687 688
688 1346
689 364
689 690
690 164
691 355
691 692
692 870
693 285
693 694
694 662
695 696
695 1325
696 1398
697 686
697 698
698 560
699 700
699 1283
700 624
701 702
701 871
702 600
703 103
703 704
704 439
705 505
705 706
706 485
707 35
707 708
708 582
709 710
709 1156
710 136
711 100
711 712
712 312
713 410
713 714
714 759
715 716
715 753
716 14
717 472
717 718
718 278
719 720
719 1013
720 1069
721 334
721 722
722 796
723 614
723 724
724 668
725 556
725 726
726 414
727 416
727 728
728 92
729 730
729 1267
730 1300
731 732
731 1275
732 111
733 124
733 734
734 886
735 23
735 736
736 1257
737 738
737 1155
738 789
739 193
739 740
740 932
741 497
741 742
742 1280
743 744
743 1203
744 30
745 746
745 1123
746 308
747 257
747 748
748 1172
749 750
749 795
750 518
751 752
751 817
752 110
753 448
753 754
754 1068
755 756
755 1311
756 729
757 167
757 758
758 471
759 760
759 988
760 374
761 762
761 1102
762 500
763 764
763 1412
764 1088
765 766
765 827
766 992
767 329
767 768
768 964
769 770
769 1070
770 1112
771 772
771 1171
772 690
773 774
773 1231
774 1270
775 535
775 776
776 237
777 778
777 1302
778 90
779 3
779 780
780 1143
781 782
781 833
782 1373
783 784
783 830
784 1204
785 660
785 786
786 154
787 788
787 985
788 744
789 790
789 1152
790 552
791 15
791 792
792 1141
793 279
793 794
794 568
795 736
795 796
796 1174
797 798
797 1274
798 28
799 745
799 800
800 714
801 802
801 941
802 596
803 181
803 804
804 478
805 109
805 806
806 1370
807 799
807 808
808 351
809 479
809 810
810 428
811 812
811 1105
812 162
813 814
813 1229
814 401
815 816
815 1230
816 1358
817 71
817 818
818 1004
819 820
819 1367
820 1170
821 765
821 822
822 6
823 824
823 1209
824 1235
825 775
825 826
826 68
827 828
827 1063
828 640
829 95
829 830
830 1159
831 832
831 1213
832 411
833 127
833 834
834 763
835 836
835 1259
836 216
837 463
837 838
838 772
839 840
839 1049
840 1132
841 266
841 842
842 758
843 157
843 844
844 205
845 846
845 947
846 926
847 848
847 949
848 346
849 219
849 850
850 182
851 783
851 852
852 700
853 270
853 854
854 906
855 515
855 856
856 555
857 61
857 858
858 106
859 741
859 860
860 720
861 231
861 862
862 426
863 864
863 1365
864 290
865 153
865 866
866 591
867 868
867 1052
868 402
869 870
869 1168
870 618
871 39
871 872
872 1342
873 874
873 993
874 126
875 189
875 876
876 1263
877 9
877 878
878 1051
879 116
879 880
880 1299
881 882
881 1361
882 88
883 884
883 1099
884 1388
885 851
885 886
886 1202
887 888
887 1219
888 288
889 890
889 899
890 465
891 309
891 892
892 998
893 597
893 894
894 511
895 896
895 1101
896 982
897 370
897 898
898 134
899 900
899 1103
900 637
901 260
901 902
902 250
903 904
903 1081
904 648
905 906
905 1328
906 972
907 384
907 908
908 956
909 910
909 1233
910 594
911 912
911 961
912 770
913 914
913 1197
914 385
915 322
915 916
916 74
917 894
917 918
918 1028
919 920
919 1362
920 228
921 295
921 922
922 1201
923 79
923 924
924 254
925 204
925 926
926 168
927 903
927 928
928 848
929 226
929 930
930 272
931 413
931 932
932 1403
933 282
933 934
934 1376
935 544
935 936
936 143
937 233
937 938
938 868
939 940
939 1009
940 1036
941 577
941 942
942 1258
943 944
943 1383
944 1083
945 946
945 1226
946 580
947 433
947 948
948 862
949 510
949 950
950 1221
951 337
951 952
952 546
953 731
953 954
954 1173
955 304
955 956
956 1010
957 958
957 1380
958 927
959 905
959 960
960 1118
961 962
961 1321
962 454
963 837
963 964
964 21
965 114
965 966
966 492
967 923
967 968
968 336
969 970
969 995
970 1324
971 802
971 972
972 1076
973 974
973 1341
974 661
975 860
975 976
976 672
977 829
977 978
978 659
979 353
979 980
980 1287
981 208
981 982
982 797
983 122
983 984
984 201
985 986
985 1191
986 1125
987 93
987 988
988 990
989 421
989 990
990 396
991 363
991 992
992 198
993 994
993 1030
994 34
995 996
995 1232
996 166
997 844
997 998
998 400
999 824
999 1000
1000 1212
1001 1002
1001 1161
1002 769
1003 762
1003 1004
1004 498
1005 451
1005 1006
1006 812
1007 881
1007 1008
1008 1020
1009 245
1009 1010
1010 1116
1011 1012
1011 1129
1012 1016
1013 186
1013 1014
1014 1340
1015 1016
1015 1255
1016 1310
1017 177
1017 1018
1018 1234
1019 275
1019 1020
1020 1278
1021 456
1021 1022
1022 816
1023 615
1023 1024
1024 1252
1025 281
1025 1026
1026 774
1027 361
1027 1028
1028 948
1029 991
1029 1030
1030 554
1031 132
1031 1032
1032 666
1033 625
1033 1034
1034 678
1035 1036
1035 1393
1036 1169
1037 1038
1037 1085
1038 45
1039 859
1039 1040
1040 48
1041 192
1041 1042
1042 794
1043 429
1043 1044
1044 1106
1045 84
1045 1046
1046 96
1047 1048
1047 1395
1048 423
1049 1037
1049 1050
1050 726
1051 480
1051 1052
1052 826
1053 1054
1053 1336
1054 901
1055 572
1055 1056
1056 688
1057 419
1057 1058
1058 163
1059 22
1059 1060
1060 200
1061 633
1061 1062
1062 249
1063 128
1063 1064
1064 1256
1065 1
1065 1066
1066 1207
1067 253
1067 1068
1068 1100
1069 1029
1069 1070
1070 1382
1071 4
1071 1072
1072 236
1073 944
1073 1074
1074 559
1075 530
1075 1076
1076 1140
1077 1078
1077 1142
1078 292
1079 1080
1079 1305
1080 316
1081 1082
1081 1151
1082 1224
1083 425
1083 1084
1084 460
1085 823
1085 1086
1086 1011
1087 123
1087 1088
1088 491
1089 533
1089 1090
1090 712
1091 403
1091 1092
1092 598
1093 933
1093 1094
1094 495
1095 1096
1095 1243
1096 10
1097 1098
1097 1164
1098 1044
1099 29
1099 1100
1100 494
1101 821
1101 1102
1102 1176
1103 1104
1103 1379
1104 1134
1105 873
1105 1106
1106 1360
1107 807
1107 1108
1108 1048
1109 1079
1109 1110
1110 470
1111 1112
1111 1406
1112 1126
1113 271
1113 1114
1114 734
1115 565
1115 1116
1116 1272
1117 957
1117 1118
1118 1323
1119 653
1119 1120
1120 174
1121 258
1121 1122
1122 215
1123 1086
1123 1124
1124 453
1125 1126
1125 1290
1126 727
1127 809
1127 1128
1128 551
1129 81
1129 1130
1130 620
1131 1120
1131 1132
1132 778
1133 1134
1133 1375
1134 916
1135 997
1135 1136
1136 790
1137 1138
1137 1315
1138 206
1139 1140
1139 1312
1140 658
1141 1142
1141 1190
1142 349
1143 924
1143 1144
1144 1411
1145 953
1145 1146
1146 399
1147 1148
1147 1317
1148 452
1149 1150
1149 1185
1150 1409
1151 466
1151 1152
1152 1347
1153 82
1153 1154
1154 36
1155 1156
1155 1363
1156 523
1157 766
1157 1158
1158 976
1159 297
1159 1160
1160 1208
1161 853
1161 1162
1162 788
1163 1164
1163 1281
1164 676
1165 184
1165 1166
1166 696
1167 746
1167 1168
1168 715
1169 42
1169 1170
1170 70
1171 1172
1171 1335
1172 836
1173 1174
1173 1265
1174 450
1175 1150
1175 1176
1176 1157
1177 417
1177 1178
1178 548
1179 876
1179 1180
1180 656
1181 1182
1181 1391
1182 952
1183 315
1183 1184
1184 1136
1185 105
1185 1186
1186 1217
1187 584
1187 1188
1188 838
1189 437
1189 1190
1190 646
1191 1192
1191 1326
1192 1200
1193 1023
1193 1194
1194 818
1195 929
1195 1196
1196 566
1197 1148
1197 1198
1198 970
1199 1061
1199 1200
1200 882
1201 856
1201 1202
1202 1410
1203 1047
1203 1204
1204 792
1205 831
1205 1206
1206 1245
1207 158
1207 1208
1208 368
1209 1107
1209 1210
1210 958
1211 102
1211 1212
1212 1074
1213 487
1213 1214
1214 1239
1215 655
1215 1216
1216 1032
1217 251
1217 1218
1218 840
1219 387
1219 1220
1220 1344
1221 152
1221 1222
1222 302
1223 959
1223 1224
1224 224
1225 37
1225 1226
1226 9
1227 247
1227 1228
1228 319
1229 843
1229 1230
1230 283
1231 1014
1231 1232
1232 1401
1233 657
1233 1234
1234 211
1235 845
1235 1236
1236 975
1237 10
1237 1238
1238 274
1239 350
1239 1240
1240 1250
1241 532
1241 1242
1242 246
1243 169
1243 1244
1244 1042
1245 397
1245 1246
1246 782
1247 897
1247 1248
1248 822
1249 693
1249 1250
1250 1098
1251 937
1251 1252
1252 1292
1253 611
1253 1254
1254 922
1255 78
1255 1256
1256 644
1257 459
1257 1258
1258 1397
1259 52
1259 1260
1260 1114
1261 1262
1261 1353
1262 576
1263 890
1263 1264
1264 1291
1265 234
1265 1266
1266 751
1267 69
1267 1268
1268 1240
1269 902
1269 1270
1270 1146
1271 803
1271 1272
1272 786
1273 691
1273 1274
1274 240
1275 431
1275 1276
1276 528
1277 506
1277 1278
1278 880
1279 1050
1279 1280
1280 647
1281 1205
1281 1282
1282 966
1283 861
1283 1284
1284 358
1285 159
1285 1286
1286 125
1287 464
1287 1288
1288 18
1289 531
1289 1290
1290 1184
1291 156
1291 1292
1292 356
1293 197
1293 1294
1294 276
1295 974
1295 1296
1296 946
1297 841
1297 1298
1298 761
1299 534
1299 1300
1300 874
1301 1002
1301 1302
1302 1115
1303 38
1303 1304
1304 1064
1305 631
1305 1306
1306 917
1307 1199
1307 1308
1308 920
1309 252
1309 1310
1310 1222
1311 443
1311 1312
1312 1296
1313 391
1313 1314
1314 1218
1315 442
1315 1316
1316 1211
1317 407
1317 1318
1318 1333
1319 651
1319 1320
1320 172
1321 889
1321 1322
1322 24
1323 732
1323 1324
1324 1104
1325 97
1325 1326
1326 884
1327 1113
1327 1328
1328 187
1329 820
1329 1330
1330 382
1331 910
1331 1332
1332 742
1333 273
1333 1334
1334 1040
1335 141
1335 1336
1336 135
1337 160
1337 1338
1338 66
1339 1027
1339 1340
1340 1096
1341 654
1341 1342
1342 1241
1343 756
1343 1344
1344 457
1345 1223
1345 1346
1346 969
1347 298
1347 1348
1348 1154
1349 434
1349 1350
1350 218
1351 1352
1351 1369
1352 706
1353 1033
1353 1354
1354 663
1355 85
1355 1356
1356 1284
1357 1358
1357 1368
1358 526
1359 449
1359 1360
1360 180
1361 467
1361 1362
1362 1001
1363 1145
1363 1364
1364 1266
1365 445
1365 1366
1366 1242
1367 1097
1367 1368
1368 1407
1369 846
1369 1370
1370 1220
1371 819
1371 1372
1372 20
1373 888
1373 1374
1374 522
1375 832
1375 1376
1376 955
1377 914
1377 1378
1378 418
1379 1147
1379 1380
1380 667
1381 516
1381 1382
1382 1386
1383 395
1383 1384
1384 73
1385 893
1385 1386
1386 828
1387 213
1387 1388
1388 1080
1389 317
1389 1390
1390 310
1391 1390
1391 1392
1392 1163
1393 65
1393 1394
1394 536
1395 1167
1395 1396
1396 636
1397 1034
1397 1398
1398 306
1399 503
1399 1400
1400 1196
1401 1139
1401 1402
1402 777
1403 1075
1403 1404
1404 248
1405 468
1405 1406
1406 665
1407 918
1407 1408
1408 284
1409 183
1409 1410
1410 1334
1411 718
1411 1412
1412 108
1413 563
1413 1414
1414 490
