0 301
0 873
3 123
3 342
4 647
4 932
6 808
5 570
7 477
7 883
8 433
8 1131
10 556
9 1045
11 1215
11 1305
13 880
13 948
15 744
15 918
17 101
17 463
19 159
19 1093
21 1061
21 1102
23 24
23 1231
24 186
25 26
25 819
26 941
27 28
27 339
28 1398
29 30
29 417
30 543
31 32
31 553
32 196
33 34
33 291
34 598
35 36
35 1113
36 936
37 38
37 525
38 962
39 40
39 47
40 310
41 42
41 876
42 103
43 44
43 66
44 352
45 46
45 682
46 922
47 48
47 633
48 429
49 50
49 141
50 102
51 52
51 1371
52 901
53 54
53 1321
54 15
55 56
55 872
56 128
57 58
57 1251
58 173
59 60
59 284
60 1161
61 62
61 270
62 1222
63 64
63 956
64 1017
65 66
65 541
66 514
67 68
67 749
68 1386
69 31
69 70
70 68
71 72
71 1329
72 155
73 74
73 693
74 1234
75 76
75 711
76 198
77 78
77 892
78 646
79 80
79 613
80 82
81 82
81 428
82 1006
83 84
83 236
84 886
85 86
85 1383
86 203
87 88
87 1331
88 106
89 90
89 703
90 38
91 92
91 567
92 723
93 94
93 1055
94 224
95 96
95 1138
96 126
97 98
97 371
98 940
99 100
99 739
100 1262
101 102
101 965
102 869
103 104
103 1062
104 648
105 106
105 1184
106 16
107 108
107 1257
108 242
109 110
109 1001
110 1000
111 112
111 504
112 479
113 61
113 114
114 820
115 116
115 1270
116 388
117 118
117 1037
118 920
119 120
119 1141
120 79
121 122
121 281
122 367
123 124
123 546
124 316
125 126
125 450
126 150
127 128
127 475
128 324
129 130
129 412
130 559
131 132
131 824
132 1236
133 134
133 385
134 1376
135 136
135 1212
136 609
137 138
137 1108
138 796
139 140
139 1025
140 600
141 25
141 142
142 1323
143 144
143 689
144 1244
145 146
145 346
146 772
147 148
147 1035
148 57
149 150
149 667
150 614
151 125
151 152
152 518
153 154
153 1077
154 1100
155 156
155 755
156 644
157 158
157 201
158 520
159 160
159 222
160 1048
161 162
161 656
162 1182
163 164
163 219
164 1312
165 166
165 863
166 158
167 168
167 701
168 214
169 170
169 905
170 309
171 172
171 409
172 18
173 174
173 1379
174 1069
175 176
175 286
176 1346
177 178
177 709
178 802
179 180
179 233
180 867
181 182
181 1040
182 1
183 184
183 1201
184 912
185 186
185 215
186 399
187 188
187 1196
188 540
189 190
189 855
190 1272
191 192
191 555
192 32
193 194
193 668
194 394
195 196
195 653
196 761
197 198
197 499
198 1319
199 200
199 740
200 1266
201 202
201 987
202 44
203 204
203 788
204 1282
205 88
205 206
206 718
207 208
207 1210
208 996
209 210
209 976
210 317
211 212
211 1269
212 969
213 214
213 232
214 1339
215 216
215 1135
216 140
217 218
217 370
218 1103
219 114
219 220
220 1224
221 30
221 222
222 1278
223 224
223 589
224 12
225 139
225 226
226 528
227 228
227 359
228 311
229 230
229 1177
230 875
231 115
231 232
232 637
233 234
233 1121
234 1166
235 236
235 1315
236 568
237 238
237 395
238 313
239 240
239 273
240 497
241 242
241 622
242 303
243 244
243 735
244 327
245 109
245 246
246 1348
247 9
247 248
248 1096
249 250
249 1144
250 294
251 252
251 1044
252 800
253 254
253 1133
254 67
255 256
255 908
256 243
257 258
257 763
258 700
259 23
259 260
260 1183
261 29
261 262
262 45
263 264
263 1198
264 1405
265 266
265 1172
266 1106
267 211
267 268
268 791
269 257
269 270
270 1123
271 221
271 272
272 26
273 274
273 1387
274 1112
275 48
275 276
276 235
277 278
277 509
278 662
279 280
279 565
280 951
281 282
281 1375
282 20
283 284
283 345
284 1021
285 142
285 286
286 462
287 288
287 1292
288 1332
289 290
289 551
290 459
291 292
291 659
292 967
293 294
293 1206
294 494
295 296
295 817
296 652
297 298
297 822
298 1281
299 300
299 1007
300 517
301 302
301 1389
302 1189
303 104
303 304
304 552
305 306
305 1229
306 759
307 308
307 929
308 27
309 310
309 1137
310 1076
311 312
311 1290
312 1258
313 314
313 458
314 1352
315 316
315 713
316 618
317 318
317 938
318 374
319 320
319 1139
320 112
321 322
321 1245
322 694
323 324
323 913
324 1390
325 297
325 326
326 533
327 328
327 1153
328 898
329 330
329 1194
330 287
331 332
331 915
332 1399
333 334
333 1204
334 312
335 336
335 435
336 194
337 111
337 338
338 1188
339 262
339 340
340 1380
341 342
341 1041
342 348
343 344
343 461
344 632
345 346
345 891
346 343
347 178
347 348
348 928
349 350
349 544
350 660
351 352
351 937
352 36
353 354
353 1233
354 300
355 356
355 1003
356 1302
357 358
357 1171
358 849
359 360
359 983
360 1214
361 149
361 362
362 630
363 364
363 1393
364 522
365 366
365 1303
366 1384
367 368
367 1289
368 1002
369 370
369 649
370 715
371 372
371 1057
372 396
373 374
373 751
374 220
375 376
375 1022
376 263
377 357
377 378
378 714
379 380
379 1248
380 1368
381 110
381 382
382 1168
383 264
383 384
384 1274
385 386
385 1097
386 1318
387 98
387 388
388 1382
389 390
389 1185
390 1367
391 337
391 392
392 1391
393 394
393 1338
394 688
395 197
395 396
396 728
397 398
397 1191
398 923
399 107
399 400
400 636
401 402
401 702
402 188
403 404
403 1381
404 83
405 406
405 829
406 1310
407 408
407 685
408 978
409 410
409 1181
410 391
411 412
411 451
412 833
413 414
413 1169
414 1060
415 416
415 710
416 1107
417 418
417 722
418 245
419 11
419 420
420 1024
421 90
421 422
422 124
423 424
423 1333
424 344
425 426
425 1159
426 814
427 428
427 734
428 97
429 430
429 785
430 401
431 432
431 750
432 602
433 407
433 434
434 116
435 436
435 1363
436 1012
437 438
437 866
438 460
439 392
439 440
440 601
441 442
441 695
442 1259
443 444
443 1129
444 256
445 446
445 1287
446 610
447 315
447 448
448 480
449 450
449 563
450 666
451 452
451 707
452 870
453 274
453 454
454 174
455 456
455 1147
456 1342
457 458
457 1152
458 970
459 372
459 460
460 1340
461 462
461 1109
462 181
463 39
463 464
464 527
465 466
465 902
466 998
467 468
467 1300
468 608
469 470
469 621
470 184
471 472
471 1308
472 545
473 474
473 519
474 1126
475 193
475 476
476 94
477 469
477 478
478 134
479 480
479 1344
480 400
481 255
481 482
482 318
483 484
483 1230
484 1018
485 486
485 687
486 64
487 488
487 874
488 586
489 490
489 1086
490 448
491 492
491 1218
492 452
493 494
493 991
494 620
495 147
495 496
496 320
497 265
497 498
498 642
499 500
499 955
500 789
501 502
501 757
502 562
503 443
503 504
504 73
505 506
505 1213
506 974
507 508
507 733
508 809
509 95
509 510
510 584
511 512
511 576
512 304
513 514
513 835
514 1064
515 516
515 1050
516 1030
517 518
517 1008
518 946
519 520
519 1015
520 853
521 349
521 522
522 314
523 365
523 524
524 354
525 526
525 779
526 1031
527 528
527 634
528 333
529 530
529 1046
530 536
531 532
531 1279
532 1042
533 534
533 596
534 549
535 536
535 792
536 676
537 538
537 1365
538 208
539 50
539 540
540 378
541 145
541 542
542 382
543 544
543 1079
544 1304
545 546
545 979
546 885
547 548
547 1209
548 916
549 454
549 550
550 366
551 321
551 552
552 1264
553 457
553 554
554 949
555 556
555 720
556 910
557 558
557 1311
558 1053
559 60
559 560
560 924
561 562
561 1036
562 484
563 564
563 626
564 1396
565 161
565 566
566 930
567 237
567 568
568 844
569 191
569 570
570 406
571 468
571 572
572 6
573 574
573 1286
574 182
575 576
575 1101
576 238
577 323
577 578
578 1275
579 157
579 580
580 489
581 582
581 677
582 911
583 584
583 1249
584 547
585 586
585 953
586 474
587 588
587 727
588 670
589 590
589 995
590 1116
591 146
591 592
592 360
593 594
593 665
594 554
595 596
595 897
596 1122
597 37
597 598
598 436
599 600
599 1377
600 96
601 602
601 868
602 1237
603 604
603 732
604 1090
605 387
605 606
606 340
607 608
607 909
608 1260
609 610
609 1362
610 332
611 306
611 612
612 498
613 502
613 614
614 466
615 616
615 1407
616 605
617 618
617 1065
618 490
619 620
619 1197
620 859
621 71
621 622
622 1276
623 624
623 1409
624 1402
625 626
625 1149
626 1273
627 628
627 842
628 415
629 630
629 840
630 571
631 632
631 942
632 790
633 634
633 1027
634 444
635 636
635 1043
636 1074
637 638
637 771
638 579
639 640
639 690
640 381
641 467
641 642
642 1314
643 539
643 644
644 92
645 432
645 646
646 1068
647 218
647 648
648 1155
649 195
649 650
650 582
651 577
651 652
652 414
653 217
653 654
654 205
655 656
655 851
656 1063
657 658
657 1195
658 1119
659 425
659 660
660 664
661 353
661 662
662 434
663 664
663 1134
664 1072
665 666
665 837
666 845
667 496
667 668
668 55
669 670
669 1413
670 410
671 672
671 961
672 162
673 655
673 674
674 1070
675 676
675 1174
676 574
677 678
677 1226
678 176
679 680
679 1261
680 1216
681 682
681 887
682 290
683 402
683 684
684 537
685 405
685 686
686 595
687 688
687 825
688 439
689 267
689 690
690 105
691 35
691 692
692 17
693 585
693 694
694 612
695 657
695 696
696 1124
697 698
697 1117
698 776
699 421
699 700
700 438
701 427
701 702
702 1095
703 449
703 704
704 1128
705 593
705 706
706 362
707 708
707 1267
708 674
709 710
709 939
710 534
711 712
711 1254
712 1301
713 590
713 714
714 240
715 716
715 1066
716 896
717 326
717 718
718 1353
719 720
719 1115
720 906
721 561
721 722
722 22
723 724
723 917
724 960
725 726
725 770
726 1028
727 728
727 857
728 99
729 575
729 730
730 708
731 81
731 732
732 783
733 734
733 1039
734 72
735 501
735 736
736 858
737 403
737 738
738 277
739 74
739 740
740 1049
741 742
741 926
742 230
743 329
743 744
744 368
745 746
745 1165
746 760
747 748
747 1004
748 1252
749 492
749 750
750 765
751 465
751 752
752 1335
753 9
753 754
754 1316
755 358
755 756
756 422
757 231
757 758
758 1240
759 760
759 1056
760 80
761 762
761 1298
762 266
763 225
763 764
764 341
765 376
765 766
766 43
767 24
767 768
768 160
769 503
769 770
770 1307
771 772
771 1083
772 578
773 597
773 774
774 721
775 769
775 776
776 895
777 127
777 778
778 966
779 780
779 1271
780 120
781 782
781 989
782 511
783 784
783 1225
784 986
785 786
785 803
786 903
787 678
787 788
788 308
789 58
789 790
790 741
791 725
791 792
792 786
793 259
793 794
794 780
795 773
795 796
796 758
797 781
797 798
798 14
799 213
799 800
800 70
801 508
801 802
802 199
803 69
803 804
804 1404
805 411
805 806
806 588
807 808
807 1242
808 190
809 76
809 810
810 350
811 812
811 1356
812 200
813 814
813 1105
814 1080
815 592
815 816
816 1392
817 177
817 818
818 5
819 820
819 1341
820 389
821 495
821 822
822 33
823 686
823 824
824 643
825 471
825 826
826 890
827 828
827 1136
828 658
829 289
829 830
830 1255
831 133
831 832
832 1140
833 673
833 834
834 706
835 799
835 836
836 684
837 418
837 838
838 513
839 840
839 893
840 151
841 361
841 842
842 272
843 223
843 844
844 935
845 846
845 1111
846 884
847 19
847 848
848 818
849 261
849 850
850 1235
851 65
851 852
852 971
853 854
853 1350
854 762
855 856
855 1087
856 1347
857 239
857 858
858 730
859 860
859 1094
860 746
861 862
861 927
862 10
863 53
863 864
864 1313
865 866
865 878
866 801
867 864
867 868
868 604
869 185
869 870
870 847
871 872
871 1023
872 229
873 821
873 874
874 507
875 663
875 876
876 548
877 271
877 878
878 1357
879 587
879 880
880 404
881 627
881 882
882 550
883 113
883 884
884 363
885 40
885 886
886 1330
887 485
887 888
888 379
889 59
889 890
890 640
891 764
891 892
892 832
893 894
893 1291
894 1005
895 896
895 1334
896 118
897 898
897 1326
898 152
899 91
899 900
900 745
901 639
901 902
902 10
903 904
903 1051
904 296
905 899
905 906
906 1268
907 908
907 1223
908 171
909 910
909 947
910 1146
911 154
911 912
912 1238
913 914
913 973
914 216
915 390
915 916
916 202
917 918
917 1034
918 1118
919 631
919 920
920 950
921 248
921 922
922 828
923 924
923 1280
924 34
925 793
925 926
926 535
927 75
927 928
928 384
929 805
929 930
930 1120
931 464
931 932
932 1284
933 697
933 934
934 1075
935 569
935 936
936 812
937 889
937 938
938 782
939 132
939 940
940 1372
941 797
941 942
942 1277
943 944
943 1241
944 1130
945 580
945 946
946 1297
947 481
947 948
948 170
949 784
949 950
950 1142
951 952
951 988
952 41
953 493
953 954
954 338
955 956
955 1179
956 1084
957 958
957 1395
958 542
959 473
959 960
960 1366
961 121
961 962
962 1099
963 635
963 964
964 1148
965 966
965 1345
966 56
967 968
967 1370
968 564
969 970
969 1378
970 442
971 972
971 1071
972 241
973 423
973 974
974 1162
975 441
975 976
976 130
977 736
977 978
978 1192
979 980
979 1009
980 1294
981 982
981 1011
982 1085
983 933
983 984
984 521
985 806
985 986
986 278
987 335
987 988
988 153
989 738
989 990
990 1158
991 413
991 992
992 164
993 260
993 994
994 491
995 669
995 996
996 505
997 506
997 998
998 724
999 827
999 1000
1000 1033
1001 767
1001 1002
1002 77
1003 719
1003 1004
1004 386
1005 1006
1005 1385
1006 1104
1007 679
1007 1008
1008 288
1009 375
1009 1010
1010 1327
1011 1012
1011 1293
1012 1163
1013 1014
1013 1157
1014 611
1015 877
1015 1016
1016 21
1017 862
1017 1018
1018 347
1019 607
1019 1020
1020 431
1021 1022
1021 1369
1022 881
1023 599
1023 1024
1024 247
1025 119
1025 1026
1026 1154
1027 1016
1027 1028
1028 531
1029 638
1029 1030
1030 816
1031 810
1031 1032
1032 834
1033 1034
1033 1351
1034 952
1035 1036
1035 1337
1036 775
1037 373
1037 1038
1038 675
1039 298
1039 1040
1040 500
1041 307
1041 1042
1042 1263
1043 1044
1043 1343
1044 351
1045 838
1045 1046
1046 254
1047 742
1047 1048
1048 754
1049 446
1049 1050
1050 398
1051 1052
1051 1358
1052 815
1053 882
1053 1054
1054 144
1055 523
1055 1056
1056 944
1057 753
1057 1058
1058 980
1059 175
1059 1060
1060 888
1061 172
1061 1062
1062 1156
1063 993
1063 1064
1064 856
1065 455
1065 1066
1066 3
1067 319
1067 1068
1068 1360
1069 228
1069 1070
1070 532
1071 1072
1071 1324
1072 1250
1073 86
1073 1074
1074 972
1075 1076
1075 1110
1076 1020
1077 1010
1077 1078
1078 1410
1079 1080
1079 1243
1080 447
1081 984
1081 1082
1082 848
1083 681
1083 1084
1084 512
1085 51
1085 1086
1086 336
1087 836
1087 1088
1088 1032
1089 623
1089 1090
1090 558
1091 258
1091 1092
1092 292
1093 990
1093 1094
1094 756
1095 279
1095 1096
1096 1403
1097 985
1097 1098
1098 63
1099 393
1099 1100
1100 54
1101 487
1101 1102
1102 167
1103 1104
1103 1228
1104 1256
1105 268
1105 1106
1106 768
1107 1108
1107 1200
1108 1397
1109 737
1109 1110
1110 295
1111 680
1111 1112
1112 1265
1113 1114
1113 1125
1114 377
1115 977
1115 1116
1116 964
1117 1118
1117 1193
1118 138
1119 1052
1119 1120
1120 572
1121 93
1121 1122
1122 1283
1123 1124
1123 1325
1124 426
1125 143
1125 1126
1126 1406
1127 1114
1127 1128
1128 628
1129 8
1129 1130
1130 1082
1131 251
1131 1132
1132 846
1133 1134
1133 1411
1134 192
1135 1136
1135 1203
1136 712
1137 1081
1137 1138
1138 999
1139 1026
1139 1140
1140 1400
1141 49
1141 1142
1142 408
1143 1144
1143 1355
1144 330
1145 603
1145 1146
1146 1089
1147 305
1147 1148
1148 1296
1149 1150
1149 1253
1150 529
1151 931
1151 1152
1152 705
1153 1154
1153 1322
1154 2
1155 650
1155 1156
1156 968
1157 437
1157 1158
1158 1143
1159 871
1159 1160
1160 1295
1161 1162
1161 1205
1162 282
1163 516
1163 1164
1164 476
1165 302
1165 1166
1166 921
1167 1067
1167 1168
1168 526
1169 1170
1169 1175
1170 1151
1171 774
1171 1172
1172 280
1173 997
1173 1174
1174 46
1175 841
1175 1176
1176 6
1177 89
1177 1178
1178 84
1179 661
1179 1180
1180 486
1181 671
1181 1182
1182 830
1183 1184
1183 1299
1184 994
1185 629
1185 1186
1186 1078
1187 331
1187 1188
1188 696
1189 163
1189 1190
1190 1091
1191 369
1191 1192
1192 456
1193 129
1193 1194
1194 1361
1195 283
1195 1196
1196 1127
1197 1059
1197 1198
1198 1232
1199 591
1199 1200
1200 1388
1201 557
1201 1202
1202 440
1203 831
1203 1204
1204 1309
1205 619
1205 1206
1206 1202
1207 752
1207 1208
1208 168
1209 957
1209 1210
1210 1207
1211 691
1211 1212
1212 1173
1213 1047
1213 1214
1214 1088
1215 183
1215 1216
1216 472
1217 1218
1217 1349
1218 209
1219 1220
1219 1414
1220 1306
1221 813
1221 1222
1222 959
1223 625
1223 1224
1224 293
1225 1226
1225 1317
1226 698
1227 1170
1227 1228
1228 1328
1229 900
1229 1230
1230 807
1231 982
1231 1232
1232 4
1233 275
1233 1234
1234 397
1235 122
1235 1236
1236 148
1237 250
1237 1238
1238 530
1239 156
1239 1240
1240 166
1241 843
1241 1242
1242 616
1243 1227
1243 1244
1244 1373
1245 672
1245 1246
1246 1187
1247 617
1247 1248
1248 794
1249 165
1249 1250
1250 1374
1251 52
1251 1252
1252 1092
1253 1221
1253 1254
1254 777
1255 253
1255 1256
1256 380
1257 276
1257 1258
1258 1364
1259 683
1259 1260
1260 334
1261 1145
1261 1262
1262 811
1263 207
1263 1264
1264 1178
1265 117
1265 1266
1266 1220
1267 583
1267 1268
1268 1098
1269 7
1269 1270
1270 419
1271 975
1271 1272
1272 854
1273 1274
1273 1401
1274 78
1275 85
1275 1276
1276 515
1277 424
1277 1278
1278 416
1279 169
1279 1280
1280 992
1281 726
1281 1282
1282 364
1283 919
1283 1284
1284 747
1285 187
1285 1286
1286 1150
1287 227
1287 1288
1288 1167
1289 420
1289 1290
1290 42
1291 907
1291 1292
1292 383
1293 925
1293 1294
1294 510
1295 615
1295 1296
1296 573
1297 246
1297 1298
1298 1014
1299 234
1299 1300
1300 136
1301 934
1301 1302
1302 958
1303 963
1303 1304
1304 1412
1305 850
1305 1306
1306 204
1307 1019
1307 1308
1308 1247
1309 453
1309 1310
1310 1239
1311 717
1311 1312
1312 5
1313 1199
1313 1314
1314 488
1315 894
1315 1316
1316 1408
1317 861
1317 1318
1318 852
1319 1132
1319 1320
1320 1180
1321 1160
1321 1322
1322 226
1323 1288
1323 1324
1324 594
1325 865
1325 1326
1326 839
1327 189
1327 1328
1328 641
1329 179
1329 1330
1330 798
1331 823
1331 1332
1332 1359
1333 180
1333 1334
1334 212
1335 1208
1335 1336
1336 322
1337 1211
1337 1338
1338 945
1339 581
1339 1340
1340 1336
1341 285
1341 1342
1342 328
1343 325
1343 1344
1344 62
1345 943
1345 1346
1346 1073
1347 716
1347 1348
1348 538
1349 1246
1349 1350
1350 1038
1351 699
1351 1352
1352 356
1353 1176
1353 1354
1354 566
1355 249
1355 1356
1356 28
1357 729
1357 1358
1358 1058
1359 1360
1359 1394
1360 914
1361 1013
1361 1362
1362 1190
1363 355
1363 1364
1364 560
1365 478
1365 1366
1366 1354
1367 651
1367 1368
1368 1164
1369 87
1369 1370
1370 206
1371 692
1371 1372
1372 1029
1373 1186
1373 1374
1374 778
1375 445
1375 1376
1376 137
1377 795
1377 1378
1378 804
1379 483
1379 1380
1380 748
1381 981
1381 1382
1382 904
1383 299
1383 1384
1384 1219
1385 430
1385 1386
1386 1054
1387 1285
1387 1388
1388 210
1389 269
1389 1390
1390 108
1391 482
1391 1392
1392 606
1393 244
1393 1394
1394 100
1395 704
1395 1396
1396 860
1397 624
1397 1398
1398 766
1399 524
1399 1400
1400 654
1401 743
1401 1402
1402 826
1403 13
1403 1404
1404 1320
1405 135
1405 1406
1406 645
1407 879
1407 1408
1408 470
1409 954
1409 1410
1410 787
1411 731
1411 1412
1412 1217
1413 131
1413 1414
1414 252
