0 712
0 1041
2 587
2 1001
3 863
3 1320
4 737
4 1297
5 653
6 767
8 563
8 1327
9 956
9 1236
10 405
10 1375
11 738
12 826
15 208
15 858
17 278
17 750
19 185
19 1047
21 40
21 298
23 24
23 1111
24 282
25 26
25 777
26 1068
27 28
27 630
28 958
29 30
29 272
30 1281
31 32
31 620
32 952
33 34
33 236
34 866
35 36
35 1384
36 670
37 38
37 321
38 1183
39 40
39 395
40 1060
41 42
41 1393
42 724
43 44
43 1300
44 720
45 46
45 386
46 375
47 48
47 571
48 130
49 50
49 805
50 1260
51 52
51 432
52 1405
53 54
53 223
54 1145
55 56
55 797
56 935
57 58
57 565
58 108
59 60
59 1231
60 381
61 62
61 361
62 607
63 64
63 80
64 1184
65 66
65 1293
66 419
67 68
67 617
68 281
69 70
69 963
70 1216
71 72
71 303
72 930
73 74
73 1166
74 1204
75 76
75 197
76 175
77 78
77 271
78 29
79 80
79 407
80 342
81 82
81 129
82 390
83 84
83 115
84 551
85 86
85 577
86 1120
87 88
87 326
88 1016
89 90
89 1083
90 848
91 92
91 1361
92 781
93 94
93 1038
94 201
95 96
95 504
96 1203
97 98
97 373
98 938
99 100
99 749
100 1400
101 102
101 931
102 224
103 104
103 964
104 198
105 106
105 1053
106 64
107 108
107 374
108 614
109 110
109 1061
110 301
111 112
111 462
112 1014
113 114
113 1043
114 353
115 116
115 990
116 1382
117 95
117 118
118 1028
119 120
119 1089
120 413
121 122
121 610
122 173
123 124
123 1159
124 704
125 8
125 126
126 1004
127 4
127 128
128 1344
129 65
129 130
130 850
131 132
131 822
132 204
133 134
133 831
134 1006
135 136
135 707
136 120
137 138
137 1084
138 290
139 140
139 1133
140 1244
141 142
141 1283
142 144
143 44
143 144
144 11
145 146
145 427
146 1313
147 148
147 1333
148 534
149 150
149 1147
150 800
151 152
151 926
152 368
153 154
153 1403
154 510
155 156
155 575
156 1373
157 136
157 158
158 280
159 55
159 160
160 1334
161 162
161 965
162 580
163 164
163 839
164 210
165 166
165 1018
166 1350
167 168
167 397
168 336
169 170
169 1323
170 582
171 172
171 849
172 660
173 148
173 174
174 988
175 176
175 1035
176 165
177 178
177 376
178 697
179 180
179 916
180 616
181 182
181 1257
182 809
183 184
183 1067
184 1395
185 186
185 239
186 1007
187 188
187 803
188 1080
189 190
189 1378
190 564
191 192
191 853
192 315
193 194
193 1289
194 428
195 196
195 1196
196 356
197 198
197 257
198 466
199 200
199 1155
200 1102
201 202
201 410
202 42
203 26
203 204
204 354
205 62
205 206
206 378
207 109
207 208
208 725
209 210
209 435
210 222
211 167
211 212
212 688
213 214
213 247
214 350
215 216
215 1347
216 426
217 112
217 218
218 322
219 220
219 1021
220 207
221 222
221 1095
222 220
223 224
223 871
224 859
225 226
225 333
226 1276
227 228
227 1227
228 1070
229 230
229 1207
230 1249
231 6
231 232
232 828
233 234
233 536
234 613
235 236
235 762
236 752
237 238
237 680
238 1157
239 240
239 1209
240 1107
241 242
241 1025
242 1278
243 244
243 589
244 518
245 246
245 537
246 825
247 248
247 662
248 437
249 61
249 250
250 52
251 252
251 540
252 211
253 254
253 1193
254 928
255 256
255 881
256 1371
257 258
257 469
258 832
259 260
259 473
260 520
261 262
261 568
262 1066
263 221
263 264
264 1009
265 266
265 1267
266 744
267 268
267 1259
268 896
269 270
269 649
270 474
271 272
271 567
272 1265
273 274
273 807
274 792
275 276
275 775
276 710
277 278
277 367
278 291
279 107
279 280
280 203
281 282
281 949
282 36
283 284
283 1180
284 1287
285 91
285 286
286 149
287 102
287 288
288 708
289 290
289 477
290 1064
291 292
291 1386
292 884
293 294
293 729
294 795
295 296
295 325
296 452
297 298
297 1396
298 733
299 300
299 681
300 806
301 302
301 1019
302 69
303 304
303 1173
304 164
305 306
305 365
306 595
307 308
307 1139
308 443
309 310
309 1218
310 372
311 299
311 312
312 1106
313 314
313 663
314 1212
315 18
315 316
316 836
317 318
317 619
318 152
319 320
319 1034
320 723
321 322
321 1324
322 481
323 324
323 973
324 716
325 326
325 778
326 717
327 328
327 1239
328 1154
329 330
329 337
330 892
331 133
331 332
332 487
333 334
333 757
334 499
335 336
335 1363
336 574
337 338
337 343
338 1124
339 340
339 728
340 1394
341 342
341 553
342 1240
343 344
343 605
344 1390
345 127
345 346
346 1379
347 348
347 878
348 106
349 45
349 350
350 495
351 352
351 445
352 1162
353 297
353 354
354 482
355 356
355 631
356 1110
357 358
357 739
358 1030
359 360
359 1241
360 199
361 362
361 929
362 1391
363 364
363 873
364 569
365 366
365 1411
366 63
367 368
367 506
368 808
369 345
369 370
370 888
371 372
371 773
372 1026
373 374
373 519
374 330
375 376
375 854
376 79
377 378
377 1389
378 650
379 380
379 1024
380 646
381 382
381 420
382 1284
383 32
383 384
384 366
385 386
385 1215
386 1077
387 371
387 388
388 424
389 390
389 1317
390 1151
391 392
391 691
392 1312
393 377
393 394
394 618
395 284
395 396
396 735
397 181
397 398
398 141
399 57
399 400
400 526
401 402
401 1161
402 640
403 404
403 497
404 1214
405 406
405 1237
406 103
407 408
407 511
408 1008
409 161
409 410
410 170
411 213
411 412
412 790
413 414
413 851
414 464
415 205
415 416
416 1360
417 418
417 449
418 1142
419 420
419 1092
420 88
421 237
421 422
422 934
423 424
423 507
424 327
425 426
425 1270
426 308
427 428
427 1091
428 1149
429 166
429 430
430 1144
431 235
431 432
432 1266
433 434
433 1410
434 638
435 436
435 1163
436 1339
437 310
437 438
438 1002
439 440
439 1079
440 1325
441 442
441 1165
442 258
443 444
443 1186
444 1082
445 446
445 1380
446 1377
447 137
447 448
448 517
449 450
449 882
450 1094
451 452
451 531
452 514
453 99
453 454
454 1342
455 338
455 456
456 766
457 458
457 1277
458 1242
459 389
459 460
460 475
461 269
461 462
462 1262
463 464
463 918
464 942
465 219
465 466
466 1314
467 468
467 692
468 1104
469 470
469 1319
470 1288
471 121
471 472
472 98
473 474
473 685
474 714
475 476
475 573
476 318
477 478
477 1057
478 1081
479 480
479 683
480 1108
481 482
481 920
482 1264
483 484
483 501
484 392
485 486
485 709
486 798
487 488
487 833
488 132
489 490
489 1247
490 756
491 492
491 923
492 416
493 123
493 494
494 970
495 496
495 1381
496 844
497 184
497 498
498 457
499 500
499 861
500 320
501 502
501 1063
502 344
503 363
503 504
504 876
505 506
505 1029
506 840
507 508
507 967
508 544
509 510
509 981
510 1352
511 512
511 651
512 17
513 514
513 1137
514 1294
515 516
515 599
516 690
517 518
517 1268
518 686
519 441
519 520
520 1226
521 522
521 1031
522 1302
523 19
523 524
524 74
525 68
525 526
526 406
527 467
527 528
528 1346
529 304
529 530
530 718
531 241
531 532
532 60
533 252
533 534
534 722
535 536
535 895
536 936
537 191
537 538
538 436
539 451
539 540
540 855
541 542
541 785
542 124
543 369
543 544
544 1118
545 546
545 961
546 1298
547 548
547 557
548 1040
549 550
549 972
550 1086
551 552
551 1174
552 34
553 554
553 817
554 1135
555 556
555 1369
556 494
557 558
557 860
558 58
559 560
559 940
560 696
561 479
561 562
562 1221
563 564
563 1171
564 450
565 566
565 578
566 633
567 568
567 811
568 1192
569 570
569 632
570 1020
571 265
571 572
572 794
573 574
573 1150
574 233
575 576
575 1367
576 146
577 578
577 875
578 835
579 580
579 862
580 834
581 135
581 582
582 1282
583 584
583 1295
584 383
585 535
585 586
586 394
587 267
587 588
588 382
589 270
589 590
590 14
591 15
591 592
592 214
593 594
593 1098
594 147
595 455
595 596
596 627
597 217
597 598
598 732
599 600
599 741
600 1199
601 602
601 763
602 566
603 604
603 1099
604 764
605 606
605 887
606 1128
607 608
607 955
608 142
609 610
609 801
610 309
611 122
611 612
612 1013
613 614
613 870
614 468
615 616
615 1233
616 277
617 618
617 1243
618 820
619 620
619 847
620 104
621 622
621 939
622 954
623 90
623 624
624 348
625 92
625 626
626 658
627 628
627 975
628 1318
629 630
629 665
630 643
631 489
631 632
632 1076
633 634
633 966
634 843
635 543
635 636
636 786
637 638
637 1085
638 793
639 640
639 1286
640 212
641 447
641 642
642 684
643 644
643 1275
644 1210
645 646
645 1114
646 328
647 648
647 694
648 384
649 650
649 1211
650 824
651 652
651 666
652 644
653 654
653 917
654 1306
655 230
655 656
656 454
657 596
657 658
658 400
659 334
659 660
660 552
661 662
661 1112
662 78
663 664
663 819
664 588
665 285
665 666
666 903
667 41
667 668
668 1354
669 364
669 670
670 502
671 672
671 1123
672 787
673 674
673 1330
674 818
675 676
675 1087
676 244
677 289
677 678
678 1355
679 485
679 680
680 260
681 682
681 906
682 1156
683 83
683 684
684 1065
685 686
685 1129
686 508
687 688
687 1285
688 1299
689 690
689 1177
690 1376
691 635
691 692
692 1072
693 67
693 694
694 110
695 331
695 696
696 1178
697 698
697 1345
698 340
699 229
699 700
700 914
701 572
701 702
702 890
703 704
703 1182
704 448
705 39
705 706
706 1332
707 2
707 708
708 976
709 710
709 1329
710 158
711 712
711 894
712 189
713 714
713 913
714 360
715 716
715 748
716 1
717 718
717 909
718 872
719 493
719 720
720 997
721 525
721 722
722 656
723 274
723 724
724 483
725 726
725 789
726 1413
727 66
727 728
728 546
729 523
729 730
730 1263
731 33
731 732
732 654
733 698
733 734
734 648
735 84
735 736
736 1168
737 81
737 738
738 1220
739 740
739 1017
740 593
741 187
741 742
742 242
743 744
743 1307
744 1374
745 746
745 1059
746 1412
747 193
747 748
748 1250
749 750
749 996
750 458
751 59
751 752
752 1191
753 754
753 1187
754 100
755 245
755 756
756 1069
757 747
757 758
758 1158
759 760
759 1113
760 388
761 302
761 762
762 731
763 155
763 764
764 951
765 766
765 925
766 1176
767 490
767 768
768 1392
769 770
769 1364
770 396
771 226
771 772
772 550
773 719
773 774
774 153
775 355
775 776
776 478
777 778
777 989
778 46
779 440
779 780
780 1254
781 782
781 1340
782 1408
783 784
783 842
784 206
785 37
785 786
786 1401
787 398
787 788
788 261
789 790
789 1010
790 470
791 87
791 792
792 1279
793 689
793 794
794 980
795 705
795 796
796 379
797 755
797 798
798 813
799 105
799 800
800 279
801 415
801 802
802 463
803 93
803 804
804 306
805 533
805 806
806 313
807 808
807 1208
808 838
809 349
809 810
810 784
811 812
811 941
812 695
813 30
813 814
814 652
815 703
815 816
816 542
817 818
817 867
818 900
819 820
819 1127
820 992
821 346
821 822
822 570
823 255
823 824
824 1331
825 826
825 1321
826 586
827 730
827 828
828 316
829 830
829 893
830 1402
831 829
831 832
832 160
833 422
833 834
834 1224
835 836
835 1181
836 625
837 585
837 838
838 1164
839 339
839 840
840 465
841 323
841 842
842 96
843 24
843 844
844 962
845 157
845 846
846 480
847 678
847 848
848 995
849 225
849 850
850 1073
851 852
851 864
852 1316
853 854
853 1349
854 1197
855 856
855 1253
856 622
857 858
857 1032
858 1404
859 860
859 905
860 676
861 264
861 862
862 1074
863 864
863 927
864 117
865 51
865 866
866 11
867 156
867 868
868 1351
869 503
869 870
870 380
871 872
871 1121
872 1152
873 615
873 874
874 944
875 385
875 876
876 1309
877 97
877 878
878 1141
879 880
879 945
880 745
881 882
881 1167
882 1310
883 516
883 884
884 20
885 765
885 886
886 912
887 888
887 1301
888 256
889 890
889 983
890 910
891 231
891 892
892 830
893 894
893 1062
894 608
895 896
895 1058
896 579
897 898
897 974
898 701
899 521
899 900
900 180
901 675
901 902
902 1023
903 667
903 904
904 693
905 196
905 906
906 812
907 908
907 1105
908 227
909 910
909 979
910 1304
911 912
911 921
912 444
913 76
913 914
914 27
915 505
915 916
916 611
917 139
917 918
918 1274
919 920
919 1148
920 1005
921 776
921 922
922 736
923 402
923 924
924 292
925 637
925 926
926 783
927 928
927 1103
928 1385
929 85
929 930
930 1119
931 541
931 932
932 982
933 774
933 934
934 114
935 936
935 1248
936 1222
937 486
937 938
938 10
939 940
939 1358
940 347
941 841
941 942
942 194
943 513
943 944
944 1200
945 23
945 946
946 713
947 948
947 1003
948 423
949 370
949 950
950 111
951 769
951 952
952 810
953 634
953 954
954 780
955 263
955 956
956 799
957 754
957 958
958 590
959 960
959 1357
960 268
961 300
961 962
962 412
963 964
963 1291
964 116
965 411
965 966
966 243
967 21
967 968
968 276
969 528
969 970
970 883
971 907
971 972
972 1116
973 974
973 1245
974 908
975 948
975 976
976 262
977 823
977 978
978 1388
979 200
979 980
980 314
981 977
981 982
982 657
983 984
983 1078
984 1292
985 560
985 986
986 612
987 119
987 988
988 16
989 581
989 990
990 1027
991 992
991 1126
992 43
993 994
993 1153
994 924
995 438
995 996
996 1256
997 998
997 1000
998 476
999 902
999 1000
1000 865
1001 251
1001 1002
1002 562
1003 1004
1003 1160
1004 1015
1005 886
1005 1006
1006 1090
1007 760
1007 1008
1008 13
1009 743
1009 1010
1010 655
1011 131
1011 1012
1012 266
1013 576
1013 1014
1014 128
1015 138
1015 1016
1016 186
1017 751
1017 1018
1018 418
1019 768
1019 1020
1020 1132
1021 296
1021 1022
1022 162
1023 409
1023 1024
1024 1056
1025 759
1025 1026
1026 434
1027 183
1027 1028
1028 993
1029 539
1029 1030
1030 1012
1031 275
1031 1032
1032 403
1033 899
1033 1034
1034 600
1035 401
1035 1036
1036 682
1037 459
1037 1038
1038 215
1039 500
1039 1040
1040 456
1041 75
1041 1042
1042 73
1043 679
1043 1044
1044 1261
1045 919
1045 1046
1046 594
1047 601
1047 1048
1048 54
1049 971
1049 1050
1050 889
1051 113
1051 1052
1052 856
1053 1054
1053 1213
1054 753
1055 341
1055 1056
1056 1366
1057 901
1057 1058
1058 151
1059 414
1059 1060
1060 22
1061 554
1061 1062
1062 1202
1063 1064
1063 1201
1064 584
1065 1066
1065 1356
1066 711
1067 1037
1067 1068
1068 154
1069 1070
1069 1093
1070 721
1071 171
1071 1072
1072 659
1073 496
1073 1074
1074 642
1075 937
1075 1076
1076 978
1077 621
1077 1078
1078 669
1079 1080
1079 1195
1080 791
1081 1082
1081 1343
1082 31
1083 645
1083 1084
1084 1198
1085 1086
1085 1273
1086 1296
1087 959
1087 1088
1088 1049
1089 431
1089 1090
1090 288
1091 1092
1091 1269
1092 515
1093 897
1093 1094
1094 772
1095 1096
1095 1219
1096 332
1097 1071
1097 1098
1098 529
1099 1100
1099 1217
1100 816
1101 472
1101 1102
1102 86
1103 868
1103 1104
1104 1252
1105 182
1105 1106
1106 742
1107 1108
1107 1353
1108 538
1109 421
1109 1110
1110 1280
1111 1112
1111 1225
1112 425
1113 246
1113 1114
1114 606
1115 672
1115 1116
1116 417
1117 488
1117 1118
1118 994
1119 1101
1119 1120
1120 1336
1121 1122
1121 1387
1122 524
1123 545
1123 1124
1124 953
1125 9
1125 1126
1126 1189
1127 1128
1127 1134
1128 857
1129 1044
1129 1130
1130 522
1131 661
1131 1132
1132 922
1133 1131
1133 1134
1134 1194
1135 283
1135 1136
1136 1228
1137 1138
1137 1337
1138 1100
1139 603
1139 1140
1140 1328
1141 399
1141 1142
1142 1096
1143 25
1143 1144
1144 1146
1145 188
1145 1146
1146 190
1147 700
1147 1148
1148 248
1149 1150
1149 1308
1150 911
1151 960
1151 1152
1152 668
1153 126
1153 1154
1154 548
1155 991
1155 1156
1156 758
1157 56
1157 1158
1158 408
1159 1160
1159 1335
1160 53
1161 391
1161 1162
1162 202
1163 179
1163 1164
1164 984
1165 387
1165 1166
1166 28
1167 609
1167 1168
1168 38
1169 5
1169 1170
1170 734
1171 498
1171 1172
1172 216
1173 1174
1173 1179
1174 1305
1175 530
1175 1176
1176 1251
1177 555
1177 1178
1178 852
1179 673
1179 1180
1180 294
1181 460
1181 1182
1182 1048
1183 1184
1183 1223
1184 771
1185 1186
1185 1232
1186 1075
1187 647
1187 1188
1188 82
1189 1190
1189 1290
1190 232
1191 429
1191 1192
1192 1230
1193 915
1193 1194
1194 433
1195 1033
1195 1196
1196 307
1197 1198
1197 1338
1198 726
1199 802
1199 1200
1200 1397
1201 1140
1201 1202
1202 143
1203 471
1203 1204
1204 968
1205 352
1205 1206
1206 134
1207 317
1207 1208
1208 969
1209 311
1209 1210
1210 12
1211 1088
1211 1212
1212 1238
1213 549
1213 1214
1214 1348
1215 169
1215 1216
1216 1359
1217 947
1217 1218
1218 1172
1219 5
1219 1220
1220 957
1221 72
1221 1222
1222 1190
1223 1224
1223 1272
1224 1414
1225 561
1225 1226
1226 140
1227 286
1227 1228
1228 1042
1229 125
1229 1230
1230 1370
1231 1232
1231 1362
1232 295
1233 461
1233 1234
1234 253
1235 362
1235 1236
1236 287
1237 319
1237 1238
1238 1136
1239 192
1239 1240
1240 626
1241 1242
1241 1315
1242 986
1243 874
1243 1244
1244 491
1245 439
1245 1246
1246 70
1247 293
1247 1248
1248 556
1249 604
1249 1250
1250 1188
1251 702
1251 1252
1252 746
1253 393
1253 1254
1254 1170
1255 71
1255 1256
1256 602
1257 885
1257 1258
1258 1406
1259 145
1259 1260
1260 329
1261 891
1261 1262
1262 1303
1263 1264
1263 1365
1264 547
1265 89
1265 1266
1266 1175
1267 357
1267 1268
1268 172
1269 583
1269 1270
1270 527
1271 1229
1271 1272
1272 168
1273 943
1273 1274
1274 178
1275 1271
1275 1276
1276 598
1277 837
1277 1278
1278 150
1279 592
1279 1280
1280 985
1281 827
1281 1282
1282 904
1283 12
1283 1284
1284 558
1285 880
1285 1286
1286 442
1287 1288
1287 1398
1288 950
1289 1143
1289 1290
1290 846
1291 641
1291 1292
1292 1117
1293 999
1293 1294
1294 740
1295 877
1295 1296
1296 1022
1297 1298
1297 1409
1298 209
1299 559
1299 1300
1300 446
1301 1302
1301 1311
1302 453
1303 1054
1303 1304
1304 664
1305 228
1305 1306
1306 1372
1307 821
1307 1308
1308 639
1309 351
1309 1310
1310 250
1311 699
1311 1312
1312 715
1313 48
1313 1314
1314 998
1315 869
1315 1316
1316 1205
1317 159
1317 1318
1318 1036
1319 1097
1319 1320
1320 1169
1321 47
1321 1322
1322 1235
1323 77
1323 1324
1324 879
1325 636
1325 1326
1326 788
1327 238
1327 1328
1328 779
1329 727
1329 1330
1330 1045
1331 706
1331 1332
1332 932
1333 814
1333 1334
1334 174
1335 305
1335 1336
1336 804
1337 249
1337 1338
1338 845
1339 1340
1339 1399
1340 1258
1341 118
1341 1342
1342 234
1343 796
1343 1344
1344 782
1345 273
1345 1346
1346 94
1347 259
1347 1348
1348 324
1349 1234
1349 1350
1350 254
1351 933
1351 1352
1352 7
1353 623
1353 1354
1354 218
1355 1185
1355 1356
1356 1122
1357 49
1357 1358
1358 1055
1359 597
1359 1360
1360 898
1361 677
1361 1362
1362 1322
1363 987
1363 1364
1364 687
1365 1255
1365 1366
1366 1383
1367 359
1367 1368
1368 671
1369 177
1369 1370
1370 624
1371 1039
1371 1372
1372 1206
1373 195
1373 1374
1374 492
1375 1109
1375 1376
1376 674
1377 1246
1377 1378
1378 404
1379 1368
1379 1380
1380 6
1381 1050
1381 1382
1382 1138
1383 815
1383 1384
1384 770
1385 312
1385 1386
1386 1341
1387 101
1387 1388
1388 1125
1389 3
1389 1390
1390 512
1391 946
1391 1392
1392 1046
1393 240
1393 1394
1394 532
1395 591
1395 1396
1396 1011
1397 163
1397 1398
1398 35
1399 761
1399 1400
1400 430
1401 1130
1401 1402
1402 484
1403 50
1403 1404
1404 1051
1405 176
1405 1406
1406 1052
1407 629
1407 1408
1408 358
1409 509
1409 1410
1410 335
1411 1407
1411 1412
1412 1326
1413 1115
1413 1414
1414 628
