0 151
0 752
1 43
1 1022
3 49
3 813
4 404
4 488
5 787
6 1380
7 1343
7 1371
9 846
8 486
8 902
10 108
13 53
13 395
15 1285
15 1288
17 148
17 193
19 269
19 398
21 656
21 1338
23 24
23 321
24 27
25 26
25 681
26 352
27 28
27 904
28 778
29 30
29 1330
30 1186
31 32
31 798
32 550
33 34
33 815
34 454
35 36
35 330
36 1259
37 38
37 1143
38 408
39 40
39 106
40 608
41 42
41 139
42 874
43 44
43 1286
44 548
45 46
45 391
46 1218
47 48
47 197
48 472
49 50
49 921
50 1100
51 52
51 233
52 662
53 54
53 1145
54 1170
55 56
55 1315
56 287
57 58
57 1265
58 145
59 60
59 777
60 372
61 62
61 93
62 802
63 64
63 1110
64 464
65 66
65 509
66 629
67 68
67 1176
68 144
69 70
69 555
70 299
71 72
71 149
72 964
73 74
73 225
74 399
75 76
75 1411
76 1378
77 78
77 1090
78 248
79 80
79 1085
80 804
81 82
81 922
82 158
83 84
83 1220
84 216
85 86
85 537
86 288
87 88
87 1189
88 69
89 90
89 940
90 819
91 92
91 174
92 446
93 94
93 644
94 642
95 96
95 561
96 1392
97 98
97 1105
98 540
99 100
99 749
100 491
101 102
101 645
102 59
103 104
103 1214
104 780
105 106
105 1352
106 92
107 108
107 1167
108 598
109 110
109 864
110 1051
111 112
111 868
112 258
113 114
113 1321
114 184
115 116
115 244
116 517
117 118
117 337
118 1111
119 102
119 120
120 1263
121 122
121 1009
122 1028
123 124
123 1305
124 824
125 126
125 849
126 601
127 128
127 153
128 431
129 130
129 667
130 742
131 132
131 453
132 931
133 134
133 604
134 60
135 136
135 1079
136 1366
137 138
137 915
138 286
139 140
139 209
140 890
141 142
141 969
142 426
143 144
143 223
144 1391
145 146
145 1193
146 913
147 148
147 497
148 188
149 150
149 1039
150 762
151 152
151 429
152 276
153 154
153 1071
154 460
155 156
155 740
156 302
157 158
157 511
158 1012
159 160
159 199
160 527
161 162
161 551
162 1016
163 164
163 220
164 65
165 166
165 367
166 21
167 168
167 655
168 1277
169 170
169 686
170 950
171 172
171 979
172 1097
173 174
173 357
174 438
175 176
175 327
176 1254
177 178
177 443
178 1024
179 180
179 875
180 1342
181 182
181 1166
182 444
183 184
183 322
184 1300
185 186
185 1029
186 1311
187 188
187 797
188 1086
189 190
189 1295
190 415
191 192
191 1123
192 1322
193 194
193 889
194 1306
195 196
195 1253
196 1061
197 99
197 198
198 1368
199 200
199 1179
200 961
201 202
201 734
202 396
203 82
203 204
204 821
205 206
205 596
206 1326
207 208
207 1317
208 584
209 210
209 295
210 879
211 212
211 934
212 301
213 214
213 1150
214 1384
215 216
215 1038
216 232
217 218
217 910
218 316
219 220
219 887
220 679
221 222
221 1049
222 614
223 224
223 754
224 1385
225 226
225 336
226 1242
227 228
227 1289
228 1236
229 230
229 816
230 748
231 232
231 1121
232 1200
233 234
233 881
234 843
235 236
235 373
236 654
237 238
237 647
238 1157
239 240
239 648
240 720
241 242
241 706
242 758
243 244
243 1107
244 15
245 246
245 1103
246 973
247 248
247 855
248 120
249 250
249 1199
250 546
251 252
251 1037
252 230
253 254
253 1040
254 81
255 256
255 689
256 483
257 258
257 1291
258 7
259 260
259 1399
260 1222
261 262
261 1290
262 42
263 264
263 1197
264 1213
265 266
265 1155
266 920
267 268
267 1353
268 1282
269 170
269 270
270 1192
271 272
271 1052
272 800
273 274
273 1196
274 962
275 276
275 791
276 138
277 278
277 897
278 712
279 280
279 660
280 74
281 237
281 282
282 445
283 284
283 1279
284 1075
285 286
285 403
286 52
287 181
287 288
288 296
289 290
289 1191
290 1281
291 292
291 991
292 241
293 294
293 414
294 192
295 169
295 296
296 12
297 289
297 298
298 1062
299 104
299 300
300 830
301 266
301 302
302 592
303 304
303 1357
304 142
305 275
305 306
306 505
307 308
307 743
308 18
309 310
309 610
310 764
311 312
311 703
312 1413
313 160
313 314
314 731
315 87
315 316
316 698
317 318
317 727
318 64
319 13
319 320
320 1258
321 322
321 1059
322 1036
323 324
323 992
324 256
325 326
325 682
326 502
327 328
327 877
328 1131
329 189
329 330
330 1250
331 332
331 959
332 909
333 334
333 1010
334 974
335 336
335 489
336 61
337 338
337 625
338 156
339 340
339 370
340 54
341 342
341 1205
342 1234
343 83
343 344
344 68
345 346
345 1299
346 522
347 348
347 650
348 963
349 350
349 363
350 180
351 352
351 457
352 210
353 354
353 983
354 1172
355 356
355 376
356 80
357 358
357 1244
358 766
359 360
359 1141
360 111
361 362
361 863
362 10
363 307
363 364
364 1388
365 366
365 430
366 1020
367 368
367 616
368 1181
369 272
369 370
370 1204
371 57
371 372
372 452
373 374
373 763
374 178
375 376
375 929
376 840
377 121
377 378
378 1025
379 51
379 380
380 1006
381 382
381 553
382 599
383 293
383 384
384 1180
385 386
385 794
386 40
387 388
387 543
388 954
389 390
389 470
390 320
391 392
391 1147
392 932
393 394
393 407
394 612
395 396
395 450
396 11
397 398
397 558
398 1381
399 400
399 666
400 270
401 402
401 541
402 116
403 404
403 906
404 745
405 406
405 735
406 576
407 408
407 1345
408 298
409 410
409 861
410 557
411 412
411 467
412 262
413 414
413 677
414 710
415 416
415 620
416 914
417 66
417 418
418 236
419 420
419 530
420 832
421 379
421 422
422 1082
423 227
423 424
424 206
425 426
425 1245
426 162
427 428
427 1229
428 1104
429 430
429 935
430 1355
431 432
431 862
432 392
433 434
433 1115
434 930
435 436
435 765
436 615
437 438
437 1287
438 155
439 137
439 440
440 310
441 265
441 442
442 115
443 444
443 1171
444 723
445 446
445 968
446 1026
447 448
447 1235
448 427
449 450
449 905
450 1367
451 346
451 452
452 554
453 454
453 737
454 273
455 401
455 456
456 471
457 458
457 687
458 757
459 460
459 871
460 1320
461 235
461 462
462 927
463 464
463 1008
464 309
465 466
465 1304
466 9
467 468
467 1178
468 617
469 470
469 627
470 343
471 472
471 1011
472 35
473 474
473 569
474 22
475 183
475 476
476 535
477 3
477 478
478 1329
479 480
479 498
480 1173
481 347
481 482
482 828
483 484
483 872
484 536
485 439
485 486
486 717
487 488
487 529
488 1017
489 175
489 490
490 937
491 492
491 755
492 371
493 494
493 893
494 1394
495 496
495 1093
496 383
497 85
497 498
498 17
499 476
499 500
500 626
501 79
501 502
502 400
503 504
503 781
504 1372
505 506
505 1066
506 419
507 508
507 924
508 1386
509 510
509 1382
510 168
511 512
511 767
512 876
513 26
513 514
514 590
515 393
515 516
516 239
517 518
517 526
518 597
519 520
519 1021
520 1377
521 522
521 575
522 136
523 101
523 524
524 1274
525 325
525 526
526 718
527 528
527 539
528 1375
529 530
529 833
530 823
531 532
531 567
532 318
533 534
533 1409
534 1136
535 512
535 536
536 440
537 37
537 538
538 433
539 437
539 540
540 1249
541 542
541 1207
542 126
543 544
543 672
544 637
545 546
545 865
546 795
547 548
547 1095
548 572
549 279
549 550
550 140
551 552
551 869
552 549
553 554
553 1310
554 839
555 556
555 1106
556 1130
557 125
557 558
558 580
559 560
559 1084
560 578
561 562
561 1233
562 1318
563 564
563 1239
564 984
565 534
565 566
566 822
567 117
567 568
568 1260
569 570
569 1109
570 378
571 572
571 1309
572 562
573 574
573 1238
574 146
575 576
575 1337
576 1247
577 578
577 623
578 518
579 580
579 1407
580 1331
581 582
581 1313
582 1230
583 584
583 631
584 820
585 586
585 673
586 707
587 143
587 588
588 990
589 458
589 590
590 1060
591 592
591 730
592 226
593 545
593 594
594 1187
595 596
595 1041
596 107
597 598
597 1278
598 355
599 179
599 600
600 1164
601 291
601 602
602 788
603 359
603 604
604 684
605 606
605 1013
606 323
607 608
607 705
608 152
609 610
609 838
610 1356
611 612
611 1363
612 965
613 485
613 614
614 669
615 616
615 1175
616 715
617 618
617 768
618 732
619 620
619 1237
620 448
621 380
621 622
622 652
623 251
623 624
624 1092
625 626
625 657
626 242
627 245
627 628
628 786
629 630
629 1116
630 987
631 97
631 632
632 334
633 297
633 634
634 356
635 319
635 636
636 999
637 95
637 638
638 394
639 640
639 773
640 1045
641 147
641 642
642 1246
643 644
643 1251
644 837
645 646
645 1398
646 1015
647 328
647 648
648 402
649 650
649 1069
650 834
651 652
651 1064
652 1403
653 654
653 1073
654 374
655 656
655 852
656 1158
657 157
657 658
658 1206
659 660
659 809
660 128
661 331
661 662
662 606
663 664
663 789
664 91
665 605
665 666
666 271
667 384
667 668
668 1374
669 70
669 670
670 1098
671 459
671 672
672 277
673 405
673 674
674 238
675 280
675 676
676 1314
677 55
677 678
678 918
679 213
679 680
680 938
681 682
681 1033
682 1165
683 684
683 746
684 724
685 686
685 779
686 894
687 688
687 975
688 263
689 413
689 690
690 341
691 674
691 692
692 364
693 694
693 704
694 750
695 499
695 696
696 166
697 698
697 1149
698 202
699 683
699 700
700 782
701 702
701 1018
702 86
703 704
703 793
704 1183
705 14
705 706
706 700
707 708
707 1354
708 29
709 710
709 825
710 25
711 712
711 900
712 1194
713 714
713 1243
714 292
715 716
715 925
716 1361
717 718
717 1319
718 500
719 303
719 720
720 1114
721 722
721 933
722 634
723 724
723 726
724 1118
725 638
725 726
726 1182
727 728
727 888
728 958
729 221
729 730
730 326
731 732
731 850
732 524
733 734
733 1122
734 308
735 231
735 736
736 6
737 595
737 738
738 547
739 740
739 926
740 103
741 742
741 1365
742 16
743 744
743 892
744 856
745 746
745 1402
746 701
747 748
747 1081
748 278
749 123
749 750
750 1152
751 613
751 752
752 1119
753 579
753 754
754 1151
755 603
755 756
756 591
757 758
757 1293
758 988
759 4
759 760
760 1316
761 23
761 762
762 967
763 311
763 764
764 880
765 766
765 1231
766 559
767 768
767 1248
768 1348
769 424
769 770
770 622
771 772
771 1133
772 947
773 774
773 1275
774 811
775 776
775 1211
776 721
777 778
777 1323
778 215
779 780
779 807
780 46
781 573
781 782
782 154
783 784
783 907
784 1216
785 786
785 1401
786 349
787 788
787 1001
788 708
789 571
789 790
790 1174
791 771
791 792
792 182
793 794
793 1271
794 688
795 519
795 796
796 1292
797 798
797 1137
798 1252
799 800
799 870
800 260
801 496
801 802
802 542
803 804
803 1297
804 1044
805 252
805 806
806 366
807 697
807 808
808 1303
809 810
809 912
810 1224
811 812
811 1312
812 474
813 659
813 814
814 1125
815 816
815 1393
816 1364
817 692
817 818
818 56
819 253
819 820
820 250
821 342
821 822
822 744
823 824
823 1096
824 114
825 826
825 1390
826 119
827 828
827 884
828 344
829 127
829 830
830 978
831 832
831 1154
832 632
833 332
833 834
834 381
835 836
835 1302
836 9
837 594
837 838
838 1298
839 568
839 840
840 390
841 651
841 842
842 1340
843 844
843 895
844 728
845 846
845 896
846 1101
847 783
847 848
848 696
849 850
849 1053
850 664
851 461
851 852
852 1134
853 854
853 1257
854 972
855 856
855 1177
856 600
857 858
857 859
858 680
859 741
859 860
860 282
861 862
861 885
862 784
863 864
863 1276
864 335
865 639
865 866
866 150
867 435
867 868
868 78
869 109
869 870
870 360
871 247
871 872
872 624
873 874
873 882
874 792
875 112
875 876
876 105
877 449
877 878
878 8
879 880
879 1161
880 268
881 611
881 882
882 34
883 884
883 1308
884 719
885 315
885 886
886 71
887 888
887 1087
888 946
889 200
889 890
890 48
891 892
891 1163
892 348
893 894
893 1219
894 1350
895 896
895 980
896 853
897 353
897 898
898 98
899 785
899 900
900 976
901 570
901 902
902 908
903 161
903 904
904 243
905 906
905 1139
906 508
907 5
907 908
908 725
909 63
909 910
910 866
911 912
911 1065
912 163
913 420
913 914
914 1117
915 290
915 916
916 899
917 589
917 918
918 1296
919 306
919 920
920 1124
921 922
921 943
922 317
923 675
923 924
924 432
925 397
925 926
926 581
927 31
927 928
928 84
929 709
929 930
930 1184
931 305
931 932
932 338
933 747
933 934
934 769
935 936
935 1227
936 504
937 462
937 938
938 1334
939 533
939 940
940 523
941 942
941 1269
942 1102
943 847
943 944
944 733
945 455
945 946
946 799
947 257
947 948
948 465
949 531
949 950
950 1108
951 952
951 1168
952 1112
953 423
953 954
954 878
955 447
955 956
956 722
957 73
957 958
958 544
959 960
959 1089
960 249
961 441
961 962
962 1078
963 201
963 964
964 62
965 44
965 966
966 702
967 968
967 995
968 1404
969 970
969 1283
970 177
971 165
971 972
972 774
973 829
973 974
974 124
975 205
975 976
976 1198
977 844
977 978
978 218
979 552
979 980
980 803
981 982
981 1328
982 942
983 903
983 984
984 388
985 986
985 1228
986 211
987 988
987 1333
988 428
989 198
989 990
990 32
991 923
991 992
992 1080
993 219
993 994
994 482
995 945
995 996
996 1120
997 998
997 1007
998 1408
999 45
999 1000
1000 609
1001 1002
1001 1261
1002 285
1003 329
1003 1004
1004 468
1005 377
1005 1006
1006 1138
1007 1008
1007 1406
1008 234
1009 255
1009 1010
1010 1146
1011 1012
1011 1201
1012 1210
1013 772
1013 1014
1014 118
1015 122
1015 1016
1016 966
1017 957
1017 1018
1018 845
1019 1020
1019 1074
1020 176
1021 691
1021 1022
1022 203
1023 1024
1023 1088
1024 194
1025 1026
1025 1077
1026 848
1027 110
1027 1028
1028 339
1029 75
1029 1030
1030 1324
1031 1032
1031 1153
1032 532
1033 1034
1033 1412
1034 998
1035 1036
1035 1215
1036 901
1037 1038
1037 1267
1038 417
1039 538
1039 1040
1040 917
1041 593
1041 1042
1042 1255
1043 479
1043 1044
1044 1144
1045 1046
1045 1362
1046 936
1047 1048
1047 1387
1048 1414
1049 1050
1049 1140
1050 565
1051 5
1051 1052
1052 1019
1053 141
1053 1054
1054 827
1055 76
1055 1056
1056 699
1057 801
1057 1058
1058 1054
1059 1060
1059 1185
1060 50
1061 212
1061 1062
1062 20
1063 636
1063 1064
1064 208
1065 685
1065 1066
1066 1127
1067 939
1067 1068
1068 368
1069 810
1069 1070
1070 1076
1071 1072
1071 1223
1072 281
1073 195
1073 1074
1074 1023
1075 480
1075 1076
1076 588
1077 854
1077 1078
1078 386
1079 835
1079 1080
1080 222
1081 1057
1081 1082
1082 982
1083 1084
1083 1203
1084 340
1085 775
1085 1086
1086 971
1087 207
1087 1088
1088 515
1089 641
1089 1090
1090 100
1091 635
1091 1092
1092 228
1093 361
1093 1094
1094 1264
1095 442
1095 1096
1096 1048
1097 630
1097 1098
1098 556
1099 33
1099 1100
1100 1032
1101 172
1101 1102
1102 134
1103 619
1103 1104
1104 1128
1105 665
1105 1106
1106 463
1107 738
1107 1108
1108 314
1109 751
1109 1110
1110 1005
1111 956
1111 1112
1112 451
1113 713
1113 1114
1114 418
1115 406
1115 1116
1116 1
1117 204
1117 1118
1118 36
1119 1120
1119 1217
1120 1188
1121 941
1121 1122
1122 1400
1123 47
1123 1124
1124 1030
1125 668
1125 1126
1126 358
1127 841
1127 1128
1128 560
1129 1130
1129 1307
1130 640
1131 1043
1131 1132
1132 1068
1133 1134
1133 1135
1134 776
1135 409
1135 1136
1136 928
1137 916
1137 1138
1138 1226
1139 729
1139 1140
1140 425
1141 808
1141 1142
1142 1344
1143 867
1143 1144
1144 1046
1145 1146
1145 1373
1146 826
1147 94
1147 1148
1148 678
1149 653
1149 1150
1150 1221
1151 1113
1151 1152
1152 300
1153 985
1153 1154
1154 736
1155 501
1155 1156
1156 1063
1157 481
1157 1158
1158 952
1159 997
1159 1160
1160 1094
1161 898
1161 1162
1162 1280
1163 89
1163 1164
1164 1370
1165 949
1165 1166
1166 6
1167 313
1167 1168
1168 506
1169 382
1169 1170
1170 1014
1171 873
1171 1172
1172 1132
1173 1174
1173 1325
1174 39
1175 1091
1175 1176
1176 171
1177 113
1177 1178
1178 1156
1179 993
1179 1180
1180 1349
1181 1182
1181 1262
1182 1126
1183 365
1183 1184
1184 19
1185 759
1185 1186
1186 836
1187 167
1187 1188
1188 2
1189 663
1189 1190
1190 658
1191 1129
1191 1192
1192 28
1193 951
1193 1194
1194 130
1195 1196
1195 1284
1196 411
1197 577
1197 1198
1198 1169
1199 886
1199 1200
1200 1148
1201 1202
1201 1209
1202 860
1203 77
1203 1204
1204 412
1205 246
1205 1206
1206 1002
1207 229
1207 1208
1208 1336
1209 214
1209 1210
1210 1341
1211 1212
1211 1240
1212 72
1213 989
1213 1214
1214 1004
1215 173
1215 1216
1216 817
1217 1190
1217 1218
1218 516
1219 643
1219 1220
1220 284
1221 521
1221 1222
1222 1142
1223 1195
1223 1224
1224 607
1225 919
1225 1226
1226 261
1227 753
1227 1228
1228 129
1229 1230
1229 1268
1230 164
1231 911
1231 1232
1232 264
1233 857
1233 1234
1234 646
1235 1083
1235 1236
1236 1256
1237 1238
1237 1301
1238 492
1239 1240
1239 1389
1240 1067
1241 1242
1241 1383
1242 416
1243 131
1243 1244
1244 528
1245 1003
1245 1246
1246 1360
1247 1232
1247 1248
1248 1099
1249 1250
1249 1369
1250 695
1251 1252
1251 1397
1252 1339
1253 159
1253 1254
1254 190
1255 525
1255 1256
1256 1358
1257 977
1257 1258
1258 1162
1259 422
1259 1260
1260 618
1261 187
1261 1262
1262 1202
1263 312
1263 1264
1264 1208
1265 602
1265 1266
1266 10
1267 585
1267 1268
1268 434
1269 478
1269 1270
1270 1056
1271 191
1271 1272
1272 1050
1273 693
1273 1274
1274 1332
1275 1273
1275 1276
1276 883
1277 1070
1277 1278
1278 324
1279 67
1279 1280
1280 304
1281 563
1281 1282
1282 694
1283 1284
1283 1405
1284 186
1285 1286
1285 1351
1286 986
1287 487
1287 1288
1288 814
1289 495
1289 1290
1290 1376
1291 385
1291 1292
1292 716
1293 1225
1293 1294
1294 240
1295 267
1295 1296
1296 494
1297 217
1297 1298
1298 582
1299 1160
1299 1300
1300 507
1301 587
1301 1302
1302 1159
1303 953
1303 1304
1304 1000
1305 661
1305 1306
1306 574
1307 473
1307 1308
1308 477
1309 351
1309 1310
1310 283
1311 1035
1311 1312
1312 513
1313 224
1313 1314
1314 796
1315 410
1315 1316
1316 770
1317 469
1317 1318
1318 274
1319 1058
1319 1320
1320 475
1321 387
1321 1322
1322 831
1323 739
1323 1324
1324 510
1325 1212
1325 1326
1326 490
1327 818
1327 1328
1328 714
1329 671
1329 1330
1330 756
1331 628
1331 1332
1332 484
1333 858
1333 1334
1334 994
1335 345
1335 1336
1336 466
1337 1338
1337 1359
1338 350
1339 621
1339 1340
1340 1294
1341 1270
1341 1342
1342 1410
1343 566
1343 1344
1344 996
1345 806
1345 1346
1346 944
1347 583
1347 1348
1348 676
1349 24
1349 1350
1350 88
1351 960
1351 1352
1352 790
1353 690
1353 1354
1354 1031
1355 375
1355 1356
1356 812
1357 981
1357 1358
1358 1266
1359 1360
1359 1395
1360 90
1361 456
1361 1362
1362 842
1363 761
1363 1364
1364 254
1365 711
1365 1366
1366 96
1367 493
1367 1368
1368 1379
1369 1335
1369 1370
1370 362
1371 354
1371 1372
1372 133
1373 955
1373 1374
1374 1396
1375 1047
1375 1376
1376 58
1377 389
1377 1378
1378 1346
1379 891
1379 1380
1380 41
1381 1055
1381 1382
1382 38
1383 421
1383 1384
1384 1034
1385 259
1385 1386
1386 369
1387 135
1387 1388
1388 1327
1389 851
1389 1390
1390 185
1391 196
1391 1392
1392 1272
1393 333
1393 1394
1394 514
1395 132
1395 1396
1396 805
1397 649
1397 1398
1398 1027
1399 294
1399 1400
1400 948
1401 1042
1401 1402
1402 970
1403 30
1403 1404
1404 564
1405 1347
1405 1406
1406 1072
1407 633
1407 1408
1408 503
1409 1241
1409 1410
1410 670
1411 436
1411 1412
1412 586
1413 520
1413 1414
1414 760
