0 707
0 1177
3 167
3 593
4 383
4 1356
6 946
5 806
7 583
7 1378
8 709
8 1285
10 762
9 442
11 262
11 1191
13 1141
13 1333
15 202
15 1035
17 747
17 1238
19 309
19 681
21 110
21 534
23 24
23 634
24 232
25 26
25 1247
26 1406
27 28
27 878
28 280
29 30
29 1401
30 417
31 32
31 130
32 30
33 34
33 1117
34 1018
35 36
35 945
36 31
37 38
37 721
38 758
39 40
39 1211
40 626
41 42
41 423
42 1396
43 44
43 703
44 140
45 46
45 1404
46 816
47 48
47 860
48 1204
49 50
49 513
50 1024
51 52
51 156
52 1063
53 54
53 482
54 958
55 56
55 895
56 1076
57 58
57 965
58 857
59 60
59 1049
60 1242
61 62
61 705
62 644
63 64
63 324
64 578
65 66
65 678
66 720
67 68
67 337
68 818
69 70
69 1148
70 1146
71 72
71 1241
72 54
73 74
73 781
74 1075
75 56
75 76
76 536
77 78
77 1173
78 211
79 80
79 1147
80 641
81 82
81 349
82 244
83 84
83 1155
84 226
85 86
85 539
86 472
87 88
87 193
88 1355
89 90
89 1121
90 1260
91 92
91 829
92 852
93 94
93 943
94 102
95 17
95 96
96 976
97 98
97 819
98 75
99 67
99 100
100 298
101 102
101 607
102 1363
103 77
103 104
104 714
105 106
105 1335
106 1136
107 108
107 798
108 1096
109 110
109 1350
110 291
111 112
111 576
112 485
113 114
113 180
114 817
115 20
115 116
116 973
117 118
117 1203
118 1129
119 120
119 233
120 178
121 122
121 433
122 59
123 124
123 1160
124 1182
125 126
125 755
126 549
127 128
127 697
128 1065
129 130
129 201
130 903
131 132
131 1139
132 685
133 134
133 1251
134 7
135 136
135 1005
136 285
137 138
137 1407
138 391
139 140
139 1229
140 1298
141 33
141 142
142 1025
143 144
143 901
144 552
145 146
145 804
146 269
147 148
147 498
148 468
149 99
149 150
150 699
151 152
151 278
152 1209
153 154
153 518
154 90
155 93
155 156
156 196
157 158
157 1346
158 1199
159 160
159 479
160 356
161 162
161 1188
162 743
163 164
163 439
164 272
165 166
165 627
166 1123
167 39
167 168
168 659
169 170
169 317
170 106
171 172
171 757
172 905
173 174
173 305
174 728
175 116
175 176
176 654
177 178
177 956
178 676
179 180
179 1083
180 115
181 182
181 937
182 476
183 184
183 1279
184 1287
185 117
185 186
186 1326
187 188
187 1151
188 222
189 190
189 520
190 407
191 192
191 256
192 1252
193 194
193 959
194 862
195 196
195 1341
196 147
197 198
197 462
198 219
199 200
199 950
200 902
201 202
201 527
202 435
203 204
203 1031
204 1108
205 206
205 740
206 543
207 208
207 365
208 100
209 210
209 1094
210 1150
211 212
211 783
212 134
213 214
213 979
214 1367
215 97
215 216
216 360
217 2
217 218
218 1080
219 192
219 220
220 362
221 24
221 222
222 1372
223 224
223 1389
224 218
225 226
225 855
226 1111
227 228
227 1171
228 1394
229 35
229 230
230 748
231 232
231 729
232 50
233 234
233 1243
234 436
235 236
235 401
236 221
237 238
237 581
238 1016
239 240
239 493
240 386
241 174
241 242
242 768
243 244
243 1358
244 904
245 246
245 1161
246 34
247 248
247 428
248 154
249 200
249 250
250 378
251 169
251 252
252 55
253 254
253 616
254 376
255 256
255 1249
256 339
257 10
257 258
258 296
259 260
259 1375
260 161
261 262
261 1403
262 1303
263 4
263 264
264 734
265 266
265 573
266 1377
267 268
267 1135
268 636
269 270
269 780
270 234
271 272
271 1277
272 864
273 274
273 459
274 440
275 209
275 276
276 1206
277 151
277 278
278 1405
279 9
279 280
280 1200
281 282
281 1079
282 315
283 284
283 475
284 990
285 286
285 843
286 510
287 288
287 1293
288 834
289 290
289 986
290 1232
291 292
291 602
292 258
293 294
293 921
294 563
295 296
295 971
296 194
297 298
297 664
298 188
299 300
299 307
300 390
301 302
301 1127
302 823
303 304
303 451
304 385
305 294
305 306
306 405
307 308
307 733
308 766
309 310
309 799
310 995
311 312
311 364
312 228
313 127
313 314
314 1110
315 316
315 1369
316 335
317 227
317 318
318 1402
319 320
319 1219
320 630
321 322
321 934
322 978
323 324
323 605
324 662
325 282
325 326
326 1413
327 78
327 328
328 215
329 330
329 367
330 301
331 332
331 1185
332 190
333 334
333 1159
334 1345
335 336
335 1078
336 680
337 338
337 597
338 989
339 340
339 1295
340 691
341 342
341 393
342 515
343 344
343 889
344 1370
345 346
345 481
346 564
347 348
347 891
348 464
349 350
349 402
350 988
351 352
351 1001
352 247
353 354
353 1153
354 695
355 356
355 738
356 646
357 358
357 427
358 1214
359 360
359 1319
360 890
361 362
361 1263
362 1284
363 364
363 1011
364 987
365 107
365 366
366 1003
367 368
367 450
368 220
369 370
369 750
370 373
371 52
371 372
372 811
373 132
373 374
374 594
375 376
375 711
376 490
377 76
377 378
378 1166
379 380
379 767
380 666
381 382
381 497
382 1070
383 384
383 796
384 1074
385 386
385 1056
386 432
387 388
387 682
388 72
389 390
389 1120
390 1314
391 392
391 623
392 488
393 394
393 1387
394 354
395 241
395 396
396 892
397 398
397 1357
398 418
399 400
399 693
400 463
401 402
401 929
402 257
403 404
403 915
404 208
405 406
405 457
406 1090
407 408
407 632
408 118
409 37
409 410
410 1272
411 70
411 412
412 242
413 273
413 414
414 1092
415 406
415 416
416 610
417 418
417 570
418 863
419 420
419 985
420 933
421 422
421 1317
422 159
423 345
423 424
424 633
425 426
425 1169
426 237
427 428
427 601
428 1039
429 421
429 430
430 559
431 11
431 432
432 1336
433 341
433 434
434 1296
435 436
435 868
436 917
437 438
437 1082
438 982
439 440
439 871
440 69
441 397
441 442
442 1234
443 444
443 1019
444 494
445 446
445 844
446 624
447 329
447 448
448 135
449 450
449 1116
450 567
451 452
451 927
452 1343
453 101
453 454
454 303
455 456
455 849
456 10
457 40
457 458
458 968
459 460
459 648
460 1323
461 453
461 462
462 667
463 166
463 464
464 289
465 466
465 1312
466 628
467 468
467 608
468 1102
469 470
469 786
470 1283
471 472
471 1290
472 635
473 474
473 585
474 171
475 476
475 1149
476 1321
477 478
477 1216
478 141
479 480
479 805
480 104
481 482
481 789
482 655
483 484
483 975
484 509
485 486
485 1373
486 521
487 488
487 700
488 876
489 158
489 490
490 504
491 103
491 492
492 14
493 494
493 911
494 926
495 496
495 631
496 896
497 498
497 1205
498 802
499 500
499 779
500 1073
501 502
501 931
502 719
503 504
503 1324
504 1308
505 191
505 506
506 1299
507 183
507 508
508 851
509 263
509 510
510 1316
511 512
511 1349
512 487
513 15
513 514
514 499
515 516
515 571
516 609
517 518
517 584
518 621
519 57
519 520
520 43
521 522
521 1040
522 669
523 524
523 841
524 936
525 260
525 526
526 164
527 528
527 967
528 574
529 353
529 530
530 1007
531 173
531 532
532 1088
533 534
533 1311
534 554
535 536
535 541
536 684
537 538
537 753
538 1162
539 189
539 540
540 1050
541 197
541 542
542 702
543 544
543 1376
544 836
545 546
545 1023
546 777
547 548
547 1218
548 1021
549 51
549 550
550 1098
551 552
551 1332
552 1145
553 74
553 554
554 411
555 306
555 556
556 53
557 558
557 960
558 1275
559 445
559 560
560 372
561 253
561 562
562 922
563 564
563 1020
564 203
565 311
565 566
566 495
567 568
567 771
568 961
569 322
569 570
570 1386
571 530
571 572
572 1412
573 574
573 858
574 1269
575 277
575 576
576 95
577 83
577 578
578 772
579 235
579 580
580 1236
581 582
581 1060
582 586
583 525
583 584
584 266
585 32
585 586
586 1258
587 491
587 588
588 323
589 590
589 1101
590 348
591 431
591 592
592 924
593 594
593 869
594 217
595 596
595 938
596 1164
597 61
597 598
598 1208
599 600
599 717
600 918
601 602
601 1053
602 1291
603 19
603 604
604 1270
605 606
605 737
606 998
607 608
607 1337
608 1365
609 204
609 610
610 1230
611 271
611 612
612 821
613 614
613 1259
614 565
615 616
615 679
616 424
617 618
617 1013
618 142
619 182
619 620
620 787
621 622
621 810
622 176
623 624
623 1334
624 5
625 613
625 626
626 206
627 447
627 628
628 622
629 243
629 630
630 446
631 632
631 1297
632 923
633 634
633 723
634 1368
635 636
635 1280
636 216
637 8
637 638
638 1046
639 36
639 640
640 325
641 642
641 1105
642 1226
643 120
643 644
644 336
645 646
645 1036
646 81
647 648
647 947
648 872
649 153
649 650
650 1064
651 550
651 652
652 1114
653 654
653 1045
654 368
655 223
655 656
656 514
657 310
657 658
658 1348
659 660
659 909
660 308
661 662
661 983
662 471
663 664
663 1061
664 670
665 415
665 666
666 1196
667 668
667 839
668 1006
669 181
669 670
670 562
671 121
671 672
672 1095
673 579
673 674
674 568
675 676
675 1322
676 704
677 678
677 1408
678 875
679 129
679 680
680 668
681 112
681 682
682 29
683 279
683 684
684 1176
685 686
685 1113
686 1288
687 688
687 1227
688 389
689 437
689 690
690 718
691 575
691 692
692 168
693 334
693 694
694 642
695 696
695 880
696 392
697 698
697 1409
698 1118
699 700
699 731
700 1104
701 143
701 702
702 615
703 363
703 704
704 404
705 506
705 706
706 698
707 661
707 708
708 994
709 275
709 710
710 1130
711 327
711 712
712 672
713 714
713 877
714 706
715 716
715 814
716 658
717 387
717 718
718 186
719 587
719 720
720 199
721 722
721 1331
722 399
723 724
723 981
724 906
725 265
725 726
726 722
727 652
727 728
728 1008
729 21
729 730
730 1398
731 371
731 732
732 832
733 225
733 734
734 708
735 736
735 1223
736 962
737 473
737 738
738 248
739 448
739 740
740 1354
741 742
741 1115
742 5
743 744
743 1002
744 590
745 746
745 1201
746 398
747 748
747 964
748 82
749 701
749 750
750 1165
751 752
751 1361
752 94
753 245
753 754
754 175
755 756
755 1231
756 537
757 150
757 758
758 1330
759 425
759 760
760 557
761 762
761 1310
762 1072
763 764
763 1255
764 674
765 766
765 1351
766 466
767 637
767 768
768 304
769 770
769 1041
770 254
771 58
771 772
772 395
773 292
773 774
774 916
775 569
775 776
776 716
777 778
777 1042
778 109
779 780
779 828
780 715
781 782
781 1371
782 264
783 529
783 784
784 736
785 347
785 786
786 465
787 9
787 788
788 1037
789 136
789 790
790 105
791 352
791 792
792 1411
793 13
793 794
794 326
795 477
795 796
796 560
797 793
797 798
798 429
799 800
799 955
800 765
801 802
801 944
802 993
803 804
803 1380
804 1068
805 111
805 806
806 1274
807 785
807 808
808 1044
809 535
809 810
810 1033
811 122
811 812
812 124
813 814
813 1189
814 1178
815 816
815 1213
816 1000
817 455
817 818
818 850
819 547
819 820
820 1014
821 359
821 822
822 438
823 394
823 824
824 999
825 826
825 1235
826 897
827 828
827 1313
828 400
829 830
829 894
830 1224
831 531
831 832
832 822
833 834
833 919
834 874
835 328
835 836
836 276
837 835
837 838
838 160
839 840
839 1393
840 344
841 778
841 842
842 48
843 340
843 844
844 1184
845 185
845 846
846 948
847 848
847 1132
848 1228
849 546
849 850
850 236
851 27
851 852
852 784
853 854
853 873
854 1030
855 856
855 1154
856 589
857 629
857 858
858 480
859 229
859 860
860 888
861 79
861 862
862 558
863 146
863 864
864 1015
865 866
865 1125
866 503
867 444
867 868
868 470
869 870
869 1215
870 790
871 749
871 872
872 1262
873 874
873 1301
874 907
875 876
875 1233
876 1181
877 551
877 878
878 561
879 603
879 880
880 663
881 882
881 1400
882 1168
883 255
883 884
884 1327
885 687
885 886
886 1222
887 888
887 1385
888 375
889 45
889 890
890 812
891 892
891 939
892 1328
893 894
893 1163
894 239
895 172
895 896
896 1152
897 595
897 898
898 517
899 900
899 1087
900 91
901 351
901 902
902 430
903 870
903 904
904 250
905 23
905 906
906 1244
907 577
907 908
908 1179
909 205
909 910
910 742
911 331
911 912
912 486
913 138
913 914
914 745
915 916
915 1318
916 724
917 918
917 1010
918 268
919 853
919 920
920 1157
921 914
921 922
922 640
923 692
923 924
924 474
925 769
925 926
926 1190
927 533
927 928
928 460
929 274
929 930
930 366
931 884
931 932
932 1382
933 297
933 934
934 312
935 187
935 936
936 532
937 930
937 938
938 96
939 137
939 940
940 1257
941 942
941 1309
942 195
943 792
943 944
944 1325
945 357
945 946
946 1268
947 948
947 957
948 412
949 566
949 950
950 467
951 952
951 1084
952 523
953 542
953 954
954 516
955 207
955 956
956 966
957 639
957 958
958 694
959 538
959 960
960 42
961 808
961 962
962 86
963 964
963 1126
964 377
965 299
965 966
966 867
967 358
967 968
968 1276
969 970
969 1392
970 1414
971 665
971 972
972 44
973 162
973 974
974 689
975 413
975 976
976 318
977 978
977 1307
978 675
979 980
979 1271
980 92
981 982
981 1353
982 374
983 984
983 1047
984 73
985 986
985 1107
986 970
987 988
987 1043
988 660
989 47
989 990
990 683
991 992
991 1142
992 1198
993 831
993 994
994 290
995 673
995 996
996 1360
997 813
997 998
998 600
999 98
999 1000
1000 350
1001 1002
1001 1140
1002 1395
1003 1004
1003 1069
1004 963
1005 41
1005 1006
1006 1062
1007 764
1007 1008
1008 1124
1009 114
1009 1010
1010 794
1011 1012
1011 1379
1012 826
1013 434
1013 1014
1014 1170
1015 1016
1015 1100
1016 882
1017 825
1017 1018
1018 1286
1019 338
1019 1020
1020 1202
1021 63
1021 1022
1022 414
1023 913
1023 1024
1024 80
1025 910
1025 1026
1026 382
1027 461
1027 1028
1028 422
1029 1030
1029 1220
1030 653
1031 1032
1031 1374
1032 1048
1033 774
1033 1034
1034 1038
1035 139
1035 1036
1036 760
1037 940
1037 1038
1038 1156
1039 997
1039 1040
1040 1183
1041 1027
1041 1042
1042 71
1043 1044
1043 1174
1044 420
1045 1046
1045 1217
1046 16
1047 941
1047 1048
1048 18
1049 1050
1049 1180
1050 618
1051 177
1051 1052
1052 759
1053 1054
1053 1055
1054 1144
1055 259
1055 1056
1056 612
1057 801
1057 1058
1058 1221
1059 848
1059 1060
1060 355
1061 1062
1061 1131
1062 224
1063 1064
1063 1253
1064 1066
1065 754
1065 1066
1066 26
1067 314
1067 1068
1068 1112
1069 1070
1069 1264
1070 838
1071 283
1071 1072
1072 1282
1073 1074
1073 1315
1074 300
1075 302
1075 1076
1076 1240
1077 900
1077 1078
1078 384
1079 409
1079 1080
1080 1034
1081 1082
1081 1193
1082 145
1083 330
1083 1084
1084 795
1085 522
1085 1086
1086 1344
1087 1088
1087 1267
1088 886
1089 1071
1089 1090
1090 908
1091 483
1091 1092
1092 1054
1093 163
1093 1094
1094 1097
1095 657
1095 1096
1096 284
1097 1098
1097 1383
1098 148
1099 155
1099 1100
1100 820
1101 815
1101 1102
1102 746
1103 267
1103 1104
1104 991
1105 744
1105 1106
1106 526
1107 288
1107 1108
1108 1119
1109 1110
1109 1305
1110 379
1111 775
1111 1112
1112 492
1113 342
1113 1114
1114 1022
1115 756
1115 1116
1116 85
1117 370
1117 1118
1118 128
1119 1120
1119 1388
1120 1256
1121 1122
1121 1143
1122 1302
1123 1124
1123 1364
1124 246
1125 165
1125 1126
1126 540
1127 1128
1127 1133
1128 88
1129 920
1129 1130
1130 1122
1131 712
1131 1132
1132 108
1133 827
1133 1134
1134 240
1135 883
1135 1136
1136 1207
1137 553
1137 1138
1138 84
1139 879
1139 1140
1140 951
1141 1081
1141 1142
1142 1352
1143 1134
1143 1144
1144 788
1145 856
1145 1146
1146 87
1147 261
1147 1148
1148 170
1149 809
1149 1150
1150 954
1151 588
1151 1152
1152 1294
1153 1137
1153 1154
1154 974
1155 1156
1155 1212
1156 380
1157 972
1157 1158
1158 458
1159 859
1159 1160
1160 157
1161 751
1161 1162
1162 1300
1163 899
1163 1164
1164 320
1165 293
1165 1166
1166 638
1167 210
1167 1168
1168 6
1169 885
1169 1170
1170 426
1171 1089
1171 1172
1172 508
1173 942
1173 1174
1174 478
1175 295
1175 1176
1176 1329
1177 441
1177 1178
1178 68
1179 49
1179 1180
1180 452
1181 1182
1181 1254
1182 46
1183 1184
1183 1187
1184 1266
1185 519
1185 1186
1186 416
1187 149
1187 1188
1188 126
1189 313
1189 1190
1190 1410
1191 501
1191 1192
1192 555
1193 125
1193 1194
1194 645
1195 949
1195 1196
1196 1362
1197 251
1197 1198
1198 1320
1199 403
1199 1200
1200 512
1201 1009
1201 1202
1202 1085
1203 281
1203 1204
1204 932
1205 807
1205 1206
1206 830
1207 212
1207 1208
1208 1384
1209 992
1209 1210
1210 606
1211 739
1211 1212
1212 1261
1213 677
1213 1214
1214 1237
1215 214
1215 1216
1216 800
1217 1218
1217 1304
1218 619
1219 1029
1219 1220
1220 925
1221 735
1221 1222
1222 1059
1223 773
1223 1224
1224 643
1225 845
1225 1226
1226 270
1227 898
1227 1228
1228 1158
1229 1051
1229 1230
1230 596
1231 741
1231 1232
1232 727
1233 803
1233 1234
1234 996
1235 25
1235 1236
1236 28
1237 1238
1237 1289
1238 489
1239 572
1239 1240
1240 528
1241 625
1241 1242
1242 252
1243 1077
1243 1244
1244 6
1245 545
1245 1246
1246 381
1247 361
1247 1248
1248 12
1249 1225
1249 1250
1250 1399
1251 912
1251 1252
1252 620
1253 1254
1253 1381
1254 732
1255 419
1255 1256
1256 316
1257 1106
1257 1258
1258 524
1259 953
1259 1260
1260 286
1261 133
1261 1262
1262 369
1263 1264
1263 1359
1264 1172
1265 1093
1265 1266
1266 1052
1267 1268
1267 1397
1268 690
1269 651
1269 1270
1270 396
1271 1272
1271 1339
1272 321
1273 1195
1273 1274
1274 656
1275 496
1275 1276
1276 238
1277 1091
1277 1278
1278 782
1279 865
1279 1280
1280 1278
1281 62
1281 1282
1282 1
1283 60
1283 1284
1284 230
1285 1192
1285 1286
1286 842
1287 928
1287 1288
1288 582
1289 454
1289 1290
1290 824
1291 1239
1291 1292
1292 66
1293 507
1293 1294
1294 969
1295 213
1295 1296
1296 1186
1297 346
1297 1298
1298 1306
1299 1197
1299 1300
1300 866
1301 713
1301 1302
1302 544
1303 343
1303 1304
1304 3
1305 791
1305 1306
1306 22
1307 1245
1307 1308
1308 38
1309 1246
1309 1310
1310 511
1311 184
1311 1312
1312 89
1313 1109
1313 1314
1314 598
1315 1316
1315 1340
1316 1032
1317 984
1317 1318
1318 1390
1319 1320
1319 1366
1320 770
1321 123
1321 1322
1322 847
1323 761
1323 1324
1324 1138
1325 443
1325 1326
1326 152
1327 854
1327 1328
1328 198
1329 556
1329 1330
1330 710
1331 893
1331 1332
1332 671
1333 1017
1333 1334
1334 119
1335 1248
1335 1336
1336 730
1337 833
1337 1338
1338 64
1339 179
1339 1340
1340 1338
1341 1099
1341 1342
1342 1067
1343 1194
1343 1344
1344 469
1345 837
1345 1346
1346 484
1347 1175
1347 1348
1348 1058
1349 952
1349 1350
1350 1057
1351 113
1351 1352
1352 1004
1353 1342
1353 1354
1354 599
1355 840
1355 1356
1356 617
1357 1103
1357 1358
1358 861
1359 319
1359 1360
1360 650
1361 449
1361 1362
1362 1210
1363 1167
1363 1364
1364 846
1365 725
1365 1366
1366 776
1367 1250
1367 1368
1368 1281
1369 410
1369 1370
1370 332
1371 1265
1371 1372
1372 696
1373 763
1373 1374
1374 231
1375 287
1375 1376
1376 935
1377 726
1377 1378
1378 500
1379 333
1379 1380
1380 502
1381 249
1381 1382
1382 1026
1383 614
1383 1384
1384 686
1385 1028
1385 1386
1386 604
1387 977
1387 1388
1388 1292
1389 1086
1389 1390
1390 688
1391 887
1391 1392
1392 881
1393 65
1393 1394
1394 1347
1395 1012
1395 1396
1396 580
1397 797
1397 1398
1398 980
1399 1128
1399 1400
1400 649
1401 752
1401 1402
1402 592
1403 144
1403 1404
1404 647
1405 1391
1405 1406
1406 388
1407 131
1407 1408
1408 505
1409 591
1409 1410
1410 1273
1411 611
1411 1412
1412 548
1413 456
1413 1414
1414 408
