0 132
0 1097
1 205
1 252
3 1017
3 1329
4 15
4 1115
5 935
6 48
9 23
9 873
10 255
10 266
12 1053
11 1347
13 88
13 173
15 809
15 1247
17 662
17 688
19 87
19 237
21 281
21 1016
23 24
23 503
24 860
25 26
25 1092
26 682
27 28
27 97
28 1300
29 30
29 382
30 460
31 32
31 875
32 6
33 34
33 1199
34 318
35 36
35 199
36 819
37 38
37 240
38 196
39 40
39 302
40 892
41 42
41 584
42 312
43 44
43 139
44 1315
45 46
45 531
46 420
47 48
47 1263
48 866
49 50
49 1215
50 184
51 52
51 861
52 1086
53 54
53 1146
54 554
55 56
55 1181
56 984
57 58
57 1030
58 1310
59 60
59 545
60 1397
61 62
61 511
62 564
63 64
63 821
64 1324
65 66
65 535
66 313
67 68
67 169
68 311
69 70
69 372
70 908
71 72
71 193
72 260
73 74
73 1083
74 1066
75 1
75 76
76 1144
77 78
77 975
78 772
79 80
79 592
80 454
81 82
81 1379
82 1116
83 84
83 735
84 1121
85 86
85 1103
86 797
87 88
87 314
88 730
89 90
89 1095
90 1284
91 92
91 388
92 104
93 94
93 1255
94 241
95 61
95 96
96 349
97 98
97 879
98 548
99 100
99 1117
100 46
101 102
101 1409
102 402
103 104
103 1293
104 1309
105 106
105 1156
106 920
107 108
107 773
108 14
109 110
109 295
110 229
111 112
111 717
112 1174
113 114
113 247
114 582
115 116
115 179
116 286
117 118
117 575
118 1154
119 120
119 389
120 294
121 122
121 568
122 965
123 124
123 463
124 319
125 126
125 507
126 1164
127 128
127 553
128 346
129 49
129 130
130 1322
131 132
131 383
132 766
133 117
133 134
134 259
135 136
135 778
136 280
137 138
137 1357
138 527
139 140
139 1098
140 818
141 142
141 249
142 1302
143 144
143 457
144 438
145 146
145 783
146 836
147 148
147 640
148 160
149 150
149 679
150 1343
151 152
151 1029
152 929
153 154
153 164
154 868
155 156
155 1194
156 1142
157 158
157 1272
158 495
159 160
159 897
160 802
161 162
161 1148
162 500
163 164
163 1049
164 1024
165 166
165 758
166 530
167 168
167 1217
168 1074
169 170
169 339
170 1042
171 172
171 915
172 896
173 174
173 787
174 946
175 176
175 1011
176 436
177 178
177 519
178 881
179 180
179 1105
180 988
181 182
181 272
182 596
183 184
183 1227
184 590
185 55
185 186
186 1108
187 188
187 453
188 718
189 190
189 937
190 911
191 177
191 192
192 1344
193 194
193 895
194 1239
195 196
195 340
196 254
197 198
197 1051
198 624
199 105
199 200
200 1316
201 202
201 1251
202 1342
203 143
203 204
204 630
205 206
205 1005
206 270
207 208
207 764
208 1257
209 210
209 699
210 401
211 212
211 725
212 726
213 214
213 1317
214 792
215 216
215 492
216 938
217 218
217 695
218 151
219 220
219 1052
220 208
221 222
221 1107
222 1133
223 84
223 224
224 1000
225 226
225 813
226 1193
227 228
227 663
228 806
229 230
229 1243
230 325
231 232
231 446
232 80
233 234
233 275
234 327
235 236
235 1091
236 66
237 238
237 1219
238 101
239 240
239 971
240 1224
241 242
241 822
242 156
243 244
243 1281
244 353
245 136
245 246
246 884
247 248
247 845
248 374
249 250
249 1139
250 293
251 252
251 1260
252 763
253 254
253 830
254 154
255 89
255 256
256 657
257 258
257 941
258 1235
259 260
259 889
260 1334
261 176
261 262
262 862
263 264
263 1279
264 765
265 266
265 487
266 579
267 268
267 857
268 1138
269 270
269 443
270 1286
271 64
271 272
272 40
273 274
273 919
274 108
275 47
275 276
276 172
277 278
277 888
278 949
279 280
279 1161
280 966
281 282
281 1200
282 1314
283 284
283 1413
284 394
285 286
285 774
286 1386
287 288
287 626
288 1218
289 290
289 981
290 479
291 292
291 1201
292 1158
293 294
293 748
294 422
295 296
295 1009
296 1253
297 298
297 1261
298 76
299 27
299 300
300 742
301 302
301 496
302 790
303 175
303 304
304 522
305 306
305 771
306 661
307 308
307 660
308 654
309 134
309 310
310 1078
311 312
311 465
312 1162
313 314
313 467
314 907
315 316
315 1033
316 668
317 318
317 385
318 1288
319 320
319 1244
320 1282
321 322
321 838
322 498
323 324
323 906
324 1070
325 326
325 885
326 38
327 328
327 961
328 1351
329 330
329 419
330 2
331 332
331 464
332 1352
333 334
333 400
334 1119
335 29
335 336
336 1277
337 338
337 1381
338 733
339 340
339 405
340 219
341 342
341 1356
342 21
343 344
343 1333
344 1240
345 274
345 346
346 604
347 348
347 1173
348 118
349 277
349 350
350 1222
351 352
351 549
352 462
353 354
353 709
354 638
355 131
355 356
356 1160
357 283
357 358
358 1054
359 321
359 360
360 1188
361 362
361 571
362 306
363 127
363 364
364 631
365 200
365 366
366 859
367 368
367 1135
368 310
369 370
369 655
370 1380
371 372
371 391
372 365
373 374
373 441
374 659
375 376
375 1348
376 842
377 44
377 378
378 1326
379 380
379 955
380 647
381 357
381 382
382 1225
383 384
383 589
384 572
385 369
385 386
386 417
387 239
387 388
388 162
389 390
389 608
390 1090
391 392
391 1125
392 476
393 394
393 1363
394 550
395 304
395 396
396 639
397 398
397 867
398 940
399 380
399 400
400 129
401 402
401 789
402 256
403 11
403 404
404 324
405 115
405 406
406 803
407 408
407 1168
408 478
409 410
409 533
410 950
411 412
411 666
412 1387
413 230
413 414
414 770
415 125
415 416
416 722
417 418
417 1208
418 826
419 364
419 420
420 284
421 422
421 691
422 739
423 424
423 979
424 323
425 426
425 669
426 539
427 428
427 616
428 1182
429 430
429 1368
430 390
431 432
431 922
432 936
433 434
433 1377
434 320
435 373
435 436
436 1172
437 438
437 1275
438 1065
439 440
439 751
440 811
441 442
441 1134
442 1204
443 444
443 747
444 788
445 446
445 475
446 876
447 448
447 993
448 30
449 183
449 450
450 489
451 440
451 452
452 366
453 454
453 1004
454 1283
455 456
455 1209
456 1187
457 328
457 458
458 832
459 17
459 460
460 1290
461 231
461 462
462 485
463 157
463 464
464 1079
465 317
465 466
466 361
467 71
467 468
468 700
469 470
469 1273
470 990
471 472
471 1153
472 968
473 474
473 561
474 625
475 476
475 1265
476 1398
477 478
477 1195
478 1364
479 52
479 480
480 341
481 482
481 664
482 858
483 484
483 1299
484 776
485 114
485 486
486 1258
487 488
487 745
488 694
489 490
489 848
490 217
491 492
491 1237
492 1132
493 171
493 494
494 989
495 496
495 602
496 192
497 69
497 498
498 1369
499 377
499 500
500 1089
501 197
501 502
502 980
503 265
503 504
504 1391
505 33
505 506
506 962
507 144
507 508
508 404
509 510
509 653
510 750
511 279
511 512
512 120
513 63
513 514
514 1402
515 516
515 1393
516 1411
517 518
517 737
518 1226
519 263
519 520
520 1376
521 522
521 1303
522 5
523 524
523 632
524 954
525 141
525 526
526 146
527 528
527 900
528 812
529 502
529 530
530 180
531 532
531 1294
532 552
533 534
533 645
534 1408
535 536
535 1099
536 185
537 351
537 538
538 752
539 258
539 540
540 130
541 542
541 931
542 1297
543 466
543 544
544 333
545 189
545 546
546 504
547 273
547 548
548 508
549 550
549 767
550 488
551 552
551 577
552 890
553 554
553 921
554 220
555 556
555 692
556 481
557 558
557 1385
558 1390
559 560
559 994
560 316
561 161
561 562
562 1298
563 564
563 1221
564 82
565 234
565 566
566 1287
567 109
567 568
568 447
569 570
569 796
570 448
571 473
571 572
572 153
573 123
573 574
574 452
575 576
575 1165
576 332
577 578
577 1163
578 424
579 580
579 1250
580 874
581 337
581 582
582 166
583 584
583 711
584 112
585 586
585 957
586 606
587 588
587 1384
588 1234
589 590
589 973
590 201
591 557
591 592
592 834
593 594
593 1088
594 578
595 543
595 596
596 42
597 427
597 598
598 1231
599 600
599 905
600 1149
601 602
601 953
602 974
603 282
603 604
604 894
605 606
605 1341
606 1328
607 392
607 608
608 206
609 610
609 1126
610 1152
611 612
611 1403
612 1270
613 426
613 614
614 693
615 616
615 1031
616 635
617 119
617 618
618 1034
619 598
619 620
620 345
621 622
621 1372
622 1100
623 624
623 731
624 951
625 626
625 704
626 518
627 238
627 628
628 992
629 630
629 1094
630 410
631 632
631 795
632 671
633 634
633 918
634 562
635 636
635 1129
636 1131
637 638
637 705
638 840
639 640
639 680
640 96
641 642
641 1067
642 477
643 60
643 644
644 732
645 81
645 646
646 1027
647 648
647 1353
648 362
649 650
649 1367
650 1210
651 652
651 933
652 1395
653 654
653 1346
654 560
655 656
655 724
656 932
657 395
657 658
658 982
659 660
659 686
660 126
661 662
661 1170
662 910
663 291
663 664
664 300
665 666
665 1003
666 3
667 668
667 777
668 634
669 83
669 670
670 442
671 672
671 685
672 785
673 627
673 674
674 729
675 534
675 676
676 292
677 678
677 847
678 1389
679 680
679 1183
680 1062
681 6
681 682
682 461
683 684
683 740
684 807
685 13
685 686
686 1102
687 688
687 743
688 497
689 690
689 1371
690 142
691 692
691 1355
692 970
693 37
693 694
694 656
695 696
695 987
696 45
697 566
697 698
698 964
699 537
699 700
700 253
701 702
701 865
702 591
703 355
703 704
704 418
705 706
705 1039
706 376
707 708
707 1047
708 1157
709 459
709 710
710 1359
711 712
711 1383
712 393
713 499
713 714
714 103
715 716
715 1023
716 384
717 718
717 869
718 652
719 720
719 1140
720 1104
721 722
721 1007
722 886
723 233
723 724
724 10
725 386
725 726
726 856
727 728
727 870
728 34
729 163
729 730
730 309
731 732
731 1085
732 676
733 378
733 734
734 926
735 9
735 736
736 917
737 738
737 914
738 1050
739 574
739 740
740 880
741 742
741 1361
742 1313
743 744
743 1184
744 285
745 257
745 746
746 684
747 68
747 748
748 1096
749 750
749 1394
750 218
751 65
751 752
752 342
753 708
753 754
754 182
755 756
755 1337
756 56
757 758
757 1285
758 216
759 455
759 760
760 1405
761 762
761 1318
762 1360
763 720
763 764
764 644
765 766
765 1043
766 728
767 768
767 1123
768 779
769 741
769 770
770 1060
771 772
771 1223
772 1404
773 774
773 1055
774 1382
775 289
775 776
776 1378
777 542
777 778
778 844
779 780
779 1262
780 687
781 621
781 782
782 1118
783 784
783 1171
784 1365
785 786
785 1213
786 716
787 788
787 1399
788 715
789 516
789 790
790 570
791 43
791 792
792 585
793 597
793 794
794 242
795 194
795 796
796 558
797 601
797 798
798 1400
799 800
799 1338
800 232
801 759
801 802
802 344
803 299
803 804
804 135
805 672
805 806
806 698
807 528
807 808
808 563
809 810
809 1311
810 16
811 812
811 956
812 924
813 814
813 839
814 150
815 505
815 816
816 619
817 623
817 818
818 224
819 820
819 1373
820 415
821 822
821 1230
822 995
823 820
823 824
824 586
825 403
825 826
826 72
827 541
827 828
828 494
829 19
829 830
830 1191
831 832
831 1291
832 1130
833 834
833 952
834 928
835 836
835 1232
836 1112
837 643
837 838
838 714
839 222
839 840
840 1214
841 490
841 842
842 850
843 844
843 1057
844 744
845 607
845 846
846 753
847 363
847 848
848 1331
849 158
849 850
850 432
851 852
851 925
852 1266
853 736
853 854
854 1264
855 11
855 856
856 1109
857 858
857 1145
858 70
859 226
859 860
860 710
861 536
861 862
862 1198
863 243
863 864
864 1252
865 51
865 866
866 913
867 439
867 868
868 648
869 870
869 1019
870 399
871 872
871 1001
872 612
873 515
873 874
874 872
875 674
875 876
876 468
877 878
877 1008
878 124
879 880
879 1178
880 930
881 458
881 882
882 902
883 603
883 884
884 1046
885 305
885 886
886 960
887 642
887 888
888 683
889 303
889 890
890 1197
891 754
891 892
892 1340
893 430
893 894
894 58
895 896
895 1073
896 864
897 301
897 898
898 1151
899 636
899 900
900 167
901 681
901 902
902 1392
903 854
903 904
904 367
905 906
905 1249
906 79
907 727
907 908
908 178
909 358
909 910
910 18
911 912
911 1330
912 972
913 190
913 914
914 1082
915 916
915 1026
916 1185
917 111
917 918
918 781
919 225
919 920
920 909
921 121
921 922
922 617
923 924
923 1010
924 1312
925 338
925 926
926 903
927 928
927 1036
928 428
929 805
929 930
930 1256
931 381
931 932
932 78
933 934
933 1147
934 32
935 248
935 936
936 326
937 938
937 1325
938 927
939 523
939 940
940 1319
941 599
941 942
942 1169
943 186
943 944
944 1136
945 946
945 998
946 559
947 245
947 948
948 57
949 950
949 1220
950 287
951 697
951 952
952 429
953 431
953 954
954 308
955 956
955 1246
956 1280
957 174
957 958
958 943
959 532
959 960
960 1366
961 211
961 962
962 1080
963 964
963 1289
964 1159
965 746
965 966
966 800
967 814
967 968
968 296
969 25
969 970
970 203
971 110
971 972
972 1175
973 791
973 974
974 986
975 445
975 976
976 1012
977 412
977 978
978 1180
979 673
979 980
980 1295
981 978
981 982
982 434
983 471
983 984
984 871
985 986
985 1013
986 480
987 988
987 1137
988 1212
989 990
989 1166
990 882
991 244
991 992
992 1254
993 95
993 994
994 782
995 675
995 996
996 786
997 719
997 998
998 846
999 1000
999 1179
1000 1022
1001 1002
1001 1238
1002 39
1003 379
1003 1004
1004 1077
1005 4
1005 1006
1006 202
1007 600
1007 1008
1008 1058
1009 425
1009 1010
1010 1358
1011 1012
1011 1327
1012 877
1013 1014
1013 1207
1014 1113
1015 1016
1015 1040
1016 556
1017 734
1017 1018
1018 1305
1019 827
1019 1020
1020 396
1021 611
1021 1022
1022 416
1023 1024
1023 1048
1024 628
1025 77
1025 1026
1026 450
1027 701
1027 1028
1028 1278
1029 307
1029 1030
1030 414
1031 501
1031 1032
1032 1321
1033 780
1033 1034
1034 1374
1035 555
1035 1036
1036 1076
1037 73
1037 1038
1038 904
1039 472
1039 1040
1040 517
1041 1042
1041 1407
1042 246
1043 261
1043 1044
1044 1401
1045 667
1045 1046
1046 7
1047 1048
1047 1229
1048 923
1049 529
1049 1050
1050 484
1051 1052
1051 1267
1052 187
1053 1014
1053 1054
1054 1167
1055 1056
1055 1349
1056 762
1057 1058
1057 1375
1058 1412
1059 86
1059 1060
1060 288
1061 1062
1061 1216
1062 444
1063 513
1063 1064
1064 74
1065 335
1065 1066
1066 155
1067 985
1067 1068
1068 100
1069 567
1069 1070
1070 1190
1071 122
1071 1072
1072 576
1073 133
1073 1074
1074 594
1075 609
1075 1076
1076 784
1077 605
1077 1078
1078 1196
1079 804
1079 1080
1080 102
1081 1082
1081 1414
1082 1120
1083 852
1083 1084
1084 20
1085 1086
1085 1155
1086 1388
1087 92
1087 1088
1088 188
1089 268
1089 1090
1090 540
1091 843
1091 1092
1092 1069
1093 633
1093 1094
1094 170
1095 573
1095 1096
1096 1150
1097 409
1097 1098
1098 615
1099 67
1099 1100
1100 354
1101 12
1101 1102
1102 407
1103 583
1103 1104
1104 113
1105 723
1105 1106
1106 610
1107 749
1107 1108
1108 808
1109 996
1109 1110
1110 204
1111 581
1111 1112
1112 22
1113 521
1113 1114
1114 387
1115 1035
1115 1116
1116 1128
1117 456
1117 1118
1118 1006
1119 1120
1119 1186
1120 587
1121 825
1121 1122
1122 181
1123 703
1123 1124
1124 493
1125 223
1125 1126
1126 359
1127 912
1127 1128
1128 944
1129 1130
1129 1233
1130 207
1131 31
1131 1132
1132 1111
1133 50
1133 1134
1134 939
1135 823
1135 1136
1136 810
1137 595
1137 1138
1138 999
1139 397
1139 1140
1140 267
1141 149
1141 1142
1142 1370
1143 613
1143 1144
1144 1075
1145 491
1145 1146
1146 276
1147 646
1147 1148
1148 863
1149 221
1149 1150
1150 1410
1151 370
1151 1152
1152 140
1153 235
1153 1154
1154 1044
1155 707
1155 1156
1156 757
1157 901
1157 1158
1158 470
1159 1160
1159 1274
1160 1028
1161 1162
1161 1259
1162 1292
1163 213
1163 1164
1164 761
1165 641
1165 1166
1166 1206
1167 36
1167 1168
1168 824
1169 210
1169 1170
1170 474
1171 851
1171 1172
1172 1020
1173 1045
1173 1174
1174 658
1175 290
1175 1176
1176 343
1177 721
1177 1178
1178 191
1179 1032
1179 1180
1180 1087
1181 769
1181 1182
1182 588
1183 329
1183 1184
1184 689
1185 91
1185 1186
1186 934
1187 1124
1187 1188
1188 214
1189 198
1189 1190
1190 620
1191 510
1191 1192
1192 893
1193 1194
1193 1323
1194 148
1195 837
1195 1196
1196 1320
1197 706
1197 1198
1198 690
1199 1101
1199 1200
1200 614
1201 159
1201 1202
1202 878
1203 1204
1203 1245
1204 738
1205 976
1205 1206
1206 833
1207 297
1207 1208
1208 544
1209 983
1209 1210
1210 1205
1211 637
1211 1212
1212 1339
1213 538
1213 1214
1214 1015
1215 942
1215 1216
1216 1037
1217 1202
1217 1218
1218 1122
1219 1081
1219 1220
1220 1350
1221 798
1221 1222
1222 128
1223 945
1223 1224
1224 650
1225 569
1225 1226
1226 898
1227 677
1227 1228
1228 147
1229 853
1229 1230
1230 1141
1231 5
1231 1232
1232 262
1233 35
1233 1234
1234 526
1235 755
1235 1236
1236 1018
1237 829
1237 1238
1238 849
1239 1177
1239 1240
1240 41
1241 483
1241 1242
1242 816
1243 106
1243 1244
1244 54
1245 651
1245 1246
1246 969
1247 413
1247 1248
1248 1276
1249 209
1249 1250
1250 1063
1251 371
1251 1252
1252 618
1253 1254
1253 1336
1254 580
1255 546
1255 1256
1256 375
1257 228
1257 1258
1258 350
1259 817
1259 1260
1260 347
1261 59
1261 1262
1262 991
1263 1203
1263 1264
1264 1059
1265 713
1265 1266
1266 93
1267 449
1267 1268
1268 1002
1269 482
1269 1270
1270 1332
1271 793
1271 1272
1272 547
1273 799
1273 1274
1274 883
1275 1241
1275 1276
1276 98
1277 629
1277 1278
1278 828
1279 435
1279 1280
1280 331
1281 1282
1281 1335
1282 1068
1283 1268
1283 1284
1284 948
1285 195
1285 1286
1286 916
1287 215
1287 1288
1288 1304
1289 360
1289 1290
1290 1064
1291 145
1291 1292
1292 1084
1293 1061
1293 1294
1294 1038
1295 1296
1295 1362
1296 168
1297 1298
1297 1406
1298 670
1299 137
1299 1300
1300 26
1301 1071
1301 1302
1302 593
1303 469
1303 1304
1304 212
1305 963
1305 1306
1306 322
1307 278
1307 1308
1308 53
1309 1308
1309 1310
1310 62
1311 398
1311 1312
1312 891
1313 1307
1313 1314
1314 271
1315 649
1315 1316
1316 12
1317 411
1317 1318
1318 336
1319 116
1319 1320
1320 1396
1321 298
1321 1322
1322 958
1323 1236
1323 1324
1324 356
1325 433
1325 1326
1326 75
1327 967
1327 1328
1328 28
1329 1330
1329 1354
1330 250
1331 887
1331 1332
1332 947
1333 678
1333 1334
1334 835
1335 565
1335 1336
1336 90
1337 1041
1337 1338
1338 831
1339 959
1339 1340
1340 368
1341 855
1341 1342
1342 1306
1343 768
1343 1344
1344 506
1345 1114
1345 1346
1346 165
1347 760
1347 1348
1348 348
1349 712
1349 1350
1350 1269
1351 1176
1351 1352
1352 622
1353 99
1353 1354
1354 227
1355 551
1355 1356
1356 1242
1357 665
1357 1358
1358 1228
1359 352
1359 1360
1360 8
1361 85
1361 1362
1362 1189
1363 269
1363 1364
1364 1072
1365 696
1365 1366
1366 520
1367 815
1367 1368
1368 24
1369 756
1369 1370
1370 330
1371 1143
1371 1372
1372 509
1373 1211
1373 1374
1374 1056
1375 525
1375 1376
1376 1192
1377 437
1377 1378
1378 794
1379 801
1379 1380
1380 1106
1381 406
1381 1382
1382 421
1383 702
1383 1384
1384 138
1385 236
1385 1386
1386 152
1387 1345
1387 1388
1388 1301
1389 94
1389 1390
1390 512
1391 334
1391 1392
1392 486
1393 1025
1393 1394
1394 841
1395 514
1395 1396
1396 1248
1397 107
1397 1398
1398 451
1399 315
1399 1400
1400 1296
1401 408
1401 1402
1402 1110
1403 423
1403 1404
1404 524
1405 899
1405 1406
1406 977
1407 251
1407 1408
1408 1093
1409 1271
1409 1410
1410 775
1411 1021
1411 1412
1412 264
1413 997
1413 1414
1414 1127
