0 57
0 1197
2 557
2 1403
3 872
3 1271
4 1038
4 1307
6 715
5 1215
7 393
7 793
9 1218
8 323
8 703
10 985
13 198
13 1010
15 804
15 1212
17 711
17 1272
19 120
19 1321
21 109
21 536
23 24
23 189
24 173
25 26
25 879
26 721
27 28
27 1118
28 808
29 30
29 374
30 843
31 32
31 564
32 627
33 34
33 925
34 912
35 36
35 1185
36 159
37 38
37 313
38 771
39 40
39 199
40 29
41 42
41 466
42 812
43 44
43 288
44 722
45 46
45 677
46 822
47 48
47 1123
48 381
49 50
49 188
50 674
51 52
51 402
52 702
53 54
53 716
54 800
55 56
55 1021
56 1386
57 58
57 667
58 255
59 60
59 148
60 264
61 62
61 931
62 740
63 64
63 746
64 748
65 66
65 576
66 968
67 68
67 413
68 988
69 70
69 422
70 187
71 72
71 163
72 1194
73 74
73 91
74 454
75 55
75 76
76 709
77 78
77 1229
78 74
79 80
79 659
80 1132
81 82
81 670
82 546
83 84
83 755
84 1189
85 86
85 327
86 180
87 88
87 776
88 292
89 3
89 90
90 1242
91 92
91 174
92 418
93 94
93 337
94 387
95 96
95 829
96 1414
97 98
97 1077
98 1202
99 100
99 1240
100 728
101 102
101 175
102 896
103 104
103 475
104 579
105 106
105 685
106 1404
107 108
107 212
108 644
109 110
109 1153
110 50
111 41
111 112
112 28
113 114
113 572
114 1098
115 116
115 1362
116 884
117 118
117 295
118 1018
119 120
119 760
120 998
121 122
121 1305
122 833
123 124
123 881
124 1340
125 126
125 928
126 1200
127 128
127 726
128 608
129 130
129 1366
130 964
131 132
131 204
132 1057
133 134
133 847
134 194
135 48
135 136
136 673
137 138
137 1113
138 351
139 140
139 240
140 565
141 142
141 899
142 518
143 144
143 224
144 837
145 146
145 1303
146 1408
147 148
147 440
148 1296
149 150
149 1035
150 535
151 152
151 780
152 211
153 154
153 431
154 394
155 156
155 779
156 1128
157 158
157 245
158 570
159 160
159 334
160 528
161 162
161 632
162 1070
163 164
163 378
164 268
165 166
165 1275
166 1360
167 168
167 661
168 994
169 170
169 472
170 534
171 40
171 172
172 168
173 21
173 174
174 156
175 176
175 526
176 831
177 178
177 945
178 128
179 180
179 1103
180 208
181 182
181 1157
182 44
183 184
183 638
184 297
185 186
185 261
186 744
187 188
187 1350
188 1082
189 190
189 1255
190 1110
191 192
191 450
192 508
193 194
193 395
194 730
195 196
195 1193
196 200
197 198
197 949
198 1293
199 200
199 1033
200 262
201 202
201 675
202 144
203 204
203 465
204 246
205 136
205 206
206 1148
207 208
207 408
208 566
209 19
209 210
210 301
211 5
211 212
212 1225
213 214
213 660
214 934
215 216
215 786
216 1124
217 77
217 218
218 71
219 220
219 666
220 426
221 222
221 995
222 992
223 224
223 1292
224 1069
225 226
225 298
226 438
227 228
227 316
228 1257
229 230
229 352
230 476
231 232
231 1175
232 1413
233 234
233 1109
234 279
235 236
235 956
236 1060
237 238
237 683
238 944
239 240
239 1166
240 490
241 69
241 242
242 119
243 244
243 375
244 852
245 246
245 603
246 1186
247 248
247 321
248 836
249 250
249 1097
250 239
251 58
251 252
252 386
253 254
253 270
254 741
255 256
255 976
256 223
257 258
257 1149
258 1081
259 260
259 1383
260 486
261 262
261 1001
262 1030
263 230
263 264
264 63
265 266
265 641
266 435
267 268
267 271
268 1238
269 270
269 769
270 504
271 272
271 273
272 910
273 274
273 1297
274 434
275 276
275 737
276 15
277 278
277 869
278 876
279 280
279 444
280 770
281 248
281 282
282 942
283 284
283 527
284 73
285 286
285 665
286 1086
287 288
287 778
288 132
289 290
289 828
290 20
291 292
291 338
292 404
293 158
293 294
294 1039
295 296
295 889
296 911
297 298
297 835
298 635
299 300
299 598
300 784
301 302
301 913
302 1058
303 304
303 411
304 289
305 306
305 723
306 1327
307 167
307 308
308 729
309 310
309 1221
310 524
311 312
311 1243
312 388
313 314
313 506
314 1101
315 234
315 316
316 349
317 318
317 857
318 488
319 320
319 356
320 384
321 322
321 1029
322 1363
323 324
323 867
324 802
325 326
325 451
326 177
327 328
327 599
328 140
329 330
329 803
330 97
331 61
331 332
332 1353
333 334
333 612
334 890
335 23
335 336
336 190
337 338
337 1220
338 309
339 340
339 1171
340 1056
341 342
341 448
342 1372
343 312
343 344
344 172
345 346
345 1182
346 1168
347 348
347 927
348 1368
349 150
349 350
350 710
351 99
351 352
352 342
353 354
353 1121
354 116
355 356
355 1072
356 509
357 358
357 481
358 218
359 34
359 360
360 282
361 362
361 463
362 510
363 364
363 989
364 304
365 366
365 512
366 1236
367 160
367 368
368 749
369 203
369 370
370 1213
371 372
371 1064
372 143
373 45
373 374
374 305
375 376
375 595
376 798
377 378
377 971
378 51
379 380
379 775
380 993
381 195
381 382
382 221
383 384
383 1005
384 62
385 386
385 594
386 605
387 388
387 491
388 216
389 390
389 1369
390 1396
391 392
391 629
392 280
393 394
393 478
394 462
395 396
395 1045
396 758
397 398
397 591
398 94
399 400
399 420
400 623
401 402
401 1007
402 590
403 404
403 495
404 1125
405 406
405 663
406 1412
407 408
407 654
408 64
409 410
409 687
410 724
411 412
411 1031
412 652
413 414
413 1037
414 1146
415 258
415 416
416 138
417 418
417 877
418 294
419 186
419 420
420 54
421 422
421 1343
422 318
423 269
423 424
424 415
425 426
425 1388
426 878
427 428
427 820
428 1115
429 430
429 479
430 1100
431 135
431 432
432 1314
433 434
433 1122
434 53
435 436
435 1116
436 344
437 438
437 875
438 232
439 440
439 1041
440 520
441 442
441 511
442 42
443 24
443 444
444 470
445 446
445 1311
446 920
447 448
447 1044
448 1280
449 450
449 1067
450 991
451 452
451 689
452 319
453 454
453 484
454 1380
455 235
455 456
456 1348
457 95
457 458
458 790
459 401
459 460
460 1281
461 462
461 1411
462 1395
463 332
463 464
464 918
465 250
465 466
466 736
467 468
467 1073
468 765
469 470
469 1192
470 642
471 472
471 668
472 65
473 285
473 474
474 604
475 373
475 476
476 932
477 478
477 1061
478 1227
479 480
479 1309
480 840
481 482
481 615
482 980
483 484
483 863
484 649
485 486
485 1117
486 757
487 488
487 1095
488 888
489 490
489 1135
490 1320
491 492
491 923
492 838
493 494
493 1267
494 263
495 496
495 690
496 78
497 498
497 561
498 1083
499 500
499 1351
500 88
501 141
501 502
502 122
503 457
503 504
504 696
505 506
505 621
506 609
507 508
507 1387
508 856
509 291
509 510
510 764
511 512
511 1241
512 851
513 501
513 514
514 366
515 516
515 963
516 1273
517 518
517 901
518 750
519 520
519 1299
520 222
521 522
521 768
522 1223
523 362
523 524
524 742
525 477
525 526
526 625
527 528
527 903
528 962
529 355
529 530
530 834
531 532
531 555
532 419
533 127
533 534
534 584
535 536
535 1017
536 32
537 538
537 861
538 796
539 125
539 540
540 30
541 542
541 1004
542 688
543 36
543 544
544 626
545 546
545 648
546 360
547 383
547 548
548 1042
549 550
549 788
550 1216
551 515
551 552
552 686
553 154
553 554
554 680
555 556
555 1003
556 49
557 558
557 807
558 47
559 560
559 695
560 825
561 562
561 1392
562 170
563 155
563 564
564 1015
565 566
565 1384
566 1312
567 568
567 990
568 658
569 570
569 763
570 147
571 572
571 600
572 521
573 574
573 1308
574 100
575 576
575 1345
576 447
577 361
577 578
578 1164
579 580
579 1133
580 753
581 90
581 582
582 106
583 584
583 717
584 1376
585 586
585 1291
586 756
587 380
587 588
588 924
589 590
589 929
590 272
591 336
591 592
592 984
593 594
593 1329
594 242
595 423
595 596
596 251
597 231
597 598
598 1140
599 104
599 600
600 618
601 602
601 1195
602 1336
603 596
603 604
604 826
605 606
605 824
606 1078
607 608
607 1210
608 310
609 610
609 1359
610 35
611 612
611 653
612 473
613 276
613 614
614 705
615 287
615 616
616 81
617 559
617 618
618 643
619 620
619 1199
620 671
621 249
621 622
622 299
623 624
623 1090
624 22
625 626
625 811
626 1162
627 628
627 1188
628 516
629 581
629 630
630 153
631 632
631 1217
632 922
633 587
633 634
634 369
635 636
635 1206
636 562
637 459
637 638
638 954
639 582
639 640
640 207
641 517
641 642
642 183
643 637
643 644
644 130
645 89
645 646
646 522
647 37
647 648
648 1259
649 467
649 650
650 241
651 652
651 1143
652 650
653 654
653 813
654 720
655 656
655 1333
656 10
657 658
657 662
658 166
659 569
659 660
660 228
661 389
661 662
662 367
663 664
663 973
664 960
665 666
665 935
666 82
667 489
667 668
668 1269
669 670
669 1177
670 328
671 672
671 1335
672 982
673 674
673 1151
674 12
675 655
675 676
676 1342
677 585
677 678
678 919
679 577
679 680
680 1096
681 233
681 682
682 1108
683 684
683 873
684 339
685 686
685 1248
686 578
687 161
687 688
688 1268
689 690
689 827
690 797
691 6
691 692
692 464
693 497
693 694
694 781
695 335
695 696
696 131
697 698
697 1076
698 542
699 307
699 700
700 734
701 702
701 1371
702 762
703 10
703 704
704 1398
705 706
705 1279
706 996
707 538
707 708
708 86
709 710
709 1141
710 191
711 553
711 712
712 1191
713 714
713 725
714 225
715 692
715 716
716 1011
717 718
717 787
718 1283
719 39
719 720
720 738
721 722
721 795
722 178
723 724
723 777
724 1232
725 157
725 726
726 719
727 728
727 1338
728 966
729 730
729 814
730 1052
731 732
731 1381
732 568
733 734
733 955
734 236
735 583
735 736
736 774
737 738
737 1393
738 909
739 197
739 740
740 1154
741 456
741 742
742 886
743 744
743 952
744 1290
745 746
745 1325
746 1326
747 748
747 1172
748 732
749 750
749 1254
750 202
751 500
751 752
752 396
753 754
753 832
754 978
755 756
755 767
756 416
757 315
757 758
758 1085
759 445
759 760
760 1277
761 762
761 1034
762 368
763 83
763 764
764 1295
765 766
765 1211
766 1178
767 768
767 1009
768 639
769 563
769 770
770 1313
771 588
771 772
772 162
773 774
773 887
774 624
775 776
775 1063
776 267
777 424
777 778
778 799
779 780
779 1129
780 499
781 782
781 1008
782 1300
783 784
783 1228
784 633
785 545
785 786
786 124
787 619
787 788
788 348
789 790
789 902
790 981
791 792
791 967
792 1106
793 794
793 1130
794 405
795 330
795 796
796 142
797 798
797 970
798 1026
799 474
799 800
800 114
801 33
801 802
802 192
803 804
803 1025
804 1318
805 483
805 806
806 164
807 808
807 1087
808 406
809 810
809 893
810 941
811 151
811 812
812 684
813 814
813 987
814 1055
815 816
815 917
816 371
817 165
817 818
818 560
819 789
819 820
820 1367
821 822
821 1289
822 1364
823 791
823 824
824 844
825 647
825 826
826 1237
827 547
827 828
828 357
829 171
829 830
830 953
831 832
831 1252
832 1023
833 169
833 834
834 700
835 468
835 836
836 93
837 343
837 838
838 1
839 840
839 1301
840 1048
841 842
841 1319
842 1284
843 844
843 1378
844 1170
845 105
845 846
846 1204
847 391
847 848
848 1107
849 850
849 892
850 1352
851 852
851 1406
852 1400
853 818
853 854
854 214
855 856
855 1365
856 436
857 7
857 858
858 898
859 260
859 860
860 60
861 551
861 862
862 1390
863 353
863 864
864 9
865 866
865 1357
866 1181
867 868
867 1399
868 14
869 493
869 870
870 1126
871 217
871 872
872 816
873 347
873 874
874 1354
875 429
875 876
876 854
877 878
877 921
878 1016
879 880
879 1282
880 866
881 882
881 965
882 930
883 103
883 884
884 845
885 4
885 886
886 290
887 888
887 1099
888 1068
889 75
889 890
890 87
891 397
891 892
892 1379
893 894
893 1260
894 567
895 896
895 1247
896 1332
897 442
897 898
898 761
899 900
899 1155
900 25
901 902
901 1127
902 1139
903 904
903 1071
904 118
905 782
905 906
906 950
907 908
907 1049
908 1160
909 858
909 910
910 1027
911 759
911 912
912 507
913 485
913 914
914 1150
915 916
915 1373
916 1179
917 830
917 918
918 1288
919 739
919 920
920 1344
921 733
921 922
922 428
923 924
923 1183
924 691
925 76
925 926
926 1176
927 70
927 928
928 364
929 930
929 1120
930 860
931 311
931 932
932 514
933 548
933 934
934 108
935 936
935 1337
936 751
937 938
937 1196
938 324
939 940
939 1263
940 895
941 210
941 942
942 914
943 805
943 944
944 549
945 766
945 946
946 958
947 115
947 948
948 38
949 205
949 950
950 293
951 283
951 952
952 1092
953 59
953 954
954 543
955 437
955 956
956 1105
957 181
957 958
958 708
959 801
959 960
960 1374
961 693
961 962
962 98
963 80
963 964
964 894
965 966
965 1209
966 752
967 308
967 968
968 946
969 331
969 970
970 1294
971 85
971 972
972 900
973 657
973 974
974 539
975 571
975 976
976 453
977 403
977 978
978 244
979 980
979 1163
980 1158
981 982
981 1256
982 196
983 984
983 1361
984 92
985 916
985 986
986 870
987 651
987 988
988 1322
989 907
989 990
990 266
991 806
991 992
992 1184
993 281
993 994
994 754
995 996
995 1134
996 96
997 630
997 998
998 718
999 1000
999 1169
1000 480
1001 601
1001 1002
1002 1036
1003 880
1003 1004
1004 540
1005 783
1005 1006
1006 1050
1007 785
1007 1008
1008 743
1009 379
1009 1010
1010 460
1011 252
1011 1012
1012 1356
1013 1014
1013 1152
1014 400
1015 1016
1015 1190
1016 986
1017 1018
1017 1266
1018 1276
1019 1020
1019 1173
1020 1207
1021 79
1021 1022
1022 206
1023 537
1023 1024
1024 1104
1025 558
1025 1026
1026 574
1027 904
1027 1028
1028 908
1029 365
1029 1030
1030 278
1031 259
1031 1032
1032 1231
1033 101
1033 1034
1034 314
1035 631
1035 1036
1036 110
1037 617
1037 1038
1038 503
1039 1012
1039 1040
1040 1002
1041 940
1041 1042
1042 664
1043 1044
1043 1137
1044 541
1045 220
1045 1046
1046 346
1047 883
1047 1048
1048 46
1049 533
1049 1050
1050 841
1051 113
1051 1052
1052 229
1053 1054
1053 1310
1054 1226
1055 498
1055 1056
1056 1053
1057 1058
1057 1138
1058 1274
1059 417
1059 1060
1060 146
1061 1062
1061 1187
1062 1341
1063 1064
1063 1339
1064 443
1065 997
1065 1066
1066 1112
1067 839
1067 1068
1068 679
1069 1070
1069 1214
1070 607
1071 471
1071 1072
1072 1075
1073 441
1073 1074
1074 219
1075 1076
1075 1298
1076 326
1077 939
1077 1078
1078 745
1079 306
1079 1080
1080 957
1081 1082
1081 1334
1082 1024
1083 891
1083 1084
1084 616
1085 842
1085 1086
1086 1074
1087 505
1087 1088
1088 1317
1089 1090
1089 1142
1090 1000
1091 359
1091 1092
1092 865
1093 215
1093 1094
1094 747
1095 2
1095 1096
1096 897
1097 1098
1097 1245
1098 1084
1099 325
1099 1100
1100 646
1101 6
1101 1102
1102 1062
1103 634
1103 1104
1104 11
1105 409
1105 1106
1106 1102
1107 376
1107 1108
1108 1370
1109 1110
1109 1131
1110 819
1111 735
1111 1112
1112 727
1113 810
1113 1114
1114 193
1115 1116
1115 1286
1116 1358
1117 1118
1117 1409
1118 586
1119 449
1119 1120
1120 72
1121 969
1121 1122
1122 121
1123 815
1123 1124
1124 846
1125 698
1125 1126
1126 43
1127 243
1127 1128
1128 882
1129 611
1129 1130
1130 8
1131 1132
1131 1219
1132 1059
1133 1134
1133 1253
1134 1136
1135 817
1135 1136
1136 1355
1137 176
1137 1138
1138 772
1139 575
1139 1140
1140 1006
1141 593
1141 1142
1142 1324
1143 421
1143 1144
1144 532
1145 126
1145 1146
1146 277
1147 580
1147 1148
1148 1306
1149 610
1149 1150
1150 372
1151 1152
1151 1389
1152 628
1153 713
1153 1154
1154 1244
1155 951
1155 1156
1156 179
1157 850
1157 1158
1158 345
1159 300
1159 1160
1160 682
1161 133
1161 1162
1162 862
1163 1164
1163 1304
1164 1032
1165 275
1165 1166
1166 31
1167 699
1167 1168
1168 1234
1169 1170
1169 1302
1170 937
1171 432
1171 1172
1172 792
1173 1174
1173 1203
1174 606
1175 1176
1175 1349
1176 868
1177 1178
1177 1394
1178 382
1179 597
1179 1180
1180 672
1181 461
1181 1182
1182 706
1183 1184
1183 1285
1184 1208
1185 620
1185 1186
1186 1040
1187 1047
1187 1188
1188 1346
1189 874
1189 1190
1190 1022
1191 1192
1191 1233
1192 979
1193 303
1193 1194
1194 1144
1195 385
1195 1196
1196 704
1197 1198
1197 1397
1198 107
1199 809
1199 1200
1200 933
1201 1202
1201 1375
1202 554
1203 1089
1203 1204
1204 494
1205 859
1205 1206
1206 398
1207 622
1207 1208
1208 556
1209 412
1209 1210
1210 284
1211 977
1211 1212
1212 701
1213 573
1213 1214
1214 602
1215 947
1215 1216
1216 399
1217 257
1217 1218
1218 821
1219 823
1219 1220
1220 322
1221 974
1221 1222
1222 482
1223 358
1223 1224
1224 1230
1225 1226
1225 1239
1226 849
1227 1091
1227 1228
1228 656
1229 1230
1229 1261
1230 936
1231 1232
1231 1264
1232 254
1233 1234
1233 1328
1234 1250
1235 1013
1235 1236
1236 492
1237 1156
1237 1238
1238 370
1239 27
1239 1240
1240 948
1241 1167
1241 1242
1242 1265
1243 525
1243 1244
1244 1051
1245 1019
1245 1246
1246 519
1247 469
1247 1248
1248 452
1249 1250
1249 1407
1250 496
1251 237
1251 1252
1252 184
1253 975
1253 1254
1254 502
1255 296
1255 1256
1256 84
1257 5
1257 1258
1258 531
1259 1260
1259 1315
1260 149
1261 487
1261 1262
1262 227
1263 678
1263 1264
1264 52
1265 1251
1265 1266
1266 425
1267 712
1267 1268
1268 905
1269 1165
1269 1270
1270 1046
1271 247
1271 1272
1272 1093
1273 134
1273 1274
1274 446
1275 145
1275 1276
1276 390
1277 17
1277 1278
1278 1224
1279 414
1279 1280
1280 1235
1281 669
1281 1282
1282 983
1283 544
1283 1284
1284 129
1285 1249
1285 1286
1286 1066
1287 697
1287 1288
1288 855
1289 714
1289 1290
1290 226
1291 67
1291 1292
1292 1258
1293 613
1293 1294
1294 213
1295 112
1295 1296
1296 1094
1297 1262
1297 1298
1298 1401
1299 1079
1299 1300
1300 274
1301 1065
1301 1302
1302 1145
1303 943
1303 1304
1304 407
1305 317
1305 1306
1306 286
1307 972
1307 1308
1308 589
1309 9
1309 1310
1310 1198
1311 959
1311 1312
1312 302
1313 529
1313 1314
1314 614
1315 433
1315 1316
1316 676
1317 915
1317 1318
1318 681
1319 1147
1319 1320
1320 1287
1321 1322
1321 1405
1322 640
1323 1324
1323 1385
1324 201
1325 530
1325 1326
1326 1222
1327 185
1327 1328
1328 430
1329 871
1329 1330
1330 1088
1331 333
1331 1332
1332 354
1333 209
1333 1334
1334 1043
1335 363
1335 1336
1336 906
1337 885
1337 1338
1338 350
1339 645
1339 1340
1340 256
1341 253
1341 1342
1342 1014
1343 1323
1343 1344
1344 926
1345 1205
1345 1346
1346 999
1347 1348
1347 1382
1348 1270
1349 329
1349 1350
1350 458
1351 137
1351 1352
1352 707
1353 26
1353 1354
1354 694
1355 238
1355 1356
1356 410
1357 864
1357 1358
1358 550
1359 392
1359 1360
1360 1402
1361 152
1361 1362
1362 1159
1363 340
1363 1364
1364 592
1365 552
1365 1366
1366 1180
1367 439
1367 1368
1368 111
1369 123
1369 1370
1370 1316
1371 16
1371 1372
1372 1278
1373 377
1373 1374
1374 320
1375 117
1375 1376
1376 455
1377 1174
1377 1378
1378 636
1379 341
1379 1380
1380 66
1381 56
1381 1382
1382 938
1383 1331
1383 1384
1384 68
1385 1386
1385 1391
1386 961
1387 773
1387 1388
1388 1246
1389 731
1389 1390
1390 182
1391 1330
1391 1392
1392 13
1393 1119
1393 1394
1394 427
1395 1377
1395 1396
1396 1114
1397 1201
1397 1398
1398 1080
1399 1161
1399 1400
1400 18
1401 1402
1401 1410
1402 1028
1403 265
1403 1404
1404 139
1405 853
1405 1406
1406 1111
1407 102
1407 1408
1408 848
1409 513
1409 1410
1410 1020
1411 794
1411 1412
1412 1054
1413 523
1413 1414
1414 1347
