0 43
0 395
3 73
3 1387
4 239
4 985
6 1297
5 50
7 953
7 1069
8 9
8 30
10 753
9 99
11 15
11 161
13 429
13 446
15 48
15 817
17 40
17 583
19 69
19 880
21 115
21 919
23 24
23 1287
24 107
25 26
25 986
26 409
27 28
27 609
28 262
29 30
29 932
30 1130
31 32
31 571
32 155
33 34
33 877
34 230
35 36
35 203
36 935
37 38
37 941
38 251
39 40
39 55
40 832
41 42
41 1080
42 829
43 44
43 1315
44 921
45 46
45 1182
46 560
47 48
47 1247
48 1258
49 4
49 50
50 620
51 52
51 265
52 616
53 54
53 504
54 1300
55 56
55 515
56 840
57 58
57 1310
58 392
59 60
59 741
60 415
61 62
61 525
62 1399
63 64
63 1125
64 1372
65 66
65 649
66 459
67 68
67 1114
68 451
69 70
69 323
70 1049
71 72
71 505
72 11
73 74
73 457
74 1303
75 76
75 347
76 491
77 78
77 611
78 156
79 80
79 138
80 174
81 82
81 759
82 1040
83 84
83 1220
84 1266
85 86
85 881
86 1075
87 88
87 927
88 1229
89 90
89 1294
90 686
91 92
91 851
92 521
93 94
93 437
94 148
95 96
95 407
96 1078
97 98
97 629
98 1142
99 100
99 486
100 343
101 102
101 731
102 206
103 104
103 1024
104 86
105 106
105 200
106 322
107 108
107 797
108 331
109 110
109 602
110 333
111 112
111 406
112 1066
113 114
113 536
114 292
115 116
115 1332
116 121
117 118
117 519
118 213
119 120
119 858
120 388
121 122
121 1327
122 461
123 124
123 441
124 882
125 60
125 126
126 106
127 128
127 1143
128 540
129 130
129 723
130 310
131 132
131 411
132 356
133 134
133 951
134 1160
135 136
135 212
136 1293
137 138
137 293
138 1102
139 140
139 758
140 722
141 142
141 273
142 747
143 144
143 1084
144 82
145 146
145 599
146 1239
147 148
147 162
148 746
149 150
149 401
150 872
151 152
151 585
152 580
153 154
153 421
154 1042
155 156
155 165
156 1046
157 158
157 689
158 52
159 160
159 187
160 712
161 162
161 1370
162 1323
163 31
163 164
164 472
165 166
165 291
166 1321
167 168
167 787
168 849
169 170
169 981
170 438
171 172
171 191
172 715
173 174
173 705
174 1174
175 51
175 176
176 755
177 178
177 657
178 41
179 180
179 553
180 1379
181 182
181 275
182 506
183 184
183 458
184 382
185 186
185 978
186 1072
187 188
187 1279
188 1134
189 190
189 1037
190 834
191 192
191 1348
192 105
193 194
193 1003
194 661
195 196
195 871
196 554
197 87
197 198
198 535
199 200
199 942
200 1262
201 202
201 1352
202 994
203 204
203 863
204 716
205 206
205 1337
206 1253
207 208
207 1149
208 104
209 210
209 1351
210 808
211 212
211 843
212 653
213 214
213 218
214 820
215 216
215 635
216 805
217 39
217 218
218 243
219 220
219 1013
220 274
221 222
221 574
222 778
223 224
223 734
224 762
225 226
225 1267
226 374
227 228
227 1022
228 867
229 230
229 1077
230 1151
231 232
231 886
232 432
233 234
233 1389
234 1391
235 236
235 615
236 410
237 118
237 238
238 1187
239 168
239 240
240 1355
241 242
241 708
242 172
243 244
243 483
244 149
245 246
245 1405
246 355
247 224
247 248
248 1120
249 250
249 373
250 1140
251 252
251 493
252 534
253 254
253 765
254 346
255 256
255 810
256 1236
257 258
257 489
258 75
259 6
259 260
260 304
261 262
261 1135
262 1048
263 264
263 873
264 22
265 266
265 1210
266 575
267 261
267 268
268 1223
269 270
269 777
270 232
271 272
271 707
272 1148
273 269
273 274
274 46
275 276
275 665
276 300
277 278
277 963
278 245
279 83
279 280
280 326
281 53
281 282
282 354
283 25
283 284
284 178
285 286
285 1131
286 1340
287 288
287 738
288 584
289 290
289 1191
290 730
291 292
291 725
292 767
293 287
293 294
294 196
295 296
295 559
296 244
297 298
297 1386
298 1087
299 220
299 300
300 146
301 302
301 879
302 143
303 304
303 529
304 634
305 306
305 1403
306 546
307 10
307 308
308 1375
309 310
309 915
310 1292
311 216
311 312
312 853
313 314
313 474
314 582
315 202
315 316
316 718
317 133
317 318
318 398
319 320
319 771
320 1414
321 322
321 1380
322 378
323 324
323 975
324 806
325 326
325 636
326 412
327 328
327 1298
328 581
329 330
329 370
330 544
331 332
331 467
332 208
333 334
333 1356
334 844
335 336
335 680
336 460
337 338
337 568
338 1028
339 340
339 920
340 1000
341 342
341 1167
342 662
343 344
343 973
344 90
345 346
345 579
346 125
347 348
347 895
348 819
349 350
349 798
350 1168
351 352
351 393
352 1252
353 354
353 496
354 980
355 356
355 912
356 898
357 358
357 1314
358 1101
359 360
359 481
360 254
361 362
361 761
362 831
363 364
363 1381
364 1081
365 366
365 397
366 418
367 368
367 507
368 498
369 242
369 370
370 516
371 372
371 613
372 538
373 374
373 587
374 1318
375 376
375 663
376 312
377 378
377 549
378 1296
379 45
379 380
380 510
381 382
381 647
382 1096
383 384
383 1409
384 1169
385 386
385 1413
386 548
387 388
387 1211
388 982
389 67
389 390
390 990
391 392
391 742
392 250
393 394
393 424
394 416
395 396
395 917
396 57
397 398
397 547
398 152
399 400
399 1007
400 440
401 402
401 957
402 773
403 195
403 404
404 348
405 406
405 679
406 674
407 408
407 1079
408 151
409 410
409 1063
410 276
411 412
411 719
412 302
413 414
413 804
414 628
415 416
415 950
416 1368
417 147
417 418
418 1290
419 420
419 482
420 782
421 422
421 455
422 732
423 424
423 562
424 1093
425 426
425 1285
426 539
427 9
427 428
428 943
429 430
429 677
430 836
431 198
431 432
432 98
433 342
433 434
434 350
435 436
435 1207
436 452
437 438
437 1038
438 1230
439 440
439 453
440 68
441 442
441 945
442 332
443 96
443 444
444 1276
445 446
445 1035
446 238
447 448
447 839
448 1334
449 450
449 588
450 749
451 119
451 452
452 1163
453 454
453 1036
454 1057
455 456
455 471
456 854
457 259
457 458
458 655
459 460
459 1341
460 329
461 462
461 1043
462 227
463 122
463 464
464 714
465 466
465 473
466 264
467 70
467 468
468 166
469 470
469 687
470 564
471 145
471 472
472 606
473 474
473 637
474 140
475 476
475 591
476 1145
477 478
477 939
478 1404
479 207
479 480
480 627
481 81
481 482
482 308
483 484
483 1345
484 340
485 135
485 486
486 1244
487 488
487 1339
488 153
489 490
489 772
490 419
491 492
491 1260
492 368
493 494
493 721
494 364
495 376
495 496
496 996
497 318
497 498
498 728
499 500
499 757
500 595
501 502
501 641
502 508
503 504
503 1249
504 314
505 33
505 506
506 328
507 508
507 841
508 964
509 510
509 669
510 751
511 296
511 512
512 748
513 514
513 846
514 1136
515 381
515 516
516 136
517 449
517 518
518 1361
519 520
519 1311
520 756
521 522
521 959
522 1050
523 524
523 593
524 454
525 526
525 865
526 1275
527 528
527 727
528 650
529 257
529 530
530 850
531 383
531 532
532 590
533 534
533 892
534 754
535 536
535 597
536 565
537 34
537 538
538 1008
539 540
539 1030
540 1378
541 542
541 739
542 199
543 281
543 544
544 1278
545 159
545 546
546 28
547 548
547 1173
548 443
549 550
549 1401
550 185
551 552
551 1041
552 812
553 211
553 554
554 1365
555 556
555 1263
556 646
557 229
557 558
558 671
559 335
559 560
560 701
561 271
561 562
562 860
563 564
563 1363
564 1254
565 566
565 861
566 1309
567 568
567 979
568 1107
569 139
569 570
570 518
571 17
571 572
572 430
573 574
573 783
574 683
575 576
575 966
576 444
577 578
577 1219
578 1398
579 311
579 580
580 967
581 582
581 1208
582 922
583 584
583 724
584 828
585 586
585 928
586 1194
587 557
587 588
588 1199
589 590
589 1395
590 814
591 91
591 592
592 976
593 594
593 1195
594 1304
595 596
595 675
596 1392
597 320
597 598
598 1215
599 543
599 600
600 1106
601 602
601 1105
602 800
603 241
603 604
604 1164
605 531
605 606
606 1366
607 608
607 1144
608 1388
609 610
609 631
610 1358
611 612
611 931
612 116
613 614
613 776
614 1146
615 616
615 855
616 910
617 154
617 618
618 736
619 337
619 620
620 1015
621 622
621 780
622 1029
623 624
623 809
624 938
625 545
625 626
626 400
627 628
627 786
628 1286
629 10
629 630
630 704
631 632
631 645
632 252
633 249
633 634
634 1307
635 636
635 1172
636 552
637 129
637 638
638 916
639 76
639 640
640 289
641 642
641 969
642 913
643 341
643 644
644 1152
645 646
645 811
646 988
647 648
647 1165
648 1245
649 23
649 650
650 833
651 652
651 1325
652 1222
653 285
653 654
654 799
655 656
655 1397
656 64
657 658
657 801
658 123
659 63
659 660
660 700
661 387
661 662
662 1316
663 255
663 664
664 1206
665 6
665 666
666 1394
667 668
667 673
668 768
669 511
669 670
670 983
671 672
671 743
672 598
673 674
673 1317
674 141
675 676
675 888
676 706
677 456
677 678
678 204
679 680
679 779
680 85
681 435
681 682
682 1306
683 684
683 1218
684 442
685 137
685 686
686 821
687 688
687 894
688 781
689 690
689 914
690 900
691 160
691 692
692 1280
693 694
693 1283
694 1282
695 696
695 1189
696 1289
697 698
697 784
698 676
699 700
699 838
700 607
701 702
701 903
702 682
703 448
703 704
704 1170
705 413
705 706
706 1137
707 708
707 1109
708 648
709 577
709 710
710 163
711 712
711 796
712 16
713 667
713 714
714 1098
715 716
715 1020
716 1396
717 718
717 1201
718 1025
719 345
719 720
720 192
721 24
721 722
722 1
723 569
723 724
724 874
725 726
725 1281
726 672
727 309
727 728
728 1328
729 730
729 1192
730 1095
731 732
731 1123
732 944
733 499
733 734
734 1411
735 379
735 736
736 1026
737 738
737 789
738 526
739 339
739 740
740 1308
741 180
741 742
742 1204
743 735
743 744
744 500
745 503
745 746
746 114
747 745
747 748
748 934
749 750
749 1342
750 428
751 578
751 752
752 514
753 754
753 1055
754 610
755 537
755 756
756 1256
757 142
757 758
758 857
759 502
759 760
760 325
761 284
761 762
762 1216
763 465
763 764
764 614
765 766
765 1023
766 971
767 391
767 768
768 524
769 770
769 1299
770 256
771 681
771 772
772 260
773 774
773 902
774 307
775 776
775 1153
776 1305
777 775
777 778
778 1071
779 780
779 1217
780 1251
781 782
781 1113
782 644
783 784
783 802
784 1156
785 786
785 795
786 1302
787 263
787 788
788 1329
789 21
789 790
790 807
791 790
791 792
792 658
793 367
793 794
794 744
795 796
795 905
796 600
797 798
797 1383
798 1068
799 800
799 1224
800 1364
801 802
801 1197
802 842
803 804
803 918
804 1090
805 806
805 878
806 484
807 279
807 808
808 601
809 233
809 810
810 1117
811 617
811 812
812 351
813 278
813 814
814 384
815 816
815 1265
816 248
817 103
817 818
818 1273
819 194
819 820
820 936
821 822
821 1406
822 946
823 12
823 824
824 120
825 826
825 1400
826 170
827 695
827 828
828 272
829 752
829 830
830 470
831 670
831 832
832 1330
833 834
833 1010
834 822
835 77
835 836
836 164
837 838
837 1261
838 1291
839 558
839 840
840 875
841 533
841 842
842 237
843 844
843 1359
844 1203
845 846
845 1320
846 42
847 848
847 897
848 664
849 555
849 850
850 182
851 852
851 1127
852 171
853 306
853 854
854 956
855 501
855 856
856 1202
857 363
857 858
858 1179
859 117
859 860
860 205
861 862
861 1061
862 464
863 7
863 864
864 1338
865 866
865 1099
866 324
867 622
867 868
868 74
869 61
869 870
870 352
871 561
871 872
872 110
873 197
873 874
874 517
875 89
875 876
876 1238
877 221
877 878
878 1250
879 880
879 965
880 463
881 882
881 1091
882 1031
883 619
883 884
884 803
885 886
885 1231
886 566
887 633
887 888
888 290
889 697
889 890
890 490
891 892
891 1021
892 1132
893 469
893 894
894 1288
895 176
895 896
896 1233
897 898
897 1225
898 528
899 589
899 900
900 1301
901 660
901 902
902 1155
903 509
903 904
904 962
905 845
905 906
906 228
907 78
907 908
908 1157
909 910
909 1205
910 1324
911 912
911 1183
912 1234
913 621
913 914
914 357
915 643
915 916
916 1373
917 918
917 1331
918 852
919 869
919 920
920 909
921 922
921 1111
922 478
923 101
923 924
924 1161
925 72
925 926
926 495
927 928
927 1408
928 541
929 5
929 930
930 1112
931 932
931 1067
932 737
933 934
933 1045
934 1248
935 936
935 1213
936 1186
937 938
937 1044
938 1228
939 940
939 1209
940 1166
941 685
941 942
942 1264
943 908
943 944
944 1214
945 946
945 1295
946 764
947 88
947 948
948 711
949 523
949 950
950 729
951 923
951 952
952 769
953 188
953 954
954 1402
955 956
955 1016
956 862
957 369
957 958
958 1076
959 960
959 1009
960 327
961 59
961 962
962 638
963 37
963 964
964 423
965 5
965 966
966 1119
967 109
967 968
968 1104
969 733
969 970
970 1108
971 487
971 972
972 1138
973 294
973 974
974 13
975 550
975 976
976 520
977 978
977 1255
978 1033
979 447
979 980
980 830
981 982
981 1039
982 654
983 386
983 984
984 18
985 223
985 986
986 201
987 988
987 1085
988 513
989 883
989 990
990 93
991 864
991 992
992 572
993 690
993 994
994 1054
995 399
995 996
996 866
997 27
997 998
998 750
999 240
999 1000
1000 594
1001 425
1001 1002
1002 1062
1003 713
1003 1004
1004 698
1005 901
1005 1006
1006 1354
1007 475
1007 1008
1008 280
1009 1010
1009 1385
1010 984
1011 1012
1011 1196
1012 84
1013 1014
1013 1060
1014 702
1015 893
1015 1016
1016 169
1017 301
1017 1018
1018 586
1019 924
1019 1020
1020 1141
1021 225
1021 1022
1022 266
1023 887
1023 1024
1024 1110
1025 1026
1025 1058
1026 313
1027 427
1027 1028
1028 1115
1029 298
1029 1030
1030 1349
1031 97
1031 1032
1032 911
1033 1034
1033 1147
1034 102
1035 766
1035 1036
1036 856
1037 1038
1037 1407
1038 696
1039 904
1039 1040
1040 1336
1041 1042
1041 1051
1042 258
1043 380
1043 1044
1044 112
1045 439
1045 1046
1046 426
1047 209
1047 1048
1048 899
1049 1050
1049 1284
1050 1103
1051 431
1051 1052
1052 570
1053 659
1053 1054
1054 870
1055 972
1055 1056
1056 1065
1057 632
1057 1058
1058 630
1059 377
1059 1060
1060 542
1061 1062
1061 1313
1062 794
1063 792
1063 1064
1064 1246
1065 825
1065 1066
1066 1158
1067 623
1067 1068
1068 605
1069 885
1069 1070
1070 1088
1071 226
1071 1072
1072 344
1073 710
1073 1074
1074 651
1075 1076
1075 1240
1076 968
1077 709
1077 1078
1078 436
1079 183
1079 1080
1080 1004
1081 827
1081 1082
1082 1412
1083 1084
1083 1257
1084 930
1085 791
1085 1086
1086 492
1087 813
1087 1088
1088 512
1089 949
1089 1090
1090 1064
1091 763
1091 1092
1092 1129
1093 987
1093 1094
1094 108
1095 1096
1095 1410
1096 958
1097 1098
1097 1269
1098 1272
1099 699
1099 1100
1100 884
1101 414
1101 1102
1102 1014
1103 656
1103 1104
1104 358
1105 1012
1105 1106
1106 824
1107 952
1107 1108
1108 1190
1109 977
1109 1110
1110 815
1111 1112
1111 1159
1112 1056
1113 1027
1113 1114
1114 80
1115 494
1115 1116
1116 1322
1117 1118
1117 1347
1118 1121
1119 1120
1119 1319
1120 186
1121 38
1121 1122
1122 124
1123 1053
1123 1124
1124 876
1125 717
1125 1126
1126 1390
1127 189
1127 1128
1128 173
1129 527
1129 1130
1130 625
1131 29
1131 1132
1132 319
1133 1017
1133 1134
1134 299
1135 1136
1135 1271
1136 214
1137 1070
1137 1138
1138 321
1139 1140
1139 1344
1140 1346
1141 961
1141 1142
1142 848
1143 303
1143 1144
1144 1018
1145 433
1145 1146
1146 937
1147 760
1147 1148
1148 247
1149 925
1149 1150
1150 652
1151 215
1151 1152
1152 1180
1153 1089
1153 1154
1154 236
1155 1002
1155 1156
1156 336
1157 993
1157 1158
1158 668
1159 8
1159 1160
1160 450
1161 385
1161 1162
1162 788
1163 288
1163 1164
1164 1126
1165 403
1165 1166
1166 691
1167 1097
1167 1168
1168 774
1169 948
1169 1170
1170 624
1171 891
1171 1172
1172 100
1173 131
1173 1174
1174 190
1175 1176
1175 1326
1176 1376
1177 693
1177 1178
1178 58
1179 283
1179 1180
1180 816
1181 1118
1181 1182
1182 1226
1183 468
1183 1184
1184 1350
1185 134
1185 1186
1186 947
1187 1124
1187 1188
1188 1200
1189 640
1189 1190
1190 1122
1191 1192
1191 1371
1192 231
1193 1005
1193 1194
1194 44
1195 277
1195 1196
1196 818
1197 175
1197 1198
1198 1154
1199 181
1199 1200
1200 1086
1201 445
1201 1202
1202 1243
1203 1188
1203 1204
1204 1006
1205 235
1205 1206
1206 362
1207 1133
1207 1208
1208 703
1209 65
1209 1210
1210 49
1211 694
1211 1212
1212 896
1213 71
1213 1214
1214 992
1215 417
1215 1216
1216 1274
1217 837
1217 1218
1218 688
1219 485
1219 1220
1220 32
1221 349
1221 1222
1222 267
1223 1224
1223 1270
1224 150
1225 1198
1225 1226
1226 94
1227 126
1227 1228
1228 282
1229 868
1229 1230
1230 1175
1231 1092
1231 1232
1232 666
1233 157
1233 1234
1234 1382
1235 1059
1235 1236
1236 974
1237 1116
1237 1238
1238 79
1239 785
1239 1240
1240 907
1241 253
1241 1242
1242 408
1243 365
1243 1244
1244 997
1245 127
1245 1246
1246 1181
1247 338
1247 1248
1248 128
1249 371
1249 1250
1250 66
1251 906
1251 1252
1252 270
1253 530
1253 1254
1254 286
1255 405
1255 1256
1256 1011
1257 54
1257 1258
1258 940
1259 1193
1259 1260
1260 626
1261 167
1261 1262
1262 608
1263 1047
1263 1264
1264 1073
1265 222
1265 1266
1266 315
1267 567
1267 1268
1268 592
1269 1270
1269 1335
1270 390
1271 1272
1271 1377
1272 678
1273 462
1273 1274
1274 353
1275 1242
1275 1276
1276 692
1277 47
1277 1278
1278 576
1279 130
1279 1280
1280 158
1281 1001
1281 1282
1282 1212
1283 1019
1283 1284
1284 1367
1285 297
1285 1286
1286 316
1287 989
1287 1288
1288 1177
1289 1237
1289 1290
1290 1374
1291 317
1291 1292
1292 563
1293 1094
1293 1294
1294 1178
1295 1128
1295 1296
1296 2
1297 35
1297 1298
1298 639
1299 177
1299 1300
1300 603
1301 770
1301 1302
1302 394
1303 998
1303 1304
1304 1333
1305 295
1305 1306
1306 14
1307 1259
1307 1308
1308 847
1309 740
1309 1310
1310 476
1311 193
1311 1312
1312 684
1313 1268
1313 1314
1314 720
1315 1171
1315 1316
1316 234
1317 1318
1317 1343
1318 1185
1319 1150
1319 1320
1320 999
1321 991
1321 1322
1322 144
1323 1324
1323 1360
1324 532
1325 926
1325 1326
1326 210
1327 477
1327 1328
1328 184
1329 890
1329 1330
1330 522
1331 3
1331 1332
1332 375
1333 1334
1333 1362
1334 420
1335 1083
1335 1336
1336 826
1337 929
1337 1338
1338 556
1339 92
1339 1340
1340 20
1341 479
1341 1342
1342 1277
1343 995
1343 1344
1344 389
1345 36
1345 1346
1346 1034
1347 488
1347 1348
1348 793
1349 366
1349 1350
1350 56
1351 111
1351 1352
1352 642
1353 219
1353 1354
1354 1227
1355 970
1355 1356
1356 618
1357 95
1357 1358
1358 422
1359 859
1359 1360
1360 268
1361 19
1361 1362
1362 596
1363 573
1363 1364
1364 1082
1365 1052
1365 1366
1366 604
1367 361
1367 1368
1368 1184
1369 1100
1369 1370
1370 960
1371 1221
1371 1372
1372 1176
1373 396
1373 1374
1374 823
1375 1032
1375 1376
1376 132
1377 360
1377 1378
1378 434
1379 933
1379 1380
1380 1162
1381 359
1381 1382
1382 330
1383 1074
1383 1384
1384 480
1385 1357
1385 1386
1386 1139
1387 179
1387 1388
1388 402
1389 217
1389 1390
1390 497
1391 889
1391 1392
1392 1384
1393 1353
1393 1394
1394 246
1395 404
1395 1396
1396 372
1397 612
1397 1398
1398 26
1399 1369
1399 1400
1400 726
1401 551
1401 1402
1402 955
1403 1312
1403 1404
1404 466
1405 305
1405 1406
1406 1232
1407 835
1407 1408
1408 1241
1409 113
1409 1410
1410 954
1411 62
1411 1412
1412 334
1413 1235
1413 1414
1414 1393
