0 21
0 541
2 54
2 1188
3 469
3 1015
4 201
4 591
6 1045
5 359
7 148
7 1395
9 11
8 658
8 1012
10 524
13 112
13 977
15 196
15 291
17 812
17 1269
19 454
19 514
21 149
21 1413
23 24
23 327
24 277
25 26
25 707
26 1058
27 28
27 733
28 869
29 30
29 921
30 265
31 32
31 1215
32 1178
33 34
33 129
34 340
35 36
35 517
36 336
37 38
37 1179
38 44
39 40
39 634
40 266
41 42
41 338
42 902
43 44
43 969
44 476
45 46
45 215
46 1304
47 48
47 765
48 297
49 50
49 1259
50 684
51 52
51 461
52 418
53 54
53 482
54 860
55 56
55 1285
56 982
57 58
57 217
58 278
59 60
59 560
60 1292
61 62
61 132
62 1221
63 64
63 644
64 20
65 66
65 1081
66 172
67 31
67 68
68 1279
69 70
69 883
70 1095
71 72
71 965
72 659
73 74
73 137
74 1
75 76
75 1204
76 916
77 78
77 585
78 1231
79 80
79 1007
80 948
81 82
81 1356
82 896
83 84
83 435
84 1054
85 86
85 622
86 374
87 88
87 898
88 807
89 90
89 445
90 576
91 92
91 942
92 1236
93 94
93 165
94 1184
95 69
95 96
96 1394
97 98
97 259
98 830
99 100
99 281
100 566
101 102
101 624
102 720
103 104
103 107
104 994
105 106
105 1091
106 1076
107 108
107 1125
108 352
109 110
109 369
110 660
111 112
111 1412
112 378
113 114
113 637
114 232
115 116
115 612
116 466
117 118
117 940
118 379
119 120
119 939
120 1339
121 122
121 743
122 962
123 124
123 805
124 796
125 126
125 296
126 736
127 128
127 1020
128 78
129 130
129 1174
130 349
131 132
131 695
132 938
133 134
133 293
134 455
135 136
135 845
136 143
137 138
137 1073
138 1141
139 140
139 309
140 67
141 142
141 1359
142 522
143 144
143 599
144 284
145 146
145 953
146 862
147 148
147 385
148 10
149 150
149 1155
150 650
151 152
151 721
152 453
153 154
153 1037
154 145
155 156
155 545
156 125
157 158
157 826
158 1033
159 160
159 183
160 589
161 162
161 471
162 662
163 164
163 178
164 56
165 166
165 1367
166 1027
167 168
167 726
168 292
169 170
169 663
170 920
171 106
171 172
172 1004
173 174
173 491
174 646
175 176
175 326
176 242
177 178
177 603
178 260
179 180
179 1281
180 1066
181 182
181 831
182 159
183 184
183 865
184 1110
185 186
185 1261
186 82
187 188
187 769
188 390
189 190
189 734
190 282
191 192
191 1408
192 276
193 194
193 1086
194 216
195 196
195 412
196 302
197 198
197 881
198 63
199 200
199 415
200 1298
201 152
201 202
202 1341
203 204
203 1336
204 1330
205 206
205 605
206 500
207 208
207 508
208 1411
209 210
209 744
210 401
211 212
211 643
212 252
213 214
213 429
214 766
215 216
215 1345
216 1264
217 218
217 777
218 968
219 220
219 759
220 442
221 222
221 722
222 1160
223 224
223 559
224 1222
225 147
225 226
226 1055
227 228
227 1059
228 554
229 230
229 1287
230 986
231 232
231 344
232 1142
233 234
233 551
234 305
235 236
235 797
236 314
237 238
237 908
238 371
239 240
239 849
240 1150
241 242
241 913
242 18
243 244
243 1380
244 381
245 246
245 628
246 666
247 171
247 248
248 1010
249 223
249 250
250 1212
251 252
251 361
252 1143
253 254
253 1077
254 891
255 256
255 716
256 702
257 49
257 258
258 370
259 260
259 683
260 1078
261 237
261 262
262 1090
263 264
263 963
264 1376
265 266
265 493
266 767
267 52
267 268
268 565
269 120
269 270
270 692
271 272
271 1103
272 801
273 274
273 311
274 1368
275 276
275 773
276 1152
277 278
277 357
278 654
279 280
279 543
280 1275
281 282
281 462
282 884
283 284
283 353
284 556
285 286
285 1147
286 1226
287 288
287 533
288 1372
289 290
289 331
290 367
291 292
291 842
292 1358
293 294
293 755
294 1377
295 296
295 636
296 368
297 298
297 602
298 186
299 300
299 924
300 1044
301 185
301 302
302 95
303 23
303 304
304 307
305 306
305 740
306 47
307 308
307 1252
308 30
309 310
309 850
310 682
311 312
311 1253
312 1314
313 314
313 999
314 688
315 316
315 901
316 786
317 318
317 633
318 676
319 109
319 320
320 539
321 322
321 1098
322 404
323 227
323 324
324 571
325 326
325 1397
326 376
327 328
327 1239
328 19
329 330
329 520
330 1266
331 332
331 616
332 892
333 334
333 907
334 316
335 336
335 529
336 1144
337 338
337 792
338 1338
339 225
339 340
340 818
341 342
341 991
342 2
343 344
343 837
344 956
345 77
345 346
346 1165
347 229
347 348
348 627
349 350
349 887
350 1329
351 352
351 1177
352 406
353 354
353 431
354 1318
355 356
355 552
356 839
357 358
357 1332
358 1063
359 360
359 1337
360 678
361 362
361 366
362 1310
363 364
363 798
364 245
365 60
365 366
366 410
367 92
367 368
368 330
369 370
369 1391
370 1309
371 372
371 775
372 187
373 157
373 374
374 943
375 376
375 1209
376 700
377 378
377 1229
378 1326
379 380
379 828
380 205
381 382
381 1274
382 1400
383 384
383 687
384 372
385 386
385 1061
386 878
387 388
387 705
388 50
389 390
389 1250
390 1168
391 392
391 987
392 1052
393 394
393 537
394 118
395 396
395 553
396 142
397 398
397 947
398 150
399 400
399 1115
400 1390
401 298
401 402
402 951
403 404
403 1042
404 1156
405 406
405 1121
406 1289
407 317
407 408
408 325
409 410
409 1129
410 1003
411 412
411 424
412 558
413 409
413 414
414 269
415 416
415 926
416 694
417 279
417 418
418 989
419 414
419 420
420 858
421 422
421 731
422 255
423 83
423 424
424 1053
425 426
425 749
426 228
427 35
427 428
428 416
429 430
429 1203
430 1046
431 4
431 432
432 647
433 434
433 1355
434 1130
435 119
435 436
436 1164
437 438
437 1333
438 62
439 93
439 440
440 430
441 442
441 1403
442 1300
443 444
443 696
444 754
445 446
445 542
446 1322
447 421
447 448
448 1009
449 450
449 618
450 1005
451 452
451 799
452 341
453 241
453 454
454 443
455 451
455 456
456 104
457 283
457 458
458 1018
459 460
459 1389
460 527
461 462
461 1139
462 1075
463 464
463 876
464 268
465 466
465 569
466 444
467 468
467 983
468 355
469 33
469 470
470 7
471 261
471 472
472 211
473 472
473 474
474 72
475 476
475 774
476 955
477 315
477 478
478 600
479 480
479 1100
480 210
481 482
481 1295
482 823
483 335
483 484
484 820
485 486
485 1232
486 606
487 488
487 1149
488 699
489 490
489 1181
490 84
491 492
491 717
492 9
493 310
493 494
494 312
495 87
495 496
496 922
497 498
497 1323
498 321
499 114
499 500
500 41
501 392
501 502
502 640
503 6
503 504
504 711
505 506
505 1117
506 332
507 85
507 508
508 757
509 510
509 949
510 944
511 512
511 1200
512 626
513 514
513 871
514 758
515 516
515 555
516 1094
517 417
517 518
518 753
519 520
519 840
520 978
521 522
521 635
522 1348
523 167
523 524
524 992
525 526
525 815
526 1256
527 528
527 1243
528 1263
529 530
529 1109
530 1233
531 532
531 1393
532 1379
533 534
533 1043
534 89
535 536
535 1277
536 1038
537 251
537 538
538 318
539 540
539 1353
540 1363
541 542
541 1190
542 386
543 544
543 739
544 724
545 546
545 621
546 548
547 548
547 975
548 581
549 550
549 1185
550 998
551 552
551 1049
552 836
553 218
553 554
554 856
555 556
555 1331
556 304
557 558
557 923
558 1132
559 560
559 1013
560 729
561 382
561 562
562 844
563 564
563 903
564 674
565 566
565 1196
566 428
567 568
567 905
568 329
569 570
569 593
570 127
571 572
571 1374
572 1370
573 574
573 960
574 1087
575 436
575 576
576 890
577 578
577 723
578 886
579 580
579 1405
580 174
581 582
581 728
582 130
583 397
583 584
584 394
585 586
585 1293
586 126
587 448
587 588
588 363
589 590
589 1325
590 854
591 592
591 1385
592 709
593 594
593 649
594 824
595 596
595 1194
596 770
597 598
597 1008
598 609
599 600
599 1381
600 819
601 301
601 602
602 190
603 604
603 762
604 222
605 479
605 606
606 1272
607 608
607 669
608 510
609 481
609 610
610 704
611 612
611 1120
612 36
613 457
613 614
614 177
615 28
615 616
616 1111
617 303
617 618
618 1175
619 620
619 1072
620 51
621 518
621 622
622 1191
623 624
623 1048
624 478
625 626
625 877
626 487
627 628
627 929
628 286
629 630
629 1170
630 168
631 632
631 1158
632 1388
633 323
633 634
634 351
635 636
635 1035
636 834
637 27
637 638
638 972
639 468
639 640
640 638
641 642
641 889
642 1112
643 644
643 1237
644 1383
645 646
645 1096
646 300
647 648
647 1085
648 864
649 650
649 873
650 1108
651 652
651 681
652 136
653 55
653 654
654 403
655 656
655 1154
656 1378
657 324
657 658
658 1230
659 660
659 1014
660 614
661 662
661 1126
662 1029
663 664
663 1093
664 1302
665 666
665 1163
666 586
667 549
667 668
668 927
669 670
669 708
670 1000
671 672
671 1251
672 874
673 674
673 690
674 1362
675 676
675 1247
676 1240
677 294
677 678
678 530
679 285
679 680
680 480
681 682
681 995
682 906
683 684
683 1207
684 122
685 686
685 1280
686 1159
687 688
687 781
688 1146
689 690
689 1032
690 1106
691 656
691 692
692 604
693 694
693 825
694 173
695 696
695 1327
696 102
697 239
697 698
698 253
699 700
699 1340
700 115
701 267
701 702
702 209
703 583
703 704
704 1305
705 113
705 706
706 1361
707 708
707 851
708 592
709 710
709 1047
710 224
711 17
711 712
712 256
713 714
713 1135
714 590
715 272
715 716
716 474
717 718
717 795
718 485
719 610
719 720
720 632
721 515
721 722
722 875
723 263
723 724
724 1242
725 726
725 857
726 144
727 728
727 1387
728 1218
729 730
729 841
730 1036
731 732
731 1291
732 677
733 734
733 1321
734 121
735 736
735 914
736 1270
737 738
737 1089
738 1296
739 740
739 941
740 425
741 742
741 915
742 598
743 577
743 744
744 1040
745 532
745 746
746 1319
747 573
747 748
748 751
749 750
749 911
750 422
751 752
751 855
752 334
753 754
753 1017
754 1084
755 131
755 756
756 679
757 758
757 1343
758 782
759 760
759 827
760 13
761 521
761 762
762 383
763 200
763 764
764 170
765 246
765 766
766 1278
767 752
767 768
768 238
769 770
769 1148
770 166
771 39
771 772
772 490
773 343
773 774
774 483
775 37
775 776
776 81
777 778
777 1122
778 1034
779 780
779 957
780 1138
781 782
781 1260
782 1290
783 347
783 784
784 236
785 786
785 1409
786 574
787 788
787 810
788 852
789 790
789 1123
790 1136
791 792
791 1268
792 1216
793 794
793 1354
794 578
795 796
795 1406
796 64
797 575
797 798
798 689
799 619
799 800
800 648
801 802
801 1271
802 502
803 423
803 804
804 763
805 625
805 806
806 308
807 339
807 808
808 204
809 810
809 933
810 295
811 155
811 812
812 460
813 531
813 814
814 1235
815 816
815 1258
816 504
817 579
817 818
818 594
819 816
819 820
820 544
821 407
821 822
822 440
823 655
823 824
824 1024
825 313
825 826
826 1187
827 761
827 828
828 1335
829 567
829 830
830 964
831 811
831 832
832 1328
833 834
833 1173
834 1265
835 836
835 1267
836 958
837 838
837 1195
838 1276
839 377
839 840
840 750
841 842
841 1171
842 996
843 844
843 1128
844 1206
845 846
845 1161
846 738
847 848
847 1153
848 101
849 850
849 937
850 467
851 852
851 1051
852 791
853 854
853 893
854 9
855 459
855 856
856 248
857 858
857 1257
858 1080
859 180
859 860
860 788
861 497
861 862
862 595
863 465
863 864
864 243
865 503
865 866
866 195
867 735
867 868
868 1016
869 601
869 870
870 882
871 675
871 872
872 175
873 73
873 874
874 685
875 477
875 876
876 919
877 878
877 997
878 396
879 495
879 880
880 438
881 5
881 882
882 99
883 546
883 884
884 364
885 498
885 886
886 1064
887 100
887 888
888 1410
889 287
889 890
890 1193
891 892
891 1065
892 299
893 40
893 894
894 1092
895 745
895 896
896 988
897 249
897 898
898 179
899 897
899 900
900 904
901 902
901 1119
902 1306
903 904
903 1145
904 793
905 906
905 1166
906 853
907 140
907 908
908 1107
909 207
909 910
910 1021
911 43
911 912
912 1301
913 914
913 1248
914 509
915 916
915 1105
916 800
917 452
917 918
918 450
919 814
919 920
920 46
921 833
921 922
922 419
923 847
923 924
924 34
925 257
925 926
926 525
927 928
927 1219
928 686
929 846
929 930
930 1039
931 492
931 932
932 16
933 917
933 934
934 206
935 715
935 936
936 66
937 387
937 938
938 1382
939 725
939 940
940 1249
941 942
941 1371
942 730
943 944
943 1402
944 990
945 946
945 1182
946 22
947 620
947 948
948 661
949 668
949 950
950 1246
951 608
951 952
952 710
953 582
953 954
954 611
955 499
955 956
956 458
957 65
957 958
958 945
959 151
959 960
960 895
961 117
961 962
962 1254
963 161
963 964
964 14
965 68
965 966
966 400
967 670
967 968
968 1224
969 813
969 970
970 1186
971 607
971 972
972 1386
973 974
973 1069
974 1060
975 976
975 1197
976 10
977 523
977 978
978 673
979 235
979 980
980 356
981 494
981 982
982 1183
983 289
983 984
984 58
985 587
985 986
986 90
987 105
987 988
988 1070
989 789
989 990
990 98
991 992
991 1127
992 562
993 617
993 994
994 1255
995 3
995 996
996 160
997 79
997 998
998 61
999 1000
999 1189
1000 1273
1001 280
1001 1002
1002 771
1003 398
1003 1004
1004 1118
1005 512
1005 1006
1006 645
1007 139
1007 1008
1008 868
1009 1010
1009 1346
1010 936
1011 273
1011 1012
1012 794
1013 1014
1013 1227
1014 463
1015 1016
1015 1068
1016 411
1017 1018
1017 1114
1018 506
1019 698
1019 1020
1020 979
1021 1022
1021 1225
1022 564
1023 817
1023 1024
1024 976
1025 861
1025 1026
1026 182
1027 1006
1027 1028
1028 1286
1029 748
1029 1030
1030 1083
1031 219
1031 1032
1032 32
1033 809
1033 1034
1034 931
1035 665
1035 1036
1036 189
1037 433
1037 1038
1038 1297
1039 505
1039 1040
1040 974
1041 345
1041 1042
1042 264
1043 1044
1043 1071
1044 934
1045 1046
1045 1131
1046 226
1047 1041
1047 1048
1048 516
1049 613
1049 1050
1050 519
1051 134
1051 1052
1052 1097
1053 5
1053 1054
1054 1317
1055 746
1055 1056
1056 1238
1057 597
1057 1058
1058 456
1059 959
1059 1060
1060 163
1061 918
1061 1062
1062 1366
1063 244
1063 1064
1064 714
1065 153
1065 1066
1066 536
1067 925
1067 1068
1068 615
1069 1070
1069 1313
1070 1022
1071 1072
1071 1210
1072 1282
1073 993
1073 1074
1074 1364
1075 1076
1075 1308
1076 1104
1077 319
1077 1078
1078 764
1079 24
1079 1080
1080 486
1081 88
1081 1082
1082 128
1083 111
1083 1084
1084 426
1085 1086
1085 1369
1086 804
1087 395
1087 1088
1088 446
1089 879
1089 1090
1090 641
1091 867
1091 1092
1092 116
1093 511
1093 1094
1094 909
1095 1096
1095 1334
1096 580
1097 1098
1097 1211
1098 966
1099 1100
1099 1101
1100 348
1101 821
1101 1102
1102 885
1103 1104
1103 1307
1104 970
1105 1057
1105 1106
1106 141
1107 671
1107 1108
1108 561
1109 133
1109 1110
1110 664
1111 391
1111 1112
1112 198
1113 652
1113 1114
1114 213
1115 783
1115 1116
1116 1399
1117 900
1117 1118
1118 337
1119 1120
1119 1157
1120 1134
1121 1122
1121 1365
1122 822
1123 572
1123 1124
1124 776
1125 1067
1125 1126
1126 1342
1127 59
1127 1128
1128 270
1129 535
1129 1130
1130 1082
1131 1132
1131 1205
1132 802
1133 470
1133 1134
1134 1228
1135 80
1135 1136
1136 214
1137 234
1137 1138
1138 538
1139 785
1139 1140
1140 526
1141 496
1141 1142
1142 124
1143 258
1143 1144
1144 1028
1145 388
1145 1146
1146 768
1147 570
1147 1148
1148 930
1149 271
1149 1150
1150 540
1151 981
1151 1152
1152 231
1153 1154
1153 1299
1154 1404
1155 413
1155 1156
1156 1074
1157 550
1157 1158
1158 870
1159 631
1159 1160
1160 1133
1161 1001
1161 1162
1162 1392
1163 667
1163 1164
1164 961
1165 838
1165 1166
1166 1350
1167 713
1167 1168
1168 176
1169 703
1169 1170
1170 756
1171 727
1171 1172
1172 912
1173 1174
1173 1223
1174 439
1175 835
1175 1176
1176 859
1177 1176
1177 1178
1178 780
1179 193
1179 1180
1180 8
1181 1167
1181 1182
1182 365
1183 680
1183 1184
1184 74
1185 427
1185 1186
1186 784
1187 1099
1187 1188
1188 1192
1189 1023
1189 1190
1190 697
1191 584
1191 1192
1192 91
1193 568
1193 1194
1194 528
1195 651
1195 1196
1196 806
1197 1198
1197 1202
1198 588
1199 1031
1199 1200
1200 103
1201 202
1201 1202
1202 1026
1203 399
1203 1204
1204 42
1205 489
1205 1206
1206 954
1207 1162
1207 1208
1208 950
1209 333
1209 1210
1210 1116
1211 473
1211 1212
1212 1140
1213 513
1213 1214
1214 162
1215 899
1215 1216
1216 188
1217 1218
1217 1303
1218 53
1219 475
1219 1220
1220 432
1221 86
1221 1222
1222 420
1223 197
1223 1224
1224 230
1225 70
1225 1226
1226 778
1227 25
1227 1228
1228 146
1229 108
1229 1230
1230 192
1231 1232
1231 1398
1232 843
1233 247
1233 1234
1234 208
1235 672
1235 1236
1236 534
1237 985
1237 1238
1238 808
1239 741
1239 1240
1240 71
1241 563
1241 1242
1242 362
1243 360
1243 1244
1244 1056
1245 221
1245 1246
1246 642
1247 233
1247 1248
1248 45
1249 1250
1249 1262
1250 829
1251 967
1251 1252
1252 1208
1253 405
1253 1254
1254 96
1255 719
1255 1256
1256 1244
1257 1213
1257 1258
1258 863
1259 1260
1259 1315
1260 288
1261 803
1261 1262
1262 507
1263 12
1263 1264
1264 790
1265 1266
1265 1316
1266 1352
1267 971
1267 1268
1268 384
1269 1241
1269 1270
1270 596
1271 26
1271 1272
1272 894
1273 623
1273 1274
1274 488
1275 447
1275 1276
1276 1245
1277 693
1277 1278
1278 932
1279 980
1279 1280
1280 1324
1281 1282
1281 1357
1282 691
1283 1284
1283 1311
1284 1050
1285 1220
1285 1286
1286 402
1287 123
1287 1288
1288 946
1289 1284
1289 1290
1290 1384
1291 557
1291 1292
1292 1198
1293 1294
1293 1373
1294 97
1295 747
1295 1296
1296 389
1297 501
1297 1298
1298 1351
1299 169
1299 1300
1300 464
1301 787
1301 1302
1302 1312
1303 274
1303 1304
1304 1102
1305 973
1305 1306
1306 712
1307 742
1307 1308
1308 434
1309 1217
1309 1310
1310 984
1311 1312
1311 1347
1312 328
1313 1172
1313 1314
1314 630
1315 275
1315 1316
1316 1401
1317 1283
1317 1318
1318 48
1319 262
1319 1320
1320 164
1321 1025
1321 1322
1322 484
1323 1199
1323 1324
1324 1344
1325 657
1325 1326
1326 1151
1327 158
1327 1328
1328 772
1329 1288
1329 1330
1330 1360
1331 441
1331 1332
1332 653
1333 57
1333 1334
1334 1414
1335 6
1335 1336
1336 138
1337 779
1337 1338
1338 194
1339 437
1339 1340
1340 910
1341 375
1341 1342
1342 342
1343 935
1343 1344
1344 1349
1345 181
1345 1346
1346 832
1347 212
1347 1348
1348 156
1349 1214
1349 1350
1350 220
1351 184
1351 1352
1352 1234
1353 629
1353 1354
1354 718
1355 199
1355 1356
1356 38
1357 449
1357 1358
1358 191
1359 1360
1359 1407
1360 354
1361 1062
1361 1362
1362 322
1363 380
1363 1364
1364 872
1365 254
1365 1366
1366 1320
1367 1079
1367 1368
1368 760
1369 737
1369 1370
1370 75
1371 373
1371 1372
1372 848
1373 320
1373 1374
1374 880
1375 1011
1375 1376
1376 306
1377 346
1377 1378
1378 240
1379 1169
1379 1380
1380 952
1381 1019
1381 1382
1382 203
1383 15
1383 1384
1384 290
1385 1113
1385 1386
1386 154
1387 1375
1387 1388
1388 1124
1389 408
1389 1390
1390 706
1391 29
1391 1392
1392 547
1393 393
1393 1394
1394 76
1395 1180
1395 1396
1396 250
1397 928
1397 1398
1398 866
1399 1002
1399 1400
1400 94
1401 732
1401 1402
1402 639
1403 135
1403 1404
1404 701
1405 1137
1405 1406
1406 110
1407 888
1407 1408
1408 1396
1409 1294
1409 1410
1410 1030
1411 358
1411 1412
1412 350
1413 1201
1413 1414
1414 1088
