0 765
0 789
1 1045
1 1376
2 1173
2 1209
3 309
3 826
5 1288
4 147
4 1051
6 138
9 502
9 913
11 884
10 106
10 803
12 1402
15 329
15 985
17 1027
17 1099
19 381
19 1205
21 281
21 298
23 24
23 898
24 598
25 26
25 40
26 76
27 28
27 813
28 769
29 30
29 1413
30 285
31 32
31 1207
32 669
33 34
33 1199
34 1306
35 36
35 729
36 440
37 38
37 365
38 945
39 40
39 501
40 1164
41 42
41 605
42 1146
43 44
43 1029
44 1169
45 46
45 756
46 296
47 48
47 115
48 534
49 50
49 779
50 1070
51 52
51 447
52 621
53 54
53 623
54 835
55 56
55 819
56 962
57 58
57 866
58 1000
59 60
59 155
60 274
61 62
61 607
62 7
63 64
63 1276
64 1196
65 66
65 236
66 852
67 68
67 1385
68 1250
69 5
69 70
70 334
71 72
71 665
72 293
73 74
73 885
74 159
75 76
75 1301
76 1179
77 78
77 867
78 1068
79 80
79 314
80 173
81 82
81 1317
82 1238
83 84
83 683
84 918
85 86
85 336
86 993
87 67
87 88
88 1296
89 90
89 1057
90 764
91 92
91 95
92 921
93 94
93 1137
94 497
95 96
95 907
96 792
97 98
97 207
98 674
99 100
99 300
100 559
101 102
101 814
102 836
103 104
103 544
104 1200
105 106
105 227
106 684
107 108
107 717
108 1141
109 110
109 723
110 762
111 112
111 882
112 378
113 114
113 167
114 1352
115 116
115 1404
116 1087
117 118
117 260
118 125
119 120
119 1364
120 929
121 122
121 615
122 1406
123 124
123 547
124 1168
125 11
125 126
126 28
127 128
127 1138
128 234
129 130
129 1096
130 830
131 132
131 1093
132 854
133 134
133 1031
134 708
135 29
135 136
136 18
137 138
137 784
138 668
139 140
139 199
140 611
141 142
141 307
142 461
143 144
143 930
144 1024
145 93
145 146
146 217
147 148
147 153
148 1412
149 150
149 581
150 704
151 152
151 1236
152 488
153 154
153 1243
154 757
155 156
155 1063
156 612
157 104
157 158
158 999
159 160
159 806
160 1278
161 162
161 870
162 698
163 164
163 1230
164 1060
165 166
165 299
166 860
167 168
167 1145
168 1338
169 170
169 475
170 1252
171 172
171 1117
172 392
173 174
173 833
174 794
175 176
175 1399
176 1277
177 72
177 178
178 434
179 180
179 725
180 716
181 182
181 827
182 947
183 184
183 509
184 711
185 186
185 292
186 164
187 188
187 219
188 318
189 190
189 1110
190 601
191 60
191 192
192 65
193 194
193 263
194 92
195 196
195 1175
196 1382
197 198
197 389
198 1245
199 200
199 1058
200 132
201 202
201 687
202 675
203 204
203 486
204 13
205 206
205 1047
206 193
207 208
207 431
208 1089
209 210
209 1350
210 50
211 212
211 672
212 652
213 214
213 983
214 990
215 216
215 1315
216 998
217 218
217 1223
218 1151
219 220
219 1361
220 301
221 5
221 222
222 161
223 224
223 553
224 1108
225 226
225 446
226 1084
227 228
227 655
228 200
229 230
229 432
230 246
231 232
231 956
232 346
233 234
233 856
234 741
235 236
235 712
236 98
237 238
237 520
238 658
239 240
239 467
240 156
241 242
241 386
242 912
243 27
243 244
244 1166
245 246
245 312
246 371
247 89
247 248
248 688
249 250
249 295
250 324
251 252
251 1023
252 525
253 254
253 987
254 1204
255 256
255 367
256 810
257 258
257 500
258 78
259 260
259 1182
260 443
261 262
261 1383
262 568
263 75
263 264
264 469
265 31
265 266
266 713
267 268
267 1330
268 1039
269 270
269 319
270 1066
271 272
271 1122
272 1378
273 274
273 1298
274 344
275 276
275 1155
276 1280
277 278
277 591
278 919
279 280
279 1170
280 555
281 42
281 282
282 892
283 284
283 533
284 11
285 286
285 847
286 90
287 288
287 491
288 824
289 290
289 1049
290 68
291 190
291 292
292 1132
293 294
293 1074
294 1007
295 296
295 897
296 12
297 298
297 832
298 499
299 251
299 300
300 425
301 302
301 404
302 580
303 304
303 1030
304 1357
305 306
305 735
306 968
307 308
307 457
308 1012
309 310
309 1213
310 512
311 312
311 949
312 112
313 232
313 314
314 868
315 316
315 653
316 6
317 318
317 850
318 1254
319 320
319 1216
320 1292
321 322
321 1395
322 1270
323 324
323 374
324 172
325 212
325 326
326 1026
327 328
327 515
328 670
329 330
329 817
330 699
331 332
331 593
332 1106
333 334
333 1010
334 888
335 336
335 651
336 613
337 338
337 821
338 944
339 340
339 372
340 1192
341 342
341 1388
342 548
343 344
343 1121
344 56
345 333
345 346
346 851
347 272
347 348
348 64
349 128
349 350
350 224
351 352
351 829
352 1316
353 354
353 878
354 1125
355 356
355 524
356 540
357 166
357 358
358 134
359 360
359 761
360 1256
361 362
361 1142
362 288
363 364
363 1119
364 1163
365 366
365 837
366 953
367 103
367 368
368 900
369 370
369 1143
370 920
371 184
371 372
372 1266
373 1
373 374
374 1260
375 376
375 436
376 1034
377 378
377 1335
378 1115
379 283
379 380
380 630
381 382
381 1064
382 940
383 384
383 1185
384 1231
385 386
385 535
386 957
387 388
387 570
388 222
389 390
389 487
390 136
391 47
391 392
392 682
393 394
393 727
394 754
395 355
395 396
396 1082
397 398
397 1257
398 681
399 195
399 400
400 6
401 216
401 402
402 592
403 404
403 937
404 1016
405 406
405 831
406 737
407 408
407 800
408 1351
409 410
409 1369
410 1282
411 412
411 1271
412 54
413 414
413 1353
414 1275
415 416
415 1293
416 444
417 35
417 418
418 1140
419 420
419 783
420 970
421 422
421 1206
422 210
423 424
423 452
424 964
425 426
425 877
426 16
427 428
427 644
428 1262
429 430
429 1005
430 369
431 85
431 432
432 1291
433 120
433 434
434 202
435 343
435 436
436 523
437 438
437 1269
438 74
439 373
439 440
440 583
441 405
441 442
442 1299
443 444
443 1281
444 616
445 446
445 891
446 282
447 357
447 448
448 952
449 450
449 881
450 595
451 452
451 927
452 1105
453 454
453 732
454 858
455 456
455 1337
456 801
457 458
457 609
458 546
459 460
459 1072
460 982
461 150
461 462
462 880
463 366
463 464
464 1300
465 265
465 466
466 576
467 181
467 468
468 1009
469 117
469 470
470 1167
471 472
471 1371
472 170
473 73
473 474
474 818
475 476
475 657
476 271
477 165
477 478
478 418
479 141
479 480
480 1372
481 482
481 618
482 464
483 484
483 1133
484 338
485 427
485 486
486 211
487 488
487 689
488 694
489 490
489 812
490 1396
491 492
491 844
492 1356
493 494
493 1368
494 390
495 496
495 967
496 574
497 327
497 498
498 508
499 500
499 775
500 358
501 450
501 502
502 763
503 259
503 504
504 382
505 506
505 915
506 340
507 477
507 508
508 538
509 449
509 510
510 996
511 512
511 1181
512 398
513 514
513 703
514 782
515 269
515 516
516 255
517 87
517 518
518 1193
519 520
519 1367
520 971
521 331
521 522
522 204
523 524
523 1387
524 396
525 526
525 734
526 666
527 110
527 528
528 1013
529 530
529 950
530 116
531 532
531 731
532 1374
533 149
533 534
534 411
535 185
535 536
536 931
537 538
537 1331
538 744
539 221
539 540
540 46
541 542
541 869
542 994
543 544
543 597
544 1159
545 546
545 1308
546 585
547 548
547 872
548 1048
549 550
549 1359
550 750
551 383
551 552
552 510
553 471
553 554
554 575
555 556
555 1332
556 313
557 558
557 1398
558 804
559 463
559 560
560 348
561 80
561 562
562 194
563 564
563 1165
564 752
565 379
565 566
566 531
567 247
567 568
568 966
569 570
569 1056
570 1156
571 572
571 1184
572 228
573 399
573 574
574 1104
575 576
575 934
576 638
577 303
577 578
578 724
579 569
579 580
580 1042
581 393
581 582
582 629
583 584
583 1393
584 1312
585 586
585 1295
586 438
587 588
587 1391
588 1080
589 590
589 893
590 736
591 266
591 592
592 304
593 594
593 1307
594 859
595 229
595 596
596 169
597 598
597 863
598 368
599 12
599 600
600 191
601 602
601 1081
602 1006
603 459
603 604
604 626
605 479
605 606
606 476
607 439
607 608
608 1268
609 610
609 1217
610 322
611 612
611 1112
612 242
613 614
613 1251
614 108
615 214
615 616
616 52
617 213
617 618
618 241
619 620
619 677
620 162
621 622
621 728
622 302
623 41
623 624
624 768
625 626
625 1265
626 137
627 628
627 1003
628 787
629 630
629 924
630 1028
631 526
631 632
632 424
633 551
633 634
634 1135
635 636
635 1220
636 388
637 370
637 638
638 22
639 640
639 887
640 1158
641 290
641 642
642 686
643 530
643 644
644 590
645 209
645 646
646 904
647 648
647 1103
648 1283
649 364
649 650
650 250
651 183
651 652
652 706
653 624
653 654
654 846
655 187
655 656
656 541
657 658
657 973
658 663
659 660
659 1097
660 679
661 77
661 662
662 1320
663 252
663 664
664 496
665 458
665 666
666 614
667 668
667 849
668 394
669 586
669 670
670 1032
671 532
671 672
672 140
673 571
673 674
674 240
675 676
675 1067
676 1153
677 55
677 678
678 49
679 121
679 680
680 414
681 682
681 932
682 842
683 291
683 684
684 482
685 686
685 721
686 1363
687 688
687 905
688 179
689 632
689 690
690 1186
691 146
691 692
692 69
693 694
693 1259
694 599
695 43
695 696
696 1114
697 698
697 1264
698 493
699 700
699 748
700 965
701 702
701 1249
702 1329
703 423
703 704
704 1062
705 706
705 1392
706 1294
707 708
707 808
708 916
709 337
709 710
710 539
711 712
711 1214
712 1228
713 206
713 714
714 1127
715 661
715 716
716 280
717 466
717 718
718 1098
719 720
719 1349
720 685
721 442
721 722
722 549
723 724
723 743
724 377
725 168
725 726
726 352
727 111
727 728
728 148
729 617
729 730
730 416
731 732
731 1101
732 70
733 734
733 822
734 879
735 736
735 857
736 654
737 738
737 1226
738 557
739 740
739 1139
740 1092
741 527
741 742
742 643
743 744
743 1187
744 478
745 746
745 1274
746 700
747 748
747 1242
748 152
749 750
749 759
750 1154
751 522
751 752
752 1094
753 158
753 754
754 1088
755 208
755 756
756 543
757 284
757 758
758 648
759 760
759 975
760 356
761 186
761 762
762 1020
763 739
763 764
764 777
765 766
765 1073
766 1366
767 589
767 768
768 127
769 770
769 1384
770 325
771 772
771 1183
772 268
773 710
773 774
774 1038
775 107
775 776
776 673
777 610
777 778
778 470
779 289
779 780
780 637
781 511
781 782
782 403
783 784
783 942
784 492
785 786
785 1077
786 1162
787 766
787 788
788 747
789 790
789 1061
790 948
791 792
791 1347
792 780
793 794
793 1237
794 640
795 796
795 903
796 91
797 19
797 798
798 1234
799 243
799 800
800 1224
801 802
801 977
802 1219
803 437
803 804
804 896
805 189
805 806
806 1150
807 808
807 1311
808 448
809 810
809 1041
810 180
811 376
811 812
812 894
813 814
813 925
814 969
815 816
815 1107
816 1069
817 818
817 1019
818 696
819 264
819 820
820 203
821 451
821 822
822 701
823 774
823 824
824 276
825 702
825 826
826 656
827 828
827 1405
828 1322
829 267
829 830
830 1194
831 832
831 1377
832 408
833 287
833 834
834 690
835 836
835 1130
836 740
837 261
837 838
838 235
839 840
839 933
840 1071
841 842
841 1065
842 760
843 639
843 844
844 1126
845 846
845 1178
846 220
847 10
847 848
848 671
849 840
849 850
850 995
851 852
851 1198
852 306
853 854
853 1136
854 1218
855 335
855 856
856 1011
857 545
857 858
858 992
859 625
859 860
860 1342
861 862
861 1004
862 1212
863 375
863 864
864 564
865 866
865 1174
866 1189
867 279
867 868
868 1324
869 870
869 961
870 697
871 480
871 872
872 785
873 874
873 1202
874 400
875 584
875 876
876 536
877 878
877 1287
878 577
879 483
879 880
880 1336
881 882
881 1263
882 417
883 308
883 884
884 1302
885 805
885 886
886 861
887 888
887 1059
888 1389
889 890
889 1083
890 24
891 198
891 892
892 454
893 733
893 894
894 225
895 896
895 1343
896 188
897 749
897 898
898 771
899 513
899 900
900 489
901 902
901 1355
902 935
903 363
903 904
904 1304
905 131
905 906
906 1239
907 135
907 908
908 1258
909 910
909 1147
910 119
911 912
911 1345
912 58
913 914
913 951
914 939
915 642
915 916
916 714
917 918
917 1333
918 1255
919 920
919 1195
920 1050
921 182
921 922
922 253
923 215
923 924
924 1319
925 391
925 926
926 781
927 767
927 928
928 634
929 930
929 1208
930 484
931 932
931 1203
932 270
933 84
933 934
934 641
935 353
935 936
936 1411
937 938
937 1373
938 620
939 57
939 940
940 1046
941 942
941 1233
942 1244
943 429
943 944
944 876
945 914
945 946
946 588
947 294
947 948
948 981
949 865
949 950
950 1339
951 503
951 952
952 635
953 954
953 1129
954 1044
955 956
955 959
956 1149
957 579
957 958
958 988
959 797
959 960
960 778
961 936
961 962
962 1327
963 964
963 1325
964 848
965 102
965 966
966 402
967 968
967 1229
968 174
969 566
969 970
970 906
971 567
971 972
972 619
973 275
973 974
974 249
975 122
975 976
976 66
977 406
977 978
978 941
979 384
979 980
980 118
981 874
981 982
982 938
983 521
983 984
984 145
985 986
985 1022
986 71
987 248
987 988
988 875
989 990
989 1095
990 1090
991 321
991 992
992 1116
993 528
993 994
994 886
995 278
995 996
996 1340
997 998
997 1188
998 45
999 126
999 1000
1000 1128
1001 37
1001 1002
1002 1144
1003 1004
1003 1053
1004 1102
1005 693
1005 1006
1006 753
1007 342
1007 1008
1008 1414
1009 816
1009 1010
1010 960
1011 48
1011 1012
1012 1344
1013 516
1013 1014
1014 82
1015 911
1015 1016
1016 662
1017 1018
1017 1409
1018 1397
1019 1020
1019 1408
1020 197
1021 659
1021 1022
1022 233
1023 843
1023 1024
1024 124
1025 908
1025 1026
1026 428
1027 562
1027 1028
1028 498
1029 1030
1029 1091
1030 1247
1031 328
1031 1032
1032 1040
1033 1034
1033 1113
1034 537
1035 633
1035 1036
1036 1014
1037 507
1037 1038
1038 603
1039 834
1039 1040
1040 976
1041 123
1041 1042
1042 649
1043 798
1043 1044
1044 258
1045 413
1045 1046
1046 494
1047 1048
1047 1285
1048 776
1049 773
1049 1050
1050 1025
1051 101
1051 1052
1052 542
1053 901
1053 1054
1054 1036
1055 495
1055 1056
1056 332
1057 1058
1057 1197
1058 176
1059 1021
1059 1060
1060 823
1061 1062
1061 1253
1062 310
1063 1064
1063 1211
1064 707
1065 1066
1065 1111
1066 133
1067 412
1067 1068
1068 1284
1069 435
1069 1070
1070 751
1071 223
1071 1072
1072 1370
1073 441
1073 1074
1074 397
1075 594
1075 1076
1076 943
1077 347
1077 1078
1078 650
1079 871
1079 1080
1080 922
1081 917
1081 1082
1082 742
1083 841
1083 1084
1084 262
1085 705
1085 1086
1086 139
1087 419
1087 1088
1088 8
1089 59
1089 1090
1090 244
1091 899
1091 1092
1092 96
1093 171
1093 1094
1094 954
1095 114
1095 1096
1096 33
1097 97
1097 1098
1098 664
1099 709
1099 1100
1100 811
1101 793
1101 1102
1102 680
1103 978
1103 1104
1104 550
1105 2
1105 1106
1106 387
1107 984
1107 1108
1108 514
1109 839
1109 1110
1110 9
1111 1112
1111 1215
1112 556
1113 1114
1113 1365
1114 862
1115 100
1115 1116
1116 286
1117 341
1117 1118
1118 726
1119 519
1119 1120
1120 380
1121 1122
1121 1290
1122 974
1123 1075
1123 1124
1124 315
1125 692
1125 1126
1126 845
1127 864
1127 1128
1128 1360
1129 1130
1129 1267
1130 1190
1131 627
1131 1132
1132 1309
1133 928
1133 1134
1134 560
1135 317
1135 1136
1136 326
1137 99
1137 1138
1138 889
1139 518
1139 1140
1140 1354
1141 177
1141 1142
1142 453
1143 582
1143 1144
1144 360
1145 409
1145 1146
1146 460
1147 39
1147 1148
1148 44
1149 79
1149 1150
1150 910
1151 1152
1151 1348
1152 1240
1153 142
1153 1154
1154 20
1155 997
1155 1156
1156 578
1157 1158
1157 1326
1158 572
1159 354
1159 1160
1160 758
1161 883
1161 1162
1162 345
1163 62
1163 1164
1164 1246
1165 1123
1165 1166
1166 1379
1167 1157
1167 1168
1168 1152
1169 1170
1169 1235
1170 946
1171 902
1171 1172
1172 1286
1173 1035
1173 1174
1174 825
1175 430
1175 1176
1176 746
1177 113
1177 1178
1178 81
1179 890
1179 1180
1180 1334
1181 587
1181 1182
1182 163
1183 350
1183 1184
1184 1052
1185 1186
1185 1410
1186 1191
1187 596
1187 1188
1188 1305
1189 94
1189 1190
1190 230
1191 636
1191 1192
1192 462
1193 30
1193 1194
1194 1318
1195 401
1195 1196
1196 646
1197 1198
1197 1227
1198 873
1199 1200
1199 1401
1200 485
1201 795
1201 1202
1202 600
1203 1172
1203 1204
1204 552
1205 815
1205 1206
1206 175
1207 1208
1207 1221
1208 201
1209 989
1209 1210
1210 1232
1211 465
1211 1212
1212 1160
1213 385
1213 1214
1214 730
1215 628
1215 1216
1216 923
1217 61
1217 1218
1218 88
1219 23
1219 1220
1220 26
1221 963
1221 1222
1222 17
1223 720
1223 1224
1224 151
1225 239
1225 1226
1226 36
1227 667
1227 1228
1228 718
1229 1230
1229 1241
1230 361
1231 455
1231 1232
1232 273
1233 86
1233 1234
1234 786
1235 277
1235 1236
1236 323
1237 407
1237 1238
1238 474
1239 770
1239 1240
1240 254
1241 855
1241 1242
1242 809
1243 1076
1243 1244
1244 154
1245 738
1245 1246
1246 1078
1247 1248
1247 1279
1248 320
1249 105
1249 1250
1250 178
1251 565
1251 1252
1252 21
1253 205
1253 1254
1254 339
1255 517
1255 1256
1256 422
1257 1258
1257 1380
1258 1120
1259 660
1259 1260
1260 606
1261 853
1261 1262
1262 63
1263 1177
1263 1264
1264 157
1265 433
1265 1266
1266 330
1267 802
1267 1268
1268 1043
1269 788
1269 1270
1270 395
1271 791
1271 1272
1272 245
1273 1171
1273 1274
1274 807
1275 1086
1275 1276
1276 604
1277 218
1277 1278
1278 1328
1279 1280
1279 1386
1280 1176
1281 1161
1281 1282
1282 25
1283 958
1283 1284
1284 1180
1285 1109
1285 1286
1286 1261
1287 1288
1287 1375
1288 573
1289 1222
1289 1290
1290 34
1291 799
1291 1292
1292 297
1293 647
1293 1294
1294 160
1295 972
1295 1296
1296 506
1297 32
1297 1298
1298 504
1299 1300
1299 1381
1300 445
1301 311
1301 1302
1302 351
1303 715
1303 1304
1304 1314
1305 456
1305 1306
1306 1124
1307 755
1307 1308
1308 1323
1309 237
1309 1310
1310 554
1311 1148
1311 1312
1312 130
1313 1085
1313 1314
1314 490
1315 1316
1315 1394
1316 505
1317 678
1317 1318
1318 143
1319 1320
1319 1346
1320 362
1321 38
1321 1322
1322 51
1323 796
1323 1324
1324 316
1325 1289
1325 1326
1326 1390
1327 226
1327 1328
1328 645
1329 1018
1329 1330
1330 1310
1331 231
1331 1332
1332 1008
1333 563
1333 1334
1334 622
1335 986
1335 1336
1336 790
1337 1273
1337 1338
1338 608
1339 1272
1339 1340
1340 838
1341 481
1341 1342
1342 1210
1343 1015
1343 1344
1344 1248
1345 473
1345 1346
1346 529
1347 129
1347 1348
1348 828
1349 1350
1349 1403
1350 1054
1351 415
1351 1352
1352 561
1353 719
1353 1354
1354 602
1355 991
1355 1356
1356 1002
1357 1358
1357 1362
1358 144
1359 676
1359 1360
1360 14
1361 955
1361 1362
1362 1400
1363 722
1363 1364
1364 257
1365 421
1365 1366
1366 238
1367 1225
1367 1368
1368 1134
1369 1037
1369 1370
1370 980
1371 1001
1371 1372
1372 1321
1373 1297
1373 1374
1374 426
1375 909
1375 1376
1376 895
1377 53
1377 1378
1378 631
1379 1313
1379 1380
1380 359
1381 1079
1381 1382
1382 410
1383 1384
1383 1407
1384 820
1385 695
1385 1386
1386 3
1387 305
1387 1388
1388 472
1389 196
1389 1390
1390 558
1391 1201
1391 1392
1392 1100
1393 15
1393 1394
1394 1118
1395 1055
1395 1396
1396 1358
1397 109
1397 1398
1398 1303
1399 1017
1399 1400
1400 420
1401 349
1401 1402
1402 192
1403 1131
1403 1404
1404 1033
1405 979
1405 1406
1406 1341
1407 745
1407 1408
1408 468
1409 83
1409 1410
1410 926
1411 691
1411 1412
1412 256
1413 4
1413 1414
1414 772
