0 9
0 1237
2 551
2 1203
3 343
3 796
5 311
4 1091
4 1207
6 244
9 53
9 523
10 699
10 1185
12 377
11 655
13 1026
13 1328
15 440
15 1406
17 927
17 1099
19 676
19 834
21 855
21 1092
23 24
23 992
24 567
25 26
25 93
26 888
27 28
27 325
28 590
29 30
29 646
30 470
31 25
31 32
32 445
33 34
33 1078
34 948
35 36
35 1269
36 842
37 38
37 679
38 829
39 40
39 143
40 1076
41 42
41 92
42 256
43 44
43 767
44 1307
45 46
45 865
46 542
47 48
47 198
48 368
49 50
49 1063
50 779
51 52
51 1081
52 500
53 54
53 935
54 515
55 56
55 327
56 1244
57 58
57 885
58 484
59 60
59 171
60 1384
61 62
61 352
62 972
63 64
63 818
64 237
65 66
65 697
66 980
67 68
67 169
68 482
69 21
69 70
70 168
71 72
71 1141
72 560
73 74
73 690
74 680
75 76
75 1021
76 5
77 78
77 721
78 1277
79 80
79 1197
80 794
81 82
81 783
82 1410
83 84
83 957
84 1352
85 86
85 442
86 142
87 88
87 703
88 413
89 90
89 819
90 255
91 35
91 92
92 473
93 94
93 1020
94 498
95 96
95 625
96 943
97 98
97 761
98 754
99 100
99 1266
100 8
101 102
101 735
102 1140
103 104
103 836
104 453
105 106
105 425
106 938
107 108
107 726
108 666
109 110
109 719
110 346
111 112
111 114
112 649
113 114
113 449
114 1134
115 116
115 458
116 402
117 118
117 1116
118 147
119 120
119 533
120 399
121 122
121 305
122 1112
123 124
123 441
124 949
125 126
125 131
126 466
127 128
127 932
128 577
129 130
129 730
130 1034
131 77
131 132
132 359
133 134
133 1327
134 1212
135 136
135 1143
136 306
137 138
137 773
138 1130
139 140
139 806
140 534
141 113
141 142
142 925
143 144
143 1209
144 248
145 146
145 753
146 1343
147 148
147 961
148 1356
149 120
149 150
150 934
151 152
151 477
152 910
153 154
153 233
154 814
155 156
155 955
156 232
157 158
157 960
158 1200
159 160
159 695
160 654
161 39
161 162
162 1137
163 164
163 1096
164 50
165 166
165 997
166 1284
167 168
167 1312
168 1172
169 170
169 196
170 564
171 172
171 357
172 535
173 174
173 838
174 790
175 126
175 176
176 130
177 178
177 1393
178 969
179 180
179 268
180 430
181 182
181 331
182 656
183 184
183 531
184 922
185 186
185 202
186 372
187 188
187 911
188 148
189 12
189 190
190 40
191 192
191 462
192 58
193 194
193 793
194 1344
195 196
195 907
196 953
197 198
197 299
198 869
199 200
199 1067
200 138
201 202
201 771
202 1394
203 121
203 204
204 408
205 206
205 355
206 20
207 208
207 571
208 149
209 210
209 1306
210 728
211 212
211 1400
212 797
213 214
213 467
214 1263
215 216
215 259
216 231
217 218
217 1357
218 1369
219 220
219 1280
220 326
221 222
221 682
222 545
223 224
223 1385
224 112
225 226
225 691
226 548
227 228
227 1311
228 1216
229 230
229 1126
230 1292
231 232
231 1392
232 1102
233 234
233 1390
234 765
235 236
235 848
236 166
237 238
237 270
238 376
239 11
239 240
240 1405
241 26
241 242
242 619
243 244
243 1173
244 1218
245 246
245 1033
246 862
247 248
247 684
248 1195
249 250
249 519
250 2
251 252
251 996
252 732
253 254
253 478
254 286
255 256
255 618
256 1254
257 258
257 1290
258 550
259 260
259 694
260 6
261 262
261 330
262 899
263 141
263 264
264 1302
265 266
265 313
266 132
267 89
267 268
268 1411
269 270
269 850
270 544
271 272
271 512
272 617
273 274
273 831
274 1098
275 276
275 375
276 629
277 278
277 729
278 184
279 280
279 561
280 1262
281 282
281 989
282 1377
283 136
283 284
284 714
285 207
285 286
286 898
287 288
287 1335
288 432
289 38
289 290
290 901
291 292
291 872
292 333
293 294
293 710
294 1170
295 296
295 1013
296 389
297 298
297 1120
298 68
299 300
299 725
300 667
301 302
301 539
302 1010
303 300
303 304
304 924
305 306
305 1213
306 894
307 308
307 875
308 1361
309 310
309 798
310 180
311 301
311 312
312 537
313 314
313 917
314 84
315 316
315 416
316 1085
317 103
317 318
318 420
319 320
319 857
320 386
321 322
321 336
322 139
323 324
323 628
324 188
325 326
325 1255
326 322
327 328
327 1161
328 1156
329 330
329 882
330 14
331 332
331 762
332 549
333 320
333 334
334 994
335 336
335 891
336 1379
337 338
337 1380
338 784
339 340
339 1333
340 223
341 342
341 1186
342 412
343 344
343 759
344 1294
345 346
345 378
346 920
347 348
347 1279
348 746
349 47
349 350
350 210
351 352
351 1042
352 866
353 354
353 1152
354 660
355 356
355 614
356 958
357 358
357 1205
358 187
359 360
359 1399
360 774
361 362
361 835
362 672
363 364
363 1219
364 1164
365 366
365 724
366 253
367 165
367 368
368 510
369 370
369 529
370 1019
371 287
371 372
372 345
373 374
373 1305
374 67
375 376
375 1153
376 1238
377 378
377 995
378 102
379 380
379 1194
380 222
381 382
381 830
382 1163
383 193
383 384
384 975
385 386
385 433
386 234
387 388
387 403
388 513
389 374
389 390
390 294
391 392
391 566
392 1272
393 356
393 394
394 1150
395 396
395 1367
396 162
397 213
397 398
398 459
399 400
399 1171
400 604
401 373
401 402
402 98
403 404
403 589
404 1061
405 29
405 406
406 1015
407 408
407 591
408 1298
409 410
409 525
410 720
411 412
411 1321
412 367
413 315
413 414
414 1375
415 409
415 416
416 479
417 309
417 418
418 1160
419 420
419 837
420 766
421 422
421 1077
422 1324
423 424
423 651
424 883
425 426
425 1087
426 786
427 428
427 973
428 752
429 430
429 1125
430 886
431 432
431 437
432 1391
433 434
433 511
434 1370
435 177
435 436
436 507
437 438
437 813
438 56
439 440
439 557
440 1064
441 442
441 653
442 364
443 444
443 1071
444 292
445 446
445 903
446 1050
447 448
447 1291
448 109
449 197
449 450
450 624
451 27
451 452
452 226
453 395
453 454
454 497
455 351
455 456
456 840
457 458
457 1276
458 780
459 460
459 581
460 328
461 118
461 462
462 1199
463 381
463 464
464 16
465 69
465 466
466 1359
467 159
467 468
468 538
469 79
469 470
470 414
471 446
471 472
472 206
473 474
473 673
474 157
475 476
475 841
476 360
477 404
477 478
478 1066
479 480
479 826
480 106
481 482
481 1039
482 696
483 191
483 484
484 906
485 486
485 638
486 530
487 488
487 1331
488 504
489 490
489 494
490 1032
491 492
491 893
492 810
493 494
493 918
494 602
495 496
495 1397
496 284
497 498
497 594
498 877
499 500
499 963
500 748
501 502
501 944
502 977
503 504
503 936
504 1008
505 506
505 871
506 370
507 508
507 736
508 254
509 510
509 974
510 1090
511 512
511 1192
512 60
513 455
513 514
514 1353
515 516
515 554
516 805
517 518
517 637
518 192
519 520
519 575
520 556
521 443
521 522
522 90
523 524
523 1165
524 669
525 10
525 526
526 873
527 528
527 1404
528 1022
529 530
529 1257
530 1002
531 203
531 532
532 267
533 133
533 534
534 1182
535 536
535 1106
536 154
537 538
537 1184
538 1190
539 70
539 540
540 63
541 422
541 542
542 816
543 544
543 612
544 916
545 236
545 546
546 204
547 548
547 599
548 438
549 550
549 950
550 582
551 552
551 1179
552 317
553 554
553 1403
554 1146
555 249
555 556
556 1315
557 558
557 987
558 683
559 560
559 579
560 937
561 562
561 1270
562 1274
563 564
563 1409
564 738
565 566
565 807
566 1000
567 407
567 568
568 704
569 570
569 1027
570 385
571 572
571 809
572 900
573 574
573 781
574 514
575 576
575 1293
576 194
577 578
577 852
578 86
579 580
579 845
580 28
581 582
581 1072
582 1031
583 584
583 1187
584 747
585 586
585 887
586 1070
587 369
587 588
588 411
589 590
589 633
590 902
591 592
591 823
592 486
593 594
593 1364
594 390
595 596
595 750
596 959
597 431
597 598
598 1334
599 600
599 1041
600 1259
601 602
601 698
602 642
603 604
603 686
604 1084
605 289
605 606
606 1222
607 212
607 608
608 190
609 71
609 610
610 527
611 612
611 1220
612 856
613 614
613 1049
614 536
615 616
615 1045
616 928
617 618
617 1229
618 314
619 620
619 876
620 1082
621 319
621 622
622 892
623 178
623 624
624 240
625 626
625 803
626 839
627 628
627 1258
628 1062
629 630
629 1289
630 951
631 632
631 1124
632 1198
633 634
633 1347
634 764
635 242
635 636
636 1128
637 129
637 638
638 1227
639 640
639 1168
640 983
641 642
641 1151
642 158
643 644
643 861
644 600
645 646
645 985
646 705
647 648
647 1273
648 457
649 350
649 650
650 874
651 621
651 652
652 335
653 654
653 828
654 509
655 281
655 656
656 1401
657 658
657 1271
658 1236
659 660
659 825
660 692
661 37
661 662
662 456
663 664
663 1093
664 258
665 666
665 757
666 224
667 151
667 668
668 1154
669 670
669 1329
670 1048
671 361
671 672
672 1374
673 663
673 674
674 770
675 41
675 676
676 1138
677 678
677 1239
678 304
679 573
679 680
680 1211
681 682
681 991
682 1362
683 215
683 684
684 1282
685 686
685 706
686 1144
687 398
687 688
688 913
689 690
689 1265
690 251
691 692
691 776
692 1136
693 671
693 694
694 843
695 696
695 1204
696 722
697 568
697 698
698 200
699 700
699 1037
700 799
701 702
701 966
702 929
703 704
703 1009
704 1268
705 363
705 706
706 1256
707 217
707 708
708 1094
709 610
709 710
710 1224
711 384
711 712
712 562
713 714
713 1101
714 1368
715 36
715 716
716 688
717 606
717 718
718 1372
719 4
719 720
720 802
721 524
721 722
722 1018
723 724
723 999
724 257
725 726
725 1261
726 1351
727 161
727 728
728 1371
729 297
729 730
730 675
731 732
731 880
732 332
733 734
733 1123
734 1242
735 388
735 736
736 755
737 417
737 738
738 664
739 740
739 1159
740 904
741 647
741 742
742 94
743 278
743 744
744 260
745 746
745 775
746 1228
747 748
747 1297
748 598
749 750
749 1317
750 1395
751 641
751 752
752 152
753 276
753 754
754 489
755 572
755 756
756 1214
757 611
757 758
758 603
759 228
759 760
760 1413
761 547
761 762
762 657
763 475
763 764
764 291
765 766
765 1024
766 472
767 88
767 768
768 1142
769 677
769 770
770 116
771 285
771 772
772 715
773 774
773 1075
774 366
775 274
775 776
776 778
777 778
777 986
778 1036
779 214
779 780
780 968
781 693
781 782
782 1017
783 426
783 784
784 64
785 786
785 1223
786 227
787 57
787 788
788 1234
789 790
789 1103
790 1074
791 792
791 1122
792 592
793 605
793 794
794 1104
795 321
795 796
796 711
797 798
797 1358
798 546
799 800
799 1309
800 822
801 802
801 1325
802 712
803 804
803 1177
804 78
805 508
805 806
806 66
807 371
807 808
808 553
809 689
809 810
810 760
811 812
811 1086
812 1240
813 493
813 814
814 323
815 816
815 1303
816 580
817 741
817 818
818 620
819 817
819 820
820 52
821 349
821 822
822 576
823 246
823 824
824 1196
825 239
825 826
826 172
827 828
827 1005
828 1157
829 365
829 830
830 634
831 266
831 832
832 947
833 834
833 1355
834 261
835 836
835 1365
836 400
837 495
837 838
838 1047
839 840
839 1250
840 42
841 842
841 1030
842 800
843 24
843 844
844 740
845 218
845 846
846 396
847 124
847 848
848 1278
849 643
849 850
850 354
851 216
851 852
852 1001
853 854
853 1202
854 978
855 87
855 856
856 1299
857 652
857 858
858 59
859 860
859 1178
860 122
861 661
861 862
862 1127
863 864
863 1267
864 851
865 615
865 866
866 772
867 868
867 1346
868 344
869 183
869 870
870 1162
871 872
871 1313
872 716
873 32
873 874
874 1412
875 97
875 876
876 993
877 13
877 878
878 942
879 880
879 981
880 1121
881 635
881 882
882 962
883 465
883 884
884 277
885 406
885 886
886 54
887 749
887 888
888 219
889 265
889 890
890 1319
891 587
891 892
892 713
893 894
893 895
894 1095
895 896
895 1059
896 481
897 541
897 898
898 238
899 900
899 1318
900 998
901 881
901 902
902 1363
903 904
903 1088
904 382
905 119
905 906
906 262
907 908
907 1132
908 769
909 34
909 910
910 812
911 832
911 912
912 734
913 914
913 1118
914 1246
915 99
915 916
916 912
917 918
917 1191
918 1040
919 46
919 920
920 1360
921 65
921 922
922 540
923 924
923 1300
924 870
925 908
925 926
926 1336
927 928
927 1004
928 461
929 176
929 930
930 718
931 932
931 1119
932 923
933 768
933 934
934 271
935 849
935 936
936 1174
937 846
937 938
938 1148
939 111
939 940
940 82
941 632
941 942
942 744
943 944
943 1287
944 890
945 91
945 946
946 742
947 948
947 1044
948 578
949 283
949 950
950 134
951 11
951 952
952 1113
953 55
953 954
954 506
955 62
955 956
956 476
957 108
957 958
958 115
959 209
959 960
960 956
961 563
961 962
962 205
963 940
963 964
964 235
965 487
965 966
966 1014
967 968
967 1060
968 586
969 450
969 970
970 241
971 972
971 1011
972 1189
973 853
973 974
974 522
975 340
975 976
976 626
977 61
977 978
978 658
979 980
979 1332
980 1248
981 982
981 1167
982 1232
983 789
983 984
984 1314
985 31
985 986
986 745
987 295
987 988
988 1241
989 990
989 1341
990 1
991 307
991 992
992 1052
993 175
993 994
994 85
995 996
995 1283
996 1398
997 552
997 998
998 878
999 1000
999 1097
1000 670
1001 1002
1001 1208
1002 1260
1003 565
1003 1004
1004 1201
1005 1006
1005 1183
1006 81
1007 485
1007 1008
1008 490
1009 952
1009 1010
1010 971
1011 687
1011 1012
1012 324
1013 1014
1013 1079
1014 104
1015 659
1015 1016
1016 593
1017 1018
1017 1330
1018 394
1019 502
1019 1020
1020 302
1021 347
1021 1022
1022 756
1023 1024
1023 1354
1024 80
1025 164
1025 1026
1026 1058
1027 51
1027 1028
1028 452
1029 423
1029 1030
1030 520
1031 516
1031 1032
1032 528
1033 243
1033 1034
1034 1129
1035 463
1035 1036
1036 379
1037 879
1037 1038
1038 329
1039 316
1039 1040
1040 1176
1041 117
1041 1042
1042 424
1043 353
1043 1044
1044 128
1045 501
1045 1046
1046 678
1047 558
1047 1048
1048 1245
1049 1050
1049 1326
1050 19
1051 12
1051 1052
1052 460
1053 1054
1053 1108
1054 941
1055 1056
1055 1233
1056 1073
1057 383
1057 1058
1058 1414
1059 1060
1059 1373
1060 451
1061 469
1061 1062
1062 76
1063 521
1063 1064
1064 1089
1065 662
1065 1066
1066 1012
1067 583
1067 1068
1068 421
1069 1070
1069 1117
1070 318
1071 1072
1071 1402
1072 1053
1073 976
1073 1074
1074 448
1075 731
1075 1076
1076 174
1077 1078
1077 1139
1078 505
1079 1080
1079 1111
1080 1337
1081 1006
1081 1082
1082 824
1083 702
1083 1084
1084 984
1085 847
1085 1086
1086 915
1087 341
1087 1088
1088 905
1089 648
1089 1090
1090 1065
1091 272
1091 1092
1092 988
1093 859
1093 1094
1094 636
1095 609
1095 1096
1096 221
1097 827
1097 1098
1098 18
1099 250
1099 1100
1100 526
1101 595
1101 1102
1102 708
1103 596
1103 1104
1104 1247
1105 1106
1105 1251
1106 631
1107 1108
1107 1145
1108 1253
1109 1051
1109 1110
1110 717
1111 1112
1111 1147
1112 474
1113 49
1113 1114
1114 1286
1115 439
1115 1116
1116 95
1117 101
1117 1118
1118 312
1119 1120
1119 1383
1120 1225
1121 1122
1121 1206
1122 622
1123 308
1123 1124
1124 123
1125 387
1125 1126
1126 1068
1127 597
1127 1128
1128 334
1129 127
1129 1130
1130 393
1131 1003
1131 1132
1132 1100
1133 397
1133 1134
1134 569
1135 1136
1135 1381
1136 1210
1137 83
1137 1138
1138 348
1139 447
1139 1140
1140 1016
1141 1142
1141 1243
1142 608
1143 588
1143 1144
1144 1149
1145 1146
1145 1323
1146 6
1147 623
1147 1148
1148 155
1149 170
1149 1150
1150 464
1151 263
1151 1152
1152 1175
1153 584
1153 1154
1154 1348
1155 1156
1155 1388
1156 252
1157 785
1157 1158
1158 247
1159 181
1159 1160
1160 758
1161 186
1161 1162
1162 428
1163 914
1163 1164
1164 310
1165 1115
1165 1166
1166 1396
1167 739
1167 1168
1168 303
1169 858
1169 1170
1170 685
1171 868
1171 1172
1172 1166
1173 405
1173 1174
1174 1109
1175 483
1175 1176
1176 153
1177 435
1177 1178
1178 167
1179 733
1179 1180
1180 674
1181 1182
1181 1215
1182 410
1183 1184
1183 1322
1184 1221
1185 555
1185 1186
1186 787
1187 275
1187 1188
1188 280
1189 279
1189 1190
1190 864
1191 815
1191 1192
1192 1056
1193 1043
1193 1194
1194 160
1195 362
1195 1196
1196 288
1197 503
1197 1198
1198 1023
1199 701
1199 1200
1200 298
1201 75
1201 1202
1202 337
1203 1135
1203 1204
1204 1345
1205 630
1205 1206
1206 491
1207 427
1207 1208
1208 930
1209 763
1209 1210
1210 926
1211 919
1211 1212
1212 293
1213 795
1213 1214
1214 7
1215 867
1215 1216
1216 163
1217 743
1217 1218
1218 982
1219 1220
1219 1389
1220 229
1221 979
1221 1222
1222 1007
1223 1133
1223 1224
1224 220
1225 517
1225 1226
1226 1288
1227 844
1227 1228
1228 140
1229 195
1229 1230
1230 468
1231 488
1231 1232
1232 100
1233 401
1233 1234
1234 419
1235 964
1235 1236
1236 946
1237 645
1237 1238
1238 1046
1239 1114
1239 1240
1240 269
1241 833
1241 1242
1242 601
1243 811
1243 1244
1244 110
1245 644
1245 1246
1246 1340
1247 709
1247 1248
1248 792
1249 3
1249 1250
1250 1025
1251 788
1251 1252
1252 613
1253 1254
1253 1408
1254 1110
1255 723
1255 1256
1256 1316
1257 1080
1257 1258
1258 700
1259 1188
1259 1260
1260 1378
1261 145
1261 1262
1262 1350
1263 933
1263 1264
1264 496
1265 543
1265 1266
1266 1349
1267 73
1267 1268
1268 492
1269 1057
1269 1270
1270 1235
1271 1169
1271 1272
1272 1054
1273 1107
1273 1274
1274 860
1275 211
1275 1276
1276 668
1277 342
1277 1278
1278 44
1279 1280
1279 1407
1280 144
1281 1181
1281 1282
1282 185
1283 17
1283 1284
1284 990
1285 727
1285 1286
1286 518
1287 125
1287 1288
1288 909
1289 1131
1289 1290
1290 1193
1291 189
1291 1292
1292 1296
1293 137
1293 1294
1294 72
1295 737
1295 1296
1296 1320
1297 801
1297 1298
1298 392
1299 43
1299 1300
1300 471
1301 1302
1301 1304
1302 150
1303 1029
1303 1304
1304 15
1305 532
1305 1306
1306 804
1307 574
1307 1308
1308 230
1309 1249
1309 1310
1310 1226
1311 627
1311 1312
1312 290
1313 146
1313 1314
1314 650
1315 821
1315 1316
1316 1339
1317 665
1317 1318
1318 1028
1319 808
1319 1320
1320 1083
1321 415
1321 1322
1322 1387
1323 1301
1323 1324
1324 607
1325 429
1325 1326
1326 1342
1327 74
1327 1328
1328 1264
1329 751
1329 1330
1330 1035
1331 273
1331 1332
1332 820
1333 199
1333 1334
1334 454
1335 559
1335 1336
1336 1231
1337 96
1337 1338
1338 444
1339 225
1339 1340
1340 1338
1341 931
1341 1342
1342 296
1343 791
1343 1344
1344 1038
1345 1155
1345 1346
1346 896
1347 681
1347 1348
1348 884
1349 640
1349 1350
1350 380
1351 1281
1351 1352
1352 480
1353 1217
1353 1354
1354 854
1355 777
1355 1356
1356 338
1357 339
1357 1358
1358 939
1359 921
1359 1360
1360 418
1361 201
1361 1362
1362 970
1363 434
1363 1364
1364 954
1365 707
1365 1366
1366 1308
1367 23
1367 1368
1368 1310
1369 135
1369 1370
1370 1376
1371 358
1371 1372
1372 436
1373 967
1373 1374
1374 863
1375 1376
1375 1382
1376 179
1377 945
1377 1378
1378 22
1379 616
1379 1380
1380 208
1381 1105
1381 1382
1382 570
1383 639
1383 1384
1384 156
1385 264
1385 1386
1386 48
1387 105
1387 1388
1388 1055
1389 889
1389 1390
1390 1158
1391 1295
1391 1392
1392 1366
1393 245
1393 1394
1394 897
1395 1069
1395 1396
1396 782
1397 173
1397 1398
1398 30
1399 585
1399 1400
1400 45
1401 33
1401 1402
1402 282
1403 1285
1403 1404
1404 1230
1405 965
1405 1406
1406 107
1407 1275
1407 1408
1408 391
1409 182
1409 1410
1410 1252
1411 499
1411 1412
1412 1180
1413 5
1413 1414
1414 1386
