0 1367
0 1411
1 198
1 734
3 347
3 688
4 89
4 1307
5 1398
6 1276
9 81
9 1251
10 275
10 963
11 1379
12 945
13 379
13 815
15 226
15 1186
17 383
17 1399
19 80
19 1406
21 171
21 1080
23 24
23 1015
24 1258
25 26
25 147
26 1038
27 28
27 1285
28 500
29 30
29 777
30 1051
31 32
31 653
32 763
33 18
33 34
34 1334
35 36
35 1199
36 1229
37 38
37 549
38 709
39 40
39 905
40 544
41 42
41 335
42 882
43 44
43 623
44 1120
45 46
45 732
46 192
47 48
47 1374
48 117
49 50
49 993
50 620
51 52
51 599
52 1075
53 54
53 262
54 1392
55 56
55 295
56 1259
57 3
57 58
58 1412
59 60
59 191
60 854
61 62
61 1363
62 494
63 64
63 831
64 792
65 66
65 248
66 1027
67 68
67 519
68 502
69 70
69 398
70 1052
71 72
71 311
72 1182
73 74
73 1174
74 167
75 76
75 1261
76 374
77 78
77 942
78 558
79 80
79 276
80 952
81 82
81 675
82 605
83 84
83 229
84 570
85 86
85 890
86 546
87 88
87 480
88 528
89 90
89 265
90 839
91 92
91 978
92 800
93 94
93 1133
94 806
95 96
95 628
96 78
97 98
97 493
98 1394
99 51
99 100
100 1268
101 102
101 1116
102 327
103 104
103 1267
104 1292
105 106
105 339
106 1122
107 108
107 1315
108 479
109 110
109 707
110 736
111 112
111 883
112 394
113 114
113 1302
114 1260
115 116
115 735
116 1034
117 118
117 926
118 522
119 120
119 469
120 1338
121 122
121 403
122 1054
123 124
123 938
124 588
125 126
125 1043
126 57
127 128
127 184
128 388
129 130
129 833
130 887
131 132
131 489
132 1142
133 134
133 847
134 354
135 136
135 314
136 797
137 138
137 1205
138 8
139 140
139 1074
140 253
141 142
141 713
142 1210
143 144
143 992
144 1388
145 146
145 150
146 1297
147 148
147 447
148 985
149 150
149 531
150 126
151 152
151 715
152 724
153 154
153 871
154 200
155 156
155 537
156 77
157 9
157 158
158 1059
159 160
159 423
160 186
161 162
161 427
162 1222
163 164
163 381
164 995
165 166
165 659
166 647
167 168
167 900
168 916
169 170
169 208
170 1212
171 172
171 880
172 1275
173 174
173 439
174 1082
175 176
175 865
176 1078
177 178
177 419
178 1163
179 175
179 180
180 873
181 182
181 1106
182 47
183 184
183 553
184 168
185 13
185 186
186 892
187 188
187 1410
188 95
189 190
189 842
190 743
191 192
191 733
192 697
193 194
193 576
194 122
195 196
195 324
196 1255
197 198
197 1165
198 1320
199 200
199 1333
200 786
201 202
201 1295
202 510
203 204
203 1068
204 128
205 206
205 1055
206 384
207 67
207 208
208 298
209 210
209 575
210 1312
211 212
211 233
212 674
213 120
213 214
214 744
215 216
215 1181
216 1318
217 218
217 243
218 788
219 220
219 1062
220 924
221 222
221 1373
222 209
223 224
223 551
224 210
225 226
225 1152
226 686
227 75
227 228
228 745
229 230
229 999
230 750
231 232
231 1220
232 1026
233 234
233 751
234 1084
235 236
235 1153
236 1090
237 238
237 730
238 1284
239 240
239 586
240 1164
241 242
241 1223
242 1131
243 244
243 1409
244 246
245 246
245 1100
246 160
247 248
247 300
248 1197
249 250
249 888
250 692
251 252
251 785
252 770
253 254
253 316
254 1335
255 195
255 256
256 754
257 258
257 1365
258 651
259 260
259 1045
260 1294
261 262
261 505
262 885
263 264
263 569
264 1350
265 266
265 678
266 22
267 268
267 411
268 140
269 270
269 761
270 1064
271 272
271 845
272 170
273 274
273 927
274 680
275 131
275 276
276 1175
277 278
277 1298
278 949
279 280
279 1235
280 853
281 38
281 282
282 755
283 284
283 565
284 681
285 286
285 781
286 12
287 288
287 1390
288 1288
289 290
289 1107
290 966
291 141
291 292
292 1208
293 294
293 571
294 238
295 296
295 369
296 954
297 298
297 1083
298 250
299 300
299 1319
300 1003
301 267
301 302
302 769
303 199
303 304
304 294
305 306
305 1018
306 390
307 308
307 798
308 1277
309 310
309 473
310 29
311 312
311 459
312 1227
313 314
313 1185
314 223
315 218
315 316
316 206
317 145
317 318
318 84
319 135
319 320
320 578
321 322
321 478
322 878
323 324
323 516
324 337
325 185
325 326
326 984
327 328
327 1238
328 416
329 330
329 665
330 991
331 332
331 929
332 330
333 334
333 765
334 840
335 323
335 336
336 850
337 338
337 1154
338 60
339 259
339 340
340 125
341 172
341 342
342 232
343 344
343 946
344 618
345 277
345 346
346 174
347 348
347 1372
348 1400
349 350
349 612
350 646
351 352
351 941
352 951
353 354
353 1162
354 830
355 356
355 574
356 1140
357 281
357 358
358 933
359 360
359 1196
360 934
361 362
361 635
362 299
363 364
363 870
364 650
365 217
365 366
366 402
367 368
367 693
368 302
369 370
369 1301
370 418
371 372
371 1047
372 1177
373 374
373 703
374 652
375 183
375 376
376 228
377 11
377 378
378 1067
379 380
379 1065
380 1382
381 382
381 859
382 127
383 384
383 784
384 63
385 137
385 386
386 666
387 388
387 415
388 138
389 390
389 441
390 838
391 142
391 392
392 1070
393 394
393 1401
394 1036
395 1
395 396
396 844
397 398
397 989
398 231
399 400
399 947
400 766
401 402
401 492
402 1113
403 404
403 988
404 100
405 406
405 986
406 194
407 408
407 1357
408 15
409 410
409 737
410 512
411 412
411 1179
412 796
413 414
413 1355
414 778
415 416
415 974
416 408
417 418
417 794
418 604
419 420
419 1127
420 520
421 422
421 1048
422 108
423 424
423 677
424 115
425 422
425 426
426 1414
427 428
427 597
428 54
429 52
429 430
430 1111
431 432
431 1249
432 827
433 434
433 977
434 14
435 436
435 616
436 491
437 438
437 481
438 767
439 313
439 440
440 802
441 442
441 1167
442 896
443 444
443 903
444 293
445 446
445 965
446 1149
447 448
447 930
448 610
449 430
449 450
450 1352
451 452
451 474
452 34
453 358
453 454
454 213
455 456
455 1264
456 406
457 458
457 1214
458 1364
459 425
459 460
460 26
461 285
461 462
462 523
463 464
463 759
464 716
465 466
465 1194
466 86
467 468
467 957
468 1323
469 470
469 1093
470 382
471 472
471 961
472 28
473 474
473 624
474 387
475 476
475 1141
476 1000
477 367
477 478
478 1147
479 101
479 480
480 779
481 482
481 773
482 1366
483 484
483 689
484 907
485 153
485 486
486 264
487 488
487 710
488 451
489 490
489 1391
490 757
491 492
491 676
492 1089
493 494
493 496
494 606
495 287
495 496
496 7
497 498
497 1248
498 453
499 500
499 667
500 981
501 502
501 1345
502 673
503 470
503 504
504 336
505 413
505 506
506 409
507 508
507 967
508 69
509 510
509 1143
510 545
511 512
511 540
512 366
513 514
513 899
514 417
515 461
515 516
516 603
517 331
517 518
518 410
519 520
519 1403
520 389
521 305
521 522
522 1035
523 187
523 524
524 190
525 329
525 526
526 913
527 528
527 1044
528 5
529 530
529 1281
530 76
531 497
531 532
532 154
533 534
533 1041
534 501
535 536
535 1095
536 256
537 10
537 538
538 801
539 540
539 643
540 1132
541 542
541 1245
542 532
543 373
543 544
544 247
545 158
545 546
546 1109
547 548
547 1124
548 685
549 550
549 1289
550 106
551 552
551 1004
552 1072
553 93
553 554
554 283
555 556
555 636
556 1060
557 558
557 1359
558 1381
559 560
559 1299
560 509
561 557
561 562
562 813
563 564
563 1201
564 151
565 506
565 566
566 1279
567 568
567 875
568 328
569 570
569 943
570 355
571 483
571 572
572 640
573 227
573 574
574 1313
575 92
575 576
576 356
577 578
577 1243
578 32
579 580
579 721
580 1138
581 371
581 582
582 818
583 584
583 1271
584 465
585 586
585 704
586 1244
587 179
587 588
588 897
589 62
589 590
590 894
591 592
591 994
592 508
593 594
593 740
594 119
595 342
595 596
596 123
597 560
597 598
598 1009
599 600
599 1053
600 220
601 536
601 602
602 908
603 27
603 604
604 214
605 472
605 606
606 634
607 484
607 608
608 1192
609 610
609 1393
610 96
611 612
611 1005
612 639
613 132
613 614
614 1236
615 616
615 1171
616 1077
617 618
617 1380
618 976
619 620
619 1239
620 1353
621 211
621 622
622 446
623 611
623 624
624 490
625 626
625 739
626 964
627 628
627 1280
628 488
629 630
629 803
630 826
631 632
631 998
632 504
633 426
633 634
634 1218
635 636
635 645
636 1086
637 269
637 638
638 1224
639 74
639 640
640 1370
641 642
641 1001
642 30
643 301
643 644
644 862
645 49
645 646
646 1226
647 648
647 973
648 222
649 278
649 650
650 725
651 652
651 783
652 230
653 596
653 654
654 42
655 19
655 656
656 1386
657 658
657 987
658 906
659 303
659 660
660 649
661 340
661 662
662 816
663 152
663 664
664 182
665 666
665 869
666 1253
667 23
667 668
668 577
669 670
669 1029
670 594
671 672
671 1256
672 16
673 674
673 810
674 1012
675 676
675 855
676 1322
677 678
677 1157
678 843
679 680
679 1190
680 614
681 682
681 1016
682 632
683 684
683 1304
684 1384
685 87
685 686
686 290
687 688
687 901
688 162
689 690
689 1283
690 1103
691 242
691 692
692 1342
693 694
693 787
694 828
695 696
695 772
696 1274
697 420
697 698
698 876
699 700
699 811
700 561
701 702
701 1413
702 657
703 704
703 857
704 1234
705 706
705 997
706 495
707 708
707 1069
708 370
709 499
709 710
710 550
711 712
711 1187
712 668
713 714
713 1405
714 1030
715 716
715 1362
716 768
717 291
717 718
718 1148
719 661
719 720
720 592
721 517
721 722
722 1008
723 414
723 724
724 664
725 503
725 726
726 240
727 728
727 917
728 1114
729 343
729 730
730 1108
731 559
731 732
732 823
733 734
733 1161
734 760
735 736
735 877
736 1270
737 738
737 1309
738 836
739 740
739 837
740 1007
741 742
741 1263
742 1019
743 744
743 1134
744 728
745 746
745 1247
746 391
747 748
747 835
748 720
749 431
749 750
750 1232
751 752
751 1237
752 824
753 754
753 1057
754 432
755 601
755 756
756 1002
757 579
757 758
758 1347
759 722
759 760
760 809
761 163
761 762
762 1112
763 764
763 935
764 70
765 766
765 1168
766 24
767 768
767 925
768 20
769 102
769 770
770 1402
771 444
771 772
772 1104
773 105
773 774
774 325
775 776
775 1101
776 449
777 73
777 778
778 962
779 66
779 780
780 442
781 443
781 782
782 110
783 45
783 784
784 219
785 6
785 786
786 1306
787 788
787 1389
788 401
789 273
789 790
790 562
791 669
791 792
792 633
793 794
793 846
794 1273
795 378
795 796
796 33
797 798
797 1170
798 279
799 107
799 800
800 1137
801 235
801 802
802 746
803 804
803 879
804 1088
805 806
805 1250
806 756
807 808
807 1252
808 48
809 810
809 1337
810 72
811 812
811 1221
812 1217
813 814
813 923
814 762
815 816
815 1230
816 600
817 65
817 818
818 922
819 103
819 820
820 644
821 607
821 822
822 832
823 824
823 1091
824 400
825 88
825 826
826 1094
827 828
827 1241
828 1071
829 830
829 953
830 1155
831 832
831 912
832 1317
833 255
833 834
834 320
835 836
835 931
836 1240
837 838
837 1099
838 1296
839 542
839 840
840 672
841 621
841 842
842 448
843 844
843 1282
844 1336
845 573
845 846
846 775
847 848
847 921
848 638
849 429
849 850
850 698
851 852
851 960
852 530
853 790
853 854
854 856
855 196
855 856
856 1202
857 858
857 1311
858 193
859 581
859 860
860 1209
861 862
861 1024
862 655
863 864
863 1340
864 990
865 866
865 1331
866 852
867 307
867 868
868 68
869 683
869 870
870 1343
871 333
871 872
872 1184
873 719
873 874
874 1022
875 700
875 876
876 98
877 878
877 891
878 1332
879 598
879 880
880 583
881 525
881 882
882 1056
883 260
883 884
884 708
885 886
885 1360
886 547
887 376
887 888
888 353
889 593
889 890
890 6
891 566
891 892
892 863
893 807
893 894
894 694
895 695
895 896
896 1358
897 825
897 898
898 939
899 375
899 900
900 980
901 487
901 902
902 203
903 385
903 904
904 690
905 860
905 906
906 292
907 136
907 908
908 1189
909 696
909 910
910 1014
911 912
911 1063
912 438
913 363
913 914
914 1287
915 916
915 1076
916 1198
917 918
917 1173
918 56
919 731
919 920
920 564
921 922
921 937
922 244
923 924
923 1257
924 412
925 926
925 1032
926 1407
927 641
927 928
928 864
929 930
929 1039
930 241
931 642
931 932
932 212
933 915
933 934
934 348
935 627
935 936
936 1300
937 938
937 958
938 486
939 58
939 940
940 662
941 942
941 1081
942 1203
943 944
943 1037
944 372
945 61
945 946
946 971
947 948
947 1042
948 898
949 950
949 1087
950 812
951 952
951 1408
952 814
953 637
953 954
954 848
955 352
955 956
956 1110
957 362
957 958
958 776
959 960
959 1206
960 189
961 741
961 962
962 466
963 539
963 964
964 979
965 538
965 966
966 874
967 893
967 968
968 910
969 221
969 970
970 758
971 834
971 972
972 822
973 280
973 974
974 289
975 268
975 976
976 1228
977 471
977 978
978 43
979 270
979 980
980 670
981 556
981 982
982 654
983 841
983 984
984 53
985 986
985 1146
986 714
987 351
987 988
988 424
989 990
989 1183
990 456
991 992
991 1325
992 421
993 129
993 994
994 271
995 996
995 1010
996 1166
997 998
997 1151
998 1310
999 789
999 1000
1000 111
1001 1002
1001 1269
1002 584
1003 317
1003 1004
1004 886
1005 365
1005 1006
1006 434
1007 1008
1007 1254
1008 1119
1009 959
1009 1010
1010 1098
1011 397
1011 1012
1012 684
1013 450
1013 1014
1014 948
1015 155
1015 1016
1016 148
1017 31
1017 1018
1018 590
1019 1020
1019 1265
1020 940
1021 12
1021 1022
1022 589
1023 563
1023 1024
1024 541
1025 983
1025 1026
1026 511
1027 1028
1027 1058
1028 928
1029 1030
1029 1169
1030 1150
1031 1032
1031 1115
1032 322
1033 705
1033 1034
1034 396
1035 1036
1035 1286
1036 216
1037 702
1037 1038
1038 656
1039 742
1039 1040
1040 1233
1041 433
1041 1042
1042 64
1043 861
1043 1044
1044 249
1045 526
1045 1046
1046 866
1047 261
1047 1048
1048 1025
1049 701
1049 1050
1050 319
1051 774
1051 1052
1052 326
1053 59
1053 1054
1054 1354
1055 55
1055 1056
1056 1006
1057 157
1057 1058
1058 239
1059 1060
1059 1356
1060 679
1061 1062
1061 1193
1062 318
1063 1064
1063 1375
1064 514
1065 404
1065 1066
1066 476
1067 1068
1067 1178
1068 21
1069 113
1069 1070
1070 144
1071 1072
1071 1396
1072 1404
1073 1049
1073 1074
1074 252
1075 1076
1075 1371
1076 970
1077 41
1077 1078
1078 1092
1079 121
1079 1080
1080 1324
1081 332
1081 1082
1082 1118
1083 1084
1083 1121
1084 808
1085 1086
1085 1330
1086 658
1087 1088
1087 1378
1088 1225
1089 691
1089 1090
1090 1085
1091 1092
1091 1159
1092 350
1093 729
1093 1094
1094 306
1095 513
1095 1096
1096 1207
1097 1098
1097 1397
1098 1395
1099 849
1099 1100
1100 626
1101 529
1101 1102
1102 1188
1103 1104
1103 1117
1104 284
1105 904
1105 1106
1106 1096
1107 146
1107 1108
1108 718
1109 950
1109 1110
1110 1176
1111 475
1111 1112
1112 884
1113 338
1113 1114
1114 452
1115 91
1115 1116
1116 712
1117 534
1117 1118
1118 359
1119 245
1119 1120
1120 349
1121 608
1121 1122
1122 282
1123 50
1123 1124
1124 1156
1125 197
1125 1126
1126 956
1127 944
1127 1128
1128 405
1129 625
1129 1130
1130 130
1131 872
1131 1132
1132 782
1133 1134
1133 1303
1134 726
1135 368
1135 1136
1136 613
1137 188
1137 1138
1138 116
1139 251
1139 1140
1140 568
1141 911
1141 1142
1142 1158
1143 1031
1143 1144
1144 805
1145 727
1145 1146
1146 94
1147 180
1147 1148
1148 518
1149 462
1149 1150
1150 498
1151 263
1151 1152
1152 463
1153 795
1153 1154
1154 143
1155 1020
1155 1156
1156 1316
1157 485
1157 1158
1158 521
1159 1160
1159 1219
1160 909
1161 1033
1161 1162
1162 165
1163 454
1163 1164
1164 458
1165 201
1165 1166
1166 920
1167 133
1167 1168
1168 1290
1169 671
1169 1170
1170 1130
1171 753
1171 1172
1172 237
1173 1105
1173 1174
1174 622
1175 254
1175 1176
1176 851
1177 361
1177 1178
1178 587
1179 881
1179 1180
1180 582
1181 1182
1181 1351
1182 1344
1183 258
1183 1184
1184 1135
1185 602
1185 1186
1186 346
1187 297
1187 1188
1188 428
1189 17
1189 1190
1190 1387
1191 207
1191 1192
1192 1023
1193 225
1193 1194
1194 1349
1195 437
1195 1196
1196 334
1197 1198
1197 1266
1198 972
1199 1200
1199 1321
1200 932
1201 609
1201 1202
1202 1308
1203 780
1203 1204
1204 288
1205 829
1205 1206
1206 1377
1207 4
1207 1208
1208 996
1209 35
1209 1210
1210 867
1211 1212
1211 1216
1212 580
1213 799
1213 1214
1214 156
1215 308
1215 1216
1216 169
1217 1066
1217 1218
1218 1028
1219 543
1219 1220
1220 1246
1221 615
1221 1222
1222 969
1223 1040
1223 1224
1224 660
1225 820
1225 1226
1226 97
1227 436
1227 1228
1228 1376
1229 1102
1229 1230
1230 5
1231 177
1231 1232
1232 1180
1233 1129
1233 1234
1234 71
1235 85
1235 1236
1236 460
1237 377
1237 1238
1238 617
1239 173
1239 1240
1240 1278
1241 46
1241 1242
1242 202
1243 687
1243 1244
1244 1123
1245 1246
1245 1361
1246 1262
1247 711
1247 1248
1248 395
1249 407
1249 1250
1250 83
1251 535
1251 1252
1252 1097
1253 1145
1253 1254
1254 1011
1255 25
1255 1256
1256 1195
1257 748
1257 1258
1258 178
1259 548
1259 1260
1260 112
1261 793
1261 1262
1262 1215
1263 1264
1263 1385
1264 895
1265 1125
1265 1266
1266 868
1267 515
1267 1268
1268 1328
1269 585
1269 1270
1270 524
1271 315
1271 1272
1272 176
1273 39
1273 1274
1274 166
1275 44
1275 1276
1276 706
1277 902
1277 1278
1278 1341
1279 1280
1279 1369
1280 1314
1281 445
1281 1282
1282 236
1283 477
1283 1284
1284 752
1285 161
1285 1286
1286 1272
1287 467
1287 1288
1288 464
1289 791
1289 1290
1290 629
1291 1292
1291 1327
1292 392
1293 321
1293 1294
1294 552
1295 99
1295 1296
1296 968
1297 1200
1297 1298
1298 595
1299 1291
1299 1300
1300 1204
1301 1021
1301 1302
1302 1172
1303 919
1303 1304
1304 771
1305 764
1305 1306
1306 234
1307 1017
1307 1308
1308 1136
1309 591
1309 1310
1310 386
1311 914
1311 1312
1312 399
1313 747
1313 1314
1314 1013
1315 821
1315 1316
1316 2
1317 1126
1317 1318
1318 134
1319 1050
1319 1320
1320 40
1321 1322
1321 1368
1322 1128
1323 440
1323 1324
1324 79
1325 1231
1325 1326
1326 272
1327 215
1327 1328
1328 918
1329 455
1329 1330
1330 304
1331 631
1331 1332
1332 1139
1333 1079
1333 1334
1334 936
1335 738
1335 1336
1336 360
1337 310
1337 1338
1338 82
1339 164
1339 1340
1340 118
1341 1326
1341 1342
1342 723
1343 554
1343 1344
1344 1329
1345 482
1345 1346
1346 109
1347 181
1347 1348
1348 1383
1349 1339
1349 1350
1350 975
1351 357
1351 1352
1352 1305
1353 1242
1353 1354
1354 982
1355 699
1355 1356
1356 296
1357 567
1357 1358
1358 104
1359 1213
1359 1360
1360 345
1361 1144
1361 1362
1362 1346
1363 749
1363 1364
1364 274
1365 533
1365 1366
1366 889
1367 257
1367 1368
1368 159
1369 393
1369 1370
1370 955
1371 11
1371 1372
1372 468
1373 619
1373 1374
1374 124
1375 507
1375 1376
1376 204
1377 527
1377 1378
1378 1348
1379 205
1379 1380
1380 341
1381 114
1381 1382
1382 1046
1383 648
1383 1384
1384 139
1385 1073
1385 1386
1386 266
1387 1211
1387 1388
1388 90
1389 435
1389 1390
1390 224
1391 1191
1391 1392
1392 663
1393 1293
1393 1394
1394 344
1395 312
1395 1396
1396 572
1397 1061
1397 1398
1398 804
1399 1160
1399 1400
1400 630
1401 717
1401 1402
1402 858
1403 286
1403 1404
1404 36
1405 149
1405 1406
1406 457
1407 380
1407 1408
1408 682
1409 309
1409 1410
1410 817
1411 819
1411 1412
1412 364
1413 37
1413 1414
1414 555
