0 307
0 767
2 545
2 875
3 889
3 1385
4 641
4 1341
5 842
6 372
8 220
8 399
9 260
9 458
10 329
10 656
11 1406
12 964
15 530
15 915
17 607
17 776
19 846
19 1273
21 279
21 863
23 24
23 97
24 1225
25 26
25 703
26 724
27 28
27 741
28 204
29 30
29 1125
30 1280
31 32
31 609
32 65
33 34
33 569
34 601
35 36
35 309
36 934
37 38
37 137
38 824
39 40
39 702
40 1306
41 42
41 313
42 435
43 44
43 984
44 302
45 46
45 101
46 1292
47 48
47 1339
48 222
49 50
49 759
50 1332
51 52
51 954
52 368
53 1
53 54
54 308
55 56
55 821
56 1345
57 58
57 900
58 1346
59 60
59 139
60 1242
61 62
61 1000
62 878
63 64
63 301
64 1032
65 66
65 969
66 1182
67 68
67 193
68 683
69 70
69 438
70 361
71 72
71 799
72 1001
73 63
73 74
74 926
75 76
75 496
76 224
77 78
77 1413
78 1373
79 80
79 189
80 636
81 82
81 589
82 837
83 84
83 1083
84 1094
85 86
85 485
86 274
87 88
87 1199
88 1194
89 90
89 901
90 1198
91 92
91 1305
92 660
93 94
93 1399
94 992
95 96
95 688
96 584
97 22
97 98
98 786
99 100
99 335
100 486
101 102
101 579
102 691
103 104
103 705
104 728
105 106
105 283
106 1121
107 108
107 785
108 298
109 110
109 1369
110 603
111 112
111 711
112 544
113 114
113 345
114 1227
115 116
115 854
116 750
117 118
117 1245
118 535
119 120
119 713
120 262
121 122
121 357
122 1291
123 124
123 1004
124 256
125 126
125 1027
126 168
127 128
127 451
128 678
129 130
129 804
130 498
131 132
131 1343
132 225
133 134
133 816
134 745
135 136
135 389
136 1061
137 138
137 1049
138 966
139 140
139 1281
140 415
141 142
141 1241
142 591
143 144
143 657
144 1090
145 146
145 1072
146 122
147 148
147 690
148 869
149 150
149 244
150 578
151 67
151 152
152 421
153 154
153 1364
154 289
155 156
155 883
156 1028
157 158
157 266
158 248
159 160
159 1395
160 356
161 162
161 269
162 439
163 164
163 537
164 614
165 166
165 843
166 271
167 168
167 315
168 982
169 170
169 326
170 582
171 107
171 172
172 710
173 174
173 236
174 20
175 29
175 176
176 382
177 178
177 241
178 366
179 25
179 180
180 1134
181 182
181 408
182 512
183 184
183 428
184 1285
185 186
185 441
186 176
187 188
187 811
188 627
189 180
189 190
190 902
191 192
191 403
192 272
193 194
193 783
194 33
195 196
195 321
196 1160
197 198
197 1015
198 1111
199 200
199 851
200 1234
201 85
201 202
202 768
203 204
203 893
204 1279
205 206
205 517
206 1069
207 208
207 503
208 592
209 210
209 1329
210 17
211 2
211 212
212 770
213 214
213 1103
214 1283
215 216
215 1265
216 82
217 218
217 1321
218 267
219 197
219 220
220 32
221 222
221 820
222 971
223 224
223 990
224 434
225 226
225 1044
226 1012
227 228
227 1367
228 504
229 230
229 1052
230 914
231 232
231 692
232 681
233 49
233 234
234 1272
235 236
235 1353
236 66
237 238
237 749
238 1171
239 240
239 1142
240 1216
241 242
241 296
242 320
243 244
243 419
244 87
245 14
245 246
246 1192
247 188
247 248
248 86
249 250
249 317
250 1219
251 75
251 252
252 186
253 254
253 1371
254 830
255 41
255 256
256 205
257 258
257 433
258 840
259 260
259 896
260 730
261 262
261 729
262 1045
263 264
263 1048
264 847
265 266
265 1348
266 257
267 100
267 268
268 744
269 270
269 429
270 47
271 272
271 548
272 1046
273 274
273 782
274 1308
275 159
275 276
276 940
277 278
277 651
278 1312
279 280
279 612
280 13
281 282
281 920
282 650
283 284
283 1400
284 524
285 185
285 286
286 1163
287 131
287 288
288 642
289 290
289 1254
290 178
291 292
291 605
292 1165
293 294
293 1065
294 196
295 296
295 555
296 1039
297 298
297 991
298 488
299 50
299 300
300 528
301 229
301 302
302 599
303 228
303 304
304 1282
305 306
305 319
306 822
307 103
307 308
308 1366
309 310
309 1250
310 215
311 312
311 813
312 697
313 314
313 919
314 1380
315 316
315 1338
316 872
317 318
317 945
318 1382
319 320
319 1008
320 958
321 322
321 483
322 1323
323 324
323 478
324 360
325 326
325 583
326 1025
327 328
327 469
328 1365
329 330
329 1238
330 581
331 332
331 910
332 1078
333 334
333 1203
334 448
335 336
335 662
336 1322
337 338
337 464
338 554
339 340
339 585
340 282
341 181
341 342
342 668
343 344
343 573
344 3
345 346
345 1037
346 746
347 348
347 659
348 700
349 350
349 618
350 1152
351 352
351 1409
352 1384
353 12
353 354
354 62
355 175
355 356
356 120
357 358
357 947
358 98
359 360
359 1193
360 88
361 362
361 390
362 747
363 364
363 1352
364 410
365 366
365 550
366 1176
367 368
367 927
368 956
369 370
369 411
370 5
371 372
371 1055
372 506
373 374
373 1271
374 1144
375 44
375 376
376 790
377 378
377 735
378 766
379 380
379 1389
380 1368
381 382
381 721
382 676
383 43
383 384
384 9
385 386
385 648
386 998
387 388
387 401
388 608
389 118
389 390
390 481
391 392
391 1035
392 1298
393 394
393 864
394 1208
395 119
395 396
396 525
397 35
397 398
398 1213
399 400
399 1229
400 1074
401 402
401 1084
402 533
403 404
403 907
404 1076
405 406
405 593
406 888
407 355
407 408
408 1296
409 410
409 1064
410 1112
411 412
411 977
412 667
413 237
413 414
414 57
415 416
415 876
416 654
417 418
417 1376
418 1350
419 420
419 536
420 1211
421 422
421 465
422 1058
423 424
423 983
424 952
425 426
425 587
426 764
427 428
427 1407
428 362
429 430
429 509
430 1372
431 238
431 432
432 653
433 434
433 671
434 468
435 436
435 1147
436 312
437 363
437 438
438 219
439 440
439 757
440 1268
441 442
441 771
442 925
443 444
443 970
444 487
445 409
445 446
446 838
447 448
447 1363
448 1196
449 450
449 1327
450 1378
451 379
451 452
452 797
453 145
453 454
454 602
455 456
455 715
456 1379
457 458
457 1155
458 1233
459 395
459 460
460 880
461 93
461 462
462 147
463 431
463 464
464 27
465 466
465 477
466 314
467 102
467 468
468 316
469 143
469 470
470 1408
471 472
471 576
472 714
473 474
473 1187
474 670
475 476
475 1228
476 258
477 478
477 1205
478 686
479 480
479 976
480 1284
481 153
481 482
482 1244
483 385
483 484
484 1186
485 486
485 1143
486 946
487 488
487 814
488 332
489 490
489 949
490 54
491 492
491 645
492 891
493 494
493 570
494 452
495 496
495 1033
496 494
497 498
497 577
498 1386
499 500
499 732
500 353
501 502
501 638
502 406
503 255
503 504
504 161
505 42
505 506
506 68
507 508
507 519
508 731
509 510
509 521
510 493
511 512
511 1137
512 400
513 261
513 514
514 201
515 151
515 516
516 74
517 518
517 719
518 644
519 520
519 897
520 823
521 522
521 1059
522 588
523 6
523 524
524 1018
525 526
525 1328
526 916
527 528
527 557
528 1162
529 530
529 565
530 105
531 532
531 1403
532 1405
533 513
533 534
534 1173
535 536
535 756
536 1139
537 412
537 538
538 370
539 375
539 540
540 242
541 542
541 1167
542 125
543 173
543 544
544 156
545 546
545 621
546 1054
547 548
547 677
548 231
549 297
549 550
550 500
551 165
551 552
552 1030
553 554
553 1340
554 148
555 556
555 727
556 1412
557 37
557 558
558 1135
559 560
559 935
560 466
561 562
561 1200
562 252
563 564
563 1301
564 420
565 472
565 566
566 392
567 568
567 793
568 195
569 191
569 570
570 1013
571 572
571 832
572 140
573 574
573 1251
574 414
575 576
575 943
576 384
577 381
577 578
578 552
579 580
579 1161
580 658
581 304
581 582
582 955
583 584
583 818
584 1118
585 586
585 1289
586 200
587 588
587 978
588 1175
589 402
589 590
590 1354
591 592
591 1358
592 443
593 594
593 885
594 1034
595 78
595 596
596 1236
597 467
597 598
598 223
599 600
599 855
600 281
601 602
601 1081
602 1126
603 604
603 1183
604 427
605 606
605 861
606 1226
607 273
607 608
608 446
609 610
609 829
610 520
611 397
611 612
612 162
613 568
613 614
614 1275
615 616
615 1356
616 1316
617 618
617 1317
618 352
619 501
619 620
620 773
621 463
621 622
622 233
623 624
623 975
624 712
625 626
625 1391
626 166
627 628
627 973
628 1019
629 630
629 1221
630 1349
631 632
631 1036
632 758
633 374
633 634
634 708
635 134
635 636
636 115
637 109
637 638
638 936
639 152
639 640
640 633
641 150
641 642
642 56
643 644
643 739
644 733
645 646
645 704
646 445
647 648
647 1243
648 72
649 650
649 988
650 905
651 652
651 1320
652 1333
653 654
653 709
654 108
655 113
655 656
656 90
657 553
657 658
658 763
659 259
659 660
660 1002
661 662
661 951
662 1158
663 437
663 664
664 70
665 21
665 666
666 380
667 668
667 1097
668 828
669 670
669 985
670 1344
671 672
671 987
672 416
673 127
673 674
674 340
675 69
675 676
676 928
677 678
677 1053
678 284
679 331
679 680
680 1374
681 682
681 974
682 1050
683 684
683 751
684 418
685 686
685 1156
686 1042
687 141
687 688
688 726
689 690
689 1047
690 1108
691 99
691 692
692 1342
693 694
693 723
694 318
695 696
695 1360
696 827
697 206
697 698
698 1396
699 700
699 866
700 632
701 702
701 1077
702 1185
703 704
703 1099
704 247
705 706
705 807
706 1222
707 580
707 708
708 674
709 710
709 906
710 1314
711 211
711 712
712 480
713 714
713 1206
714 10
715 716
715 1151
716 1402
717 718
717 862
718 629
719 669
719 720
720 386
721 722
721 772
722 306
723 724
723 948
724 350
725 726
725 1009
726 689
727 728
727 805
728 516
729 730
729 879
730 1361
731 499
731 732
732 24
733 682
733 734
734 882
735 484
735 736
736 538
737 564
737 738
738 492
739 628
739 740
740 586
741 393
741 742
742 388
743 744
743 1191
744 1326
745 746
745 1017
746 551
747 680
747 748
748 944
749 750
749 1309
750 626
751 752
751 884
752 84
753 754
753 895
754 305
755 383
755 756
756 1387
757 737
757 758
758 1246
759 664
759 760
760 556
761 762
761 1315
762 208
763 764
763 810
764 693
765 766
765 1218
766 1231
767 725
767 768
768 15
769 126
769 770
770 490
771 772
771 867
772 1277
773 91
773 774
774 1168
775 776
775 967
776 1270
777 778
777 1261
778 1153
779 136
779 780
780 1133
781 407
781 782
782 1073
783 45
783 784
784 287
785 473
785 786
786 459
787 216
787 788
788 1239
789 790
789 1293
790 616
791 423
791 792
792 8
793 6
793 794
794 808
795 339
795 796
796 1414
797 300
797 798
798 1026
799 34
799 800
800 342
801 203
801 802
802 1287
803 775
803 804
804 11
805 806
805 865
806 881
807 808
807 1351
808 1252
809 343
809 810
810 532
811 812
811 1355
812 781
813 655
813 814
814 594
815 816
815 1401
816 1253
817 505
817 818
818 604
819 820
819 1195
820 53
821 121
821 822
822 979
823 824
823 844
824 720
825 826
825 997
826 953
827 828
827 965
828 1066
829 254
829 830
830 337
831 687
831 832
832 347
833 387
833 834
834 1102
835 836
835 860
836 1230
837 169
837 838
838 868
839 840
839 850
840 454
841 58
841 842
842 1110
843 39
843 844
844 546
845 846
845 1075
846 595
847 848
847 986
848 972
849 230
849 850
850 348
851 752
851 852
852 1324
853 558
853 854
854 796
855 55
855 856
856 462
857 858
857 1381
858 529
859 679
859 860
860 1109
861 77
861 862
862 1089
863 761
863 864
864 1307
865 327
865 866
866 778
867 675
867 868
868 1080
869 774
869 870
870 1140
871 872
871 1123
872 617
873 541
873 874
874 1264
875 876
875 963
876 1062
877 624
877 878
878 1393
879 522
879 880
880 1114
881 647
881 882
882 598
883 884
883 959
884 1172
885 886
885 1067
886 232
887 888
887 911
888 1100
889 489
889 890
890 1024
891 218
891 892
892 874
893 894
893 961
894 1410
895 896
895 1294
896 784
897 19
897 898
898 1174
899 900
899 1010
900 36
901 373
901 902
902 475
903 207
903 904
904 839
905 906
905 1116
906 354
907 908
907 1141
908 1202
909 910
909 1215
910 1127
911 912
911 968
912 540
913 470
913 914
914 1258
915 482
915 916
916 542
917 918
917 1095
918 904
919 789
919 920
920 61
921 922
921 1201
922 311
923 924
923 1335
924 1093
925 926
925 1091
926 635
927 622
927 928
928 696
929 349
929 930
930 16
931 932
931 939
932 924
933 934
933 1145
934 1124
935 936
935 1184
936 1164
937 707
937 938
938 1278
939 23
939 940
940 170
941 426
941 942
942 268
943 571
943 944
944 12
945 946
945 1113
946 364
947 81
947 948
948 116
949 845
949 950
950 1180
951 753
951 952
952 912
953 954
953 1269
954 365
955 956
955 1256
956 734
957 275
957 958
958 1240
959 853
959 960
960 1204
961 291
961 962
962 802
963 527
963 964
964 1006
965 590
965 966
966 1190
967 661
967 968
968 51
969 970
969 1086
970 290
971 7
971 972
972 684
973 974
973 1023
974 1189
975 976
975 1375
976 1248
977 515
977 978
978 801
979 560
979 980
980 562
981 825
981 982
982 1038
983 984
983 1249
984 270
985 986
985 1274
986 334
987 685
987 988
988 346
989 190
989 990
990 46
991 456
991 992
992 1313
993 461
993 994
994 736
995 89
995 996
996 1290
997 455
997 998
998 942
999 413
999 1000
1000 1136
1001 367
1001 1002
1002 1276
1003 507
1003 1004
1004 856
1005 937
1005 1006
1006 294
1007 819
1007 1008
1008 989
1009 1010
1009 1197
1010 1098
1011 649
1011 1012
1012 572
1013 111
1013 1014
1014 1404
1015 1016
1015 1411
1016 1188
1017 265
1017 1018
1018 264
1019 1020
1019 1115
1020 743
1021 1005
1021 1022
1022 1260
1023 835
1023 1024
1024 673
1025 114
1025 1026
1026 450
1027 716
1027 1028
1028 245
1029 962
1029 1030
1030 1120
1031 663
1031 1032
1032 351
1033 378
1033 1034
1034 630
1035 1036
1035 1303
1036 1068
1037 95
1037 1038
1038 1169
1039 209
1039 1040
1040 899
1041 4
1041 1042
1042 1388
1043 1044
1043 1131
1044 600
1045 192
1045 1046
1046 1122
1047 1048
1047 1262
1048 330
1049 637
1049 1050
1050 852
1051 755
1051 1052
1052 1130
1053 299
1053 1054
1054 738
1055 453
1055 1056
1056 1170
1057 931
1057 1058
1058 933
1059 909
1059 1060
1060 913
1061 179
1061 1062
1062 1286
1063 286
1063 1064
1064 826
1065 917
1065 1066
1066 94
1067 417
1067 1068
1068 760
1069 1070
1069 1154
1070 996
1071 611
1071 1072
1072 1237
1073 526
1073 1074
1074 1138
1075 1076
1075 1359
1076 60
1077 157
1077 1078
1078 848
1079 333
1079 1080
1080 96
1081 806
1081 1082
1082 1087
1083 1084
1083 1337
1084 1257
1085 623
1085 1086
1086 754
1087 497
1087 1088
1088 398
1089 376
1089 1090
1090 202
1091 491
1091 1092
1092 873
1093 993
1093 1094
1094 701
1095 71
1095 1096
1096 323
1097 539
1097 1098
1098 610
1099 239
1099 1100
1100 740
1101 240
1101 1102
1102 174
1103 1104
1103 1107
1104 1166
1105 1106
1105 1149
1106 221
1107 1085
1107 1108
1108 834
1109 777
1109 1110
1110 892
1111 1011
1111 1112
1112 1288
1113 187
1113 1114
1114 404
1115 163
1115 1116
1116 479
1117 1118
1117 1357
1118 1016
1119 292
1119 1120
1120 502
1121 706
1121 1122
1122 1232
1123 194
1123 1124
1124 518
1125 344
1125 1126
1126 762
1127 1043
1127 1128
1128 325
1129 1130
1129 1210
1130 1347
1131 957
1131 1132
1132 212
1133 430
1133 1134
1134 1117
1135 1021
1135 1136
1136 890
1137 1105
1137 1138
1138 1056
1139 803
1139 1140
1140 698
1141 1142
1141 1377
1142 73
1143 235
1143 1144
1144 144
1145 575
1145 1146
1146 606
1147 1148
1147 1263
1148 336
1149 295
1149 1150
1150 619
1151 643
1151 1152
1152 476
1153 1154
1153 1159
1154 1079
1155 812
1155 1156
1156 198
1157 1051
1157 1158
1158 155
1159 1160
1159 1217
1160 788
1161 285
1161 1162
1162 1370
1163 597
1163 1164
1164 646
1165 1082
1165 1166
1166 794
1167 514
1167 1168
1168 894
1169 377
1169 1170
1170 574
1171 1041
1171 1172
1172 1223
1173 792
1173 1174
1174 929
1175 923
1175 1176
1176 28
1177 981
1177 1178
1178 263
1179 457
1179 1180
1180 722
1181 1182
1181 1330
1182 30
1183 665
1183 1184
1184 567
1185 634
1185 1186
1186 849
1187 1188
1187 1267
1188 652
1189 338
1189 1190
1190 1325
1191 950
1191 1192
1192 994
1193 1194
1193 1207
1194 695
1195 815
1195 1196
1196 277
1197 391
1197 1198
1198 748
1199 226
1199 1200
1200 48
1201 903
1201 1202
1202 123
1203 132
1203 1204
1204 877
1205 1057
1205 1206
1206 1383
1207 253
1207 1208
1208 460
1209 1157
1209 1210
1210 1179
1211 995
1211 1212
1212 742
1213 1060
1213 1214
1214 672
1215 1007
1215 1216
1216 1063
1217 1029
1217 1218
1218 941
1219 128
1219 1220
1220 76
1221 26
1221 1222
1222 160
1223 1092
1223 1224
1224 130
1225 559
1225 1226
1226 1304
1227 1148
1227 1228
1228 436
1229 1119
1229 1230
1230 596
1231 1232
1231 1295
1232 800
1233 1234
1233 1334
1234 250
1235 566
1235 1236
1236 1398
1237 1177
1237 1238
1238 278
1239 666
1239 1240
1240 106
1241 293
1241 1242
1242 1318
1243 213
1243 1244
1244 210
1245 791
1245 1246
1246 765
1247 214
1247 1248
1248 1266
1249 809
1249 1250
1250 857
1251 1031
1251 1252
1252 474
1253 779
1253 1254
1254 1212
1255 1256
1255 1297
1256 1390
1257 1258
1257 1299
1258 886
1259 549
1259 1260
1260 5
1261 59
1261 1262
1262 523
1263 1129
1263 1264
1264 561
1265 563
1265 1266
1266 184
1267 359
1267 1268
1268 31
1269 1270
1269 1392
1270 324
1271 1101
1271 1272
1272 341
1273 243
1273 1274
1274 508
1275 1150
1275 1276
1276 1235
1277 1014
1277 1278
1278 887
1279 841
1279 1280
1280 1224
1281 908
1281 1282
1282 112
1283 124
1283 1284
1284 52
1285 1040
1285 1286
1286 1178
1287 422
1287 1288
1288 167
1289 79
1289 1290
1290 158
1291 1259
1291 1292
1292 1022
1293 303
1293 1294
1294 511
1295 898
1295 1296
1296 276
1297 1298
1297 1310
1298 870
1299 371
1299 1300
1300 543
1301 217
1301 1302
1302 471
1303 1304
1303 1331
1304 1336
1305 938
1305 1306
1306 432
1307 795
1307 1308
1308 1132
1309 831
1309 1310
1310 1362
1311 921
1311 1312
1312 444
1313 38
1313 1314
1314 1214
1315 442
1315 1316
1316 639
1317 694
1317 1318
1318 424
1319 1071
1319 1320
1320 246
1321 871
1321 1322
1322 405
1323 932
1323 1324
1324 92
1325 394
1325 1326
1326 930
1327 310
1327 1328
1328 251
1329 999
1329 1330
1330 358
1331 613
1331 1332
1332 1255
1333 1220
1333 1334
1334 129
1335 1247
1335 1336
1336 798
1337 249
1337 1338
1338 80
1339 1319
1339 1340
1340 447
1341 833
1341 1342
1342 234
1343 922
1343 1344
1344 769
1345 182
1345 1346
1346 1300
1347 110
1347 1348
1348 64
1349 11
1349 1350
1350 1146
1351 227
1351 1352
1352 1311
1353 104
1353 1354
1354 138
1355 615
1355 1356
1356 117
1357 534
1357 1358
1358 718
1359 1003
1359 1360
1360 495
1361 1128
1361 1362
1362 199
1363 133
1363 1364
1364 146
1365 780
1365 1366
1366 280
1367 83
1367 1368
1368 40
1369 817
1369 1370
1370 142
1371 699
1371 1372
1372 440
1373 171
1373 1374
1374 858
1375 625
1375 1376
1376 1088
1377 425
1377 1378
1378 1394
1379 918
1379 1380
1380 1096
1381 1382
1381 1397
1382 1106
1383 396
1383 1384
1384 172
1385 960
1385 1386
1386 980
1387 369
1387 1388
1388 1104
1389 183
1389 1390
1390 154
1391 717
1391 1392
1392 547
1393 1020
1393 1394
1394 836
1395 1209
1395 1396
1396 1070
1397 135
1397 1398
1398 18
1399 787
1399 1400
1400 1181
1401 531
1401 1402
1402 164
1403 859
1403 1404
1404 1302
1405 177
1405 1406
1406 288
1407 322
1407 1408
1408 631
1409 328
1409 1410
1410 149
1411 449
1411 1412
1412 640
1413 510
1413 1414
1414 620
