0 79
0 839
3 207
3 988
4 642
4 1251
5 1306
6 156
7 175
7 1141
8 603
8 780
9 589
10 639
11 274
11 458
13 291
13 743
15 117
15 292
17 109
17 507
19 577
19 843
21 879
21 940
23 1
23 24
24 1309
25 26
25 847
26 744
27 28
27 899
28 947
29 30
29 607
30 754
31 32
31 1208
32 706
33 34
33 731
34 686
35 36
35 877
36 698
37 38
37 1292
38 999
39 24
39 40
40 1079
41 42
41 823
42 64
43 44
43 590
44 574
45 46
45 1387
46 1338
47 48
47 526
48 810
49 50
49 841
50 1086
51 52
51 673
52 793
53 54
53 436
54 354
55 56
55 1411
56 1196
57 58
57 532
58 332
59 60
59 211
60 1047
61 62
61 563
62 884
63 64
63 775
64 1408
65 66
65 328
66 1278
67 68
67 1097
68 581
69 70
69 357
70 714
71 72
71 276
72 542
73 74
73 1016
74 1028
75 76
75 505
76 116
77 78
77 819
78 536
79 80
79 633
80 1200
81 82
81 1042
82 592
83 14
83 84
84 1167
85 86
85 729
86 325
87 88
87 901
88 464
89 90
89 852
90 1026
91 92
91 809
92 324
93 94
93 154
94 958
95 96
95 1092
96 1190
97 80
97 98
98 726
99 100
99 651
100 72
101 102
101 124
102 1064
103 104
103 428
104 990
105 106
105 713
106 1311
107 108
107 911
108 665
109 110
109 425
110 935
111 112
111 1357
112 725
113 114
113 1248
114 196
115 116
115 600
116 803
117 118
117 456
118 1184
119 34
119 120
120 96
121 122
121 1381
122 1191
123 124
123 1161
124 1030
125 126
125 161
126 1037
127 128
127 1399
128 380
129 130
129 509
130 1343
131 132
131 973
132 403
133 134
133 268
134 477
135 136
135 311
136 572
137 138
137 1187
138 567
139 140
139 508
140 98
141 142
141 1129
142 897
143 27
143 144
144 650
145 146
145 889
146 308
147 148
147 1040
148 421
149 150
149 1177
150 646
151 152
151 812
152 16
153 154
153 490
154 399
155 156
155 1204
156 1212
157 158
157 1373
158 140
159 160
159 347
160 104
161 162
161 459
162 160
163 164
163 1001
164 304
165 166
165 621
166 494
167 168
167 963
168 1317
169 170
169 1095
170 818
171 172
171 279
172 213
173 174
173 930
174 414
175 176
175 1265
176 1025
177 178
177 1082
178 182
179 180
179 807
180 696
181 182
181 1273
182 1014
183 6
183 184
184 648
185 186
185 191
186 578
187 188
187 461
188 594
189 61
189 190
190 239
191 192
191 1127
192 976
193 194
193 1180
194 1029
195 196
195 602
196 1034
197 198
197 1063
198 1209
199 200
199 1254
200 1003
201 202
201 961
202 593
203 204
203 1401
204 585
205 206
205 1330
206 558
207 208
207 825
208 1368
209 210
209 369
210 252
211 212
211 798
212 178
213 214
213 1264
214 1286
215 216
215 1243
216 205
217 218
217 1348
218 1375
219 220
219 739
220 548
221 86
221 222
222 652
223 217
223 224
224 644
225 226
225 1007
226 584
227 228
227 1268
228 356
229 230
229 1023
230 257
231 232
231 260
232 596
233 234
233 641
234 1105
235 77
235 236
236 76
237 238
237 409
238 1094
239 240
239 670
240 734
241 242
241 561
242 438
243 244
243 489
244 576
245 246
245 315
246 1174
247 28
247 248
248 864
249 41
249 250
250 90
251 165
251 252
252 413
253 254
253 797
254 382
255 26
255 256
256 1018
257 113
257 258
258 748
259 260
259 1314
260 1131
261 262
261 408
262 266
263 264
263 811
264 460
265 208
265 266
266 400
267 268
267 1244
268 144
269 270
269 1275
270 942
271 272
271 767
272 894
273 274
273 1153
274 1057
275 163
275 276
276 485
277 278
277 1364
278 390
279 280
279 907
280 535
281 282
281 849
282 659
283 284
283 732
284 629
285 286
285 355
286 1378
287 127
287 288
288 218
289 290
289 925
290 1201
291 106
291 292
292 474
293 294
293 952
294 1300
295 296
295 983
296 1302
297 298
297 1077
298 1192
299 300
299 872
300 950
301 302
301 966
302 65
303 304
303 776
304 363
305 306
305 1250
306 643
307 308
307 1316
308 977
309 310
309 1005
310 318
311 312
311 735
312 892
313 314
313 1154
314 788
315 316
315 613
316 1390
317 318
317 816
318 282
319 320
319 883
320 212
321 225
321 322
322 255
323 259
323 324
324 1148
325 9
325 326
326 1386
327 328
327 349
328 520
329 330
329 777
330 755
331 332
331 1241
332 959
333 334
333 1319
334 738
335 336
335 637
336 631
337 236
337 338
338 1305
339 340
339 377
340 1233
341 342
341 1056
342 676
343 344
343 381
344 1126
345 346
345 1236
346 1152
347 312
347 348
348 1206
349 350
349 840
350 967
351 91
351 352
352 821
353 4
353 354
354 184
355 356
355 493
356 136
357 358
357 543
358 687
359 360
359 939
360 1211
361 88
361 362
362 451
363 84
363 364
364 948
365 187
365 366
366 846
367 368
367 615
368 895
369 370
369 763
370 795
371 267
371 372
372 362
373 374
373 588
374 442
375 38
375 376
376 102
377 378
377 747
378 936
379 209
379 380
380 389
381 382
381 472
382 540
383 125
383 384
384 525
385 386
385 1024
386 372
387 307
387 388
388 979
389 390
389 443
390 1414
391 57
391 392
392 194
393 394
393 787
394 147
395 340
395 396
396 619
397 398
397 838
398 736
399 296
399 400
400 924
401 402
401 1397
402 1228
403 404
403 757
404 1189
405 105
405 406
406 33
407 408
407 740
408 859
409 253
409 410
410 179
411 89
411 412
412 250
413 414
413 545
414 1216
415 416
415 730
416 66
417 418
417 769
418 568
419 112
419 420
420 190
421 422
421 554
422 1158
423 424
423 691
424 699
425 426
425 773
426 1363
427 428
427 867
428 371
429 430
429 1337
430 200
431 432
431 608
432 604
433 331
433 434
434 504
435 419
435 436
436 774
437 405
437 438
438 1032
439 440
439 974
440 944
441 288
441 442
442 752
443 149
443 444
444 1396
445 446
445 571
446 1116
447 229
447 448
448 722
449 7
449 450
450 529
451 446
451 452
452 869
453 69
453 454
454 919
455 70
455 456
456 850
457 458
457 1389
458 1221
459 460
459 953
460 813
461 462
461 1385
462 60
463 384
463 464
464 1356
465 466
465 476
466 32
467 468
467 766
468 1298
469 470
469 517
470 964
471 472
471 723
472 424
473 474
473 534
474 158
475 476
475 991
476 333
477 478
477 874
478 880
479 195
479 480
480 1290
481 181
481 482
482 802
483 484
483 721
484 831
485 319
485 486
486 497
487 488
487 882
488 1409
489 490
489 655
490 1108
491 492
491 675
492 233
493 494
493 982
494 1351
495 145
495 496
496 962
497 498
497 1222
498 206
499 500
499 1395
500 1323
501 502
501 595
502 74
503 131
503 504
504 1382
505 454
505 506
506 1143
507 237
507 508
508 553
509 423
509 510
510 119
511 273
511 512
512 95
513 234
513 514
514 306
515 469
515 516
516 724
517 171
517 518
518 1405
519 520
519 857
520 1104
521 522
521 1038
522 1122
523 524
523 1339
524 746
525 526
525 645
526 671
527 528
527 1293
528 56
529 427
529 530
530 790
531 532
531 865
532 59
533 534
533 560
534 970
535 536
535 1359
536 842
537 538
537 937
538 398
539 540
539 692
540 1230
541 457
541 542
542 792
543 67
543 544
544 861
545 546
545 956
546 1260
547 548
547 987
548 272
549 550
549 1149
550 888
551 374
551 552
552 1134
553 554
553 666
554 186
555 352
555 556
556 860
557 530
557 558
558 1262
559 560
559 749
560 1406
561 335
561 562
562 915
563 499
563 564
564 345
565 503
565 566
566 1227
567 568
567 1159
568 346
569 445
569 570
570 1237
571 572
571 781
572 1151
573 479
573 574
574 1374
575 576
575 1050
576 931
577 578
577 886
578 278
579 466
579 580
580 998
581 85
581 582
582 42
583 584
583 875
584 1169
585 586
585 626
586 388
587 588
587 620
588 1132
589 590
589 1011
590 360
591 481
591 592
592 487
593 594
593 904
594 3
595 596
595 1109
596 760
597 598
597 1020
598 1404
599 600
599 984
600 685
601 143
601 602
602 1101
603 471
603 604
604 475
605 130
605 606
606 103
607 608
607 1135
608 323
609 281
609 610
610 862
611 612
611 866
612 635
613 222
613 614
614 1157
615 616
615 928
616 805
617 618
617 1232
618 500
619 367
619 620
620 378
621 622
621 1341
622 142
623 624
623 1255
624 649
625 626
625 1041
626 402
627 628
627 1231
628 1085
629 630
629 1070
630 546
631 467
631 632
632 240
633 634
633 1327
634 122
635 636
635 826
636 262
637 638
637 920
638 1310
639 188
639 640
640 1002
641 642
641 858
642 269
643 301
643 644
644 164
645 17
645 646
646 439
647 648
647 709
648 806
649 53
649 650
650 138
651 652
651 657
652 1081
653 654
653 954
654 710
655 656
655 705
656 569
657 658
657 1345
658 704
659 587
659 660
660 916
661 662
661 941
662 647
663 486
663 664
664 256
665 283
665 666
666 1280
667 309
667 668
668 552
669 111
669 670
670 245
671 672
671 833
672 690
673 674
673 1384
674 1238
675 676
675 1089
676 1186
677 678
677 1355
678 992
679 680
679 923
680 391
681 350
681 682
682 614
683 341
683 684
684 155
685 247
685 686
686 1253
687 688
687 926
688 148
689 690
689 1370
690 166
691 692
691 1285
692 101
693 410
693 694
694 559
695 696
695 1224
696 204
697 698
697 1367
698 1075
699 285
699 700
700 1162
701 702
701 1074
702 786
703 539
703 704
704 478
705 706
705 873
706 452
707 12
707 708
708 1160
709 433
709 710
710 762
711 712
711 808
712 107
713 714
713 801
714 550
715 716
715 993
716 5
717 167
717 718
718 44
719 720
719 779
720 1267
721 722
721 1017
722 1058
723 724
723 1329
724 303
725 726
725 917
726 46
727 498
727 728
728 978
729 305
729 730
730 943
731 533
731 732
732 1006
733 718
733 734
734 728
735 383
735 736
736 1156
737 738
737 1349
738 6
739 605
739 740
740 1102
741 742
741 824
742 1033
743 366
743 744
744 664
745 746
745 1303
746 1242
747 717
747 748
748 1360
749 83
749 750
750 708
751 99
751 752
752 1144
753 358
753 754
754 1336
755 261
755 756
756 93
757 758
757 981
758 50
759 760
759 784
760 150
761 762
761 1111
762 756
763 764
763 1333
764 210
765 327
765 766
766 772
767 768
767 1321
768 338
769 770
769 1342
770 918
771 772
771 975
772 800
773 774
773 878
774 912
775 432
775 776
776 199
777 778
777 903
778 177
779 780
779 1205
780 761
781 782
781 1403
782 616
783 583
783 784
784 241
785 786
785 1000
786 1176
787 251
787 788
788 1407
789 790
789 1354
790 126
791 128
791 792
792 1164
793 491
793 794
794 1270
795 230
795 796
796 373
797 798
797 1113
798 63
799 800
799 1297
800 1183
801 802
801 1325
802 694
803 804
803 1249
804 933
805 254
805 806
806 876
807 808
807 1226
808 1073
809 810
809 1219
810 465
811 243
811 812
812 848
813 523
813 814
814 624
815 816
815 1289
816 1115
817 599
817 818
818 376
819 820
819 1291
820 342
821 822
821 1340
822 502
823 395
823 824
824 789
825 826
825 1299
826 227
827 547
827 828
828 1369
829 830
829 1294
830 938
831 832
831 1052
832 488
833 834
833 1393
834 1322
835 450
835 836
836 49
837 838
837 1282
838 820
839 840
839 1133
840 135
841 31
841 842
842 58
843 482
843 844
844 660
845 537
845 846
846 385
847 23
847 848
848 447
849 582
849 850
850 1182
851 275
851 852
852 415
853 606
853 854
854 1398
855 137
855 856
856 885
857 858
857 1195
858 1194
859 860
859 1185
860 658
861 862
861 1166
862 5
863 463
863 864
864 611
865 866
865 929
866 1099
867 799
867 868
868 856
869 870
869 1139
870 1066
871 379
871 872
872 1137
873 129
873 874
874 192
875 495
875 876
876 162
877 878
877 1069
878 1235
879 880
879 1412
880 1071
881 132
881 882
882 586
883 570
883 884
884 316
885 886
885 1170
886 133
887 815
887 888
888 387
889 711
889 890
890 172
891 892
891 997
892 985
893 506
893 894
894 444
895 114
895 896
896 521
897 484
897 898
898 1271
899 900
899 921
900 37
901 431
901 902
902 397
903 407
903 904
904 680
905 716
905 906
906 364
907 453
907 908
908 2
909 910
909 1247
910 1258
911 764
911 912
912 1046
913 700
913 914
914 334
915 609
915 916
916 1114
917 918
917 1015
918 1106
919 286
919 920
920 10
921 351
921 922
922 321
923 924
923 1181
924 1150
925 329
925 926
926 1061
927 263
927 928
928 10
929 930
929 1147
930 893
931 817
931 932
932 1168
933 688
933 934
934 750
935 242
935 936
936 703
937 449
937 938
938 1078
939 940
939 1093
940 1044
941 741
941 942
942 1004
943 317
943 944
944 94
945 361
945 946
946 284
947 948
947 1383
948 1284
949 712
949 950
950 853
951 299
951 952
952 770
953 954
953 1315
954 1163
955 956
955 1045
956 829
957 958
957 1234
958 270
959 902
959 960
960 794
961 962
961 1019
962 1246
963 964
963 1083
964 949
965 759
965 966
966 92
967 159
967 968
968 173
969 62
969 970
970 1090
971 223
971 972
972 139
973 29
973 974
974 832
975 337
975 976
976 1136
977 978
977 1010
978 910
979 336
979 980
980 1252
981 835
981 982
982 68
983 871
983 984
984 783
985 492
985 986
986 946
987 287
987 988
988 566
989 221
989 990
990 228
991 900
991 992
992 120
993 994
993 1080
994 422
995 663
995 996
996 898
997 462
997 998
998 1331
999 280
999 1000
1000 326
1001 1002
1001 1307
1002 1060
1003 1004
1003 1413
1004 118
1005 753
1005 1006
1006 1312
1007 1008
1007 1165
1008 220
1009 965
1009 1010
1010 473
1011 527
1011 1012
1012 913
1013 1014
1013 1118
1014 934
1015 1016
1015 1091
1016 677
1017 531
1017 1018
1018 193
1019 55
1019 1020
1020 1009
1021 737
1021 1022
1022 669
1023 1024
1023 1146
1024 430
1025 216
1025 1026
1026 40
1027 226
1027 1028
1028 416
1029 1030
1029 1388
1030 302
1031 39
1031 1032
1032 1012
1033 1034
1033 1098
1034 996
1035 1036
1035 1121
1036 396
1037 180
1037 1038
1038 330
1039 13
1039 1040
1040 695
1041 168
1041 1042
1042 1140
1043 1044
1043 1198
1044 1266
1045 153
1045 1046
1046 97
1047 674
1047 1048
1048 1043
1049 1050
1049 1173
1050 1142
1051 1052
1051 1301
1052 1172
1053 968
1053 1054
1054 30
1055 955
1055 1056
1056 1279
1057 1036
1057 1058
1058 152
1059 1060
1059 1347
1060 1259
1061 785
1061 1062
1062 183
1063 290
1063 1064
1064 932
1065 544
1065 1066
1066 758
1067 1048
1067 1068
1068 1328
1069 25
1069 1070
1070 980
1071 78
1071 1072
1072 418
1073 622
1073 1074
1074 1145
1075 519
1075 1076
1076 1332
1077 1078
1077 1308
1078 1130
1079 1080
1079 1155
1080 1245
1081 854
1081 1082
1082 1380
1083 313
1083 1084
1084 246
1085 483
1085 1086
1086 1054
1087 1088
1087 1313
1088 960
1089 151
1089 1090
1090 1344
1091 1092
1091 1379
1092 654
1093 1094
1093 1202
1094 796
1095 277
1095 1096
1096 258
1097 1098
1097 1107
1098 370
1099 1100
1099 1103
1100 392
1101 1059
1101 1102
1102 971
1103 945
1103 1104
1104 1366
1105 480
1105 1106
1106 742
1107 437
1107 1108
1108 435
1109 518
1109 1110
1110 322
1111 528
1111 1112
1112 640
1113 1114
1113 1193
1114 1296
1115 855
1115 1116
1116 972
1117 1055
1117 1118
1118 244
1119 1120
1119 1123
1120 1261
1121 219
1121 1122
1122 1346
1123 1124
1123 1358
1124 1240
1125 827
1125 1126
1126 610
1127 11
1127 1128
1128 564
1129 751
1129 1130
1130 48
1131 71
1131 1132
1132 638
1133 627
1133 1134
1134 1335
1135 35
1135 1136
1136 1276
1137 851
1137 1138
1138 110
1139 1140
1139 1372
1140 1350
1141 745
1141 1142
1142 951
1143 580
1143 1144
1144 1326
1145 51
1145 1146
1146 420
1147 359
1147 1148
1148 426
1149 1150
1149 1277
1150 668
1151 134
1151 1152
1152 524
1153 601
1153 1154
1154 429
1155 43
1155 1156
1156 100
1157 344
1157 1158
1158 822
1159 248
1159 1160
1160 174
1161 501
1161 1162
1162 1068
1163 87
1163 1164
1164 986
1165 1166
1165 1223
1166 1138
1167 310
1167 1168
1168 440
1169 1119
1169 1170
1170 441
1171 573
1171 1172
1172 176
1173 1174
1173 1179
1174 214
1175 1013
1175 1176
1176 82
1177 123
1177 1178
1178 108
1179 1171
1179 1180
1180 1210
1181 515
1181 1182
1182 522
1183 496
1183 1184
1184 1008
1185 1124
1185 1186
1186 834
1187 141
1187 1188
1188 235
1189 434
1189 1190
1190 1220
1191 1192
1191 1295
1192 1400
1193 8
1193 1194
1194 836
1195 1031
1195 1196
1196 656
1197 683
1197 1198
1198 814
1199 765
1199 1200
1200 681
1201 625
1201 1202
1202 411
1203 1204
1203 1229
1204 778
1205 511
1205 1206
1206 555
1207 1051
1207 1208
1208 406
1209 891
1209 1210
1210 1062
1211 771
1211 1212
1212 636
1213 1087
1213 1214
1214 896
1215 1216
1215 1256
1216 54
1217 989
1217 1218
1218 365
1219 845
1219 1220
1220 224
1221 368
1221 1222
1222 52
1223 679
1223 1224
1224 81
1225 47
1225 1226
1226 909
1227 513
1227 1228
1228 1272
1229 470
1229 1230
1230 1392
1231 1021
1231 1232
1232 271
1233 591
1233 1234
1234 1088
1235 1236
1235 1402
1236 238
1237 417
1237 1238
1238 1371
1239 868
1239 1240
1240 386
1241 1242
1241 1376
1242 906
1243 1125
1243 1244
1244 1352
1245 634
1245 1246
1246 1096
1247 1248
1247 1263
1248 510
1249 1215
1249 1250
1250 294
1251 198
1251 1252
1252 1128
1253 1178
1253 1254
1254 21
1255 295
1255 1256
1256 1027
1257 844
1257 1258
1258 908
1259 1260
1259 1274
1260 905
1261 232
1261 1262
1262 914
1263 289
1263 1264
1264 661
1265 1266
1265 1361
1266 22
1267 1268
1267 1334
1268 1283
1269 201
1269 1270
1270 1257
1271 514
1271 1272
1272 1365
1273 887
1273 1274
1274 20
1275 538
1275 1276
1276 702
1277 401
1277 1278
1278 1324
1279 185
1279 1280
1280 1053
1281 565
1281 1282
1282 1100
1283 782
1283 1284
1284 468
1285 697
1285 1286
1286 562
1287 169
1287 1288
1288 1304
1289 314
1289 1290
1290 516
1291 202
1291 1292
1292 1197
1293 1203
1293 1294
1294 617
1295 662
1295 1296
1296 1072
1297 45
1297 1298
1298 1410
1299 157
1299 1300
1300 18
1301 881
1301 1302
1302 320
1303 693
1303 1304
1304 1084
1305 404
1305 1306
1306 727
1307 653
1307 1308
1308 343
1309 863
1309 1310
1310 630
1311 115
1311 1312
1312 1287
1313 628
1313 1314
1314 215
1315 927
1315 1316
1316 293
1317 189
1317 1318
1318 667
1319 1214
1319 1320
1320 170
1321 791
1321 1322
1322 551
1323 612
1323 1324
1324 1120
1325 339
1325 1326
1326 1112
1327 1281
1327 1328
1328 969
1329 249
1329 1330
1330 1217
1331 804
1331 1332
1332 870
1333 203
1333 1334
1334 1394
1335 957
1335 1336
1336 632
1337 541
1337 1338
1338 265
1339 121
1339 1340
1340 557
1341 623
1341 1342
1342 75
1343 36
1343 1344
1344 598
1345 1175
1345 1346
1346 1362
1347 922
1347 1348
1348 9
1349 393
1349 1350
1350 837
1351 1218
1351 1352
1352 1188
1353 549
1353 1354
1354 597
1355 375
1355 1356
1356 348
1357 197
1357 1358
1358 684
1359 995
1359 1360
1360 733
1361 1049
1361 1362
1362 1391
1363 830
1363 1364
1364 1065
1365 512
1365 1366
1366 15
1367 719
1367 1368
1368 618
1369 1117
1369 1370
1370 672
1371 1067
1371 1372
1372 720
1373 412
1373 1374
1374 994
1375 353
1375 1376
1376 455
1377 1269
1377 1378
1378 689
1379 264
1379 1380
1380 1239
1381 297
1381 1382
1382 1110
1383 701
1383 1384
1384 1377
1385 73
1385 1386
1386 715
1387 1225
1387 1388
1388 678
1389 1035
1389 1390
1390 19
1391 448
1391 1392
1392 682
1393 1213
1393 1394
1394 394
1395 828
1395 1396
1396 1076
1397 1207
1397 1398
1398 890
1399 1022
1399 1400
1400 556
1401 1199
1401 1402
1402 575
1403 231
1403 1404
1404 768
1405 1039
1405 1406
1406 1288
1407 1353
1407 1408
1408 146
1409 298
1409 1410
1410 1320
1411 300
1411 1412
1412 579
1413 1318
1413 1414
1414 707
