0 61
0 563
1 85
1 590
2 745
2 1067
3 1023
3 1250
4 665
4 1187
5 1289
6 8
9 438
9 1286
11 930
10 343
10 345
12 734
15 507
15 1162
17 120
17 1365
19 680
19 1086
21 491
21 526
23 24
23 950
24 1106
25 26
25 290
26 1082
27 28
27 1407
28 1147
29 30
29 33
30 835
31 32
31 631
32 205
33 34
33 947
34 699
35 36
35 1338
36 132
37 38
37 623
38 263
39 40
39 1203
40 529
41 42
41 1400
42 1122
43 44
43 207
44 730
45 46
45 667
46 121
47 48
47 1294
48 254
49 50
49 204
50 952
51 52
51 125
52 954
53 2
53 54
54 1257
55 56
55 1182
56 752
57 58
57 464
58 322
59 60
59 447
60 212
61 62
61 885
62 611
63 64
63 510
64 60
65 66
65 723
66 242
67 68
67 418
68 14
69 70
69 530
70 158
71 72
71 1241
72 184
73 74
73 791
74 545
75 76
75 137
76 300
77 78
77 689
78 1275
79 80
79 402
80 156
81 82
81 1111
82 1263
83 84
83 1378
84 305
85 86
85 297
86 216
87 88
87 111
88 613
89 90
89 913
90 1126
91 51
91 92
92 129
93 94
93 1029
94 1381
95 96
95 716
96 658
97 98
97 412
98 1174
99 100
99 765
100 921
101 102
101 657
102 1319
103 104
103 338
104 152
105 106
105 617
106 62
107 54
107 108
108 539
109 110
109 223
110 66
111 112
111 179
112 872
113 114
113 209
114 704
115 89
115 116
116 227
117 118
117 1312
118 819
119 120
119 493
120 394
121 122
121 231
122 420
123 124
123 970
124 1260
125 126
125 138
126 243
127 128
127 808
128 920
129 130
129 1207
130 879
131 132
131 226
132 151
133 134
133 155
134 405
135 136
135 247
136 494
137 138
137 675
138 715
139 140
139 211
140 1048
141 142
141 843
142 732
143 144
143 801
144 1328
145 146
145 199
146 1000
147 148
147 1409
148 568
149 150
149 565
150 241
151 152
151 244
152 1066
153 154
153 781
154 1060
155 156
155 1394
156 416
157 158
157 1279
158 1285
159 160
159 705
160 1352
161 162
161 985
162 853
163 164
163 1324
164 68
165 166
165 869
166 1071
167 168
167 926
168 1158
169 170
169 973
170 1212
171 169
171 172
172 536
173 148
173 174
174 980
175 176
175 218
176 96
177 42
177 178
178 1072
179 180
179 466
180 1393
181 182
181 1392
182 282
183 184
183 224
184 489
185 186
185 240
186 1024
187 188
187 1277
188 911
189 190
189 1229
190 1150
191 192
191 1019
192 495
193 194
193 969
194 1078
195 196
195 1413
196 97
197 198
197 249
198 1143
199 200
199 1369
200 426
201 202
201 1377
202 1105
203 105
203 204
204 281
205 206
205 1179
206 1052
207 208
207 1231
208 1398
209 210
209 1221
210 746
211 212
211 359
212 914
213 214
213 584
214 601
215 216
215 1109
216 498
217 218
217 342
218 157
219 220
219 1042
220 1198
221 222
221 523
222 1406
223 224
223 253
224 388
225 226
225 817
226 645
227 228
227 1054
228 750
229 230
229 816
230 1380
231 232
231 465
232 36
233 234
233 681
234 1021
235 236
235 577
236 1330
237 238
237 707
238 1018
239 240
239 1177
240 521
241 242
241 724
242 1270
243 244
243 399
244 88
245 246
245 849
246 861
247 248
247 1040
248 274
249 91
249 250
250 1003
251 252
251 1171
252 1402
253 254
253 361
254 542
255 256
255 367
256 87
257 258
257 499
258 780
259 260
259 769
260 608
261 262
261 678
262 616
263 264
263 1070
264 580
265 266
265 740
266 806
267 268
267 945
268 587
269 270
269 1353
270 1136
271 115
271 272
272 771
273 274
273 279
274 812
275 276
275 292
276 90
277 278
277 937
278 1108
279 76
279 280
280 1292
281 282
281 738
282 346
283 284
283 533
284 848
285 286
285 1020
286 1123
287 288
287 1295
288 714
289 290
289 847
290 329
291 275
291 292
292 1233
293 294
293 829
294 183
295 296
295 1161
296 95
297 298
297 653
298 578
299 300
299 977
300 851
301 302
301 751
302 1010
303 304
303 509
304 896
305 306
305 753
306 1314
307 193
307 308
308 1306
309 310
309 727
310 1360
311 312
311 955
312 646
313 314
313 650
314 618
315 316
315 409
316 272
317 318
317 940
318 316
319 320
319 663
320 446
321 322
321 1384
322 1234
323 124
323 324
324 430
325 296
325 326
326 406
327 328
327 799
328 1323
329 330
329 1228
330 1290
331 332
331 549
332 264
333 334
333 615
334 558
335 336
335 878
336 1114
337 30
337 338
338 106
339 188
339 340
340 1118
341 342
341 397
342 303
343 344
343 579
344 810
345 326
345 346
346 688
347 348
347 927
348 902
349 142
349 350
350 1246
351 164
351 352
352 306
353 201
353 354
354 1248
355 238
355 356
356 640
357 358
357 858
358 351
359 360
359 719
360 1160
361 362
361 1215
362 1310
363 364
363 966
364 865
365 366
365 403
366 934
367 368
367 589
368 994
369 260
369 370
370 1168
371 372
371 1208
372 119
373 374
373 544
374 605
375 376
375 1190
376 844
377 333
377 378
378 764
379 380
379 1261
380 298
381 144
381 382
382 1239
383 384
383 519
384 978
385 386
385 939
386 898
387 388
387 607
388 554
389 390
389 569
390 110
391 392
391 825
392 912
393 394
393 591
394 28
395 309
395 396
396 566
397 398
397 1375
398 889
399 400
399 757
400 1307
401 402
401 1061
402 11
403 404
403 429
404 65
405 406
405 513
406 408
407 408
407 831
408 1087
409 410
409 571
410 736
411 323
411 412
412 478
413 414
413 1103
414 561
415 72
415 416
416 24
417 418
417 1403
418 170
419 26
419 420
420 916
421 422
421 729
422 991
423 413
423 424
424 1321
425 21
425 426
426 1385
427 428
427 1387
428 772
429 430
429 652
430 522
431 432
431 1014
432 364
433 313
433 434
434 948
435 436
435 1265
436 711
437 438
437 929
438 1395
439 440
439 469
440 70
441 215
441 442
442 1074
443 444
443 965
444 1408
445 446
445 457
446 790
447 139
447 448
448 1149
449 450
449 993
450 1049
451 452
451 1397
452 1115
453 395
453 454
454 428
455 456
455 990
456 22
457 141
457 458
458 1173
459 114
459 460
460 1256
461 462
461 575
462 794
463 464
463 1093
464 496
465 466
465 763
466 289
467 468
467 733
468 1131
469 470
469 776
470 1268
471 472
471 856
472 163
473 474
473 697
474 754
475 191
475 476
476 773
477 57
477 478
478 340
479 480
479 1097
480 1012
481 482
481 1016
482 1354
483 484
483 1039
484 100
485 262
485 486
486 860
487 488
487 497
488 562
489 490
489 1046
490 832
491 492
491 628
492 1252
493 150
493 494
494 390
495 496
495 867
496 288
497 40
497 498
498 1036
499 500
499 1083
500 933
501 502
501 687
502 422
503 504
503 642
504 717
505 431
505 506
506 532
507 508
507 1035
508 1282
509 267
509 510
510 393
511 123
511 512
512 1401
513 514
513 789
514 182
515 516
515 828
516 942
517 107
517 518
518 982
519 373
519 520
520 1193
521 522
521 706
522 778
523 271
523 524
524 1139
525 526
525 1130
526 1405
527 71
527 528
528 391
529 530
529 1089
530 208
531 532
531 655
532 1157
533 189
533 534
534 612
535 536
535 709
536 83
537 377
537 538
538 1219
539 540
539 1308
540 534
541 542
541 629
542 841
543 544
543 1247
544 511
545 546
545 968
546 488
547 548
547 840
548 1374
549 273
549 550
550 80
551 552
551 1253
552 392
553 421
553 554
554 502
555 556
555 693
556 1346
557 558
557 664
558 506
559 39
559 560
560 210
561 562
561 1259
562 1166
563 564
563 1383
564 86
565 566
565 1371
566 548
567 568
567 1148
568 1092
569 570
569 900
570 1226
571 553
571 572
572 1135
573 44
573 574
574 634
575 53
575 576
576 17
577 505
577 578
578 15
579 214
579 580
580 518
581 582
581 1065
582 938
583 584
583 1343
584 826
585 284
585 586
586 246
587 588
587 999
588 701
589 590
589 603
590 3
591 331
591 592
592 770
593 594
593 996
594 1081
595 596
595 1077
596 256
597 598
597 1303
598 49
599 600
599 1335
600 883
601 441
601 602
602 854
603 604
603 725
604 1379
605 606
605 910
606 918
607 559
607 608
608 907
609 610
609 807
610 731
611 612
611 919
612 800
613 614
613 659
614 962
615 5
615 616
616 349
617 618
617 777
618 1098
619 620
619 1281
620 1271
621 417
621 622
622 1068
623 624
623 755
624 1389
625 117
625 626
626 459
627 365
627 628
628 1034
629 630
629 1183
630 1222
631 632
631 683
632 1120
633 634
633 1309
634 684
635 636
635 871
636 1102
637 335
637 638
638 1076
639 640
639 722
640 1372
641 225
641 642
642 775
643 644
643 963
644 356
645 646
645 721
646 1336
647 648
647 1140
648 560
649 650
649 949
650 380
651 652
651 964
652 35
653 31
653 654
654 596
655 656
655 1044
656 50
657 658
657 899
658 1026
659 585
659 660
660 1357
661 662
661 1283
662 56
663 664
663 1057
664 1155
665 369
665 666
666 1194
667 229
667 668
668 818
669 319
669 670
670 1276
671 59
671 672
672 266
673 674
673 720
674 598
675 676
675 803
676 983
677 678
677 1197
678 1223
679 680
679 1028
680 656
681 682
681 813
682 480
683 293
683 684
684 94
685 635
685 686
686 320
687 450
687 688
688 312
689 690
689 1112
690 531
691 692
691 760
692 440
693 694
693 1316
694 458
695 696
695 850
696 84
697 258
697 698
698 666
699 700
699 1347
700 863
701 702
701 1113
702 200
703 704
703 1317
704 636
705 706
705 1376
706 433
707 475
707 708
708 700
709 619
709 710
710 1298
711 98
711 712
712 112
713 237
713 714
714 268
715 437
715 716
716 576
717 248
717 718
718 594
719 720
719 975
720 891
721 467
721 722
722 824
723 135
723 724
724 1205
725 726
725 1297
726 196
727 287
727 728
728 1280
729 730
729 837
730 1056
731 732
731 786
732 1382
733 734
733 1404
734 1333
735 736
735 1038
736 172
737 41
737 738
738 470
739 740
739 1339
740 748
741 108
741 742
742 606
743 744
743 957
744 425
745 746
745 1064
746 1370
747 748
747 894
748 864
749 676
749 750
750 960
751 482
751 752
752 1186
753 754
753 1227
754 278
755 649
755 756
756 232
757 758
757 1269
758 516
759 760
759 846
760 520
761 762
761 839
762 956
763 29
763 764
764 363
765 153
765 766
766 702
767 500
767 768
768 463
769 307
769 770
770 581
771 772
771 1146
772 23
773 625
773 774
774 485
775 776
775 1099
776 1059
777 92
777 778
778 419
779 780
779 1363
780 567
781 435
781 782
782 261
783 784
783 1329
784 1104
785 786
785 1175
786 310
787 573
787 788
788 508
789 166
789 790
790 1236
791 792
791 895
792 382
793 389
793 794
794 1030
795 145
795 796
796 1220
797 101
797 798
798 972
799 643
799 800
800 1032
801 802
801 1007
802 1025
803 804
803 823
804 239
805 806
805 1249
806 852
807 423
807 808
808 1364
809 219
809 810
810 384
811 759
811 812
812 1170
813 75
813 814
814 444
815 528
815 816
816 385
817 221
817 818
818 1242
819 131
819 820
820 432
821 822
821 1391
822 1288
823 202
823 824
824 1206
825 583
825 826
826 404
827 828
827 834
828 396
829 449
829 830
830 245
831 832
831 915
832 74
833 484
833 834
834 644
835 836
835 887
836 302
837 445
837 838
838 1291
839 171
839 840
840 708
841 842
841 1045
842 588
843 844
843 1079
844 696
845 838
845 846
846 476
847 848
847 995
848 325
849 483
849 850
850 984
851 593
851 852
852 876
853 854
853 1218
854 354
855 856
855 1337
856 1121
857 557
857 858
858 779
859 401
859 860
860 442
861 862
861 1088
862 10
863 69
863 864
864 744
865 299
865 866
866 78
867 627
867 868
868 265
869 321
869 870
870 728
871 872
871 1167
872 492
873 874
873 1047
874 651
875 448
875 876
876 301
877 217
877 878
878 1053
879 504
879 880
880 670
881 761
881 882
882 935
883 884
883 943
884 802
885 341
885 886
886 1296
887 235
887 888
888 286
889 890
889 1145
890 455
891 669
891 892
892 1262
893 47
893 894
894 1204
895 896
895 1368
896 574
897 898
897 1345
898 454
899 269
899 900
900 177
901 527
901 902
902 1358
903 116
903 904
904 1313
905 785
905 906
906 220
907 537
907 908
908 685
909 749
909 910
910 185
911 859
911 912
912 1350
913 599
913 914
914 679
915 564
915 916
916 344
917 918
917 931
918 1390
919 572
919 920
920 1110
921 19
921 922
922 1302
923 55
923 924
924 1124
925 487
925 926
926 190
927 928
927 1272
928 176
929 387
929 930
930 638
931 621
931 932
932 842
933 73
933 934
934 1240
935 233
935 936
936 276
937 938
937 1041
938 9
939 609
939 940
940 1027
941 942
941 1214
942 20
943 944
943 1001
944 710
945 946
945 1055
946 451
947 833
947 948
948 104
949 439
949 950
950 181
951 541
951 952
952 252
953 383
953 954
954 674
955 99
955 956
956 1009
957 958
957 1051
958 456
959 960
959 1299
960 348
961 514
961 962
962 407
963 126
963 964
964 1163
965 966
965 1225
966 782
967 968
967 1133
968 314
969 877
969 970
970 4
971 901
971 972
972 134
973 882
973 974
974 592
975 503
975 976
976 11
977 978
977 1151
978 460
979 32
979 980
980 1116
981 318
981 982
982 352
983 811
983 984
984 1015
985 46
985 986
986 6
987 37
987 988
988 48
989 783
989 990
990 122
991 992
991 1388
992 386
993 353
993 994
994 1232
995 414
995 996
996 347
997 855
997 998
998 686
999 552
999 1000
1000 1196
1001 1002
1001 1216
1002 922
1003 961
1003 1004
1004 742
1005 159
1005 1006
1006 827
1007 1008
1007 1107
1008 175
1009 1010
1009 1274
1010 1356
1011 118
1011 1012
1012 1090
1013 443
1013 1014
1014 295
1015 43
1015 1016
1016 668
1017 109
1017 1018
1018 540
1019 161
1019 1020
1020 637
1021 959
1021 1022
1022 1201
1023 1024
1023 1043
1024 550
1025 1026
1025 1278
1026 967
1027 624
1027 1028
1028 1069
1029 595
1029 1030
1030 375
1031 923
1031 1032
1032 862
1033 547
1033 1034
1034 888
1035 468
1035 1036
1036 1255
1037 1038
1037 1210
1038 103
1039 1040
1039 1367
1040 743
1041 1042
1041 1154
1042 905
1043 1044
1043 1235
1044 1348
1045 633
1045 1046
1046 324
1047 1048
1047 1181
1048 874
1049 941
1049 1050
1050 1300
1051 34
1051 1052
1052 726
1053 291
1053 1054
1054 944
1055 881
1055 1056
1056 538
1057 1058
1057 1169
1058 1199
1059 1060
1059 1091
1060 981
1061 597
1061 1062
1062 586
1063 1064
1063 1142
1064 630
1065 381
1065 1066
1066 12
1067 925
1067 1068
1068 515
1069 1070
1069 1080
1070 308
1071 787
1071 1072
1072 330
1073 1074
1073 1202
1074 1004
1075 1076
1075 1410
1076 936
1077 452
1077 1078
1078 822
1079 997
1079 1080
1080 133
1081 998
1081 1082
1082 474
1083 535
1083 1084
1084 762
1085 1086
1085 1191
1086 327
1087 12
1087 1088
1088 6
1089 805
1089 1090
1090 908
1091 737
1091 1092
1092 128
1093 1094
1093 1254
1094 79
1095 370
1095 1096
1096 986
1097 1098
1097 1414
1098 870
1099 27
1099 1100
1100 718
1101 339
1101 1102
1102 360
1103 804
1103 1104
1104 1322
1105 671
1105 1106
1106 1245
1107 1108
1107 1237
1108 712
1109 1110
1109 1349
1110 16
1111 255
1111 1112
1112 971
1113 1114
1113 1200
1114 614
1115 471
1115 1116
1116 788
1117 143
1117 1118
1118 1244
1119 620
1119 1120
1120 830
1121 988
1121 1122
1122 130
1123 1031
1123 1124
1124 332
1125 1084
1125 1126
1126 194
1127 1008
1127 1128
1128 796
1129 283
1129 1130
1130 1058
1131 897
1131 1132
1132 1185
1133 906
1133 1134
1134 890
1135 234
1135 1136
1136 1006
1137 1138
1137 1238
1138 376
1139 453
1139 1140
1140 1184
1141 525
1141 1142
1142 472
1143 953
1143 1144
1144 713
1145 1096
1145 1146
1146 626
1147 1148
1147 1180
1148 501
1149 462
1149 1150
1150 436
1151 1152
1151 1399
1152 355
1153 379
1153 1154
1154 187
1155 427
1155 1156
1156 691
1157 374
1157 1158
1158 25
1159 866
1159 1160
1160 206
1161 1141
1161 1162
1162 692
1163 739
1163 1164
1164 928
1165 317
1165 1166
1166 178
1167 1168
1167 1304
1168 1152
1169 1170
1169 1351
1170 140
1171 820
1171 1172
1172 774
1173 1095
1173 1174
1174 168
1175 1176
1175 1315
1176 604
1177 673
1177 1178
1178 932
1179 337
1179 1180
1180 661
1181 703
1181 1182
1182 336
1183 277
1183 1184
1184 1094
1185 1186
1185 1326
1186 546
1187 1011
1187 1188
1188 1172
1189 1190
1189 1366
1190 892
1191 1017
1191 1192
1192 1100
1193 362
1193 1194
1194 1373
1195 845
1195 1196
1196 250
1197 81
1197 1198
1198 795
1199 1200
1199 1243
1200 1332
1201 7
1201 1202
1202 486
1203 311
1203 1204
1204 1153
1205 989
1205 1206
1206 904
1207 815
1207 1208
1208 1311
1209 1037
1209 1210
1210 814
1211 102
1211 1212
1212 570
1213 517
1213 1214
1214 236
1215 1144
1215 1216
1216 1305
1217 1119
1217 1218
1218 1344
1219 1220
1219 1267
1220 1134
1221 1165
1221 1222
1222 1132
1223 767
1223 1224
1224 909
1225 632
1225 1226
1226 974
1227 880
1227 1228
1228 490
1229 1005
1229 1230
1230 698
1231 1232
1231 1266
1232 228
1233 213
1233 1234
1234 1138
1235 160
1235 1236
1236 582
1237 1238
1237 1361
1238 758
1239 1063
1239 1240
1240 958
1241 1242
1241 1273
1242 294
1243 195
1243 1244
1244 647
1245 230
1245 1246
1246 976
1247 315
1247 1248
1248 648
1249 1217
1249 1250
1250 77
1251 1252
1251 1386
1252 1128
1253 1254
1253 1341
1254 147
1255 784
1255 1256
1256 924
1257 1
1257 1258
1258 411
1259 1075
1259 1260
1260 793
1261 1262
1261 1287
1262 694
1263 917
1263 1264
1264 1002
1265 543
1265 1266
1266 809
1267 1209
1267 1268
1268 1164
1269 524
1269 1270
1270 1073
1271 1272
1271 1355
1272 180
1273 203
1273 1274
1274 682
1275 304
1275 1276
1276 167
1277 979
1277 1278
1278 1325
1279 63
1279 1280
1280 662
1281 259
1281 1282
1282 1188
1283 766
1283 1284
1284 1412
1285 798
1285 1286
1286 481
1287 951
1287 1288
1288 610
1289 1085
1289 1290
1290 1264
1291 797
1291 1292
1292 400
1293 1117
1293 1294
1294 371
1295 1293
1295 1296
1296 792
1297 257
1297 1298
1298 690
1299 1300
1299 1411
1300 127
1301 174
1301 1302
1302 350
1303 251
1303 1304
1304 473
1305 768
1305 1306
1306 415
1307 372
1307 1308
1308 67
1309 1156
1309 1310
1310 477
1311 82
1311 1312
1312 479
1313 735
1313 1314
1314 18
1315 654
1315 1316
1316 756
1317 695
1317 1318
1318 173
1319 378
1319 1320
1320 113
1321 1301
1321 1322
1322 992
1323 285
1323 1324
1324 1189
1325 903
1325 1326
1326 836
1327 551
1327 1328
1328 410
1329 1033
1329 1330
1330 1192
1331 162
1331 1332
1332 280
1333 358
1333 1334
1334 368
1335 461
1335 1336
1336 1251
1337 821
1337 1338
1338 1062
1339 555
1339 1340
1340 434
1341 197
1341 1342
1342 146
1343 600
1343 1344
1344 884
1345 1178
1345 1346
1346 1396
1347 747
1347 1348
1348 64
1349 1050
1349 1350
1350 398
1351 198
1351 1352
1352 1013
1353 45
1353 1354
1354 1340
1355 1258
1355 1356
1356 58
1357 1342
1357 1358
1358 136
1359 1129
1359 1360
1360 602
1361 1211
1361 1362
1362 13
1363 1101
1363 1364
1364 154
1365 1320
1365 1366
1366 875
1367 165
1367 1368
1368 893
1369 886
1369 1370
1370 1334
1371 1359
1371 1372
1372 868
1373 424
1373 1374
1374 672
1375 641
1375 1376
1376 1327
1377 677
1377 1378
1378 270
1379 52
1379 1380
1380 556
1381 741
1381 1382
1382 1022
1383 1213
1383 1384
1384 5
1385 1284
1385 1386
1386 1137
1387 357
1387 1388
1388 1176
1389 1331
1389 1390
1390 1362
1391 1195
1391 1392
1392 366
1393 987
1393 1394
1394 334
1395 186
1395 1396
1396 622
1397 873
1397 1398
1398 639
1399 512
1399 1400
1400 660
1401 946
1401 1402
1402 1230
1403 328
1403 1404
1404 93
1405 222
1405 1406
1406 1318
1407 149
1407 1408
1408 1159
1409 192
1409 1410
1410 1127
1411 1125
1411 1412
1412 38
1413 1224
1413 1414
1414 857
