0 629
0 1243
3 199
3 207
4 659
4 1389
5 168
6 933
7 597
7 1113
8 53
8 336
9 257
10 970
11 353
11 786
13 1142
13 1401
15 529
15 891
17 606
17 677
19 974
19 1386
21 45
21 688
23 24
23 989
24 691
25 26
25 58
26 217
27 28
27 695
28 1301
29 30
29 175
30 94
31 32
31 1049
32 1210
33 34
33 660
34 330
35 36
35 670
36 792
37 38
37 1315
38 70
39 40
39 503
40 548
41 42
41 106
42 963
43 44
43 667
44 391
45 46
45 243
46 735
47 48
47 417
48 408
49 50
49 444
50 72
51 52
51 242
52 134
53 54
53 748
54 261
55 56
55 663
56 878
57 58
57 901
58 47
59 60
59 1235
60 33
61 62
61 1341
62 215
63 64
63 555
64 605
65 66
65 611
66 1053
67 68
67 426
68 351
69 70
69 491
70 532
71 72
71 621
72 1168
73 74
73 509
74 323
75 76
75 1202
76 1289
77 78
77 510
78 301
79 80
79 328
80 126
81 82
81 576
82 474
83 84
83 685
84 1143
85 86
85 557
86 488
87 88
87 1407
88 696
89 90
89 1346
90 560
91 92
91 159
92 211
93 94
93 625
94 1148
95 5
95 96
96 656
97 98
97 280
98 962
99 100
99 609
100 486
101 102
101 644
102 418
103 104
103 220
104 766
105 106
105 1399
106 379
107 108
107 967
108 722
109 110
109 965
110 676
111 112
111 255
112 1096
113 114
113 194
114 184
115 116
115 1228
116 1178
117 118
117 1354
118 1311
119 120
119 463
120 356
121 122
121 1377
122 682
123 124
123 995
124 652
125 126
125 717
126 198
127 128
127 770
128 1270
129 130
129 1015
130 836
131 132
131 797
132 1158
133 134
133 832
134 926
135 136
135 369
136 700
137 138
137 559
138 768
139 140
139 169
140 704
141 142
141 827
142 1120
143 144
143 820
144 374
145 146
145 1068
146 1129
147 148
147 713
148 234
149 150
149 1409
150 1208
151 152
151 806
152 692
153 49
153 154
154 241
155 156
155 277
156 607
157 158
157 1087
158 762
159 160
159 1003
160 302
161 65
161 162
162 295
163 164
163 831
164 354
165 163
165 166
166 1393
167 168
167 1371
168 626
169 170
169 464
170 842
171 172
171 1359
172 504
173 174
173 245
174 1123
175 176
175 1165
176 405
177 178
177 1373
178 11
179 180
179 681
180 1064
181 167
181 182
182 778
183 18
183 184
184 865
185 186
185 339
186 395
187 188
187 254
188 1222
189 140
189 190
190 1350
191 135
191 192
192 123
193 194
193 1066
194 10
195 196
195 1279
196 1201
197 198
197 343
198 1325
199 200
199 712
200 674
201 7
201 202
202 1313
203 204
203 895
204 26
205 206
205 265
206 1374
207 208
207 1008
208 1192
209 132
209 210
210 1404
211 212
211 1410
212 1296
213 48
213 214
214 1238
215 23
215 216
216 1181
217 218
217 1121
218 104
219 181
219 220
220 780
221 222
221 317
222 9
223 224
223 779
224 794
225 226
225 1385
226 502
227 228
227 340
228 291
229 230
229 871
230 299
231 232
231 1203
232 887
233 234
233 526
234 1160
235 236
235 387
236 1300
237 238
237 853
238 856
239 240
239 755
240 925
241 242
241 1021
242 210
243 244
243 899
244 465
245 246
245 803
246 631
247 248
247 877
248 15
249 250
249 637
250 68
251 129
251 252
252 428
253 254
253 789
254 516
255 256
255 537
256 665
257 258
257 290
258 1019
259 260
259 1231
260 434
261 262
261 616
262 34
263 264
263 731
264 348
265 266
265 1145
266 90
267 268
267 325
268 187
269 270
269 769
270 724
271 272
271 314
272 1166
273 274
273 311
274 435
275 233
275 276
276 412
277 278
277 1335
278 322
279 97
279 280
280 77
281 282
281 1227
282 1408
283 284
283 1074
284 1226
285 286
285 331
286 32
287 288
287 1183
288 383
289 283
289 290
290 841
291 105
291 292
292 959
293 294
293 1266
294 1252
295 296
295 966
296 150
297 298
297 438
298 375
299 300
299 507
300 442
301 302
301 928
302 349
303 177
303 304
304 1392
305 306
305 494
306 646
307 308
307 1365
308 36
309 310
309 1095
310 1347
311 269
311 312
312 765
313 314
313 326
314 401
315 316
315 346
316 1234
317 147
317 318
318 1118
319 60
319 320
320 1122
321 322
321 1125
322 1329
323 324
323 1361
324 16
325 231
325 326
326 976
327 328
327 469
328 258
329 330
329 639
330 551
331 332
331 370
332 268
333 35
333 334
334 1366
335 336
335 1280
336 775
337 338
337 500
338 244
339 223
339 340
340 767
341 342
341 1402
342 304
343 344
343 1221
344 1253
345 346
345 1173
346 1154
347 348
347 1323
348 886
349 350
349 1406
350 368
351 352
351 1116
352 1000
353 354
353 1297
354 816
355 356
355 1369
356 600
357 358
357 1034
358 694
359 360
359 964
360 2
361 362
361 833
362 1196
363 364
363 784
364 572
365 366
365 1255
366 1286
367 368
367 937
368 384
369 370
369 1395
370 718
371 372
371 699
372 272
373 374
373 693
374 152
375 376
375 378
376 837
377 378
377 649
378 19
379 98
379 380
380 870
381 382
381 929
382 172
383 384
383 739
384 156
385 386
385 893
386 432
387 173
387 388
388 176
389 390
389 1265
390 949
391 392
391 863
392 250
393 394
393 577
394 535
395 396
395 851
396 498
397 398
397 601
398 799
399 56
399 400
400 918
401 402
401 1082
402 285
403 404
403 1079
404 119
405 406
405 773
406 146
407 408
407 971
408 506
409 345
409 410
410 1103
411 319
411 412
412 890
413 414
413 911
414 1285
415 247
415 416
416 1031
417 418
417 927
418 4
419 191
419 420
420 916
421 422
421 751
422 385
423 424
423 1161
424 22
425 357
425 426
426 1171
427 428
427 651
428 212
429 6
429 430
430 1176
431 432
431 1271
432 427
433 434
433 1039
434 900
435 237
435 436
436 1164
437 438
437 1247
438 940
439 440
439 785
440 1241
441 442
441 599
442 1052
443 153
443 444
444 628
445 446
445 499
446 1146
447 86
447 448
448 1035
449 371
449 450
450 680
451 54
451 452
452 874
453 404
453 454
454 867
455 445
455 456
456 1138
457 458
457 1124
458 1380
459 287
459 460
460 866
461 462
461 1276
462 118
463 464
463 845
464 1131
465 466
465 1136
466 110
467 468
467 909
468 308
469 470
469 915
470 116
471 149
471 472
472 1137
473 415
473 474
474 854
475 79
475 476
476 100
477 88
477 478
478 76
479 392
479 480
480 138
481 397
481 482
482 1360
483 446
483 484
484 1174
485 486
485 578
486 758
487 488
487 1364
488 590
489 490
489 539
490 530
491 492
491 1059
492 1396
493 494
493 746
494 804
495 496
495 1314
496 1264
497 498
497 708
498 1272
499 24
499 500
500 671
501 502
501 969
502 1306
503 93
503 504
504 1155
505 506
505 1349
506 238
507 508
507 1295
508 814
509 510
509 1403
510 501
511 109
511 512
512 102
513 514
513 1017
514 1180
515 516
515 996
516 1128
517 315
517 518
518 312
519 222
519 520
520 906
521 197
521 522
522 835
523 524
523 885
524 1089
525 103
525 526
526 334
527 528
527 983
528 452
529 530
529 1230
530 1185
531 532
531 1333
532 923
533 534
533 1214
534 1290
535 536
535 1338
536 658
537 517
537 538
538 390
539 540
539 1092
540 270
541 542
541 723
542 1397
543 59
543 544
544 84
545 546
545 977
546 725
547 548
547 552
548 596
549 87
549 550
550 505
551 552
551 1106
552 638
553 554
553 636
554 1317
555 201
555 556
556 1179
557 558
557 1117
558 988
559 560
559 1078
560 1390
561 562
561 1198
562 922
563 406
563 564
564 852
565 561
565 566
566 124
567 389
567 568
568 595
569 563
569 570
570 166
571 572
571 1200
572 253
573 574
573 716
574 456
575 576
575 619
576 943
577 441
577 578
578 372
579 85
579 580
580 1383
581 582
581 1011
582 154
583 584
583 1114
584 668
585 586
585 738
586 533
587 588
587 745
588 288
589 590
589 1091
590 164
591 568
591 592
592 1098
593 594
593 859
594 92
595 596
595 1067
596 1156
597 598
597 903
598 1273
599 600
599 617
600 1256
601 57
601 602
602 672
603 240
603 604
604 420
605 293
605 606
606 1004
607 608
607 892
608 306
609 610
609 1321
610 531
611 612
611 787
612 358
613 614
613 951
614 206
615 377
615 616
616 843
617 310
617 618
618 485
619 195
619 620
620 1316
621 443
621 622
622 278
623 624
623 1268
624 645
625 524
625 626
626 508
627 628
627 1153
628 714
629 630
629 1219
630 589
631 632
631 1080
632 542
633 133
633 634
634 38
635 131
635 636
636 394
637 638
637 829
638 1332
639 409
639 640
640 1344
641 297
641 642
642 620
643 644
643 1357
644 868
645 646
645 1391
646 324
647 144
647 648
648 1312
649 61
649 650
650 1169
651 652
651 1283
652 52
653 654
653 840
654 1307
655 656
655 726
656 1340
657 127
657 658
658 1414
659 51
659 660
660 396
661 543
661 662
662 20
663 14
663 664
664 1204
665 50
665 666
666 930
667 668
667 1259
668 698
669 225
669 670
670 165
671 492
671 672
672 872
673 674
673 954
674 781
675 27
675 676
676 236
677 69
677 678
678 1387
679 219
679 680
680 790
681 682
681 1042
682 728
683 575
683 684
684 990
685 101
685 686
686 540
687 66
687 688
688 1112
689 610
689 690
690 440
691 618
691 692
692 1370
693 472
693 694
694 1048
695 696
695 1284
696 414
697 202
697 698
698 912
699 471
699 700
700 602
701 81
701 702
702 62
703 457
703 704
704 586
705 410
705 706
706 1353
707 708
707 1191
708 1330
709 687
709 710
710 1018
711 712
711 1024
712 757
713 17
713 714
714 855
715 716
715 1303
716 361
717 162
717 718
718 1220
719 720
719 1099
720 292
721 722
721 985
722 612
723 634
723 724
724 262
725 182
725 726
726 294
727 728
727 749
728 208
729 730
729 798
730 216
731 523
731 732
732 1107
733 527
733 734
734 481
735 736
735 1282
736 1352
737 738
737 883
738 1172
739 125
739 740
740 381
741 161
741 742
742 574
743 227
743 744
744 1086
745 251
745 746
746 1274
747 347
747 748
748 945
749 541
749 750
750 997
751 511
751 752
752 1251
753 480
753 754
754 818
755 246
755 756
756 1094
757 758
757 1115
758 998
759 760
759 869
760 305
761 762
761 1213
762 329
763 641
763 764
764 1119
765 766
765 1144
766 614
767 31
767 768
768 788
769 579
769 770
770 413
771 772
771 1149
772 817
773 588
773 774
774 566
775 373
775 776
776 91
777 683
777 778
778 399
779 780
779 1009
780 1050
781 460
781 782
782 1398
783 239
783 784
784 1376
785 786
785 1223
786 1237
787 788
787 1188
788 992
789 622
789 790
790 341
791 421
791 792
792 1088
793 158
793 794
794 477
795 796
795 953
796 1135
797 453
797 798
798 984
799 9
799 800
800 274
801 802
801 1097
802 1069
803 403
803 804
804 678
805 806
805 1187
806 771
807 727
807 808
808 623
809 518
809 810
810 1151
811 174
811 812
812 1331
813 814
813 1257
814 756
815 816
815 939
816 276
817 818
817 1022
818 1254
819 820
819 1382
820 188
821 822
821 1159
822 82
823 824
823 1109
824 1299
825 826
825 914
826 648
827 64
827 828
828 190
829 157
829 830
830 635
831 279
831 832
832 627
833 582
833 834
834 850
835 836
835 1186
836 632
837 402
837 838
838 143
839 840
839 1292
840 1132
841 567
841 842
842 96
843 808
843 844
844 89
845 846
845 1269
846 439
847 848
847 1405
848 1062
849 850
849 875
850 538
851 844
851 852
852 1036
853 558
853 854
854 450
855 856
855 1215
856 266
857 235
857 858
858 466
859 860
859 1163
860 224
861 362
861 862
862 730
863 55
863 864
864 46
865 858
865 866
866 30
867 335
867 868
868 1007
869 870
869 1134
870 112
871 847
871 872
872 822
873 459
873 874
874 1077
875 873
875 876
876 968
877 878
877 1363
878 282
879 880
879 1081
880 825
881 313
881 882
882 170
883 884
883 1026
884 819
885 886
885 1029
886 1010
887 763
887 888
888 1056
889 564
889 890
890 948
891 702
891 892
892 828
893 811
893 894
894 1108
895 896
895 897
896 950
897 898
897 1248
898 961
899 594
899 900
900 736
901 902
901 1147
902 709
903 904
903 1197
904 569
905 706
905 906
906 1375
907 908
907 1372
908 1261
909 525
909 910
910 1182
911 515
911 912
912 754
913 905
913 914
914 553
915 916
915 1209
916 344
917 130
917 918
918 284
919 812
919 920
920 1218
921 922
921 1167
922 476
923 924
923 1023
924 520
925 729
925 926
926 160
927 107
927 928
928 83
929 664
929 930
930 1028
931 204
931 932
932 141
933 744
933 934
934 470
935 74
935 936
936 1278
937 742
937 938
938 920
939 805
939 940
940 593
941 171
941 942
942 424
943 192
943 944
944 1236
945 946
945 1157
946 1005
947 948
947 1205
948 320
949 122
949 950
950 889
951 28
951 952
952 365
953 229
953 954
954 1337
955 455
955 956
956 1302
957 958
957 1367
958 490
959 183
959 960
960 448
961 764
961 962
962 114
963 75
963 964
964 482
965 966
965 1343
966 13
967 271
967 968
968 1126
969 761
969 970
970 1127
971 715
971 972
972 934
973 598
973 974
974 958
975 976
975 1057
976 67
977 978
977 1073
978 707
979 78
979 980
980 1046
981 423
981 982
982 1044
983 221
983 984
984 802
985 249
985 986
986 458
987 988
987 1267
988 955
989 990
989 1175
990 1051
991 44
991 992
992 690
993 994
993 1345
994 860
995 487
995 996
996 528
997 467
997 998
998 882
999 139
999 1000
1000 562
1001 846
1001 1002
1002 655
1003 209
1003 1004
1004 896
1005 1006
1005 1037
1006 1002
1007 1008
1007 1111
1008 41
1009 419
1009 1010
1010 1006
1011 99
1011 1012
1012 1384
1013 1014
1013 1133
1014 1224
1015 1016
1015 1339
1016 740
1017 151
1017 1018
1018 189
1019 193
1019 1020
1020 468
1021 121
1021 1022
1022 982
1023 743
1023 1024
1024 795
1025 1026
1025 1063
1026 881
1027 1028
1027 1319
1028 430
1029 615
1029 1030
1030 783
1031 29
1031 1032
1032 904
1033 581
1033 1034
1034 741
1035 1036
1035 1105
1036 938
1037 884
1037 1038
1038 585
1039 613
1039 1040
1040 1334
1041 1042
1041 1291
1042 1348
1043 1044
1043 1177
1044 155
1045 571
1045 1046
1046 6
1047 1020
1047 1048
1048 252
1049 750
1049 1050
1050 823
1051 367
1051 1052
1052 640
1053 807
1053 1054
1054 1381
1055 259
1055 1056
1056 603
1057 981
1057 1058
1058 71
1059 1060
1059 1379
1060 753
1061 179
1061 1062
1062 1356
1063 675
1063 1064
1064 604
1065 1066
1065 1412
1066 661
1067 1068
1067 1294
1068 95
1069 913
1069 1070
1070 1045
1071 838
1071 1072
1072 411
1073 39
1073 1074
1074 879
1075 1076
1075 1260
1076 924
1077 800
1077 1078
1078 908
1079 849
1079 1080
1080 1362
1081 701
1081 1082
1082 449
1083 232
1083 1084
1084 1324
1085 931
1085 1086
1086 1336
1087 669
1087 1088
1088 1246
1089 273
1089 1090
1090 608
1091 1092
1091 1411
1092 1085
1093 991
1093 1094
1094 654
1095 1096
1095 1199
1096 447
1097 549
1097 1098
1098 684
1099 1093
1099 1100
1100 1281
1101 289
1101 1102
1102 653
1103 1104
1103 1309
1104 1071
1105 880
1105 1106
1106 813
1107 1108
1107 1141
1108 1110
1109 454
1109 1110
1110 117
1111 796
1111 1112
1112 186
1113 407
1113 1114
1114 1101
1115 115
1115 1116
1116 809
1117 1118
1117 1249
1118 136
1119 1065
1119 1120
1120 1150
1121 921
1121 1122
1122 1258
1123 935
1123 1124
1124 1072
1125 703
1125 1126
1126 1032
1127 705
1127 1128
1128 1
1129 584
1129 1130
1130 148
1131 521
1131 1132
1132 512
1133 120
1133 1134
1134 720
1135 550
1135 1136
1136 759
1137 580
1137 1138
1138 907
1139 544
1139 1140
1140 350
1141 226
1141 1142
1142 719
1143 1144
1143 1275
1144 946
1145 862
1145 1146
1146 1130
1147 650
1147 1148
1148 364
1149 978
1149 1150
1150 1054
1151 1152
1151 1308
1152 1140
1153 431
1153 1154
1154 592
1155 864
1155 1156
1156 142
1157 196
1157 1158
1158 496
1159 145
1159 1160
1160 1152
1161 1055
1161 1162
1162 12
1163 43
1163 1164
1164 42
1165 679
1165 1166
1166 10
1167 999
1167 1168
1168 1242
1169 947
1169 1170
1170 973
1171 1013
1171 1172
1172 128
1173 398
1173 1174
1174 666
1175 1047
1175 1176
1176 218
1177 583
1177 1178
1178 316
1179 1170
1179 1180
1180 484
1181 80
1181 1182
1182 834
1183 1184
1183 1277
1184 1211
1185 1186
1185 1304
1186 1207
1187 1188
1187 1239
1188 355
1189 203
1189 1190
1190 111
1191 932
1191 1192
1192 1038
1193 382
1193 1194
1194 40
1195 1083
1195 1196
1196 337
1197 1198
1197 1245
1198 821
1199 437
1199 1200
1200 461
1201 519
1201 1202
1202 782
1203 1204
1203 1287
1204 591
1205 1075
1205 1206
1206 710
1207 286
1207 1208
1208 342
1209 898
1209 1210
1210 21
1211 1212
1211 1263
1212 1342
1213 975
1213 1214
1214 256
1215 987
1215 1216
1216 479
1217 824
1217 1218
1218 1378
1219 857
1219 1220
1220 673
1221 919
1221 1222
1222 570
1223 711
1223 1224
1224 642
1225 752
1225 1226
1226 1328
1227 1001
1227 1228
1228 522
1229 957
1229 1230
1230 380
1231 791
1231 1232
1232 25
1233 1234
1233 1318
1234 1388
1235 657
1235 1236
1236 1040
1237 1217
1237 1238
1238 230
1239 473
1239 1240
1240 587
1241 1225
1241 1242
1242 876
1243 433
1243 1244
1244 228
1245 902
1245 1246
1246 281
1247 263
1247 1248
1248 416
1249 733
1249 1250
1250 1355
1251 108
1251 1252
1252 1206
1253 366
1253 1254
1254 534
1255 830
1255 1256
1256 1232
1257 497
1257 1258
1258 1090
1259 425
1259 1260
1260 63
1261 363
1261 1262
1262 200
1263 298
1263 1264
1264 839
1265 936
1265 1266
1266 388
1267 737
1267 1268
1268 475
1269 393
1269 1270
1270 536
1271 734
1271 1272
1272 5
1273 113
1273 1274
1274 565
1275 1100
1275 1276
1276 1298
1277 73
1277 1278
1278 1351
1279 815
1279 1280
1280 1058
1281 1190
1281 1282
1282 205
1283 327
1283 1284
1284 647
1285 1016
1285 1286
1286 861
1287 689
1287 1288
1288 972
1289 1290
1289 1394
1290 332
1291 185
1291 1292
1292 1322
1293 643
1293 1294
1294 180
1295 1194
1295 1296
1296 429
1297 994
1297 1298
1298 1193
1299 888
1299 1300
1300 1139
1301 333
1301 1302
1302 338
1303 697
1303 1304
1304 894
1305 573
1305 1306
1306 776
1307 980
1307 1308
1308 774
1309 513
1309 1310
1310 624
1311 917
1311 1312
1312 1326
1313 422
1313 1314
1314 1250
1315 633
1315 1316
1316 436
1317 1233
1317 1318
1318 1368
1319 1310
1319 1320
1320 296
1321 747
1321 1322
1322 1244
1323 309
1323 1324
1324 732
1325 462
1325 1326
1326 214
1327 1084
1327 1328
1328 554
1329 986
1329 1330
1330 826
1331 556
1331 1332
1332 662
1333 1041
1333 1334
1334 478
1335 941
1335 1336
1336 810
1337 546
1337 1338
1338 1262
1339 1025
1339 1340
1340 360
1341 630
1341 1342
1342 1413
1343 1293
1343 1344
1344 260
1345 1061
1345 1346
1346 960
1347 37
1347 1348
1348 979
1349 1327
1349 1350
1350 514
1351 248
1351 1352
1352 1162
1353 1076
1353 1354
1354 547
1355 386
1355 1356
1356 944
1357 952
1357 1358
1358 1400
1359 178
1359 1360
1360 910
1361 1229
1361 1362
1362 1012
1363 307
1363 1364
1364 1305
1365 1195
1365 1366
1366 495
1367 801
1367 1368
1368 1320
1369 545
1369 1370
1370 956
1371 303
1371 1372
1372 1070
1373 1240
1373 1374
1374 760
1375 3
1375 1376
1376 1102
1377 1184
1377 1378
1378 1027
1379 1189
1379 1380
1380 213
1381 1216
1381 1382
1382 359
1383 451
1383 1384
1384 772
1385 267
1385 1386
1386 275
1387 400
1387 1388
1388 352
1389 1358
1389 1390
1390 686
1391 848
1391 1392
1392 1288
1393 300
1393 1394
1394 483
1395 777
1395 1396
1396 376
1397 137
1397 1398
1398 321
1399 1030
1399 1400
1400 1060
1401 993
1401 1402
1402 264
1403 1033
1403 1404
1404 1014
1405 489
1405 1406
1406 318
1407 1043
1407 1408
1408 1104
1409 8
1409 1410
1410 942
1411 721
1411 1412
1412 1212
1413 793
1413 1414
1414 493
