0 965
0 1207
2 533
2 845
3 5
3 1141
4 527
4 673
5 580
6 380
7 260
7 335
9 793
8 609
8 749
10 37
13 80
13 445
15 364
15 371
17 389
17 933
19 857
19 1240
21 184
21 973
23 24
23 167
24 794
25 26
25 400
26 1075
27 28
27 79
28 441
29 30
29 975
30 68
31 32
31 291
32 1128
33 34
33 854
34 1412
35 36
35 404
36 700
37 38
37 1224
38 1010
39 40
39 1119
40 1388
41 42
41 672
42 438
43 44
43 1139
44 500
45 46
45 1215
46 470
47 48
47 627
48 201
49 50
49 1327
50 1314
51 52
51 1406
52 1076
53 54
53 501
54 1291
55 56
55 78
56 1198
57 58
57 1012
58 1358
59 60
59 303
60 746
61 41
61 62
62 1050
63 64
63 686
64 1357
65 66
65 1274
66 308
67 68
67 1085
68 376
69 70
69 461
70 1408
71 72
71 179
72 28
73 74
73 1007
74 1059
75 76
75 621
76 867
77 78
77 1293
78 141
79 80
79 1046
80 1378
81 82
81 735
82 840
83 84
83 1311
84 417
85 86
85 1227
86 274
87 88
87 171
88 1297
89 90
89 631
90 528
91 92
91 451
92 831
93 94
93 347
94 719
95 96
95 1142
96 126
97 98
97 799
98 1259
99 100
99 876
100 1111
101 102
101 792
102 226
103 104
103 1002
104 784
105 106
105 567
106 750
107 108
107 313
108 664
109 110
109 477
110 1337
111 112
111 431
112 798
113 114
113 1312
114 1057
115 116
115 485
116 804
117 99
117 118
118 642
119 120
119 446
120 844
121 122
121 410
122 718
123 124
123 800
124 808
125 126
125 671
126 1414
127 94
127 128
128 909
129 130
129 1197
130 1036
131 60
131 132
132 699
133 134
133 1409
134 1212
135 136
135 1344
136 653
137 138
137 996
138 832
139 89
139 140
140 150
141 142
141 415
142 636
143 144
143 573
144 1389
145 146
145 1328
146 1100
147 148
147 620
148 64
149 150
149 386
150 330
151 152
151 216
152 610
153 154
153 1043
154 1170
155 156
155 584
156 1124
157 158
157 1133
158 217
159 160
159 1064
160 188
161 162
161 1393
162 113
163 164
163 449
164 510
165 166
165 938
166 1364
167 168
167 879
168 1006
169 170
169 1169
170 32
171 172
171 1020
172 1058
173 174
173 182
174 178
175 176
175 582
176 1318
177 10
177 178
178 748
179 180
179 599
180 275
181 182
181 955
182 645
183 184
183 1355
184 336
185 186
185 540
186 1257
187 188
187 1363
188 670
189 190
189 1245
190 5
191 192
191 1262
192 344
193 194
193 476
194 504
195 196
195 764
196 250
197 139
197 198
198 36
199 200
199 355
200 747
201 202
201 252
202 1253
203 173
203 204
204 409
205 206
205 946
206 548
207 208
207 662
208 717
209 210
209 1368
210 891
211 212
211 870
212 803
213 214
213 240
214 858
215 216
215 900
216 1246
217 218
217 1158
218 836
219 220
219 311
220 506
221 222
221 411
222 305
223 224
223 1307
224 1106
225 226
225 1373
226 698
227 228
227 850
228 1320
229 230
229 304
230 676
231 232
231 995
232 920
233 26
233 234
234 1370
235 132
235 236
236 709
237 238
237 1321
238 892
239 240
239 885
240 422
241 242
241 263
242 1302
243 103
243 244
244 553
245 246
245 881
246 405
247 248
247 851
248 271
249 250
249 1369
250 323
251 252
251 795
252 1117
253 254
253 1399
254 268
255 256
255 1287
256 128
257 258
257 1334
258 604
259 260
259 523
260 1061
261 262
261 329
262 1391
263 264
263 363
264 724
265 266
265 333
266 716
267 268
267 301
268 12
269 270
269 1173
270 287
271 272
271 362
272 586
273 118
273 274
274 1000
275 257
275 276
276 1330
277 278
277 1140
278 1356
279 280
279 1343
280 550
281 282
281 1317
282 1066
283 284
283 1394
284 116
285 286
285 625
286 413
287 127
287 288
288 575
289 290
289 1359
290 763
291 292
291 987
292 855
293 251
293 294
294 290
295 296
295 882
296 38
297 298
297 691
298 130
299 300
299 982
300 520
301 302
301 1095
302 1413
303 304
303 1407
304 1042
305 145
305 306
306 999
307 308
307 1159
308 148
309 310
309 554
310 468
311 185
311 312
312 1166
313 267
313 314
314 1225
315 316
315 1082
316 846
317 318
317 1195
318 154
319 20
319 320
320 704
321 322
321 1116
322 348
323 324
323 1282
324 1329
325 326
325 660
326 11
327 95
327 328
328 345
329 330
329 640
330 220
331 332
331 615
332 819
333 334
333 752
334 560
335 125
335 336
336 100
337 338
337 880
338 1201
339 340
339 727
340 944
341 7
341 342
342 120
343 344
343 941
344 218
345 169
345 346
346 1030
347 196
347 348
348 715
349 350
349 467
350 1313
351 55
351 352
352 1136
353 354
353 385
354 1196
355 136
355 356
356 340
357 358
357 1231
358 534
359 360
359 1138
360 1396
361 362
361 416
362 14
363 364
363 1290
364 155
365 366
365 392
366 1134
367 368
367 1137
368 928
369 370
369 981
370 998
371 70
371 372
372 856
373 374
373 1283
374 232
375 376
375 493
376 768
377 378
377 1063
378 1371
379 380
379 986
380 542
381 382
381 839
382 1149
383 384
383 1221
384 1384
385 386
385 1294
386 1306
387 193
387 388
388 728
389 350
389 390
390 1016
391 392
391 395
392 283
393 394
393 945
394 723
395 396
395 866
396 1244
397 398
397 1023
398 264
399 400
399 452
400 1035
401 402
401 1281
402 1342
403 404
403 875
404 464
405 359
405 406
406 482
407 408
407 1238
408 33
409 410
409 1179
410 241
411 412
411 1097
412 1254
413 377
413 414
414 352
415 416
415 927
416 1013
417 418
417 442
418 63
419 420
419 963
420 27
421 9
421 422
422 1325
423 424
423 931
424 1026
425 426
425 1250
426 289
427 428
427 1229
428 418
429 430
429 1278
430 183
431 393
431 432
432 555
433 434
433 1153
434 88
435 436
435 666
436 147
437 21
437 438
438 1056
439 440
439 1164
440 1260
441 222
441 442
442 754
443 444
443 511
444 848
445 446
445 930
446 956
447 69
447 448
448 706
449 450
449 1401
450 46
451 452
451 705
452 1146
453 448
453 454
454 772
455 358
455 456
456 164
457 458
457 1322
458 991
459 288
459 460
460 935
461 24
461 462
462 456
463 464
463 913
464 1096
465 466
465 745
466 863
467 367
467 468
468 978
469 470
469 886
470 1392
471 460
471 472
472 976
473 474
473 1268
474 1252
475 476
475 983
476 949
477 299
477 478
478 1130
479 480
479 1263
480 1347
481 482
481 1005
482 1034
483 165
483 484
484 756
485 331
485 486
486 25
487 488
487 1223
488 1189
489 490
489 551
490 104
491 247
491 492
492 1247
493 429
493 494
494 82
495 175
495 496
496 1203
497 498
497 824
498 1168
499 500
499 544
500 401
501 502
501 1178
502 1156
503 504
503 1232
504 678
505 506
505 646
506 384
507 508
507 588
508 921
509 510
509 1402
510 806
511 512
511 923
512 137
513 244
513 514
514 1188
515 516
515 632
516 18
517 518
517 531
518 1346
519 31
519 520
520 605
521 522
521 556
522 1114
523 524
523 547
524 751
525 391
525 526
526 138
527 528
527 1093
528 812
529 530
529 537
530 943
531 532
531 1210
532 374
533 534
533 1349
534 1038
535 536
535 1120
536 119
537 538
537 1015
538 826
539 540
539 1071
540 519
541 542
541 612
542 1338
543 544
543 1405
544 1303
545 143
545 546
546 1087
547 548
547 1055
548 985
549 550
549 774
550 1193
551 552
551 1167
552 1177
553 549
553 554
554 1118
555 556
555 1074
556 576
557 163
557 558
558 1033
559 44
559 560
560 776
561 532
561 562
562 780
563 307
563 564
564 651
565 566
565 1163
566 972
567 568
567 1018
568 758
569 224
569 570
570 940
571 231
571 572
572 319
573 351
573 574
574 84
575 6
575 576
576 762
577 203
577 578
578 16
579 580
579 731
580 62
581 582
581 957
582 897
583 584
583 647
584 1049
585 321
585 586
586 607
587 588
587 1099
588 1205
589 590
589 1219
590 1143
591 592
591 771
592 509
593 594
593 1191
594 777
595 492
595 596
596 608
597 598
597 1052
598 966
599 600
599 959
600 110
601 153
601 602
602 475
603 604
603 814
604 1220
605 338
605 606
606 1113
607 50
607 608
608 131
609 610
609 1192
610 626
611 612
611 639
612 172
613 302
613 614
614 847
615 591
615 616
616 1208
617 618
617 1217
618 1091
619 168
619 620
620 298
621 622
621 729
622 98
623 624
623 936
624 306
625 219
625 626
626 90
627 421
627 628
628 513
629 514
629 630
630 606
631 632
631 849
632 76
633 541
633 634
634 810
635 636
635 1288
636 324
637 638
637 1101
638 650
639 640
639 1125
640 39
641 559
641 642
642 1248
643 10
643 644
644 619
645 51
645 646
646 984
647 161
647 648
648 272
649 107
649 650
650 685
651 652
651 697
652 1366
653 73
653 654
654 822
655 656
655 1353
656 1239
657 611
657 658
658 186
659 660
659 869
660 1150
661 662
661 1108
662 557
663 664
663 1098
664 390
665 666
665 1211
666 262
667 594
667 668
668 102
669 207
669 670
670 852
671 672
671 753
672 177
673 674
673 1017
674 353
675 424
675 676
676 634
677 678
677 1380
678 235
679 579
679 680
680 142
681 682
681 937
682 1175
683 684
683 692
684 628
685 85
685 686
686 1104
687 688
687 901
688 960
689 690
689 693
690 140
691 91
691 692
692 213
693 694
693 1115
694 802
695 696
695 865
696 948
697 354
697 698
698 1286
699 502
699 700
700 1242
701 702
701 947
702 958
703 3
703 704
704 296
705 443
705 706
706 35
707 708
707 841
708 1304
709 490
709 710
710 1126
711 71
711 712
712 121
713 227
713 714
714 13
715 312
715 716
716 123
717 453
717 718
718 101
719 300
719 720
720 1226
721 600
721 722
722 738
723 54
723 724
724 526
725 23
725 726
726 74
727 469
727 728
728 1256
729 712
729 730
730 282
731 246
731 732
732 372
733 561
733 734
734 805
735 423
735 736
736 146
737 644
737 738
738 1009
739 740
739 1131
740 828
741 742
741 1351
742 486
743 744
743 815
744 926
745 746
745 823
746 680
747 748
747 1029
748 214
749 750
749 1222
750 487
751 752
751 1332
752 92
753 285
753 754
754 1008
755 756
755 969
756 1102
757 758
757 906
758 578
759 585
759 760
760 884
761 77
761 762
762 744
763 764
763 1171
764 1233
765 766
765 1267
766 868
767 768
767 807
768 1051
769 770
769 1147
770 843
771 433
771 772
772 688
773 774
773 1266
774 1069
775 337
775 776
776 971
777 778
777 1088
778 112
779 780
779 1181
780 278
781 67
781 782
782 801
783 40
783 784
784 522
785 109
785 786
786 210
787 779
787 788
788 1129
789 503
789 790
790 406
791 792
791 1060
792 977
793 414
793 794
794 782
795 796
795 1031
796 964
797 294
797 798
798 428
799 317
799 800
800 614
801 802
801 1089
802 458
803 624
803 804
804 273
805 806
805 902
806 890
807 808
807 1047
808 1122
809 791
809 810
810 86
811 812
811 952
812 198
813 587
813 814
814 1265
815 657
815 816
816 564
817 818
817 1237
818 825
819 133
819 820
820 515
821 649
821 822
822 387
823 205
823 824
824 315
825 447
825 826
826 72
827 828
827 1335
828 1372
829 577
829 830
830 1280
831 832
831 1216
832 432
833 530
833 834
834 1383
835 836
835 1145
836 512
837 838
837 1275
838 325
839 813
839 840
840 517
841 842
841 917
842 1390
843 844
843 1241
844 1284
845 293
845 846
846 1162
847 574
847 848
848 922
849 850
849 989
850 47
851 852
851 1352
852 910
853 854
853 1385
854 6
855 9
855 856
856 1202
857 858
857 1300
858 570
859 426
859 860
860 1258
861 773
861 862
862 248
863 674
863 864
864 525
865 866
865 1083
866 471
867 472
867 868
868 878
869 818
869 870
870 737
871 536
871 872
872 170
873 259
873 874
874 538
875 876
875 1235
876 643
877 105
877 878
878 629
879 880
879 899
880 1107
881 242
881 882
882 939
883 297
883 884
884 199
885 563
885 886
886 256
887 888
887 1377
888 1315
889 455
889 890
890 1072
891 346
891 892
892 408
893 407
893 894
894 1160
895 144
895 896
896 280
897 842
897 898
898 1354
899 900
899 1121
900 1176
901 755
901 902
902 732
903 877
903 904
904 114
905 906
905 914
906 1194
907 394
907 908
908 862
909 860
909 910
910 988
911 637
911 912
912 1086
913 770
913 914
914 1336
915 237
915 916
916 108
917 223
917 918
918 48
919 249
919 920
920 1040
921 309
921 922
922 156
923 924
923 1004
924 15
925 286
925 926
926 396
927 928
927 1367
928 1341
929 332
929 930
930 638
931 932
931 1045
932 1400
933 934
933 951
934 997
935 919
935 936
936 790
937 4
937 938
938 827
939 597
939 940
940 1204
941 934
941 942
942 730
943 684
943 944
944 1228
945 689
945 946
946 1319
947 106
947 948
948 1350
949 912
949 950
950 360
951 769
951 952
952 896
953 656
953 954
954 1001
955 956
955 1105
956 1183
957 958
957 1299
958 1084
959 45
959 960
960 228
961 365
961 962
962 200
963 565
963 964
964 1276
965 853
965 966
966 1255
967 484
967 968
968 816
969 622
969 970
970 1044
971 972
971 1174
972 1298
973 974
973 1348
974 616
975 711
975 976
976 42
977 978
977 1340
978 516
979 980
979 1135
980 1213
981 982
981 1249
982 829
983 740
983 984
984 1310
985 986
985 1032
986 316
987 665
987 988
988 668
989 980
989 990
990 1403
991 437
991 992
992 152
993 481
993 994
994 261
995 996
995 1273
996 176
997 215
997 998
998 269
999 894
999 1000
1000 652
1001 837
1001 1002
1002 581
1003 785
1003 1004
1004 49
1005 1006
1005 1309
1006 1404
1007 420
1007 1008
1008 572
1009 1010
1009 1112
1010 1154
1011 765
1011 1012
1012 158
1013 743
1013 1014
1014 669
1015 2
1015 1016
1016 318
1017 349
1017 1018
1018 1151
1019 583
1019 1020
1020 191
1021 1022
1021 1376
1022 491
1023 157
1023 1024
1024 675
1025 1026
1025 1285
1026 893
1027 659
1027 1028
1028 590
1029 1030
1029 1078
1030 34
1031 1032
1031 1277
1032 786
1033 180
1033 1034
1034 1206
1035 864
1035 1036
1036 454
1037 425
1037 1038
1038 208
1039 1040
1039 1155
1040 834
1041 378
1041 1042
1042 757
1043 1044
1043 1305
1044 122
1045 954
1045 1046
1046 942
1047 1011
1047 1048
1048 412
1049 696
1049 1050
1050 187
1051 209
1051 1052
1052 654
1053 778
1053 1054
1054 1324
1055 1056
1055 1269
1056 1386
1057 889
1057 1058
1058 710
1059 195
1059 1060
1060 1048
1061 1062
1061 1362
1062 641
1063 111
1063 1064
1064 1062
1065 370
1065 1066
1066 276
1067 524
1067 1068
1068 8
1069 602
1069 1070
1070 310
1071 1072
1071 1331
1072 1360
1073 1074
1073 1379
1074 1
1075 258
1075 1076
1076 230
1077 874
1077 1078
1078 1200
1079 1080
1079 1301
1080 292
1081 357
1081 1082
1082 613
1083 658
1083 1084
1084 245
1085 767
1085 1086
1086 595
1087 507
1087 1088
1088 270
1089 480
1089 1090
1090 861
1091 623
1091 1092
1092 379
1093 459
1093 1094
1094 655
1095 279
1095 1096
1096 592
1097 1019
1097 1098
1098 368
1099 361
1099 1100
1100 1345
1101 593
1101 1102
1102 1187
1103 243
1103 1104
1104 898
1105 489
1105 1106
1106 1161
1107 1108
1107 1152
1108 399
1109 953
1109 1110
1110 255
1111 462
1111 1112
1112 212
1113 1114
1113 1184
1114 326
1115 929
1115 1116
1116 1209
1117 932
1117 1118
1118 505
1119 234
1119 1120
1120 1214
1121 1094
1121 1122
1122 166
1123 681
1123 1124
1124 714
1125 979
1125 1126
1126 1186
1127 343
1127 1128
1128 436
1129 334
1129 1130
1130 1070
1131 1132
1131 1397
1132 598
1133 739
1133 1134
1134 382
1135 701
1135 1136
1136 569
1137 43
1137 1138
1138 633
1139 725
1139 1140
1140 381
1141 427
1141 1142
1142 529
1143 1065
1143 1144
1144 356
1145 601
1145 1146
1146 466
1147 617
1147 1148
1148 788
1149 809
1149 1150
1150 194
1151 375
1151 1152
1152 967
1153 1127
1153 1154
1154 830
1155 369
1155 1156
1156 871
1157 1158
1157 1279
1158 1236
1159 911
1159 1160
1160 65
1161 499
1161 1162
1162 1144
1163 1164
1163 1264
1164 339
1165 197
1165 1166
1166 905
1167 1073
1167 1168
1168 1092
1169 488
1169 1170
1170 1411
1171 1022
1171 1172
1172 736
1173 677
1173 1174
1174 535
1175 83
1175 1176
1176 1109
1177 204
1177 1178
1178 115
1179 373
1179 1180
1180 907
1181 667
1181 1182
1182 238
1183 568
1183 1184
1184 22
1185 1186
1185 1296
1186 434
1187 419
1187 1188
1188 174
1189 397
1189 1190
1190 820
1191 97
1191 1192
1192 328
1193 1194
1193 1395
1194 970
1195 1123
1195 1196
1196 783
1197 402
1197 1198
1198 190
1199 873
1199 1200
1200 1148
1201 603
1201 1202
1202 1172
1203 618
1203 1204
1204 521
1205 707
1205 1206
1206 648
1207 1208
1207 1361
1208 566
1209 1079
1209 1210
1210 1230
1211 552
1211 1212
1212 1068
1213 903
1213 1214
1214 908
1215 1216
1215 1387
1216 322
1217 589
1217 1218
1218 1190
1219 1220
1219 1289
1220 833
1221 1103
1221 1222
1222 253
1223 1224
1223 1270
1224 1339
1225 1067
1225 1226
1226 811
1227 211
1227 1228
1228 96
1229 135
1229 1230
1230 1090
1231 895
1231 1232
1232 149
1233 1234
1233 1410
1234 124
1235 1039
1235 1236
1236 162
1237 1180
1237 1238
1238 904
1239 61
1239 1240
1240 474
1241 1157
1241 1242
1242 342
1243 695
1243 1244
1244 254
1245 327
1245 1246
1246 994
1247 444
1247 1248
1248 160
1249 1003
1249 1250
1250 281
1251 225
1251 1252
1252 495
1253 781
1253 1254
1254 435
1255 992
1255 1256
1256 766
1257 663
1257 1258
1258 1292
1259 775
1259 1260
1260 498
1261 835
1261 1262
1262 265
1263 75
1263 1264
1264 661
1265 494
1265 1266
1266 721
1267 1268
1267 1326
1268 789
1269 1081
1269 1270
1270 1110
1271 703
1271 1272
1272 1199
1273 887
1273 1274
1274 206
1275 1243
1275 1276
1276 430
1277 545
1277 1278
1278 383
1279 838
1279 1280
1280 1398
1281 1185
1281 1282
1282 233
1283 797
1283 1284
1284 450
1285 181
1285 1286
1286 398
1287 1080
1287 1288
1288 19
1289 993
1289 1290
1290 571
1291 1261
1291 1292
1292 1024
1293 17
1293 1294
1294 918
1295 314
1295 1296
1296 117
1297 56
1297 1298
1298 872
1299 759
1299 1300
1300 508
1301 1295
1301 1302
1302 635
1303 1027
1303 1304
1304 266
1305 683
1305 1306
1306 961
1307 341
1307 1308
1308 630
1309 239
1309 1310
1310 694
1311 1025
1311 1312
1312 1382
1313 1314
1313 1365
1314 596
1315 679
1315 1316
1316 962
1317 1251
1317 1318
1318 722
1319 1165
1319 1320
1320 192
1321 29
1321 1322
1322 720
1323 760
1323 1324
1324 518
1325 687
1325 1326
1326 1041
1327 1272
1327 1328
1328 924
1329 52
1329 1330
1330 1132
1331 915
1331 1332
1332 479
1333 821
1333 1334
1334 742
1335 925
1335 1336
1336 57
1337 497
1337 1338
1338 734
1339 817
1339 1340
1340 58
1341 483
1341 1342
1342 1323
1343 1271
1343 1344
1344 761
1345 690
1345 1346
1346 66
1347 787
1347 1348
1348 151
1349 277
1349 1350
1350 463
1351 546
1351 1352
1352 883
1353 93
1353 1354
1354 1218
1355 295
1355 1356
1356 478
1357 1308
1357 1358
1358 562
1359 221
1359 1360
1360 1054
1361 1333
1361 1362
1362 53
1363 1182
1363 1364
1364 229
1365 1366
1365 1381
1366 1053
1367 543
1367 1368
1368 439
1369 733
1369 1370
1370 708
1371 129
1371 1372
1372 916
1373 1374
1373 1375
1374 81
1375 539
1375 1376
1376 859
1377 134
1377 1378
1378 950
1379 189
1379 1380
1380 558
1381 202
1381 1382
1382 473
1383 496
1383 1384
1384 284
1385 682
1385 1386
1386 388
1387 1021
1387 1388
1388 1316
1389 1374
1389 1390
1390 366
1391 30
1391 1392
1392 974
1393 59
1393 1394
1394 702
1395 990
1395 1396
1396 968
1397 713
1397 1398
1398 440
1399 159
1399 1400
1400 1014
1401 1077
1401 1402
1402 796
1403 87
1403 1404
1404 888
1405 403
1405 1406
1406 1037
1407 741
1407 1408
1408 1028
1409 465
1409 1410
1410 236
1411 457
1411 1412
1412 320
1413 726
1413 1414
1414 1234
