0 243
0 1345
1 431
1 667
3 5
3 31
4 108
4 703
5 1368
6 29
8 554
8 1290
9 780
9 1271
10 75
10 950
11 630
12 412
15 192
15 909
17 202
17 929
19 449
19 487
21 749
21 1350
23 24
23 1220
24 410
25 26
25 508
26 436
27 28
27 594
28 862
29 30
29 842
30 258
31 32
31 884
32 1185
33 34
33 1056
34 1352
35 36
35 640
36 629
37 38
37 306
38 817
39 40
39 485
40 341
41 42
41 1265
42 1180
43 44
43 615
44 74
45 46
45 1106
46 1152
47 48
47 980
48 1168
49 50
49 221
50 1161
51 52
51 706
52 934
53 54
53 1308
54 205
55 56
55 354
56 1196
57 58
57 543
58 795
59 60
59 220
60 149
61 62
61 1116
62 522
63 64
63 1075
64 1120
65 66
65 337
66 975
67 68
67 1279
68 713
69 70
69 790
70 1236
71 72
71 725
72 900
73 74
73 227
74 385
75 76
75 788
76 37
77 78
77 571
78 148
79 80
79 277
80 597
81 48
81 82
82 1235
83 79
83 84
84 107
85 86
85 319
86 1109
87 88
87 533
88 891
89 90
89 156
90 650
91 92
91 466
92 374
93 94
93 162
94 832
95 96
95 1232
96 40
97 98
97 569
98 1027
99 100
99 1115
100 1156
101 102
101 1160
102 1024
103 104
103 429
104 1046
105 106
105 157
106 1301
107 108
107 1251
108 144
109 110
109 433
110 294
111 112
111 1187
112 659
113 114
113 201
114 460
115 116
115 863
116 1179
117 118
117 217
118 234
119 117
119 120
120 305
121 122
121 1064
122 1376
123 65
123 124
124 502
125 126
125 1354
126 1042
127 128
127 916
128 280
129 130
129 1320
130 1201
131 132
131 525
132 866
133 134
133 1293
134 1337
135 60
135 136
136 265
137 138
137 757
138 1401
139 6
139 140
140 642
141 1
141 142
142 621
143 144
143 793
144 58
145 146
145 1079
146 114
147 148
147 1067
148 1000
149 150
149 850
150 356
151 152
151 211
152 573
153 127
153 154
154 930
155 156
155 1096
156 1276
157 158
157 729
158 922
159 160
159 589
160 492
161 162
161 392
162 317
163 24
163 164
164 782
165 125
165 166
166 646
167 168
167 186
168 556
169 170
169 1263
170 885
171 172
171 627
172 39
173 174
173 389
174 1257
175 176
175 926
176 670
177 178
177 263
178 1047
179 180
179 537
180 215
181 182
181 611
182 718
183 184
183 844
184 308
185 186
185 723
186 1409
187 188
187 415
188 519
189 190
189 967
190 143
191 192
191 1228
192 136
193 194
193 1234
194 411
195 196
195 588
196 1374
197 198
197 969
198 1396
199 129
199 200
200 126
201 202
201 1039
202 810
203 204
203 932
204 1082
205 206
205 578
206 1326
207 208
207 510
208 1198
209 210
209 938
210 1044
211 212
211 291
212 427
213 214
213 804
214 660
215 216
215 313
216 274
217 218
217 1355
218 1292
219 220
219 303
220 517
221 222
221 1169
222 1062
223 224
223 1249
224 1379
225 226
225 829
226 1270
227 86
227 228
228 1188
229 230
229 1410
230 610
231 232
231 260
232 984
233 234
233 251
234 1269
235 34
235 236
236 194
237 238
237 888
238 1104
239 119
239 240
240 76
241 242
241 714
242 1336
243 244
243 685
244 527
245 246
245 908
246 1330
247 248
247 285
248 182
249 250
249 851
250 1200
251 252
251 1385
252 499
253 254
253 974
254 203
255 256
255 775
256 405
257 258
257 818
258 740
259 260
259 1285
260 941
261 262
261 933
262 447
263 134
263 264
264 404
265 121
265 266
266 612
267 268
267 565
268 1284
269 270
269 544
270 756
271 272
271 567
272 441
273 274
273 681
274 226
275 276
275 1151
276 11
277 67
277 278
278 89
279 280
279 1247
280 894
281 282
281 523
282 1295
283 284
283 825
284 22
285 286
285 1021
286 13
287 288
287 773
288 1324
289 290
289 1148
290 710
291 292
291 658
292 208
293 294
293 601
294 917
295 165
295 296
296 1321
297 298
297 1382
298 985
299 300
299 559
300 1054
301 302
301 371
302 712
303 304
303 936
304 981
305 306
305 416
306 400
307 308
307 383
308 826
309 310
309 971
310 1304
311 312
311 738
312 1238
313 314
313 1017
314 1260
315 316
315 821
316 695
317 318
317 454
318 721
319 320
319 1294
320 33
321 322
321 553
322 590
323 324
323 889
324 135
325 326
325 1384
326 688
327 328
327 330
328 993
329 47
329 330
330 596
331 332
331 869
332 1197
333 5
333 334
334 620
335 336
335 1057
336 195
337 338
337 1255
338 1131
339 84
339 340
340 1020
341 342
341 813
342 398
343 23
343 344
344 122
345 346
345 673
346 407
347 348
347 657
348 815
349 350
349 1011
350 16
351 352
351 577
352 1407
353 354
353 833
354 311
355 356
355 475
356 359
357 358
357 870
358 1073
359 360
359 840
360 1162
361 362
361 1225
362 1216
363 364
363 1035
364 430
365 366
365 462
366 232
367 357
367 368
368 1219
369 370
369 919
370 281
371 372
371 747
372 130
373 374
373 1245
374 516
375 376
375 397
376 1313
377 378
377 1241
378 242
379 380
379 1223
380 521
381 382
381 1123
382 1344
383 384
383 1023
384 106
385 386
385 393
386 1086
387 388
387 1342
388 701
389 390
389 583
390 159
391 87
391 392
392 1053
393 174
393 394
394 428
395 396
395 1395
396 476
397 57
397 398
398 835
399 400
399 1261
400 1177
401 402
401 1275
402 290
403 404
403 1331
404 1392
405 288
405 406
406 779
407 373
407 408
408 1224
409 198
409 410
410 664
411 412
411 928
412 696
413 414
413 505
414 978
415 416
415 471
416 249
417 21
417 418
418 191
419 163
419 420
420 902
421 85
421 422
422 496
423 111
423 424
424 1316
425 417
425 426
426 338
427 170
427 428
428 800
429 430
429 841
430 443
431 432
431 1231
432 1055
433 298
433 434
434 675
435 396
435 436
436 94
437 438
437 798
438 284
439 440
439 626
440 1296
441 45
441 442
442 686
443 444
443 1347
444 692
445 446
445 480
446 966
447 255
447 448
448 1351
449 9
449 450
450 635
451 452
451 491
452 637
453 454
453 785
454 256
455 456
455 1080
456 1150
457 458
457 979
458 684
459 460
459 1361
460 592
461 462
461 613
462 641
463 464
463 1391
464 444
465 155
465 466
466 886
467 468
467 1063
468 150
469 470
469 877
470 278
471 469
471 472
472 699
473 474
473 1333
474 770
475 476
475 1167
476 874
477 63
477 478
478 35
479 480
479 593
480 68
481 353
481 482
482 474
483 309
483 484
484 1286
485 301
485 486
486 36
487 315
487 488
488 691
489 151
489 490
490 1155
491 492
491 734
492 1346
493 110
493 494
494 418
495 496
495 639
496 763
497 498
497 1282
498 560
499 500
499 918
500 608
501 71
501 502
502 1356
503 167
503 504
504 168
505 506
505 561
506 253
507 49
507 508
508 716
509 510
509 614
510 1127
511 512
511 761
512 352
513 514
513 1205
514 865
515 66
515 516
516 78
517 451
517 518
518 1060
519 43
519 520
520 717
521 61
521 522
522 624
523 293
523 524
524 116
525 526
525 619
526 42
527 520
527 528
528 732
529 530
529 1181
530 1377
531 532
531 1193
532 648
533 534
533 875
534 994
535 536
535 1037
536 1233
537 538
537 783
538 1178
539 540
539 653
540 32
541 542
541 683
542 910
543 544
543 961
544 847
545 223
545 546
546 448
547 548
547 845
548 1184
549 529
549 550
550 1310
551 540
551 552
552 12
553 423
553 554
554 563
555 556
555 1070
556 406
557 558
557 580
558 1068
559 560
559 707
560 1328
561 562
561 853
562 898
563 564
563 1102
564 1084
565 180
565 566
566 1083
567 259
567 568
568 1117
569 295
569 570
570 515
571 572
571 753
572 422
573 574
573 864
574 1288
575 17
575 576
576 942
577 173
577 578
578 995
579 580
579 949
580 1244
581 426
581 582
582 166
583 358
583 584
584 982
585 586
585 1359
586 1266
587 588
587 965
588 940
589 590
589 1272
590 990
591 592
591 751
592 80
593 594
593 797
594 1051
595 137
595 596
596 1209
597 566
597 598
598 200
599 600
599 755
600 1003
601 225
601 602
602 1254
603 604
603 890
604 952
605 606
605 1146
606 1130
607 608
607 1369
608 335
609 531
609 610
610 28
611 183
611 612
612 1048
613 614
613 663
614 446
615 616
615 1314
616 26
617 618
617 1364
618 776
619 620
619 801
620 643
621 622
621 953
622 489
623 624
623 1210
624 314
625 626
625 1045
626 212
627 461
627 628
628 245
629 218
629 630
630 244
631 632
631 1273
632 607
633 609
633 634
634 30
635 636
635 1019
636 1030
637 440
637 638
638 360
639 269
639 640
640 230
641 642
641 1025
642 893
643 644
643 1212
644 830
645 349
645 646
646 340
647 648
647 1065
648 616
649 650
649 1323
650 213
651 652
651 671
652 1016
653 654
653 1353
654 1394
655 513
655 656
656 759
657 658
657 899
658 4
659 660
659 720
660 1280
661 77
661 662
662 880
663 501
663 664
664 674
665 666
665 1098
666 562
667 668
667 837
668 954
669 670
669 945
670 1043
671 455
671 672
672 1112
673 674
673 1033
674 283
675 676
675 719
676 1090
677 115
677 678
678 955
679 680
679 1103
680 1309
681 229
681 682
682 905
683 684
683 704
684 636
685 686
685 733
686 568
687 688
687 771
688 500
689 690
689 1145
690 574
691 692
691 750
692 366
693 694
693 977
694 1094
695 210
695 696
696 1226
697 698
697 911
698 1119
699 8
699 700
700 968
701 702
701 1141
702 55
703 704
703 856
704 963
705 467
705 706
706 482
707 453
707 708
708 656
709 710
709 1034
710 846
711 712
711 1077
712 1230
713 668
713 714
714 1183
715 465
715 716
716 920
717 644
717 718
718 514
719 720
719 843
720 976
721 528
721 722
722 652
723 724
723 1339
724 960
725 595
725 726
726 1118
727 728
727 873
728 687
729 587
729 730
730 1015
731 732
731 962
732 1050
733 734
733 781
734 320
735 736
735 839
736 778
737 176
737 738
738 1058
739 740
739 1158
740 438
741 103
741 742
742 1397
743 437
743 744
744 329
745 273
745 746
746 1008
747 702
747 748
748 1100
749 750
749 951
750 1108
751 752
751 970
752 1278
753 647
753 754
754 3
755 756
755 1217
756 1318
757 550
757 758
758 272
759 328
759 760
760 1153
761 762
761 1157
762 239
763 764
763 824
764 784
765 271
765 766
766 768
767 90
767 768
768 542
769 179
769 770
770 497
771 83
771 772
772 1029
773 300
773 774
774 700
775 776
775 1252
776 872
777 124
777 778
778 1262
779 780
779 812
780 552
781 782
781 1135
782 333
783 364
783 784
784 604
785 241
785 786
786 1211
787 382
787 788
788 1038
789 744
789 790
790 876
791 792
791 1139
792 93
793 581
793 794
794 372
795 742
795 796
796 794
797 387
797 798
798 224
799 800
799 1091
800 836
801 247
801 802
802 628
803 804
803 849
804 526
805 806
805 1059
806 1311
807 535
807 808
808 112
809 693
809 810
810 445
811 812
811 1189
812 1072
813 555
813 814
814 1338
815 816
815 1128
816 1406
817 450
817 818
818 334
819 805
819 820
820 97
821 711
821 822
822 558
823 246
823 824
824 2
825 547
825 826
826 603
827 197
827 828
828 53
829 830
829 1375
830 1138
831 832
831 997
832 452
833 669
833 834
834 362
835 836
835 1022
836 634
837 401
837 838
838 1274
839 599
839 840
840 152
841 842
841 1267
842 777
843 844
843 1403
844 199
845 846
845 1036
846 1114
847 493
847 848
848 50
849 850
849 1129
850 336
851 326
851 852
852 420
853 854
853 1147
854 654
855 856
855 1335
856 762
857 435
857 858
858 1291
859 860
859 1389
860 154
861 862
861 1144
862 88
863 864
863 923
864 726
865 548
865 866
866 1028
867 379
867 868
868 1412
869 141
869 870
870 809
871 772
871 872
872 1192
873 874
873 935
874 54
875 876
875 1085
876 7
877 878
877 1041
878 906
879 791
879 880
880 282
881 882
881 1289
882 764
883 617
883 884
884 1009
885 605
885 886
886 746
887 888
887 1367
888 584
889 331
889 890
890 390
891 892
891 1378
892 1154
893 894
893 1248
894 257
895 118
895 896
896 1264
897 689
897 898
898 504
899 73
899 900
900 944
901 820
901 902
902 534
903 549
903 904
904 632
905 532
905 906
906 896
907 622
907 908
908 132
909 910
909 1372
910 1366
911 912
911 1383
912 19
913 787
913 914
914 188
915 819
915 916
916 1107
917 918
917 992
918 789
919 920
919 1381
920 228
921 922
921 1363
922 138
923 363
923 924
924 796
925 479
925 926
926 483
927 928
927 1002
928 564
929 187
929 930
930 1206
931 883
931 932
932 484
933 934
933 1203
934 458
935 936
935 1341
936 425
937 859
937 938
938 737
939 457
939 940
940 238
941 697
941 942
942 478
943 409
943 944
944 1014
945 434
945 946
946 1140
947 536
947 948
948 731
949 185
949 950
950 1078
951 539
951 952
952 1190
953 51
953 954
954 1049
955 730
955 956
956 494
957 808
957 958
958 1414
959 665
959 960
960 131
961 962
961 1307
962 598
963 160
963 964
964 1076
965 966
965 1170
966 120
967 367
967 968
968 1240
969 507
969 970
970 403
971 190
971 972
972 464
973 463
973 974
974 1246
975 976
975 1365
976 999
977 978
977 1095
978 694
979 321
979 980
980 1132
981 982
981 1388
982 216
983 261
983 984
984 11
985 743
985 986
986 602
987 375
987 988
988 828
989 472
989 990
990 582
991 297
991 992
992 897
993 477
993 994
994 322
995 343
995 996
996 207
997 506
997 998
998 432
999 838
999 1000
1000 816
1001 913
1001 1002
1002 1006
1003 1004
1003 1026
1004 254
1005 799
1005 1006
1006 236
1007 262
1007 1008
1008 868
1009 855
1009 1010
1010 1142
1011 488
1011 1012
1012 814
1013 204
1013 1014
1014 638
1015 724
1015 1016
1016 676
1017 1007
1017 1018
1018 339
1019 146
1019 1020
1020 1010
1021 822
1021 1022
1022 318
1023 376
1023 1024
1024 852
1025 901
1025 1026
1026 1218
1027 551
1027 1028
1028 1164
1029 1030
1029 1174
1030 972
1031 1032
1031 1222
1032 394
1033 368
1033 1034
1034 1299
1035 113
1035 1036
1036 1400
1037 391
1037 1038
1038 811
1039 377
1039 1040
1040 268
1041 105
1041 1042
1042 468
1043 270
1043 1044
1044 1159
1045 1046
1045 1066
1046 1202
1047 72
1047 1048
1048 1360
1049 1050
1049 1334
1050 690
1051 481
1051 1052
1052 1121
1053 299
1053 1054
1054 1393
1055 1056
1055 1182
1056 882
1057 1018
1057 1058
1058 645
1059 677
1059 1060
1060 38
1061 1062
1061 1207
1062 101
1063 739
1063 1064
1064 998
1065 754
1065 1066
1066 153
1067 895
1067 1068
1068 1340
1069 579
1069 1070
1070 91
1071 618
1071 1072
1072 538
1073 421
1073 1074
1074 44
1075 530
1075 1076
1076 823
1077 325
1077 1078
1078 1004
1079 705
1079 1080
1080 470
1081 545
1081 1082
1082 18
1083 1084
1083 1195
1084 302
1085 1086
1085 1317
1086 948
1087 715
1087 1088
1088 70
1089 937
1089 1090
1090 46
1091 907
1091 1092
1092 1214
1093 1094
1093 1302
1094 1013
1095 807
1095 1096
1096 575
1097 133
1097 1098
1098 1277
1099 1100
1099 1113
1100 708
1101 1102
1101 1283
1102 912
1103 1104
1103 1303
1104 384
1105 861
1105 1106
1106 682
1107 709
1107 1108
1108 1136
1109 947
1109 1110
1110 1380
1111 1105
1111 1112
1112 158
1113 1114
1113 1125
1114 1325
1115 1101
1115 1116
1116 1163
1117 973
1117 1118
1118 214
1119 1120
1119 1213
1120 586
1121 881
1121 1122
1122 946
1123 987
1123 1124
1124 304
1125 915
1125 1126
1126 1408
1127 1128
1127 1305
1128 1166
1129 279
1129 1130
1130 52
1131 161
1131 1132
1132 25
1133 661
1133 1134
1134 264
1135 765
1135 1136
1136 1404
1137 1138
1137 1250
1138 766
1139 698
1139 1140
1140 193
1141 332
1141 1142
1142 64
1143 803
1143 1144
1144 625
1145 267
1145 1146
1146 10
1147 459
1147 1148
1148 518
1149 728
1149 1150
1150 289
1151 128
1151 1152
1152 834
1153 209
1153 1154
1154 56
1155 287
1155 1156
1156 986
1157 1099
1157 1158
1158 631
1159 1160
1159 1258
1160 92
1161 414
1161 1162
1162 1204
1163 831
1163 1164
1164 312
1165 189
1165 1166
1166 316
1167 867
1167 1168
1168 1386
1169 1170
1169 1171
1170 887
1171 1172
1171 1237
1172 237
1173 769
1173 1174
1174 512
1175 233
1175 1176
1176 495
1177 292
1177 1178
1178 996
1179 99
1179 1180
1180 1312
1181 365
1181 1182
1182 350
1183 139
1183 1184
1184 222
1185 1122
1185 1186
1186 767
1187 1188
1187 1253
1188 509
1189 490
1189 1190
1190 1306
1191 1089
1191 1192
1192 1227
1193 655
1193 1194
1194 102
1195 1126
1195 1196
1196 348
1197 1198
1197 1413
1198 276
1199 651
1199 1200
1200 20
1201 439
1201 1202
1202 178
1203 827
1203 1204
1204 14
1205 1206
1205 1349
1206 98
1207 925
1207 1208
1208 147
1209 388
1209 1210
1210 82
1211 1172
1211 1212
1212 344
1213 989
1213 1214
1214 672
1215 231
1215 1216
1216 736
1217 1087
1217 1218
1218 175
1219 1069
1219 1220
1220 100
1221 219
1221 1222
1222 171
1223 585
1223 1224
1224 606
1225 123
1225 1226
1226 104
1227 69
1227 1228
1228 964
1229 381
1229 1230
1230 206
1231 591
1231 1232
1232 1256
1233 1234
1233 1242
1234 486
1235 140
1235 1236
1236 892
1237 511
1237 1238
1238 848
1239 378
1239 1240
1240 956
1241 1242
1241 1371
1242 1215
1243 164
1243 1244
1244 12
1245 413
1245 1246
1246 871
1247 369
1247 1248
1248 266
1249 679
1249 1250
1250 786
1251 419
1251 1252
1252 633
1253 370
1253 1254
1254 1370
1255 1256
1255 1387
1256 351
1257 857
1257 1258
1258 1405
1259 1040
1259 1260
1260 250
1261 361
1261 1262
1262 572
1263 1264
1263 1329
1264 662
1265 235
1265 1266
1266 62
1267 1191
1267 1268
1268 424
1269 904
1269 1270
1270 252
1271 327
1271 1272
1272 858
1273 727
1273 1274
1274 792
1275 1276
1275 1357
1276 473
1277 1278
1277 1281
1278 6
1279 1124
1279 1280
1280 557
1281 1165
1281 1282
1282 1268
1283 943
1283 1284
1284 860
1285 323
1285 1286
1286 1300
1287 503
1287 1288
1288 854
1289 649
1289 1290
1290 1390
1291 324
1291 1292
1292 958
1293 395
1293 1294
1294 345
1295 1071
1295 1296
1296 1134
1297 1229
1297 1298
1298 1001
1299 181
1299 1300
1300 240
1301 386
1301 1302
1302 1348
1303 1143
1303 1304
1304 623
1305 1093
1305 1306
1306 1194
1307 145
1307 1308
1308 1031
1309 903
1309 1310
1310 15
1311 184
1311 1312
1312 927
1313 346
1313 1314
1314 172
1315 142
1315 1316
1316 1052
1317 1297
1317 1318
1318 1243
1319 600
1319 1320
1320 59
1321 177
1321 1322
1322 1088
1323 109
1323 1324
1324 96
1325 957
1325 1326
1326 666
1327 1012
1327 1328
1328 286
1329 1074
1329 1330
1330 1322
1331 741
1331 1332
1332 1173
1333 1332
1333 1334
1334 1358
1335 745
1335 1336
1336 41
1337 576
1337 1338
1338 774
1339 1287
1339 1340
1340 275
1341 307
1341 1342
1342 399
1343 355
1343 1344
1344 1239
1345 310
1345 1346
1346 402
1347 1315
1347 1348
1348 1398
1349 169
1349 1350
1350 758
1351 1352
1351 1362
1352 1092
1353 991
1353 1354
1354 1133
1355 1319
1355 1356
1356 1208
1357 1097
1357 1358
1358 27
1359 524
1359 1360
1360 196
1361 1149
1361 1362
1362 1005
1363 939
1363 1364
1364 680
1365 924
1365 1366
1366 342
1367 931
1367 1368
1368 878
1369 879
1369 1370
1370 678
1371 959
1371 1372
1372 546
1373 570
1373 1374
1374 722
1375 988
1375 1376
1376 802
1377 380
1377 1378
1378 456
1379 347
1379 1380
1380 541
1381 983
1381 1382
1382 921
1383 1384
1383 1399
1384 1111
1385 1081
1385 1386
1386 748
1387 95
1387 1388
1388 735
1389 1061
1389 1390
1390 1343
1391 1392
1391 1402
1392 1259
1393 806
1393 1394
1394 498
1395 1175
1395 1396
1396 1298
1397 760
1397 1398
1398 1327
1399 752
1399 1400
1400 442
1401 1137
1401 1402
1402 81
1403 1176
1403 1404
1404 296
1405 408
1405 1406
1406 1032
1407 1373
1407 1408
1408 1110
1409 1221
1409 1410
1410 1411
1411 1199
1411 1412
1412 1186
1413 914
1413 1414
1414 248
