0 511
0 1381
3 843
3 1129
4 129
4 1319
5 487
6 439
7 546
7 1351
8 99
8 856
9 736
10 398
11 197
11 844
13 944
13 1150
15 267
15 683
17 1057
17 1294
19 198
19 1216
21 229
21 1005
23 24
23 820
24 1373
25 26
25 1031
26 475
27 28
27 925
28 635
29 30
29 680
30 459
31 32
31 1120
32 932
33 34
33 187
34 970
35 36
35 372
36 721
37 38
37 581
38 1127
39 40
39 829
40 330
41 42
41 343
42 1032
43 44
43 1295
44 1209
45 46
45 805
46 324
47 48
47 1112
48 1306
49 50
49 1092
50 62
51 52
51 620
52 88
53 54
53 1251
54 154
55 56
55 570
56 335
57 58
57 73
58 614
59 60
59 331
60 1146
61 62
61 1014
62 972
63 64
63 364
64 149
65 66
65 574
66 338
67 68
67 807
68 575
69 48
69 70
70 1046
71 72
71 163
72 858
73 74
73 551
74 660
75 76
75 951
76 756
77 78
77 1189
78 396
79 80
79 239
80 201
81 82
81 1125
82 227
83 84
83 1309
84 1114
85 86
85 1340
86 958
87 88
87 746
88 764
89 90
89 1271
90 978
91 92
91 282
92 728
93 41
93 94
94 1141
95 96
95 285
96 506
97 98
97 516
98 1299
99 100
99 647
100 1298
101 102
101 999
102 751
103 104
103 1074
104 476
105 106
105 790
106 50
107 108
107 283
108 814
109 110
109 1327
110 881
111 112
111 311
112 1195
113 114
113 737
114 499
115 116
115 397
116 350
117 118
117 169
118 210
119 120
119 1261
120 949
121 122
121 314
122 14
123 124
123 1140
124 380
125 6
125 126
126 22
127 128
127 194
128 1066
129 130
129 623
130 348
131 132
131 650
132 452
133 134
133 1240
134 417
135 44
135 136
136 1028
137 138
137 1212
138 156
139 140
139 853
140 1025
141 142
141 1095
142 631
143 144
143 726
144 232
145 146
145 152
146 846
147 148
147 1262
148 1348
149 150
149 1132
150 344
151 152
151 1208
152 630
153 154
153 1224
154 441
155 156
155 1255
156 361
157 158
157 867
158 1061
159 160
159 585
160 923
161 162
161 1357
162 822
163 164
163 573
164 791
165 166
165 795
166 146
167 168
167 1264
168 472
169 170
169 1223
170 926
171 172
171 531
172 128
173 174
173 420
174 1297
175 176
175 607
176 973
177 178
177 520
178 1041
179 180
179 266
180 1038
181 182
181 257
182 462
183 184
183 1242
184 969
185 186
185 1047
186 869
187 188
187 468
188 842
189 190
189 1270
190 308
191 174
191 192
192 632
193 194
193 850
194 545
195 196
195 613
196 1260
197 198
197 491
198 1185
199 170
199 200
200 834
201 177
201 202
202 1213
203 204
203 639
204 1168
205 206
205 934
206 816
207 208
207 433
208 697
209 175
209 210
210 70
211 212
211 550
212 819
213 214
213 711
214 408
215 216
215 1409
216 1350
217 218
217 693
218 782
219 220
219 808
220 994
221 222
221 363
222 1278
223 224
223 465
224 750
225 226
225 1099
226 1341
227 228
227 703
228 243
229 230
229 443
230 1252
231 232
231 1126
232 1076
233 234
233 1156
234 539
235 236
235 1203
236 1408
237 238
237 695
238 410
239 240
239 249
240 490
241 242
241 1006
242 298
243 244
243 694
244 700
245 246
245 579
246 301
247 248
247 1370
248 983
249 250
249 1149
250 37
251 21
251 252
252 447
253 254
253 262
254 1266
255 256
255 393
256 840
257 258
257 577
258 1308
259 260
259 1081
260 288
261 262
261 1059
262 626
263 117
263 264
264 1284
265 266
265 837
266 115
267 268
267 561
268 219
269 270
269 919
270 96
271 272
271 798
272 1136
273 274
273 1364
274 1290
275 276
275 463
276 309
277 278
277 1181
278 1064
279 127
279 280
280 492
281 93
281 282
282 1258
283 284
283 801
284 1412
285 241
285 286
286 940
287 288
287 1335
288 150
289 290
289 663
290 28
291 292
291 1377
292 992
293 158
293 294
294 122
295 296
295 1191
296 376
297 75
297 298
298 848
299 300
299 895
300 1144
301 302
301 716
302 519
303 304
303 681
304 1312
305 306
305 1138
306 292
307 308
307 600
308 800
309 310
309 880
310 734
311 312
311 1339
312 438
313 228
313 314
314 638
315 204
315 316
316 414
317 318
317 596
318 1344
319 320
319 595
320 1071
321 322
321 1355
322 477
323 324
323 1383
324 806
325 326
325 847
326 1143
327 328
327 851
328 1097
329 330
329 988
330 924
331 332
331 533
332 1286
333 334
333 1221
334 1241
335 336
335 708
336 418
337 338
337 823
338 1304
339 340
339 779
340 799
341 342
341 767
342 868
343 344
343 522
344 861
345 346
345 1404
346 526
347 348
347 1313
348 224
349 191
349 350
350 296
351 352
351 783
352 777
353 354
353 583
354 86
355 356
355 1160
356 966
357 358
357 845
358 230
359 13
359 360
360 377
361 362
361 656
362 758
363 364
363 929
364 920
365 366
365 1040
366 578
367 368
367 1123
368 1354
369 370
369 1283
370 155
371 372
371 1067
372 54
373 374
373 1003
374 672
375 376
375 836
376 813
377 6
377 378
378 569
379 380
379 1315
380 792
381 43
381 382
382 138
383 384
383 1281
384 564
385 386
385 707
386 1119
387 388
387 1317
388 510
389 390
389 1060
390 307
391 392
391 1400
392 347
393 268
393 394
394 964
395 396
395 557
396 336
397 151
397 398
398 1056
399 400
399 435
400 731
401 60
401 402
402 1282
403 135
403 404
404 1171
405 368
405 406
406 10
407 408
407 483
408 568
409 5
409 410
410 688
411 412
411 599
412 446
413 414
413 1331
414 176
415 416
415 1026
416 1100
417 418
417 1248
418 508
419 420
419 1323
420 95
421 367
421 422
422 505
423 223
423 424
424 131
425 295
425 426
426 1106
427 17
427 428
428 830
429 430
429 1065
430 947
431 432
431 857
432 1384
433 434
433 741
434 963
435 261
435 436
436 781
437 438
437 1034
438 590
439 440
439 755
440 65
441 442
441 1016
442 1325
443 265
443 444
444 1018
445 317
445 446
446 629
447 147
447 448
448 636
449 450
449 727
450 809
451 383
451 452
452 735
453 312
453 454
454 1186
455 81
455 456
456 659
457 458
457 489
458 166
459 460
459 712
460 478
461 235
461 462
462 390
463 139
463 464
464 114
465 466
465 749
466 592
467 451
467 468
468 1396
469 162
469 470
470 664
471 246
471 472
472 957
473 474
473 739
474 359
475 476
475 1176
476 686
477 183
477 478
478 598
479 35
479 480
480 238
481 137
481 482
482 1334
483 484
483 803
484 927
485 486
485 667
486 1392
487 488
487 883
488 504
489 490
489 548
490 1274
491 492
491 753
492 370
493 494
493 1198
494 90
495 496
495 1048
496 1292
497 498
497 1245
498 1098
499 500
499 1017
500 914
501 502
501 720
502 658
503 369
503 504
504 1395
505 506
505 513
506 205
507 508
507 1104
508 862
509 389
509 510
510 1243
511 113
511 512
512 251
513 514
513 1254
514 429
515 516
515 917
516 687
517 500
517 518
518 960
519 520
519 1366
520 171
521 522
521 1413
522 1153
523 422
523 524
524 967
525 526
525 903
526 401
527 528
527 1391
528 1267
529 530
529 689
530 466
531 532
531 761
532 684
533 534
533 930
534 644
535 536
535 670
536 773
537 538
537 1303
538 770
539 540
539 950
540 910
541 542
541 675
542 494
543 544
543 757
544 16
545 546
545 1367
546 178
547 535
547 548
548 313
549 275
549 550
550 1207
551 552
551 1108
552 976
553 91
553 554
554 1238
555 215
555 556
556 1082
557 558
557 1259
558 954
559 560
559 1275
560 537
561 562
561 657
562 1301
563 263
563 564
564 1204
565 217
565 566
566 1183
567 568
567 977
568 1197
569 570
569 1222
570 39
571 572
571 878
572 674
573 574
573 1159
574 290
575 576
575 637
576 1328
577 578
577 1363
578 1145
579 580
579 1155
580 82
581 291
581 582
582 841
583 181
583 584
584 38
585 586
585 875
586 400
587 588
587 1291
588 1337
589 590
589 982
590 996
591 592
591 1407
592 673
593 594
593 1374
594 946
595 596
595 661
596 11
597 598
597 1091
598 939
599 600
599 877
600 606
601 602
601 894
602 769
603 51
603 604
604 1320
605 606
605 1037
606 1293
607 233
607 608
608 1237
609 610
609 621
610 863
611 168
611 612
612 676
613 614
613 665
614 124
615 77
615 616
616 404
617 188
617 618
618 358
619 620
619 733
620 594
621 622
621 1375
622 1318
623 226
623 624
624 1330
625 626
625 699
626 280
627 628
627 1148
628 1030
629 416
629 630
630 901
631 632
631 1393
632 406
633 23
633 634
634 36
635 610
635 636
636 974
637 527
637 638
638 998
639 640
639 1399
640 860
641 353
641 642
642 31
643 644
643 1072
644 1113
645 646
645 765
646 678
647 68
647 648
648 774
649 423
649 650
650 941
651 652
651 740
652 357
653 654
653 717
654 306
655 76
655 656
656 1158
657 387
657 658
658 864
659 660
659 1053
660 922
661 662
661 804
662 866
663 609
663 664
664 8
665 666
665 1405
666 1045
667 668
667 1075
668 1077
669 142
669 670
670 3
671 479
671 672
672 627
673 674
673 888
674 826
675 391
675 676
676 1172
677 678
677 762
678 1116
679 437
679 680
680 1089
681 225
681 682
682 744
683 684
683 1154
684 984
685 541
685 686
686 1
687 688
687 1280
688 184
689 209
689 690
690 745
691 74
691 692
692 126
693 436
693 694
694 1182
695 696
695 1227
696 714
697 698
697 1118
698 885
699 700
699 1029
700 1009
701 702
701 1087
702 240
703 625
703 704
704 1004
705 440
705 706
706 1010
707 708
707 1333
708 192
709 710
709 715
710 671
711 521
711 712
712 1135
713 563
713 714
714 1128
715 716
715 965
716 185
717 718
717 1199
718 133
719 720
719 1086
720 1178
721 722
721 1124
722 646
723 495
723 724
724 1360
725 726
725 884
726 1062
727 728
727 1218
728 696
729 730
729 833
730 258
731 732
731 1228
732 32
733 153
733 734
734 214
735 186
735 736
736 824
737 15
737 738
738 470
739 111
739 740
740 333
741 321
741 742
742 655
743 710
743 744
744 1184
745 566
745 746
746 300
747 105
747 748
748 1188
749 750
749 952
750 9
751 144
751 752
752 12
753 754
753 913
754 1054
755 666
755 756
756 608
757 758
757 931
758 1024
759 395
759 760
760 118
761 334
761 762
762 1225
763 294
763 764
764 628
765 141
765 766
766 1001
767 536
767 768
768 1378
769 770
769 937
770 315
771 624
771 772
772 1342
773 774
773 849
774 602
775 776
775 1068
776 879
777 378
777 778
778 591
779 780
779 1389
780 876
781 782
781 1058
782 242
783 652
783 784
784 742
785 654
785 786
786 202
787 270
787 788
788 704
789 259
789 790
790 619
791 159
791 792
792 1244
793 794
793 1401
794 580
795 474
795 796
796 942
797 798
797 1049
798 469
799 203
799 800
800 1192
801 407
801 802
802 1356
803 804
803 897
804 299
805 49
805 806
806 874
807 808
807 1085
808 1285
809 810
809 873
810 106
811 103
811 812
812 72
813 634
813 814
814 428
815 485
815 816
816 1102
817 384
817 818
818 1170
819 394
819 820
820 1137
821 145
821 822
822 1388
823 431
823 824
824 342
825 58
825 826
826 528
827 828
827 899
828 252
829 830
829 1000
830 554
831 797
831 832
832 507
833 164
833 834
834 1390
835 836
835 887
836 1105
837 838
837 1044
838 329
839 840
839 1289
840 1369
841 160
841 842
842 540
843 844
843 995
844 889
845 821
845 846
846 1134
847 473
847 848
848 486
849 471
849 850
850 1043
851 503
851 852
852 810
853 269
853 854
854 896
855 584
855 856
856 132
857 339
857 858
858 218
859 828
859 860
860 1103
861 601
861 862
862 542
863 864
863 987
864 278
865 866
865 1371
866 1277
867 868
867 1345
868 1101
869 870
869 1349
870 272
871 872
871 1051
872 66
873 467
873 874
874 305
875 399
875 876
876 640
877 878
877 1173
878 1386
879 880
879 1023
880 488
881 341
881 882
882 1167
883 47
883 884
884 1247
885 730
885 886
886 216
887 888
887 1094
888 332
889 890
889 1008
890 948
891 221
891 892
892 253
893 802
893 894
894 501
895 345
895 896
896 1382
897 71
897 898
898 904
899 900
899 1235
900 1226
901 902
901 1296
902 1256
903 571
903 904
904 173
905 677
905 906
906 5
907 46
907 908
908 134
909 172
909 910
910 787
911 912
911 1187
912 1162
913 794
913 914
914 938
915 25
915 916
916 682
917 302
917 918
918 1200
919 325
919 920
920 411
921 323
921 922
922 1358
923 633
923 924
924 586
925 481
925 926
926 827
927 379
927 928
928 576
929 195
929 930
930 279
931 360
931 932
932 1036
933 538
933 934
934 760
935 57
935 936
936 405
937 690
937 938
938 979
939 852
939 940
940 524
941 942
941 1164
942 615
943 444
943 944
944 907
945 297
945 946
946 1302
947 916
947 948
948 812
949 950
949 1353
950 366
951 101
951 952
952 434
953 763
953 954
954 796
955 956
955 1269
956 7
957 958
957 1249
958 200
959 597
959 960
960 9
961 611
961 962
962 236
963 427
963 964
964 276
965 966
965 1002
966 698
967 104
967 968
968 692
969 34
969 970
970 248
971 972
971 1397
972 618
973 974
973 1406
974 498
975 976
975 1361
976 316
977 978
977 1157
978 20
979 980
979 1229
980 1190
981 982
981 1111
982 713
983 984
983 1110
984 980
985 986
985 1175
986 1206
987 212
987 988
988 424
989 990
989 1263
990 1161
991 992
991 1368
992 102
993 838
993 994
994 1012
995 110
995 996
996 1202
997 530
997 998
998 617
999 971
999 1000
1000 502
1001 729
1001 1002
1002 509
1003 1004
1003 1230
1004 706
1005 109
1005 1006
1006 552
1007 244
1007 1008
1008 582
1009 1010
1009 1180
1010 42
1011 534
1011 1012
1012 898
1013 1014
1013 1083
1014 997
1015 67
1015 1016
1016 1343
1017 319
1017 1018
1018 855
1019 1020
1019 1039
1020 532
1021 327
1021 1022
1022 19
1023 555
1023 1024
1024 453
1025 1026
1025 1305
1026 1130
1027 811
1027 1028
1028 354
1029 179
1029 1030
1030 642
1031 701
1031 1032
1032 84
1033 906
1033 1034
1034 668
1035 426
1035 1036
1036 1152
1037 1038
1037 1411
1038 854
1039 1015
1039 1040
1040 912
1041 567
1041 1042
1042 775
1043 603
1043 1044
1044 766
1045 1046
1045 1174
1046 616
1047 119
1047 1048
1048 1414
1049 685
1049 1050
1050 902
1051 256
1051 1052
1052 662
1053 337
1053 1054
1054 286
1055 547
1055 1056
1056 116
1057 304
1057 1058
1058 29
1059 651
1059 1060
1060 140
1061 1062
1061 1163
1062 448
1063 293
1063 1064
1064 56
1065 1066
1065 1326
1066 432
1067 560
1067 1068
1068 425
1069 1070
1069 1179
1070 900
1071 859
1071 1072
1072 544
1073 1074
1073 1215
1074 529
1075 412
1075 1076
1076 593
1077 565
1077 1078
1078 52
1079 525
1079 1080
1080 1165
1081 450
1081 1082
1082 754
1083 911
1083 1084
1084 1257
1085 85
1085 1086
1086 786
1087 553
1087 1088
1088 890
1089 691
1089 1090
1090 310
1091 97
1091 1092
1092 1080
1093 59
1093 1094
1094 355
1095 549
1095 1096
1096 352
1097 936
1097 1098
1098 373
1099 1100
1099 1321
1100 1042
1101 1102
1101 1246
1102 1268
1103 1104
1103 1265
1104 2
1105 1007
1105 1106
1106 260
1107 322
1107 1108
1108 449
1109 247
1109 1110
1110 1122
1111 1107
1111 1112
1112 255
1113 180
1113 1114
1114 112
1115 1116
1115 1307
1116 1151
1117 1118
1117 1219
1118 1231
1119 612
1119 1120
1120 362
1121 237
1121 1122
1122 460
1123 161
1123 1124
1124 402
1125 955
1125 1126
1126 1079
1127 328
1127 1128
1128 968
1129 1130
1129 1365
1130 207
1131 589
1131 1132
1132 464
1133 346
1133 1134
1134 206
1135 61
1135 1136
1136 222
1137 274
1137 1138
1138 953
1139 784
1139 1140
1140 1310
1141 780
1141 1142
1142 832
1143 1144
1143 1346
1144 918
1145 83
1145 1146
1146 1379
1147 1148
1147 1324
1148 748
1149 559
1149 1150
1150 388
1151 18
1151 1152
1152 196
1153 981
1153 1154
1154 1239
1155 1013
1155 1156
1156 182
1157 375
1157 1158
1158 1410
1159 245
1159 1160
1160 1287
1161 409
1161 1162
1162 985
1163 199
1163 1164
1164 136
1165 817
1165 1166
1166 1194
1167 768
1167 1168
1168 94
1169 349
1169 1170
1170 78
1171 872
1171 1172
1172 724
1173 793
1173 1174
1174 835
1175 725
1175 1176
1176 1078
1177 69
1177 1178
1178 1380
1179 157
1179 1180
1180 351
1181 1182
1181 1322
1182 915
1183 365
1183 1184
1184 121
1185 10
1185 1186
1186 1376
1187 1188
1187 1403
1188 30
1189 1190
1189 1300
1190 108
1191 943
1191 1192
1192 419
1193 882
1193 1194
1194 1177
1195 386
1195 1196
1196 496
1197 785
1197 1198
1198 100
1199 776
1199 1200
1200 254
1201 1019
1201 1202
1202 562
1203 1193
1203 1204
1204 705
1205 64
1205 1206
1206 1166
1207 523
1207 1208
1208 905
1209 250
1209 1210
1210 277
1211 771
1211 1212
1212 403
1213 87
1213 1214
1214 148
1215 211
1215 1216
1216 356
1217 1121
1217 1218
1218 1276
1219 956
1219 1220
1220 33
1221 989
1221 1222
1222 778
1223 1224
1223 1311
1224 892
1225 1033
1225 1226
1226 991
1227 484
1227 1228
1228 53
1229 190
1229 1230
1230 514
1231 772
1231 1232
1232 1250
1233 482
1233 1234
1234 870
1235 789
1235 1236
1236 990
1237 234
1237 1238
1238 458
1239 24
1239 1240
1240 759
1241 543
1241 1242
1242 231
1243 723
1243 1244
1244 886
1245 89
1245 1246
1246 909
1247 1248
1247 1402
1248 1088
1249 1250
1249 1338
1250 1234
1251 643
1251 1252
1252 572
1253 167
1253 1254
1254 515
1255 1117
1255 1256
1256 1096
1257 1131
1257 1258
1258 1035
1259 986
1259 1260
1260 556
1261 1084
1261 1262
1262 1115
1263 709
1263 1264
1264 264
1265 1266
1265 1332
1266 220
1267 1268
1267 1316
1268 1196
1269 1021
1269 1270
1270 1093
1271 1027
1271 1272
1272 518
1273 382
1273 1274
1274 962
1275 326
1275 1276
1276 371
1277 1050
1277 1278
1278 454
1279 415
1279 1280
1280 1090
1281 961
1281 1282
1282 1352
1283 1055
1283 1284
1284 4
1285 1070
1285 1286
1286 604
1287 747
1287 1288
1288 719
1289 27
1289 1290
1290 1359
1291 1292
1291 1398
1292 1214
1293 921
1293 1294
1294 722
1295 1296
1295 1372
1296 120
1297 374
1297 1298
1298 622
1299 45
1299 1300
1300 1314
1301 1233
1301 1302
1302 92
1303 63
1303 1304
1304 1022
1305 1201
1305 1306
1306 1133
1307 871
1307 1308
1308 825
1309 143
1309 1310
1310 1288
1311 1312
1311 1347
1312 1063
1313 413
1313 1314
1314 430
1315 891
1315 1316
1316 928
1317 1069
1317 1318
1318 788
1319 80
1319 1320
1320 558
1321 1322
1321 1387
1322 738
1323 702
1323 1324
1324 1272
1325 1020
1325 1326
1326 752
1327 303
1327 1328
1328 908
1329 455
1329 1330
1330 385
1331 497
1331 1332
1332 743
1333 975
1333 1334
1334 480
1335 1336
1335 1394
1336 517
1337 831
1337 1338
1338 1236
1339 107
1339 1340
1340 1279
1341 1211
1341 1342
1342 679
1343 1336
1343 1344
1344 1109
1345 945
1345 1346
1346 1329
1347 935
1347 1348
1348 1232
1349 648
1349 1350
1350 284
1351 653
1351 1352
1352 318
1353 320
1353 1354
1354 40
1355 289
1355 1356
1356 445
1357 79
1357 1358
1358 273
1359 271
1359 1360
1360 26
1361 456
1361 1362
1362 893
1363 865
1363 1364
1364 1220
1365 213
1365 1366
1366 587
1367 1253
1367 1368
1368 125
1369 98
1369 1370
1370 1142
1371 381
1371 1372
1372 669
1373 815
1373 1374
1374 933
1375 392
1375 1376
1376 818
1377 165
1377 1378
1378 588
1379 1011
1379 1380
1380 732
1381 605
1381 1382
1382 123
1383 1362
1383 1384
1384 1169
1385 512
1385 1386
1386 340
1387 193
1387 1388
1388 1139
1389 1073
1389 1390
1390 130
1391 993
1391 1392
1392 442
1393 421
1393 1394
1394 208
1395 287
1395 1396
1396 1052
1397 645
1397 1398
1398 839
1399 457
1399 1400
1400 1205
1401 189
1401 1402
1402 1273
1403 641
1403 1404
1404 649
1405 1385
1405 1406
1406 1147
1407 1210
1407 1408
1408 718
1409 959
1409 1410
1410 55
1411 281
1411 1412
1412 493
1413 1217
1413 1414
1414 461
