0 497
0 683
1 329
1 622
3 97
3 892
4 112
4 1395
5 922
6 1350
9 267
9 1115
10 743
10 823
12 133
11 559
13 132
13 616
15 232
15 444
17 1209
17 1365
19 1272
19 1282
21 50
21 338
23 24
23 127
24 1383
25 26
25 103
26 17
27 28
27 1331
28 668
29 30
29 981
30 1404
31 32
31 815
32 662
33 34
33 804
34 382
35 36
35 543
36 979
37 38
37 84
38 276
39 40
39 1073
40 610
41 42
41 640
42 8
43 44
43 997
44 258
45 46
45 263
46 109
47 48
47 1035
48 742
49 50
49 1358
50 1328
51 52
51 1176
52 1154
53 54
53 209
54 1245
55 56
55 65
56 1237
57 58
57 331
58 3
59 60
59 171
60 957
61 62
61 325
62 648
63 64
63 275
64 1305
65 66
65 611
66 42
67 68
67 290
68 261
69 70
69 134
70 593
71 72
71 301
72 1326
73 74
73 661
74 1149
75 76
75 1204
76 375
77 78
77 1155
78 1367
79 80
79 574
80 592
81 55
81 82
82 1183
83 84
83 1097
84 1378
85 86
85 936
86 838
87 88
87 1153
88 116
89 90
89 407
90 244
91 63
91 92
92 821
93 94
93 536
94 124
95 96
95 435
96 943
97 98
97 986
98 1364
99 100
99 946
100 302
101 102
101 582
102 222
103 104
103 879
104 951
105 106
105 111
106 664
107 108
107 1219
108 210
109 110
109 1336
110 586
111 112
111 437
112 1012
113 114
113 987
114 577
115 116
115 1320
116 539
117 118
117 686
118 1312
119 120
119 704
120 870
121 122
121 653
122 446
123 124
123 1287
124 958
125 126
125 1184
126 1244
127 128
127 1159
128 464
129 130
129 885
130 1307
131 132
131 1046
132 642
133 134
133 197
134 1152
135 136
135 1309
136 1271
137 138
137 1268
138 527
139 73
139 140
140 1066
141 142
141 1221
142 1334
143 144
143 1299
144 511
145 146
145 349
146 972
147 148
147 235
148 360
149 150
149 579
150 780
151 152
151 1135
152 341
153 154
153 835
154 671
155 156
155 1147
156 722
157 74
157 158
158 820
159 160
159 1222
160 576
161 162
161 657
162 1335
163 164
163 1090
164 168
165 166
165 384
166 146
167 168
167 1250
168 120
169 170
169 459
170 1167
171 172
171 297
172 471
173 174
173 392
174 20
175 176
175 1212
176 1038
177 178
177 1401
178 516
179 180
179 1274
180 1150
181 182
181 746
182 639
183 184
183 729
184 144
185 186
185 598
186 52
187 188
187 1181
188 1186
189 114
189 190
190 1372
191 82
191 192
192 699
193 194
193 679
194 1014
195 196
195 255
196 1020
197 198
197 805
198 790
199 200
199 312
200 408
201 202
201 1052
202 1352
203 106
203 204
204 1369
205 206
205 810
206 1134
207 208
207 503
208 891
209 210
209 517
210 178
211 212
211 388
212 1382
213 201
213 214
214 173
215 216
215 535
216 1060
217 218
217 305
218 626
219 220
219 781
220 14
221 222
221 1321
222 715
223 224
223 1311
224 877
225 203
225 226
226 1265
227 228
227 259
228 1091
229 230
229 1129
230 980
231 232
231 1330
232 700
233 234
233 307
234 1104
235 236
235 985
236 1329
237 238
237 859
238 1058
239 240
239 1001
240 890
241 242
241 1000
242 488
243 244
243 441
244 44
245 246
245 321
246 588
247 248
247 1332
248 716
249 250
249 371
250 342
251 252
251 1169
252 1291
253 254
253 293
254 1018
255 256
255 269
256 840
257 258
257 1236
258 1387
259 221
259 260
260 448
261 262
261 1345
262 768
263 264
263 863
264 238
265 266
265 1251
266 613
267 268
267 1301
268 1229
269 270
269 1142
270 734
271 272
271 1376
272 787
273 274
273 751
274 1100
275 217
275 276
276 98
277 278
277 923
278 782
279 280
279 457
280 678
281 234
281 282
282 1396
283 284
283 1379
284 1262
285 286
285 706
286 279
287 288
287 1397
288 1048
289 290
289 1263
290 476
291 292
291 1283
292 947
293 294
293 759
294 102
295 296
295 1249
296 1065
297 298
297 1015
298 1337
299 300
299 739
300 961
301 154
301 302
302 490
303 304
303 1400
304 750
305 306
305 955
306 24
307 308
307 367
308 322
309 310
309 320
310 148
311 312
311 935
312 1131
313 314
313 692
314 1202
315 316
315 1041
316 966
317 318
317 1333
318 417
319 320
319 404
320 537
321 322
321 439
322 991
323 324
323 831
324 1143
325 326
325 807
326 250
327 328
327 926
328 1007
329 137
329 330
330 170
331 332
331 1281
332 1031
333 334
333 1277
334 849
335 200
335 336
336 1366
337 338
337 878
338 304
339 340
339 549
340 1088
341 298
341 342
342 974
343 344
343 1385
344 1254
345 346
345 479
346 246
347 348
347 813
348 1226
349 350
349 453
350 755
351 205
351 352
352 18
353 354
353 670
354 486
355 356
355 378
356 573
357 311
357 358
358 658
359 360
359 455
360 641
361 362
361 1050
362 1138
363 364
363 369
364 920
365 366
365 843
366 332
367 368
367 385
368 155
369 91
369 370
370 1318
371 372
371 916
372 366
373 374
373 1292
374 335
375 22
375 376
376 164
377 378
377 731
378 538
379 162
379 380
380 858
381 382
381 964
382 693
383 384
383 948
384 70
385 10
385 386
386 918
387 388
387 421
388 405
389 225
389 390
390 1087
391 78
391 392
392 224
393 394
393 1275
394 1327
395 396
395 775
396 69
397 398
397 1193
398 971
399 400
399 461
400 465
401 402
401 845
402 484
403 404
403 851
404 117
405 406
405 1270
406 685
407 408
407 554
408 912
409 410
409 1356
410 1286
411 412
411 1296
412 1228
413 414
413 1085
414 636
415 416
415 915
416 675
417 418
417 628
418 429
419 420
419 606
420 1243
421 422
421 799
422 1148
423 424
423 905
424 451
425 426
425 1027
426 1010
427 428
427 921
428 1034
429 430
429 564
430 944
431 432
431 501
432 928
433 434
433 1255
434 561
435 436
435 1399
436 56
437 438
437 663
438 229
439 433
439 440
440 1074
441 442
441 669
442 248
443 381
443 444
444 1095
445 446
445 908
446 1072
447 265
447 448
448 454
449 79
449 450
450 530
451 452
451 1300
452 596
453 251
453 454
454 623
455 456
455 1099
456 738
457 458
457 690
458 190
459 460
459 717
460 413
461 354
461 462
462 1114
463 464
463 1377
464 850
465 466
465 793
466 60
467 179
467 468
468 1198
469 470
469 1323
470 1406
471 472
471 684
472 1045
473 474
473 475
474 26
475 68
475 476
476 1101
477 478
477 757
478 812
479 480
479 1047
480 66
481 482
481 756
482 676
483 89
483 484
484 632
485 268
485 486
486 910
487 488
487 1180
488 774
489 490
489 1021
490 608
491 492
491 513
492 1390
493 494
493 1068
494 504
495 273
495 496
496 346
497 294
497 498
498 978
499 500
499 546
500 604
501 502
501 589
502 288
503 469
503 504
504 540
505 47
505 506
506 566
507 487
507 508
508 1410
509 510
509 939
510 1398
511 151
511 512
512 1123
513 514
513 1163
514 968
515 516
515 651
516 644
517 518
517 829
518 886
519 520
519 1279
520 411
521 239
521 522
522 1362
523 524
523 1025
524 1
525 526
525 1151
526 223
527 528
527 808
528 38
529 61
529 530
530 1140
531 177
531 532
532 1146
533 243
533 534
534 264
535 536
535 1355
536 1106
537 373
537 538
538 732
539 142
539 540
540 361
541 344
541 542
542 996
543 544
543 867
544 871
545 546
545 1313
546 1156
547 228
547 548
548 990
549 550
549 695
550 772
551 552
551 960
552 160
553 266
553 554
554 473
555 326
555 556
556 494
557 558
557 1187
558 467
559 560
559 1077
560 372
561 562
561 1157
562 570
563 564
563 1231
564 296
565 566
565 647
566 1324
567 568
567 1013
568 1103
569 570
569 1079
570 638
571 572
571 1022
572 1375
573 574
573 1246
574 872
575 175
575 576
576 584
577 578
577 901
578 534
579 580
579 783
580 1256
581 582
581 1289
582 396
583 567
583 584
584 90
585 126
585 586
586 898
587 115
587 588
588 674
589 141
589 590
590 591
591 592
591 1253
592 1298
593 594
593 977
594 1224
595 596
595 962
596 180
597 277
597 598
598 896
599 600
599 1009
600 1122
601 602
601 1258
602 316
603 423
603 604
604 176
605 340
605 606
606 976
607 608
607 1185
608 202
609 610
609 911
610 110
611 612
611 861
612 1368
613 614
613 1069
614 620
615 616
615 1391
616 1173
617 9
617 618
618 1381
619 440
619 620
620 1126
621 92
621 622
622 406
623 438
623 624
624 607
625 351
625 626
626 43
627 628
627 682
628 887
629 630
629 1361
630 483
631 632
631 1354
632 158
633 634
633 1315
634 402
635 636
635 753
636 518
637 638
637 970
638 1208
639 640
639 1278
640 492
641 410
641 642
642 595
643 237
643 644
644 2
645 646
645 869
646 1238
647 348
647 648
648 1062
649 650
649 724
650 309
651 652
651 1128
652 777
653 654
653 666
654 524
655 48
655 656
656 419
657 658
657 999
658 1264
659 660
659 853
660 54
661 59
661 662
662 1112
663 664
663 705
664 350
665 666
665 725
666 881
667 233
667 668
668 862
669 670
669 1059
670 1197
671 672
671 680
672 646
673 665
673 674
674 1303
675 676
675 1316
676 119
677 169
677 678
678 1242
679 145
679 680
680 1196
681 682
681 1257
682 36
683 684
683 1127
684 27
685 355
685 686
686 230
687 688
687 932
688 1392
689 139
689 690
690 182
691 533
691 692
692 914
693 270
693 694
694 842
695 245
695 696
696 1160
697 187
697 698
698 93
699 328
699 700
700 1284
701 241
701 702
702 778
703 295
703 704
704 1276
705 706
705 927
706 1172
707 703
707 708
708 1161
709 710
709 1233
710 289
711 500
711 712
712 96
713 339
713 714
714 39
715 716
715 1205
716 635
717 323
717 718
718 906
719 199
719 720
720 1081
721 35
721 722
722 917
723 724
723 1267
724 447
725 726
725 1171
726 231
727 510
727 728
728 226
729 377
729 730
730 575
731 123
731 732
732 442
733 734
733 995
734 1144
735 525
735 736
736 1080
737 358
737 738
738 825
739 347
739 740
740 655
741 432
741 742
742 545
743 23
743 744
744 254
745 353
745 746
746 462
747 6
747 748
748 788
749 750
749 795
750 846
751 121
751 752
752 677
753 754
753 1322
754 40
755 357
755 756
756 1084
757 659
757 758
758 30
759 519
759 760
760 493
761 762
761 941
762 873
763 764
763 1083
764 762
765 766
765 983
766 1082
767 768
767 1349
768 76
769 568
769 770
770 1308
771 618
771 772
772 317
773 709
773 774
774 1113
775 701
775 776
776 984
777 556
777 778
778 1295
779 726
779 780
780 1338
781 782
781 1023
782 1125
783 784
783 876
784 1188
785 654
785 786
786 631
787 788
787 949
788 989
789 790
789 888
790 1348
791 792
791 1006
792 414
793 474
793 794
794 800
795 551
795 796
796 1325
797 770
797 798
798 744
799 800
799 1302
800 1402
801 802
801 1241
802 285
803 569
803 804
804 998
805 318
805 806
806 140
807 808
807 1177
808 832
809 509
809 810
810 617
811 619
811 812
812 1230
813 814
813 1105
814 356
815 816
815 1175
816 1234
817 498
817 818
818 463
819 820
819 1373
820 541
821 822
821 1110
822 280
823 253
823 824
824 769
825 5
825 826
826 992
827 262
827 828
828 1086
829 830
829 933
830 637
831 832
831 1407
832 394
833 834
833 942
834 1346
835 836
835 868
836 67
837 552
837 838
838 650
839 840
839 1247
840 71
841 343
841 842
842 614
843 773
843 844
844 819
845 846
845 1042
846 466
847 848
847 889
848 1340
849 188
849 850
850 542
851 136
851 852
852 585
853 104
853 854
854 688
855 624
855 856
856 1051
857 785
857 858
858 1414
859 681
859 860
860 6
861 741
861 862
862 428
863 443
863 864
864 822
865 57
865 866
866 748
867 868
867 1215
868 397
869 870
869 1393
870 1054
871 872
871 924
872 765
873 62
873 874
874 806
875 633
875 876
876 752
877 878
877 1248
878 1294
879 523
879 880
880 1078
881 882
881 1227
882 1363
883 12
883 884
884 452
885 886
885 973
886 1310
887 888
887 1141
888 950
889 673
889 890
890 1108
891 562
891 892
892 711
893 894
893 1343
894 558
895 896
895 1056
896 747
897 844
897 898
898 904
899 227
899 900
900 113
901 612
901 902
902 1136
903 904
903 1119
904 1168
905 906
905 953
906 1314
907 333
907 908
908 86
909 4
909 910
910 786
911 87
911 912
912 766
913 914
913 967
914 627
915 916
915 1111
916 379
917 918
917 1206
918 1192
919 621
919 920
920 1280
921 824
921 922
922 506
923 924
923 1273
924 599
925 926
925 945
926 555
927 135
927 928
928 643
929 930
929 1116
930 330
931 660
931 932
932 1133
933 183
933 934
934 138
935 771
935 936
936 1044
937 521
937 938
938 352
939 105
939 940
940 1240
941 776
941 942
942 28
943 496
943 944
944 166
945 883
945 946
946 817
947 181
947 948
948 64
949 950
949 1285
950 256
951 499
951 952
952 730
953 954
953 1371
954 789
955 544
955 956
956 345
957 422
957 958
958 1394
959 563
959 960
960 101
961 962
961 1319
962 520
963 49
963 964
964 550
965 966
965 1011
966 1030
967 529
967 968
968 828
969 691
969 970
970 645
971 900
971 972
972 578
973 590
973 974
974 19
975 625
975 976
976 215
977 472
977 978
978 1178
979 211
979 980
980 1190
981 287
981 982
982 792
983 837
983 984
984 33
985 986
985 1093
986 860
987 11
987 988
988 147
989 990
989 1370
990 37
991 368
991 992
992 1174
993 31
993 994
994 514
995 996
995 1121
996 1049
997 470
997 998
998 271
999 713
999 1000
1000 667
1001 1002
1001 1353
1002 784
1003 1004
1003 1109
1004 445
1005 398
1005 1006
1006 460
1007 400
1007 1008
1008 198
1009 1010
1009 1339
1010 1259
1011 1012
1011 1145
1012 1132
1013 1014
1013 1130
1014 988
1015 965
1015 1016
1016 1189
1017 931
1017 1018
1018 1232
1019 1020
1019 1098
1020 308
1021 415
1021 1022
1022 315
1023 723
1023 1024
1024 1118
1025 899
1025 1026
1026 174
1027 161
1027 1028
1028 1384
1029 710
1029 1030
1030 1120
1031 12
1031 1032
1032 814
1033 29
1033 1034
1034 282
1035 937
1035 1036
1036 1317
1037 1038
1037 1293
1038 1342
1039 547
1039 1040
1040 1214
1041 1042
1041 1261
1042 477
1043 697
1043 1044
1044 609
1045 687
1045 1046
1046 1124
1047 993
1047 1048
1048 1210
1049 1028
1049 1050
1050 938
1051 1052
1051 1067
1052 1200
1053 13
1053 1054
1054 108
1055 907
1055 1056
1056 894
1057 156
1057 1058
1058 128
1059 485
1059 1060
1060 652
1061 387
1061 1062
1062 163
1063 249
1063 1064
1064 247
1065 1066
1065 1211
1066 186
1067 909
1067 1068
1068 383
1069 1033
1069 1070
1070 32
1071 1072
1071 1162
1072 7
1073 597
1073 1074
1074 720
1075 689
1075 1076
1076 528
1077 969
1077 1078
1078 1024
1079 436
1079 1080
1080 1166
1081 952
1081 1082
1082 336
1083 929
1083 1084
1084 204
1085 956
1085 1086
1086 310
1087 763
1087 1088
1088 583
1089 954
1089 1090
1090 99
1091 291
1091 1092
1092 426
1093 449
1093 1094
1094 834
1095 794
1095 1096
1096 376
1097 85
1097 1098
1098 602
1099 1100
1099 1201
1100 1223
1101 130
1101 1102
1102 430
1103 803
1103 1104
1104 327
1105 1106
1105 1403
1106 218
1107 434
1107 1108
1108 21
1109 1110
1109 1297
1110 629
1111 801
1111 1112
1112 1191
1113 1017
1113 1114
1114 1351
1115 919
1115 1116
1116 802
1117 848
1117 1118
1118 1092
1119 560
1119 1120
1120 1304
1121 274
1121 1122
1122 515
1123 1124
1123 1374
1124 797
1125 150
1125 1126
1126 1102
1127 393
1127 1128
1128 737
1129 1061
1129 1130
1130 1199
1131 1029
1131 1132
1132 491
1133 286
1133 1134
1134 1164
1135 839
1135 1136
1136 502
1137 283
1137 1138
1138 94
1139 1140
1139 1389
1140 733
1141 1142
1141 1359
1142 893
1143 450
1143 1144
1144 480
1145 581
1145 1146
1146 272
1147 80
1147 1148
1148 672
1149 189
1149 1150
1150 754
1151 300
1151 1152
1152 257
1153 386
1153 1154
1154 694
1155 495
1155 1156
1156 1117
1157 1075
1157 1158
1158 791
1159 1003
1159 1160
1160 866
1161 811
1161 1162
1162 854
1163 418
1163 1164
1164 508
1165 81
1165 1166
1166 51
1167 370
1167 1168
1168 122
1169 963
1169 1170
1170 1071
1171 299
1171 1172
1172 605
1173 374
1173 1174
1174 380
1175 719
1175 1176
1176 994
1177 1137
1177 1178
1178 185
1179 847
1179 1180
1180 656
1181 420
1181 1182
1182 796
1183 390
1183 1184
1184 284
1185 727
1185 1186
1186 1290
1187 572
1187 1188
1188 696
1189 526
1189 1190
1190 83
1191 1043
1191 1192
1192 1360
1193 172
1193 1194
1194 129
1195 424
1195 1196
1196 1408
1197 959
1197 1198
1198 240
1199 615
1199 1200
1200 1411
1201 1039
1201 1202
1202 364
1203 107
1203 1204
1204 478
1205 399
1205 1206
1206 456
1207 841
1207 1208
1208 214
1209 167
1209 1210
1210 5
1211 427
1211 1212
1212 940
1213 1203
1213 1214
1214 1094
1215 505
1215 1216
1216 1260
1217 219
1217 1218
1218 1139
1219 192
1219 1220
1220 1347
1221 1055
1221 1222
1222 1207
1223 630
1223 1224
1224 72
1225 395
1225 1226
1226 712
1227 365
1227 1228
1228 1096
1229 152
1229 1230
1230 1040
1231 416
1231 1232
1232 736
1233 45
1233 1234
1234 718
1235 1225
1235 1236
1236 306
1237 481
1237 1238
1238 118
1239 77
1239 1240
1240 278
1241 25
1241 1242
1242 125
1243 401
1243 1244
1244 1220
1245 833
1245 1246
1246 634
1247 1217
1247 1248
1248 1216
1249 1005
1249 1250
1250 852
1251 11
1251 1252
1252 1002
1253 184
1253 1254
1254 482
1255 1256
1255 1357
1256 880
1257 603
1257 1258
1258 649
1259 1260
1259 1413
1260 764
1261 601
1261 1262
1262 816
1263 925
1263 1264
1264 1182
1265 698
1265 1266
1266 213
1267 571
1267 1268
1268 856
1269 1270
1269 1409
1270 1380
1271 1016
1271 1272
1272 761
1273 193
1273 1274
1274 1089
1275 875
1275 1276
1276 1266
1277 531
1277 1278
1278 779
1279 1269
1279 1280
1280 1004
1281 1282
1281 1288
1282 836
1283 425
1283 1284
1284 337
1285 409
1285 1286
1286 1053
1287 1179
1287 1288
1288 153
1289 1290
1289 1341
1290 157
1291 895
1291 1292
1292 208
1293 512
1293 1294
1294 798
1295 1296
1295 1412
1296 1076
1297 1107
1297 1298
1298 34
1299 714
1299 1300
1300 389
1301 1302
1301 1405
1302 735
1303 594
1303 1304
1304 600
1305 281
1305 1306
1306 1032
1307 1064
1307 1308
1308 1252
1309 1165
1309 1310
1310 1344
1311 195
1311 1312
1312 1170
1313 553
1313 1314
1314 1026
1315 431
1315 1316
1316 1070
1317 1218
1317 1318
1318 362
1319 191
1319 1320
1320 1158
1321 913
1321 1322
1322 982
1323 1194
1323 1324
1324 458
1325 131
1325 1326
1326 75
1327 242
1327 1328
1328 827
1329 292
1329 1330
1330 1213
1331 207
1331 1332
1332 532
1333 707
1333 1334
1334 41
1335 149
1335 1336
1336 1057
1337 391
1337 1338
1338 216
1339 587
1339 1340
1340 855
1341 865
1341 1342
1342 46
1343 934
1343 1344
1344 818
1345 303
1345 1346
1346 902
1347 565
1347 1348
1348 16
1349 749
1349 1350
1350 212
1351 760
1351 1352
1352 88
1353 975
1353 1354
1354 403
1355 313
1355 1356
1356 252
1357 721
1357 1358
1358 1195
1359 758
1359 1360
1360 1388
1361 745
1361 1362
1362 100
1363 319
1363 1364
1364 826
1365 708
1365 1366
1366 522
1367 740
1367 1368
1368 728
1369 1370
1369 1386
1370 206
1371 53
1371 1372
1372 15
1373 1063
1373 1374
1374 882
1375 830
1375 1376
1376 324
1377 58
1377 1378
1378 702
1379 809
1379 1380
1380 95
1381 159
1381 1382
1382 1019
1383 194
1383 1384
1384 468
1385 260
1385 1386
1386 557
1387 314
1387 1388
1388 874
1389 857
1389 1390
1390 220
1391 1239
1391 1392
1392 930
1393 580
1393 1394
1394 548
1395 236
1395 1396
1396 334
1397 897
1397 1398
1398 903
1399 363
1399 1400
1400 864
1401 489
1401 1402
1402 1008
1403 359
1403 1404
1404 1036
1405 1235
1405 1406
1406 1306
1407 507
1407 1408
1408 165
1409 143
1409 1410
1410 196
1411 1037
1411 1412
1412 412
1413 767
1413 1414
1414 884
