0 177
0 693
2 803
2 861
3 595
3 1359
4 75
4 817
6 1219
5 455
7 303
7 763
9 366
8 349
8 1127
10 1260
13 698
13 813
15 750
15 1196
17 101
17 999
19 599
19 651
21 863
21 1206
23 24
23 759
24 964
25 26
25 1299
26 1222
27 28
27 1050
28 490
29 30
29 323
30 548
31 32
31 871
32 692
33 34
33 287
34 715
35 36
35 91
36 106
37 38
37 1072
38 545
39 40
39 872
40 1342
41 42
41 503
42 328
43 35
43 44
44 493
45 46
45 263
46 541
47 48
47 360
48 990
49 50
49 717
50 285
51 52
51 878
52 299
53 54
53 219
54 884
55 56
55 983
56 1352
57 58
57 339
58 1070
59 60
59 609
60 346
61 62
61 993
62 1209
63 64
63 573
64 36
65 66
65 527
66 1164
67 68
67 94
68 306
69 70
69 605
70 1013
71 72
71 857
72 148
73 74
73 401
74 1184
75 76
75 741
76 195
77 78
77 105
78 1083
79 80
79 416
80 636
81 82
81 367
82 380
83 84
83 302
84 1319
85 86
85 119
86 673
87 88
87 231
88 430
89 90
89 1197
90 122
91 89
91 92
92 272
93 63
93 94
94 1154
95 96
95 1265
96 924
97 98
97 591
98 791
99 27
99 100
100 1376
101 102
101 112
102 1003
103 104
103 1106
104 909
105 106
105 1400
106 1293
107 108
107 351
108 721
109 110
109 258
110 1076
111 112
111 1147
112 282
113 114
113 657
114 40
115 116
115 859
116 1351
117 118
117 403
118 438
119 120
119 855
120 132
121 122
121 296
122 826
123 95
123 124
124 444
125 126
125 606
126 270
127 128
127 283
128 761
129 130
129 155
130 225
131 132
131 1289
132 1189
133 134
133 883
134 699
135 136
135 1159
136 654
137 138
137 301
138 447
139 140
139 371
140 1042
141 142
141 806
142 962
143 144
143 528
144 708
145 146
145 675
146 208
147 148
147 505
148 981
149 81
149 150
150 422
151 152
151 916
152 68
153 154
153 335
154 1054
155 156
155 415
156 1229
157 158
157 175
158 740
159 160
159 293
160 1045
161 162
161 248
162 28
163 164
163 663
164 330
165 166
165 571
166 934
167 168
167 171
168 1010
169 170
169 417
170 109
171 172
171 1326
172 984
173 174
173 667
174 578
175 176
175 317
176 181
177 178
177 1047
178 448
179 180
179 618
180 1204
181 182
181 643
182 988
183 184
183 1357
184 728
185 186
185 288
186 848
187 188
187 888
188 196
189 190
189 256
190 946
191 192
191 327
192 1341
193 78
193 194
194 1278
195 196
195 510
196 1056
197 198
197 262
198 1311
199 200
199 1104
200 79
201 19
201 202
202 762
203 204
203 895
204 1028
205 206
205 1195
206 37
207 10
207 208
208 511
209 210
209 1041
210 1392
211 212
211 1247
212 1298
213 203
213 214
214 409
215 216
215 250
216 1395
217 218
217 1152
218 1114
219 220
219 1272
220 495
221 222
221 781
222 977
223 224
223 1386
224 429
225 226
225 622
226 932
227 228
227 799
228 532
229 230
229 829
230 764
231 232
231 1236
232 697
233 234
233 818
234 1413
235 115
235 236
236 1411
237 159
237 238
238 538
239 240
239 1093
240 780
241 242
241 899
242 499
243 244
243 1071
244 24
245 246
245 1301
246 739
247 248
247 1369
248 23
249 250
249 696
250 1119
251 252
251 1266
252 1366
253 254
253 1241
254 928
255 256
255 461
256 147
257 258
257 397
258 53
259 260
259 295
260 156
261 87
261 262
262 1358
263 264
263 903
264 678
265 266
265 701
266 414
267 268
267 342
268 536
269 270
269 592
270 1268
271 272
271 392
272 1287
273 274
273 466
274 382
275 276
275 1401
276 487
277 278
277 665
278 868
279 280
279 633
280 284
281 282
281 881
282 1163
283 284
283 1405
284 126
285 286
285 450
286 480
287 288
287 353
288 1190
289 290
289 1084
290 322
291 127
291 292
292 226
293 294
293 1381
294 193
295 296
295 1331
296 425
297 298
297 1234
298 898
299 273
299 300
300 244
301 169
301 302
302 1182
303 304
303 1107
304 90
305 202
305 306
306 1140
307 158
307 308
308 286
309 310
309 709
310 656
311 312
311 797
312 838
313 314
313 1371
314 381
315 316
315 421
316 713
317 318
317 589
318 1
319 320
319 501
320 1377
321 322
321 882
322 1096
323 222
323 324
324 280
325 326
325 986
326 1314
327 131
327 328
328 268
329 121
329 330
330 410
331 332
331 1349
332 239
333 334
333 1353
334 1216
335 336
335 337
336 146
337 55
337 338
338 180
339 340
339 412
340 1343
341 314
341 342
342 64
343 224
343 344
344 348
345 346
345 1026
346 794
347 348
347 837
348 474
349 84
349 350
350 26
351 352
351 905
352 1277
353 354
353 765
354 1402
355 356
355 1183
356 51
357 358
357 1375
358 852
359 360
359 974
360 1192
361 362
361 1399
362 847
363 161
363 364
364 808
365 366
365 508
366 1248
367 237
367 368
368 552
369 370
369 1040
370 220
371 372
371 830
372 336
373 125
373 374
374 704
375 29
375 376
376 1308
377 378
377 590
378 630
379 380
379 1225
380 1020
381 93
381 382
382 271
383 384
383 727
384 790
385 386
385 949
386 1390
387 388
387 1297
388 150
389 390
389 1223
390 186
391 116
391 392
392 1246
393 394
393 1327
394 136
395 396
395 681
396 470
397 398
397 810
398 1232
399 358
399 400
400 452
401 341
401 402
402 856
403 404
403 767
404 660
405 406
405 522
406 1048
407 408
407 598
408 922
409 410
409 1005
410 952
411 412
411 1350
412 111
413 77
413 414
414 459
415 416
415 539
416 130
417 3
417 418
418 1065
419 420
419 1016
420 1334
421 422
421 437
422 1242
423 424
423 1237
424 65
425 241
425 426
426 1345
427 275
427 428
428 550
429 430
429 906
430 602
431 432
431 1412
432 1398
433 434
433 1273
434 67
435 213
435 436
436 807
437 438
437 1251
438 869
439 319
439 440
440 965
441 442
441 819
442 963
443 43
443 444
444 66
445 446
445 662
446 546
447 448
447 458
448 774
449 450
449 879
450 1175
451 452
451 1133
452 297
453 454
453 561
454 1087
455 6
455 456
456 1176
457 458
457 787
458 557
459 460
459 1137
460 712
461 462
461 1317
462 315
463 464
463 971
464 374
465 426
465 466
466 1116
467 468
467 1215
468 113
469 435
469 470
470 1339
471 472
471 689
472 49
473 474
473 1017
474 858
475 74
475 476
476 773
477 478
477 688
478 1180
479 480
479 1356
480 264
481 482
481 530
482 1378
483 484
483 644
484 756
485 486
485 1243
486 1315
487 118
487 488
488 627
489 490
489 996
490 187
491 139
491 492
492 217
493 326
493 494
494 162
495 496
495 785
496 144
497 498
497 942
498 854
499 500
499 1258
500 650
501 135
501 502
502 228
503 504
503 1018
504 1211
505 506
505 705
506 1388
507 508
507 1097
508 1145
509 325
509 510
510 333
511 496
511 512
512 1354
513 514
513 824
514 1270
515 160
515 516
516 316
517 518
517 926
518 816
519 520
519 1245
520 1360
521 522
521 1227
522 685
523 524
523 877
524 913
525 332
525 526
526 334
527 528
527 1105
528 1144
529 526
529 530
530 512
531 523
531 532
532 655
533 534
533 1340
534 120
535 536
535 568
536 483
537 538
537 955
538 995
539 497
539 540
540 517
541 365
541 542
542 344
543 199
543 544
544 16
545 546
545 1255
546 758
547 548
547 1410
548 292
549 550
549 968
550 600
551 552
551 695
552 1174
553 554
553 919
554 626
555 556
555 976
556 14
557 558
557 679
558 931
559 309
559 560
560 558
561 469
561 562
562 1373
563 564
563 782
564 102
565 123
565 566
566 1282
567 568
567 783
568 742
569 570
569 572
570 634
571 572
571 1151
572 1061
573 574
573 1361
574 1193
575 576
575 611
576 1310
577 578
577 1267
578 479
579 191
579 580
580 506
581 454
581 582
582 476
583 443
583 584
584 581
585 586
585 1014
586 998
587 261
587 588
588 82
589 355
589 590
590 6
591 291
591 592
592 778
593 145
593 594
594 866
595 596
595 796
596 1226
597 598
597 925
598 216
599 600
599 691
600 1394
601 602
601 1021
602 653
603 604
603 1261
604 1004
605 563
605 606
606 441
607 608
607 850
608 491
609 610
609 637
610 229
611 612
611 1385
612 212
613 259
613 614
614 1062
615 616
615 1109
616 200
617 618
617 1256
618 400
619 432
619 620
620 1409
621 520
621 622
622 307
623 624
623 647
624 874
625 215
625 626
626 9
627 628
627 1307
628 204
629 197
629 630
630 752
631 18
631 632
632 617
633 634
633 1233
634 700
635 183
635 636
636 269
637 638
637 1264
638 1374
639 640
639 960
640 887
641 205
641 642
642 811
643 644
643 1124
644 1214
645 646
645 917
646 76
647 577
647 648
648 1294
649 149
649 650
650 133
651 652
651 694
652 1244
653 276
653 654
654 1313
655 656
655 1134
656 1130
657 10
657 658
658 164
659 214
659 660
660 729
661 608
661 662
662 1279
663 664
663 947
664 45
665 666
665 1318
666 71
667 579
667 668
668 168
669 670
669 1142
670 399
671 515
671 672
672 128
673 25
673 674
674 707
675 343
675 676
676 978
677 678
677 1167
678 1128
679 680
679 1157
680 1051
681 682
681 1066
682 789
683 684
683 1271
684 1094
685 686
685 929
686 534
687 624
687 688
688 1332
689 690
689 1393
690 54
691 257
691 692
692 1138
693 387
693 694
694 1213
695 696
695 841
696 281
697 698
697 1362
698 556
699 700
699 1081
700 1112
701 702
701 1135
702 554
703 704
703 870
704 32
705 706
705 1406
706 682
707 274
707 708
708 484
709 710
709 1027
710 514
711 712
711 1368
712 1156
713 134
713 714
714 876
715 373
715 716
716 143
717 559
717 718
718 428
719 720
719 1396
720 1387
721 265
721 722
722 1169
723 724
723 901
724 110
725 117
725 726
726 245
727 157
727 728
728 828
729 730
729 1046
730 1224
731 153
731 732
732 1275
733 321
733 734
734 1337
735 642
735 736
736 815
737 44
737 738
738 958
739 676
739 740
740 254
741 742
741 885
742 723
743 744
743 937
744 1172
745 462
745 746
746 201
747 361
747 748
748 1160
749 456
749 750
750 1187
751 97
751 752
752 920
753 666
753 754
754 1102
755 756
755 1329
756 178
757 736
757 758
758 1191
759 760
759 1146
760 944
761 289
761 762
762 350
763 13
763 764
764 639
765 671
765 766
766 800
767 163
767 768
768 238
769 393
769 770
770 1228
771 615
771 772
772 596
773 774
773 1302
774 804
775 165
775 776
776 738
777 778
777 1335
778 468
779 405
779 780
780 188
781 782
781 1143
782 4
783 784
783 1057
784 246
785 786
785 1316
786 184
787 788
787 1295
788 1060
789 198
789 790
790 668
791 792
791 1165
792 1364
793 794
793 907
794 357
795 17
795 796
796 911
797 535
797 798
798 1088
799 439
799 800
800 260
801 802
801 1024
802 8
803 108
803 804
804 390
805 806
805 1231
806 9
807 808
807 1069
808 1012
809 525
809 810
810 141
811 73
811 812
812 230
813 814
813 1132
814 518
815 801
815 816
816 792
817 818
817 1161
818 607
819 151
819 820
820 788
821 822
821 839
822 1254
823 824
823 979
824 1379
825 364
825 826
826 207
827 828
827 1103
828 218
829 830
829 945
830 72
831 394
831 832
832 96
833 821
833 834
834 659
835 836
835 1052
836 1149
837 838
837 1321
838 48
839 840
839 849
840 46
841 137
841 842
842 775
843 129
843 844
844 60
845 809
845 846
846 586
847 848
847 1288
848 100
849 850
849 1049
850 743
851 460
851 852
852 912
853 854
853 1173
854 768
855 233
855 856
856 1078
857 858
857 1023
858 42
859 860
859 973
860 482
861 243
861 862
862 1129
863 98
863 864
864 389
865 722
865 866
866 703
867 868
867 1123
868 825
869 870
869 1006
870 1408
871 625
871 872
872 516
873 206
873 874
874 616
875 876
875 957
876 902
877 5
877 878
878 751
879 69
879 880
880 610
881 664
881 882
882 726
883 519
883 884
884 252
885 886
885 1099
886 772
887 888
887 1008
888 730
889 890
889 1286
890 1059
891 603
891 892
892 658
893 329
893 894
894 1296
895 896
895 1363
896 543
897 898
897 1002
898 240
899 900
899 1011
900 384
901 593
901 902
902 754
903 411
903 904
904 34
905 138
905 906
906 320
907 747
907 908
908 189
909 718
909 910
910 1322
911 912
911 1263
912 114
913 914
913 1194
914 710
915 916
915 943
916 635
917 918
917 1037
918 1220
919 845
919 920
920 892
921 472
921 922
922 1000
923 924
923 1403
924 312
925 601
925 926
926 834
927 735
927 928
928 1073
929 862
929 930
930 822
931 932
931 1240
932 478
933 934
933 1179
934 402
935 936
935 1303
936 1238
937 345
937 938
938 1178
939 940
939 1397
940 982
941 777
941 942
942 223
943 944
943 1323
944 1304
945 946
945 1328
946 1067
947 948
947 1186
948 972
949 950
949 1063
950 489
951 540
951 952
952 194
953 537
953 954
954 434
955 956
955 1330
956 174
957 475
957 958
958 897
959 294
959 960
960 278
961 724
961 962
962 338
963 103
963 964
964 923
965 959
965 966
966 1098
967 594
967 968
968 997
969 457
969 970
970 318
971 442
971 972
972 1150
973 575
973 974
974 247
975 255
975 976
976 47
977 567
977 978
978 652
979 249
979 980
980 234
981 266
981 982
982 706
983 376
983 984
984 1380
985 551
985 986
986 465
987 988
987 1038
988 1086
989 7
989 990
990 1064
991 992
991 1198
992 1188
993 994
993 1055
994 1370
995 52
995 996
996 1208
997 998
997 1162
998 172
999 154
999 1000
1000 687
1001 1002
1001 1007
1002 1120
1003 359
1003 1004
1004 646
1005 391
1005 1006
1006 582
1007 940
1007 1008
1008 1290
1009 235
1009 1010
1010 1382
1011 889
1011 1012
1012 1207
1013 886
1013 1014
1014 420
1015 1016
1015 1115
1016 649
1017 388
1017 1018
1018 648
1019 564
1019 1020
1020 1200
1021 833
1021 1022
1022 340
1023 844
1023 1024
1024 185
1025 583
1025 1026
1026 1218
1027 354
1027 1028
1028 398
1029 1030
1029 1383
1030 628
1031 769
1031 1032
1032 1158
1033 842
1033 1034
1034 1203
1035 61
1035 1036
1036 631
1037 562
1037 1038
1038 890
1039 733
1039 1040
1040 1280
1041 436
1041 1042
1042 612
1043 645
1043 1044
1044 860
1045 356
1045 1046
1046 748
1047 1048
1047 1181
1048 408
1049 419
1049 1050
1050 290
1051 1052
1051 1346
1052 757
1053 985
1053 1054
1054 1131
1055 1056
1055 1249
1056 1252
1057 383
1057 1058
1058 961
1059 904
1059 1060
1060 300
1061 1062
1061 1347
1062 140
1063 584
1063 1064
1064 30
1065 1066
1065 1355
1066 488
1067 1068
1067 1336
1068 900
1069 451
1069 1070
1070 236
1071 875
1071 1072
1072 1090
1073 555
1073 1074
1074 378
1075 1076
1075 1325
1076 547
1077 1078
1077 1217
1078 62
1079 31
1079 1080
1080 798
1081 50
1081 1082
1082 737
1083 731
1083 1084
1084 56
1085 1086
1085 1404
1086 1284
1087 951
1087 1088
1088 1001
1089 893
1089 1090
1090 619
1091 2
1091 1092
1092 70
1093 423
1093 1094
1094 1250
1095 956
1095 1096
1096 702
1097 500
1097 1098
1098 104
1099 379
1099 1100
1100 395
1101 1102
1101 1414
1102 494
1103 1104
1103 1118
1104 672
1105 746
1105 1106
1106 279
1107 953
1107 1108
1108 1312
1109 1110
1109 1333
1110 524
1111 597
1111 1112
1112 182
1113 251
1113 1114
1114 570
1115 331
1115 1116
1116 1221
1117 507
1117 1118
1118 324
1119 385
1119 1120
1120 846
1121 1122
1121 1367
1122 604
1123 1124
1123 1365
1124 1074
1125 1122
1125 1126
1126 124
1127 362
1127 1128
1128 814
1129 987
1129 1130
1130 994
1131 1036
1131 1132
1132 513
1133 377
1133 1134
1134 433
1135 253
1135 1136
1136 310
1137 1138
1137 1389
1138 714
1139 485
1139 1140
1140 372
1141 363
1141 1142
1142 1032
1143 969
1143 1144
1144 585
1145 533
1145 1146
1146 473
1147 311
1147 1148
1148 492
1149 1150
1149 1306
1150 832
1151 59
1151 1152
1152 86
1153 352
1153 1154
1154 12
1155 661
1155 1156
1156 621
1157 587
1157 1158
1158 1205
1159 1031
1159 1160
1160 744
1161 107
1161 1162
1162 1168
1163 933
1163 1164
1164 11
1165 1139
1165 1166
1166 580
1167 732
1167 1168
1168 22
1169 674
1169 1170
1170 802
1171 166
1171 1172
1172 477
1173 521
1173 1174
1174 831
1175 1176
1175 1384
1176 938
1177 812
1177 1178
1178 1082
1179 966
1179 1180
1180 770
1181 891
1181 1182
1182 209
1183 641
1183 1184
1184 915
1185 755
1185 1186
1186 85
1187 566
1187 1188
1188 20
1189 190
1189 1190
1190 836
1191 1192
1191 1309
1192 1230
1193 486
1193 1194
1194 954
1195 531
1195 1196
1196 576
1197 894
1197 1198
1198 614
1199 720
1199 1200
1200 440
1201 569
1201 1202
1202 211
1203 935
1203 1204
1204 1126
1205 471
1205 1206
1206 549
1207 686
1207 1208
1208 80
1209 896
1209 1210
1210 670
1211 304
1211 1212
1212 1300
1213 784
1213 1214
1214 936
1215 1202
1215 1216
1216 542
1217 1015
1217 1218
1218 242
1219 623
1219 1220
1220 1117
1221 1148
1221 1222
1222 1022
1223 58
1223 1224
1224 1044
1225 1025
1225 1226
1226 779
1227 795
1227 1228
1228 179
1229 776
1229 1230
1230 467
1231 92
1231 1232
1232 684
1233 431
1233 1234
1234 142
1235 277
1235 1236
1236 1372
1237 1019
1237 1238
1238 152
1239 375
1239 1240
1240 574
1241 413
1241 1242
1242 680
1243 1141
1243 1244
1244 396
1245 1246
1245 1262
1246 835
1247 820
1247 1248
1248 305
1249 1111
1249 1250
1250 308
1251 502
1251 1252
1252 991
1253 57
1253 1254
1254 1068
1255 629
1255 1256
1256 921
1257 1009
1257 1258
1258 1033
1259 690
1259 1260
1260 404
1261 613
1261 1262
1262 1079
1263 221
1263 1264
1264 1121
1265 918
1265 1266
1266 908
1267 843
1267 1268
1268 1085
1269 368
1269 1270
1270 15
1271 565
1271 1272
1272 753
1273 1039
1273 1274
1274 1292
1275 989
1275 1276
1276 1108
1277 640
1277 1278
1278 1276
1279 1177
1279 1280
1280 1136
1281 1034
1281 1282
1282 1212
1283 1284
1283 1407
1284 1344
1285 853
1285 1286
1286 1075
1287 851
1287 1288
1288 406
1289 867
1289 1290
1290 446
1291 1170
1291 1292
1292 992
1293 669
1293 1294
1294 1269
1295 975
1295 1296
1296 1185
1297 1298
1297 1305
1298 1274
1299 210
1299 1300
1300 1210
1301 33
1301 1302
1302 1113
1303 553
1303 1304
1304 711
1305 427
1305 1306
1306 463
1307 21
1307 1308
1308 170
1309 1101
1309 1310
1310 232
1311 39
1311 1312
1312 967
1313 677
1313 1314
1314 1095
1315 716
1315 1316
1316 176
1317 227
1317 1318
1318 509
1319 369
1319 1320
1320 464
1321 864
1321 1322
1322 827
1323 1253
1323 1324
1324 588
1325 453
1325 1326
1326 734
1327 939
1327 1328
1328 941
1329 1257
1329 1330
1330 632
1331 1077
1331 1332
1332 620
1333 167
1333 1334
1334 504
1335 1239
1335 1336
1336 192
1337 840
1337 1338
1338 1080
1339 267
1339 1340
1340 38
1341 1342
1341 1391
1342 370
1343 1125
1343 1344
1344 529
1345 725
1345 1346
1346 1092
1347 683
1347 1348
1348 771
1349 1035
1349 1350
1350 418
1351 1281
1351 1352
1352 914
1353 1030
1353 1354
1354 1058
1355 745
1355 1356
1356 1259
1357 424
1357 1358
1358 1283
1359 83
1359 1360
1360 1171
1361 793
1361 1362
1362 544
1363 1053
1363 1364
1364 930
1365 1199
1365 1366
1366 1166
1367 1029
1367 1368
1368 41
1369 407
1369 1370
1370 1153
1371 1089
1371 1372
1372 5
1373 880
1373 1374
1374 948
1375 347
1375 1376
1376 481
1377 1201
1377 1378
1378 638
1379 950
1379 1380
1380 970
1381 313
1381 1382
1382 786
1383 1043
1383 1384
1384 445
1385 1235
1385 1386
1386 823
1387 1348
1387 1388
1388 560
1389 760
1389 1390
1390 1291
1391 498
1391 1392
1392 865
1393 873
1393 1394
1394 766
1395 719
1395 1396
1396 88
1397 449
1397 1398
1398 298
1399 1091
1399 1400
1400 173
1401 1285
1401 1402
1402 1338
1403 749
1403 1404
1404 1110
1405 927
1405 1406
1406 1100
1407 1324
1407 1408
1408 99
1409 910
1409 1410
1410 1320
1411 1155
1411 1412
1412 980
1413 386
1413 1414
1414 805
