0 1033
0 1402
3 765
3 1151
4 827
4 1147
6 1119
5 1089
7 149
7 890
8 11
8 1316
10 613
9 10
11 568
11 1228
13 539
13 1317
15 372
15 701
17 769
17 1085
19 65
19 617
21 61
21 143
23 24
23 1325
24 306
25 26
25 234
26 628
27 28
27 733
28 254
29 30
29 70
30 1103
31 32
31 1399
32 55
33 34
33 744
34 1212
35 36
35 1121
36 74
37 38
37 371
38 195
39 40
39 226
40 559
41 42
41 209
42 28
43 44
43 377
44 831
45 46
45 359
46 1279
47 48
47 1344
48 1091
49 50
49 1200
50 671
51 52
51 895
52 1066
53 54
53 573
54 329
55 56
55 881
56 612
57 58
57 714
58 274
59 60
59 1321
60 1323
61 62
61 335
62 502
63 64
63 1373
64 960
65 66
65 1271
66 970
67 68
67 1041
68 604
69 70
69 724
70 720
71 72
71 478
72 993
73 74
73 887
74 280
75 76
75 330
76 978
77 78
77 779
78 62
79 80
79 517
80 1217
81 82
81 1398
82 238
83 84
83 705
84 501
85 86
85 1293
86 385
87 88
87 1071
88 1027
89 90
89 894
90 344
91 92
91 1143
92 962
93 94
93 883
94 514
95 96
95 277
96 715
97 98
97 525
98 133
99 100
99 452
100 1401
101 102
101 1277
102 1130
103 104
103 1021
104 821
105 106
105 1371
106 219
107 108
107 326
108 1012
109 110
109 1280
110 560
111 112
111 598
112 1040
113 114
113 476
114 58
115 116
115 392
116 176
117 118
117 896
118 134
119 120
119 395
120 257
121 122
121 1267
122 1132
123 124
123 136
124 975
125 126
125 935
126 788
127 128
127 971
128 353
129 130
129 777
130 1100
131 115
131 132
132 190
133 134
133 567
134 1184
135 9
135 136
136 1312
137 138
137 1199
138 844
139 140
139 721
140 1107
141 142
141 156
142 1164
143 144
143 977
144 276
145 146
145 619
146 1020
147 26
147 148
148 346
149 150
149 475
150 980
151 152
151 819
152 1128
153 154
153 196
154 984
155 156
155 679
156 1213
157 158
157 1223
158 1260
159 160
159 530
160 660
161 162
161 820
162 793
163 164
163 1108
164 516
165 166
165 275
166 702
167 168
167 1376
168 100
169 170
169 1018
170 400
171 172
171 233
172 54
173 174
173 491
174 76
175 176
175 404
176 742
177 178
177 904
178 1400
179 180
179 413
180 39
181 182
181 290
182 259
183 184
183 609
184 882
185 186
185 791
186 711
187 188
187 1048
188 718
189 47
189 190
190 842
191 192
191 938
192 1006
193 194
193 1052
194 1086
195 196
195 407
196 1127
197 198
197 322
198 1183
199 200
199 1336
200 161
201 85
201 202
202 1155
203 204
203 314
204 191
205 17
205 206
206 163
207 208
207 717
208 202
209 210
209 910
210 564
211 212
211 1036
212 352
213 214
213 422
214 870
215 216
215 627
216 1299
217 218
217 333
218 356
219 220
219 1179
220 1253
221 168
221 222
222 951
223 224
223 859
224 426
225 226
225 486
226 692
227 228
227 1059
228 1037
229 230
229 1369
230 920
231 215
231 232
232 781
233 234
233 1263
234 712
235 236
235 1126
236 192
237 9
237 238
238 434
239 240
239 387
240 601
241 242
241 1314
242 973
243 244
243 687
244 866
245 246
245 719
246 1172
247 248
247 678
248 1372
249 250
249 1171
250 787
251 252
251 495
252 351
253 254
253 1258
254 108
255 256
255 261
256 362
257 216
257 258
258 1218
259 260
259 324
260 690
261 262
261 811
262 445
263 264
263 1397
264 396
265 266
265 891
266 438
267 268
267 1019
268 301
269 270
269 1074
270 436
271 272
271 1356
272 556
273 274
273 684
274 1058
275 276
275 658
276 142
277 278
277 1096
278 197
279 280
279 1292
280 173
281 282
281 1337
282 558
283 284
283 845
284 582
285 157
285 286
286 64
287 5
287 288
288 220
289 21
289 290
290 1352
291 292
291 569
292 421
293 294
293 1168
294 410
295 243
295 296
296 758
297 180
297 298
298 1334
299 300
299 946
300 774
301 302
301 1190
302 576
303 200
303 304
304 615
305 306
305 1347
306 804
307 300
307 308
308 135
309 310
309 669
310 611
311 312
311 941
312 737
313 314
313 1196
314 1349
315 316
315 1022
316 1124
317 59
317 318
318 131
319 320
319 768
320 84
321 322
321 521
322 869
323 201
323 324
324 273
325 304
325 326
326 728
327 328
327 509
328 1333
329 330
329 1306
330 605
331 332
331 885
332 572
333 7
333 334
334 1014
335 138
335 336
336 244
337 128
337 338
338 381
339 340
339 872
340 1134
341 13
341 342
342 256
343 344
343 1205
344 472
345 346
345 809
346 577
347 199
347 348
348 531
349 350
349 803
350 1009
351 352
351 778
352 512
353 354
353 554
354 416
355 356
355 968
356 550
357 358
357 1193
358 756
359 360
359 433
360 1259
361 362
361 1125
362 418
363 364
363 1056
364 20
365 366
365 1227
366 924
367 368
367 997
368 796
369 6
369 370
370 95
371 372
371 677
372 922
373 374
373 989
374 1141
375 258
375 376
376 1116
377 378
377 431
378 159
379 380
379 506
380 123
381 187
381 382
382 457
383 295
383 384
384 644
385 368
385 386
386 165
387 388
387 846
388 2
389 390
389 1034
390 762
391 392
391 1388
392 1286
393 394
393 759
394 111
395 396
395 981
396 1232
397 129
397 398
398 214
399 400
399 1175
400 1354
401 15
401 402
402 732
403 369
403 404
404 731
405 172
405 406
406 1030
407 408
407 483
408 384
409 29
409 410
410 144
411 315
411 412
412 534
413 414
413 857
414 954
415 416
415 1010
416 213
417 418
417 1255
418 1210
419 206
419 420
420 181
421 422
421 1392
422 288
423 424
423 585
424 106
425 426
425 770
426 998
427 394
427 428
428 299
429 430
429 667
430 281
431 432
431 933
432 994
433 434
433 729
434 1122
435 436
435 584
436 247
437 438
437 1135
438 1396
439 440
439 839
440 116
441 442
441 750
442 1098
443 444
443 1167
444 602
445 446
445 1404
446 868
447 448
447 913
448 284
449 450
449 740
450 23
451 452
451 775
452 357
453 454
453 990
454 1262
455 456
455 964
456 1094
457 458
457 879
458 851
459 460
459 1005
460 593
461 81
461 462
462 834
463 464
463 1287
464 50
465 443
465 466
466 12
467 468
467 959
468 540
469 73
469 470
470 651
471 472
471 571
472 995
473 327
473 474
474 691
475 476
475 1097
476 638
477 465
477 478
478 599
479 271
479 480
480 923
481 482
481 631
482 1362
483 484
483 900
484 264
485 486
485 535
486 1035
487 88
487 488
488 174
489 283
489 490
490 432
491 492
491 652
492 1076
493 494
493 926
494 1
495 167
495 496
496 966
497 498
497 581
498 46
499 419
499 500
500 847
501 502
501 527
502 1246
503 504
503 1413
504 1350
505 506
505 1403
506 716
507 508
507 510
508 1414
509 481
509 510
510 873
511 512
511 1050
512 1367
513 514
513 1318
514 269
515 516
515 1351
516 1407
517 518
517 1242
518 68
519 51
519 520
520 511
521 231
521 522
522 988
523 524
523 1192
524 109
525 526
525 1375
526 1303
527 307
527 528
528 680
529 530
529 905
530 454
531 373
531 532
532 1202
533 534
533 1343
534 1049
535 536
535 856
536 790
537 57
537 538
538 474
539 303
539 540
540 792
541 31
541 542
542 670
543 544
543 685
544 1029
545 473
545 546
546 153
547 548
547 841
548 1304
549 399
549 550
550 363
551 552
551 1180
552 282
553 217
553 554
554 797
555 287
555 556
556 1412
557 558
557 972
558 1380
559 560
559 1191
560 676
561 309
561 562
562 56
563 5
563 564
564 182
565 566
565 706
566 366
567 568
567 674
568 1229
569 570
569 1406
570 950
571 572
571 1315
572 1273
573 574
573 1110
574 458
575 576
575 1348
576 523
577 48
577 578
578 815
579 580
579 843
580 467
581 582
581 622
582 75
583 239
583 584
584 499
585 586
585 1361
586 1201
587 339
587 588
588 1408
589 590
589 1389
590 944
591 424
591 592
592 782
593 594
593 1339
594 78
595 596
595 864
596 405
597 598
597 1357
598 469
599 600
599 1241
600 1360
601 602
601 906
602 588
603 237
603 604
604 736
605 606
605 698
606 1284
607 608
607 1055
608 494
609 318
609 610
610 1024
611 246
611 612
612 456
613 614
613 1274
614 1353
615 38
615 616
616 942
617 179
617 618
618 752
619 620
619 673
620 188
621 622
621 867
622 25
623 624
623 1032
624 634
625 313
625 626
626 79
627 628
627 799
628 639
629 390
629 630
630 166
631 632
631 1225
632 590
633 110
633 634
634 828
635 8
635 636
636 278
637 542
637 638
638 1156
639 640
639 1042
640 1148
641 546
641 642
642 415
643 644
643 855
644 783
645 646
645 1083
646 358
647 253
647 648
648 1240
649 650
649 1311
650 734
651 425
651 652
652 334
653 408
653 654
654 114
655 656
655 1207
656 340
657 139
657 658
658 636
659 225
659 660
660 1346
661 171
661 662
662 675
663 641
663 664
664 1011
665 666
665 863
666 595
667 643
667 668
668 1140
669 670
669 974
670 1118
671 672
671 693
672 52
673 319
673 674
674 1365
675 541
675 676
676 1264
677 19
677 678
678 963
679 429
679 680
680 1254
681 682
681 1176
682 683
683 250
683 684
684 286
685 471
685 686
686 207
687 688
687 708
688 1382
689 690
689 1269
690 1230
691 241
691 692
692 204
693 645
693 694
694 1038
695 696
695 1166
696 178
697 698
697 835
698 1268
699 347
699 700
700 876
701 27
701 702
702 1366
703 292
703 704
704 132
705 706
705 1002
706 66
707 708
707 898
708 1285
709 513
709 710
710 33
711 141
711 712
712 1133
713 714
713 823
714 401
715 716
715 1153
716 985
717 561
717 718
718 1239
719 720
719 865
720 648
721 722
721 921
722 836
723 724
723 812
724 296
725 183
725 726
726 1307
727 328
727 728
728 786
729 730
729 1095
730 462
731 536
731 732
732 1102
733 632
733 734
734 460
735 430
735 736
736 806
737 379
737 738
738 354
739 740
739 853
740 936
741 742
741 1069
742 832
743 555
743 744
744 391
745 365
745 746
746 1278
747 43
747 748
748 1331
749 45
749 750
750 909
751 713
751 752
752 1043
753 754
753 871
754 1007
755 756
755 1025
756 69
757 662
757 758
758 1358
759 657
759 760
760 949
761 762
761 1047
762 700
763 761
763 764
764 439
765 766
765 1335
766 1234
767 553
767 768
768 1182
769 770
769 795
770 1410
771 772
771 1204
772 1067
773 774
773 939
774 754
775 776
775 1305
776 1111
777 6
777 778
778 624
779 709
779 780
780 1003
781 782
781 1165
782 927
783 784
783 810
784 1320
785 703
785 786
786 623
787 222
787 788
788 208
789 790
789 1117
790 1158
791 122
791 792
792 1252
793 794
793 1104
794 1206
795 796
795 1013
796 228
797 101
797 798
798 766
799 579
799 800
800 120
801 441
801 802
802 650
803 545
803 804
804 252
805 806
805 1051
806 892
807 236
807 808
808 1326
809 810
809 1244
810 848
811 489
811 812
812 1081
813 586
813 814
814 245
815 816
815 1149
816 42
817 748
817 818
818 124
819 820
819 1215
820 739
821 112
821 822
822 77
823 824
823 945
824 813
825 345
825 826
826 794
827 828
827 969
828 850
829 37
829 830
830 551
831 175
831 832
832 646
833 633
833 834
834 608
835 186
835 836
836 616
837 198
837 838
838 976
839 117
839 840
840 580
841 655
841 842
842 118
843 543
843 844
844 771
845 760
845 846
846 105
847 235
847 848
848 808
849 162
849 850
850 902
851 470
851 852
852 487
853 337
853 854
854 710
855 856
855 1355
856 121
857 485
857 858
858 130
859 824
859 860
860 480
861 862
861 914
862 1332
863 864
863 1393
864 1198
865 866
865 1345
866 918
867 868
867 886
868 342
869 870
869 1330
870 1224
871 872
871 937
872 957
873 874
873 1379
874 298
875 533
875 876
876 1115
877 878
877 1295
878 552
879 880
879 1197
880 738
881 826
881 882
882 270
883 403
883 884
884 1073
885 745
885 886
886 323
887 888
887 991
888 861
889 890
889 1272
890 119
891 341
891 892
892 1265
893 894
893 1070
894 497
895 570
895 896
896 538
897 83
897 898
898 1319
899 649
899 900
900 1256
901 902
901 928
902 784
903 355
903 904
904 1028
905 409
905 906
906 267
907 908
907 1137
908 654
909 311
909 910
910 903
911 505
911 912
912 1185
913 914
913 1405
914 1057
915 35
915 916
916 102
917 449
917 918
918 1308
919 877
919 920
920 992
921 922
921 953
922 1152
923 146
923 924
924 653
925 926
925 1231
926 802
927 94
927 928
928 1216
929 596
929 930
930 986
931 145
931 932
932 940
933 749
933 934
934 606
935 936
935 1233
936 177
937 151
937 938
938 1250
939 361
939 940
940 272
941 30
941 942
942 833
943 583
943 944
944 170
945 127
945 946
946 137
947 948
947 1109
948 943
949 950
949 1087
950 1163
951 952
951 1276
952 664
953 423
953 954
954 1194
955 291
955 956
956 1016
957 958
957 1374
958 952
959 164
959 960
960 548
961 962
961 1296
962 260
963 901
963 964
964 862
965 370
965 966
966 880
967 493
967 968
968 1327
969 451
969 970
970 242
971 97
971 972
972 1072
973 10
973 974
974 1328
975 976
975 1187
976 212
977 32
977 978
978 34
979 614
979 980
980 1120
981 982
981 1243
982 1080
983 984
983 1131
984 230
985 986
985 1300
986 336
987 911
987 988
988 592
989 707
989 990
990 932
991 992
991 1219
992 640
993 86
993 994
994 629
995 383
995 996
996 18
997 998
997 1169
998 160
999 367
999 1000
1000 389
1001 1002
1001 1221
1002 893
1003 386
1003 1004
1004 289
1005 1006
1005 1039
1006 696
1007 663
1007 1008
1008 482
1009 1010
1009 1209
1010 907
1011 302
1011 1012
1012 1142
1013 1014
1013 1377
1014 60
1015 889
1015 1016
1016 637
1017 93
1017 1018
1018 91
1019 251
1019 1020
1020 522
1021 1022
1021 1313
1022 1060
1023 1024
1023 1309
1024 44
1025 1026
1025 1341
1026 780
1027 1028
1027 1031
1028 1302
1029 672
1029 1030
1030 92
1031 1032
1031 1363
1032 266
1033 205
1033 1034
1034 107
1035 36
1035 1036
1036 1160
1037 1038
1037 1395
1038 566
1039 437
1039 1040
1040 349
1041 666
1041 1042
1042 1294
1043 965
1043 1044
1044 479
1045 589
1045 1046
1046 1249
1047 529
1047 1048
1048 508
1049 1050
1049 1275
1050 694
1051 563
1051 1052
1052 1063
1053 1054
1053 1359
1054 822
1055 1056
1055 1283
1056 934
1057 1046
1057 1058
1058 1290
1059 229
1059 1060
1060 325
1061 741
1061 1062
1062 884
1063 317
1063 1064
1064 1174
1065 203
1065 1066
1066 72
1067 956
1067 1068
1068 14
1069 265
1069 1070
1070 805
1071 382
1071 1072
1072 1062
1073 1074
1073 1146
1074 725
1075 1001
1075 1076
1076 1282
1077 1078
1077 1394
1078 930
1079 1008
1079 1080
1080 837
1081 1082
1081 1378
1082 492
1083 1065
1083 1084
1084 360
1085 3
1085 1086
1086 681
1087 1088
1087 1383
1088 746
1089 155
1089 1090
1090 442
1091 450
1091 1092
1092 704
1093 1094
1093 1195
1094 1170
1095 519
1095 1096
1096 1068
1097 776
1097 1098
1098 1289
1099 1100
1099 1385
1100 916
1101 1075
1101 1102
1102 1150
1103 618
1103 1104
1104 1064
1105 801
1105 1106
1106 1145
1107 255
1107 1108
1108 321
1109 767
1109 1110
1110 1411
1111 1112
1111 1288
1112 1000
1113 477
1113 1114
1114 1266
1115 1116
1115 1298
1116 982
1117 507
1117 1118
1118 210
1119 459
1119 1120
1120 82
1121 1122
1121 1161
1122 562
1123 610
1123 1124
1124 958
1125 1113
1125 1126
1126 189
1127 849
1127 1128
1128 1138
1129 402
1129 1130
1130 224
1131 248
1131 1132
1132 524
1133 1134
1133 1173
1134 169
1135 773
1135 1136
1136 763
1137 375
1137 1138
1138 67
1139 1090
1139 1140
1140 688
1141 1142
1141 1189
1142 378
1143 376
1143 1144
1144 24
1145 87
1145 1146
1146 308
1147 140
1147 1148
1148 466
1149 184
1149 1150
1150 726
1151 249
1151 1152
1152 1301
1153 1154
1153 1409
1154 574
1155 518
1155 1156
1156 1078
1157 830
1157 1158
1158 1237
1159 211
1159 1160
1160 983
1161 332
1161 1162
1162 908
1163 1164
1163 1181
1164 1082
1165 549
1165 1166
1166 1220
1167 463
1167 1168
1168 1245
1169 428
1169 1170
1170 364
1171 747
1171 1172
1172 917
1173 1106
1173 1174
1174 689
1175 659
1175 1176
1176 374
1177 227
1177 1178
1178 96
1179 987
1179 1180
1180 338
1181 1017
1181 1182
1182 621
1183 816
1183 1184
1184 838
1185 1077
1185 1186
1186 446
1187 874
1187 1188
1188 772
1189 1190
1189 1208
1190 148
1191 878
1191 1192
1192 1281
1193 699
1193 1194
1194 1236
1195 925
1195 1196
1196 464
1197 626
1197 1198
1198 1112
1199 343
1199 1200
1200 929
1201 1202
1201 1291
1202 807
1203 625
1203 1204
1204 412
1205 49
1205 1206
1206 840
1207 1053
1207 1208
1208 607
1209 1203
1209 1210
1210 1114
1211 1212
1211 1324
1212 496
1213 223
1213 1214
1214 1322
1215 897
1215 1216
1216 600
1217 320
1217 1218
1218 1026
1219 1015
1219 1220
1220 912
1221 4
1221 1222
1222 656
1223 753
1223 1224
1224 440
1225 1054
1225 1226
1226 764
1227 1061
1227 1228
1228 221
1229 727
1229 1230
1230 455
1231 104
1231 1232
1232 158
1233 544
1233 1234
1234 1386
1235 1045
1235 1236
1236 147
1237 504
1237 1238
1238 526
1239 1240
1239 1340
1240 1129
1241 279
1241 1242
1242 755
1243 697
1243 1244
1244 240
1245 1084
1245 1246
1246 453
1247 723
1247 1248
1248 1222
1249 411
1249 1250
1250 642
1251 785
1251 1252
1252 461
1253 961
1253 1254
1254 1248
1255 829
1255 1256
1256 1088
1257 262
1257 1258
1258 80
1259 575
1259 1260
1260 620
1261 348
1261 1262
1262 1092
1263 285
1263 1264
1264 1270
1265 1247
1265 1266
1266 722
1267 547
1267 1268
1268 444
1269 125
1269 1270
1270 798
1271 447
1271 1272
1272 955
1273 1023
1273 1274
1274 90
1275 695
1275 1276
1276 1381
1277 948
1277 1278
1278 263
1279 500
1279 1280
1280 996
1281 1159
1281 1282
1282 22
1283 420
1283 1284
1284 1144
1285 293
1285 1286
1286 152
1287 1288
1287 1329
1288 1338
1289 1123
1289 1290
1290 1368
1291 931
1291 1292
1292 1093
1293 98
1293 1294
1294 682
1295 1235
1295 1296
1296 1079
1297 393
1297 1298
1298 448
1299 498
1299 1300
1300 126
1301 825
1301 1302
1302 860
1303 488
1303 1304
1304 520
1305 503
1305 1306
1306 380
1307 1186
1307 1308
1308 468
1309 875
1309 1310
1310 297
1311 1101
1311 1312
1312 858
1313 597
1313 1314
1314 999
1315 915
1315 1316
1316 789
1317 63
1317 1318
1318 1178
1319 232
1319 1320
1320 730
1321 814
1321 1322
1322 647
1323 852
1323 1324
1324 40
1325 578
1325 1326
1326 528
1327 89
1327 1328
1328 1310
1329 1177
1329 1330
1330 1004
1331 1157
1331 1332
1332 16
1333 1214
1333 1334
1334 532
1335 103
1335 1336
1336 71
1337 557
1337 1338
1338 1154
1339 41
1339 1340
1340 1238
1341 1342
1341 1384
1342 194
1343 1105
1343 1344
1344 515
1345 1257
1345 1346
1346 154
1347 1348
1347 1391
1348 854
1349 967
1349 1350
1350 484
1351 1352
1351 1364
1352 414
1353 268
1353 1354
1354 594
1355 397
1355 1356
1356 665
1357 919
1357 1358
1358 294
1359 1136
1359 1360
1360 1139
1361 899
1361 1362
1362 1370
1363 800
1363 1364
1364 603
1365 99
1365 1366
1366 218
1367 388
1367 1368
1368 668
1369 947
1369 1370
1370 818
1371 888
1371 1372
1372 113
1373 1297
1373 1374
1374 1251
1375 417
1375 1376
1376 817
1377 185
1377 1378
1378 1162
1379 537
1379 1380
1380 1342
1381 490
1381 1382
1382 398
1383 743
1383 1384
1384 1261
1385 435
1385 1386
1386 1390
1387 751
1387 1388
1388 686
1389 1387
1389 1390
1390 150
1391 635
1391 1392
1392 1044
1393 53
1393 1394
1394 312
1395 735
1395 1396
1396 1211
1397 591
1397 1398
1398 406
1399 350
1399 1400
1400 1188
1401 587
1401 1402
1402 630
1403 1099
1403 1404
1404 1226
1405 331
1405 1406
1406 661
1407 310
1407 1408
1408 979
1409 305
1409 1410
1410 565
1411 193
1411 1412
1412 316
1413 427
1413 1414
1414 757
