0 41
0 1223
2 616
2 1296
3 24
3 1380
5 524
4 480
4 1028
6 1283
9 287
9 1207
10 63
10 1211
12 111
11 1285
13 347
13 703
15 519
15 1074
17 72
17 569
19 188
19 350
21 5
21 290
23 24
23 876
24 1316
25 26
25 618
26 458
27 28
27 797
28 984
29 30
29 1145
30 835
31 32
31 1402
32 900
33 34
33 472
34 884
35 36
35 131
36 1271
37 38
37 1052
38 314
39 40
39 612
40 1022
41 42
41 426
42 1020
43 44
43 936
44 1053
45 46
45 620
46 1141
47 48
47 50
48 385
49 50
49 823
50 623
51 52
51 53
52 486
53 11
53 54
54 465
55 56
55 1393
56 277
57 58
57 769
58 664
59 60
59 1312
60 1264
61 62
61 532
62 1094
63 64
63 867
64 699
65 66
65 829
66 358
67 68
67 457
68 979
69 70
69 302
70 974
71 72
71 630
72 906
73 74
73 1167
74 565
75 76
75 993
76 151
77 78
77 297
78 1396
79 80
79 575
80 708
81 82
81 309
82 32
83 84
83 581
84 1031
85 86
85 243
86 169
87 88
87 1155
88 1131
89 90
89 1252
90 759
91 92
91 1311
92 991
93 94
93 1047
94 292
95 42
95 96
96 185
97 98
97 231
98 1318
99 100
99 1225
100 892
101 102
101 342
102 568
103 104
103 558
104 870
105 106
105 525
106 837
107 108
107 150
108 738
109 110
109 264
110 962
111 112
111 904
112 1290
113 114
113 723
114 372
115 116
115 295
116 1226
117 118
117 1156
118 196
119 120
119 1038
120 634
121 122
121 551
122 399
123 16
123 124
124 142
125 126
125 280
126 1194
127 128
127 1339
128 466
129 130
129 1413
130 830
131 132
131 567
132 1193
133 134
133 805
134 918
135 136
135 174
136 476
137 138
137 1298
138 289
139 140
139 994
140 1172
141 142
141 1364
142 528
143 91
143 144
144 1015
145 146
145 301
146 286
147 148
147 536
148 710
149 150
149 879
150 513
151 152
151 382
152 394
153 154
153 643
154 784
155 156
155 1309
156 716
157 86
157 158
158 691
159 160
159 715
160 39
161 162
161 640
162 951
163 164
163 653
164 363
165 166
165 1301
166 1153
167 168
167 825
168 395
169 170
169 1108
170 701
171 172
171 1186
172 186
173 174
173 329
174 210
175 176
175 444
176 548
177 178
177 793
178 317
179 180
179 396
180 1354
181 182
181 661
182 858
183 184
183 509
184 1128
185 186
185 1088
186 462
187 188
187 971
188 258
189 190
189 1279
190 294
191 192
191 1142
192 860
193 194
193 1077
194 354
195 196
195 1374
196 586
197 198
197 656
198 334
199 200
199 795
200 1375
201 202
201 261
202 268
203 204
203 1344
204 235
205 206
205 469
206 649
207 12
207 208
208 890
209 210
209 1134
210 910
211 212
211 905
212 1390
213 214
213 248
214 756
215 216
215 801
216 1176
217 218
217 764
218 902
219 60
219 220
220 198
221 222
221 327
222 412
223 224
223 1357
224 1202
225 226
225 1123
226 820
227 228
227 610
228 1014
229 71
229 230
230 451
231 232
231 571
232 374
233 234
233 807
234 1195
235 236
235 1409
236 490
237 238
237 1140
238 82
239 240
239 1412
240 816
241 17
241 242
242 434
243 244
243 311
244 760
245 246
245 1213
246 834
247 79
247 248
248 223
249 250
249 815
250 887
251 252
251 803
252 1277
253 254
253 966
254 402
255 256
255 770
256 754
257 258
257 828
258 454
259 260
259 893
260 1362
261 262
261 447
262 89
263 264
263 1325
264 753
265 266
265 1355
266 456
267 268
267 410
268 542
269 257
269 270
270 1101
271 272
271 384
272 370
273 211
273 274
274 600
275 276
275 840
276 736
277 278
277 422
278 216
279 280
279 1404
280 1002
281 282
281 1037
282 504
283 284
283 1147
284 161
285 195
285 286
286 364
287 288
287 1241
288 1335
289 152
289 290
290 1146
291 292
291 650
292 212
293 294
293 453
294 1164
295 263
295 296
296 943
297 298
297 1222
298 1220
299 300
299 785
300 632
301 302
301 599
302 253
303 304
303 393
304 58
305 34
305 306
306 1082
307 308
307 819
308 694
309 310
309 1119
310 1068
311 168
311 312
312 1027
313 314
313 356
314 232
315 316
315 839
316 1342
317 189
317 318
318 247
319 320
319 1369
320 724
321 322
321 1243
322 940
323 324
323 511
324 130
325 326
325 1410
326 1330
327 328
327 421
328 1292
329 67
329 330
330 917
331 332
331 1269
332 1307
333 334
333 1174
334 1162
335 336
335 1154
336 236
337 338
337 1321
338 110
339 135
339 340
340 852
341 342
341 1127
342 965
343 344
343 1349
344 1032
345 346
345 707
346 134
347 348
347 1272
348 1280
349 350
349 777
350 888
351 352
351 435
352 1214
353 354
353 1317
354 338
355 356
355 761
356 227
357 7
357 358
358 934
359 360
359 947
360 252
361 362
361 501
362 1136
363 364
363 1383
364 1144
365 64
365 366
366 325
367 368
367 684
368 313
369 370
369 563
370 594
371 372
371 711
372 1122
373 374
373 1302
374 856
375 376
375 439
376 847
377 378
377 817
378 1372
379 177
379 380
380 197
381 382
381 937
382 498
383 384
383 1201
384 582
385 386
385 392
386 219
387 388
387 826
388 555
389 244
389 390
390 560
391 56
391 392
392 804
393 394
393 1245
394 94
395 396
395 933
396 978
397 398
397 846
398 380
399 352
399 400
400 1064
401 339
401 402
402 6
403 404
403 1313
404 952
405 406
405 1115
406 321
407 408
407 1067
408 213
409 381
409 410
410 585
411 113
411 412
412 1388
413 414
413 1297
414 932
415 416
415 512
416 868
417 418
417 1078
418 1385
419 420
419 1021
420 1018
421 422
421 1254
422 619
423 424
423 611
424 139
425 426
425 1065
426 1360
427 428
427 1322
428 881
429 430
429 1173
430 865
431 432
431 579
432 1300
433 331
433 434
434 533
435 47
435 436
436 250
437 438
437 1403
438 1120
439 440
439 1093
440 986
441 442
441 515
442 757
443 444
443 961
444 1340
445 446
445 789
446 935
447 448
447 449
448 206
449 450
449 1219
450 629
451 452
451 944
452 478
453 454
453 886
454 1281
455 29
455 456
456 176
457 458
457 1091
458 285
459 77
459 460
460 146
461 462
461 899
462 474
463 377
463 464
464 1185
465 466
465 578
466 1036
467 119
467 468
468 814
469 470
469 1257
470 782
471 154
471 472
472 1160
473 474
473 728
474 722
475 476
475 851
476 502
477 478
477 1055
478 970
479 480
479 1343
480 84
481 482
481 483
482 160
483 413
483 484
484 916
485 486
485 1019
486 647
487 488
487 963
488 731
489 490
489 1233
490 473
491 492
491 981
492 609
493 115
493 494
494 1208
495 496
495 1332
496 658
497 431
497 498
498 1044
499 265
499 500
500 1096
501 502
501 921
502 104
503 424
503 504
504 1084
505 506
505 651
506 742
507 508
507 1033
508 229
509 100
509 510
510 274
511 512
511 919
512 57
513 514
513 1352
514 1244
515 516
515 1218
516 1392
517 284
517 518
518 6
519 112
519 520
520 704
521 522
521 652
522 1057
523 524
523 1293
524 172
525 526
525 957
526 224
527 230
527 528
528 375
529 530
529 673
530 574
531 251
531 532
532 953
533 534
533 636
534 208
535 536
535 744
536 955
537 538
537 799
538 1089
539 540
539 1008
540 386
541 165
541 542
542 495
543 443
543 544
544 980
545 546
545 796
546 690
547 548
547 857
548 938
549 445
549 550
550 1178
551 552
551 863
552 628
553 105
553 554
554 818
555 556
555 1061
556 531
557 132
557 558
558 1161
559 73
559 560
560 602
561 562
561 909
562 741
563 500
563 564
564 344
565 202
565 566
566 949
567 241
567 568
568 557
569 181
569 570
570 1346
571 572
571 1003
572 1188
573 574
573 1350
574 226
575 576
575 765
576 1046
577 403
577 578
578 13
579 580
579 669
580 1157
581 246
581 582
582 48
583 167
583 584
584 810
585 477
585 586
586 138
587 521
587 588
588 672
589 590
589 896
590 520
591 592
591 626
592 279
593 594
593 1029
594 175
595 596
595 1059
596 1248
597 598
597 985
598 187
599 600
599 1405
600 1007
601 602
601 1159
602 1338
603 604
603 667
604 859
605 606
605 743
606 1232
607 608
607 762
608 30
609 461
609 610
610 336
611 523
611 612
612 908
613 614
613 1323
614 503
615 616
615 1151
616 972
617 580
617 618
618 1406
619 179
619 620
620 678
621 622
621 1095
622 1124
623 383
623 624
624 821
625 626
625 927
626 1129
627 628
627 827
628 147
629 249
629 630
630 494
631 267
631 632
632 1206
633 634
633 1107
634 441
635 636
635 1069
636 222
637 638
637 677
638 1092
639 416
639 640
640 866
641 276
641 642
642 126
643 10
643 644
644 861
645 173
645 646
646 270
647 307
647 648
648 1012
649 650
649 698
650 1215
651 99
651 652
652 778
653 654
653 1401
654 995
655 656
655 1408
656 780
657 27
657 658
658 136
659 660
659 1395
660 366
661 662
661 1373
662 737
663 664
663 751
664 719
665 123
665 666
666 1236
667 205
667 668
668 1045
669 633
669 670
670 591
671 345
671 672
672 68
673 674
673 1041
674 430
675 3
675 676
676 1148
677 678
677 1025
678 428
679 621
679 680
680 306
681 682
681 1249
682 592
683 684
683 800
684 446
685 686
685 1204
686 1138
687 688
687 928
688 460
689 209
689 690
690 1291
691 201
691 692
692 324
693 153
693 694
694 304
695 696
695 1251
696 554
697 698
697 1253
698 52
699 588
699 700
700 766
701 702
701 923
702 1130
703 481
703 704
704 850
705 706
705 1265
706 1246
707 708
707 749
708 38
709 516
709 710
710 1315
711 712
711 1366
712 1137
713 157
713 714
714 590
715 716
715 1227
716 1097
717 718
717 1224
718 78
719 335
719 720
720 360
721 722
721 1306
722 1386
723 724
723 855
724 376
725 726
725 1139
726 1
727 728
727 883
728 1282
729 730
729 1328
730 638
731 732
731 1200
732 946
733 145
733 734
734 103
735 671
735 736
736 484
737 255
737 738
738 5
739 712
739 740
740 1106
741 742
741 752
742 758
743 744
743 1411
744 779
745 318
745 746
746 1039
747 166
747 748
748 960
749 332
749 750
750 459
751 25
751 752
752 204
753 665
753 754
754 162
755 148
755 756
756 1303
757 758
757 845
758 1152
759 293
759 760
760 282
761 199
761 762
762 269
763 764
763 1023
764 361
765 598
765 766
766 948
767 572
767 768
768 275
769 735
769 770
770 811
771 772
771 1400
772 404
773 359
773 774
774 1376
775 755
775 776
776 1050
777 378
777 778
778 365
779 448
779 780
780 1268
781 782
781 1238
782 812
783 784
783 1229
784 577
785 55
785 786
786 408
787 545
787 788
788 1378
789 674
789 790
790 1196
791 573
791 792
792 1001
793 794
793 885
794 156
795 796
795 1273
796 915
797 355
797 798
798 746
799 800
799 1333
800 1143
801 802
801 1230
802 676
803 369
803 804
804 440
805 182
805 806
806 864
807 627
807 808
808 8
809 713
809 810
810 601
811 812
811 1165
812 300
813 388
813 814
814 31
815 706
815 816
816 96
817 607
817 818
818 734
819 170
819 820
820 976
821 822
821 1276
822 1049
823 824
823 872
824 832
825 387
825 826
826 343
827 828
827 1221
828 467
829 830
829 969
830 1240
831 832
831 1394
832 1163
833 834
833 871
834 1198
835 836
835 982
836 576
837 137
837 838
838 420
839 840
839 1261
840 15
841 697
841 842
842 535
843 315
843 844
844 624
845 846
845 997
846 912
847 848
847 1183
848 806
849 129
849 850
850 328
851 852
851 1387
852 1042
853 854
853 1099
854 432
855 856
855 1262
856 1102
857 200
857 858
858 1347
859 76
859 860
860 62
861 95
861 862
862 1066
863 482
863 864
864 316
865 745
865 866
866 527
867 433
867 868
868 492
869 97
869 870
870 1334
871 872
871 1017
872 1171
873 874
873 1121
874 455
875 303
875 876
876 28
877 662
877 878
878 922
879 505
879 880
880 1324
881 882
881 1182
882 418
883 614
883 884
884 488
885 886
885 1329
886 193
887 564
887 888
888 254
889 468
889 890
890 1058
891 892
891 898
892 397
893 81
893 894
894 808
895 217
895 896
896 1118
897 11
897 898
898 838
899 635
899 900
900 1242
901 218
901 902
902 768
903 595
903 904
904 1070
905 906
905 1305
906 989
907 549
907 908
908 92
909 910
909 1011
910 1079
911 70
911 912
912 191
913 657
913 914
914 926
915 916
915 1205
916 470
917 107
917 918
918 1278
919 920
919 931
920 93
921 922
921 1125
922 362
923 36
923 924
924 234
925 529
925 926
926 1263
927 853
927 928
928 1258
929 645
929 930
930 873
931 932
931 1287
932 654
933 406
933 934
934 1210
935 305
935 936
936 442
937 349
937 938
938 1348
939 920
939 940
940 771
941 942
941 1266
942 400
943 75
943 944
944 1270
945 120
945 946
946 539
947 411
947 948
948 164
949 775
949 950
950 1030
951 44
951 952
952 692
953 570
953 954
954 108
955 389
955 956
956 518
957 149
957 958
958 877
959 233
959 960
960 1398
961 962
961 1295
962 80
963 54
963 964
964 1180
965 747
965 966
966 2
967 679
967 968
968 1043
969 970
969 1189
970 680
971 683
971 972
972 1379
973 675
973 974
974 1009
975 788
975 976
976 340
977 260
977 978
978 688
979 841
979 980
980 59
981 982
981 987
982 968
983 423
983 984
984 140
985 929
985 986
986 1389
987 875
987 988
988 510
989 90
989 990
990 245
991 831
991 992
992 367
993 994
993 1363
994 1267
995 239
995 996
996 114
997 718
997 998
998 1072
999 405
999 1000
1000 1166
1001 20
1001 1002
1002 998
1003 491
1003 1004
1004 1087
1005 587
1005 1006
1006 1320
1007 452
1007 1008
1008 836
1009 61
1009 1010
1010 1024
1011 497
1011 1012
1012 517
1013 19
1013 1014
1014 122
1015 1016
1015 1345
1016 1104
1017 537
1017 1018
1018 180
1019 541
1019 1020
1020 733
1021 127
1021 1022
1022 1090
1023 493
1023 1024
1024 790
1025 605
1025 1026
1026 714
1027 256
1027 1028
1028 128
1029 717
1029 1030
1030 240
1031 1000
1031 1032
1032 1035
1033 1034
1033 1365
1034 1004
1035 882
1035 1036
1036 794
1037 1038
1037 1289
1038 85
1039 556
1039 1040
1040 530
1041 1042
1041 1331
1042 18
1043 774
1043 1044
1044 911
1045 262
1045 1046
1046 194
1047 1048
1047 1286
1048 357
1049 975
1049 1050
1050 1382
1051 668
1051 1052
1052 326
1053 1054
1053 1116
1054 1190
1055 273
1055 1056
1056 1381
1057 40
1057 1058
1058 1048
1059 296
1059 1060
1060 322
1061 967
1061 1062
1062 603
1063 983
1063 1064
1064 1192
1065 522
1065 1066
1066 1310
1067 1068
1067 1368
1068 1274
1069 787
1069 1070
1070 333
1071 348
1071 1072
1072 1256
1073 1074
1073 1397
1074 14
1075 1076
1075 1228
1076 1288
1077 725
1077 1078
1078 1105
1079 51
1079 1080
1080 379
1081 1082
1081 1168
1082 1054
1083 693
1083 1084
1084 1112
1085 1086
1085 1103
1086 1114
1087 479
1087 1088
1088 171
1089 903
1089 1090
1090 1356
1091 559
1091 1092
1092 685
1093 83
1093 1094
1094 102
1095 163
1095 1096
1096 589
1097 1098
1097 1212
1098 1294
1099 1100
1099 1247
1100 425
1101 489
1101 1102
1102 720
1103 1073
1103 1104
1104 544
1105 101
1105 1106
1106 288
1107 705
1107 1108
1108 1080
1109 843
1109 1110
1110 278
1111 507
1111 1112
1112 646
1113 1114
1113 1314
1114 141
1115 1109
1115 1116
1116 506
1117 1118
1117 1217
1118 312
1119 613
1119 1120
1120 956
1121 437
1121 1122
1122 298
1123 945
1123 1124
1124 33
1125 1126
1125 1351
1126 485
1127 409
1127 1128
1128 1026
1129 727
1129 1130
1130 682
1131 889
1131 1132
1132 98
1133 1134
1133 1187
1134 1237
1135 1006
1135 1136
1136 4
1137 283
1137 1138
1138 748
1139 221
1139 1140
1140 124
1141 822
1141 1142
1142 390
1143 543
1143 1144
1144 220
1145 901
1145 1146
1146 740
1147 1148
1147 1199
1148 964
1149 1150
1149 1231
1150 429
1151 471
1151 1152
1152 608
1153 26
1153 1154
1154 772
1155 9
1155 1156
1156 351
1157 310
1157 1158
1158 398
1159 1081
1159 1160
1160 644
1161 655
1161 1162
1162 526
1163 214
1163 1164
1164 368
1165 475
1165 1166
1166 730
1167 583
1167 1168
1168 939
1169 1170
1169 1377
1170 1113
1171 681
1171 1172
1172 660
1173 959
1173 1174
1174 1235
1175 1176
1175 1327
1176 606
1177 1062
1177 1178
1178 666
1179 487
1179 1180
1180 1098
1181 1063
1181 1182
1182 992
1183 106
1183 1184
1184 1384
1185 880
1185 1186
1186 436
1187 1169
1187 1188
1188 895
1189 561
1189 1190
1190 732
1191 1192
1191 1367
1192 514
1193 862
1193 1194
1194 1358
1195 1196
1195 1341
1196 144
1197 319
1197 1198
1198 786
1199 69
1199 1200
1200 562
1201 849
1201 1202
1202 496
1203 88
1203 1204
1204 950
1205 143
1205 1206
1206 686
1207 1117
1207 1208
1208 813
1209 499
1209 1210
1210 22
1211 65
1211 1212
1212 1076
1213 622
1213 1214
1214 1304
1215 914
1215 1216
1216 237
1217 1149
1217 1218
1218 593
1219 1085
1219 1220
1220 954
1221 783
1221 1222
1222 450
1223 87
1223 1224
1224 215
1225 1083
1225 1226
1226 1100
1227 709
1227 1228
1228 121
1229 1111
1229 1230
1230 1361
1231 553
1231 1232
1232 604
1233 958
1233 1234
1234 184
1235 930
1235 1236
1236 700
1237 925
1237 1238
1238 1308
1239 133
1239 1240
1240 1135
1241 809
1241 1242
1242 118
1243 117
1243 1244
1244 192
1245 1034
1245 1246
1246 1086
1247 1248
1247 1399
1248 540
1249 299
1249 1250
1250 695
1251 584
1251 1252
1252 1005
1253 178
1253 1254
1254 337
1255 1051
1255 1256
1256 891
1257 1258
1257 1299
1258 1179
1259 702
1259 1260
1260 271
1261 1133
1261 1262
1262 913
1263 791
1263 1264
1264 1158
1265 1266
1265 1391
1266 1060
1267 844
1267 1268
1268 996
1269 833
1269 1270
1270 1239
1271 907
1271 1272
1272 990
1273 401
1273 1274
1274 670
1275 35
1275 1276
1276 552
1277 596
1277 1278
1278 66
1279 687
1279 1280
1280 566
1281 23
1281 1282
1282 641
1283 1284
1283 1336
1284 1184
1285 615
1285 1286
1286 463
1287 597
1287 1288
1288 330
1289 869
1289 1290
1290 407
1291 414
1291 1292
1292 942
1293 689
1293 1294
1294 854
1295 977
1295 1296
1296 1319
1297 1126
1297 1298
1298 1203
1299 1255
1299 1300
1300 776
1301 203
1301 1302
1302 346
1303 1260
1303 1304
1304 183
1305 508
1305 1306
1306 878
1307 773
1307 1308
1308 155
1309 291
1309 1310
1310 642
1311 341
1311 1312
1312 242
1313 1170
1313 1314
1314 538
1315 116
1315 1316
1316 721
1317 1209
1317 1318
1318 266
1319 21
1319 1320
1320 46
1321 1322
1321 1326
1322 546
1323 281
1323 1324
1324 739
1325 49
1325 1326
1326 225
1327 1259
1327 1328
1328 391
1329 547
1329 1330
1330 792
1331 323
1331 1332
1332 1414
1333 1150
1333 1334
1334 1040
1335 1010
1335 1336
1336 802
1337 767
1337 1338
1338 1234
1339 625
1339 1340
1340 988
1341 417
1341 1342
1342 125
1343 1181
1343 1344
1344 874
1345 848
1345 1346
1346 272
1347 729
1347 1348
1348 1353
1349 415
1349 1350
1350 659
1351 1250
1351 1352
1352 1132
1353 190
1353 1354
1354 228
1355 1356
1355 1370
1356 798
1357 320
1357 1358
1358 373
1359 534
1359 1360
1360 726
1361 637
1361 1362
1362 159
1363 1364
1363 1371
1364 207
1365 897
1365 1366
1366 353
1367 763
1367 1368
1368 1275
1369 371
1369 1370
1370 158
1371 419
1371 1372
1372 1197
1373 109
1373 1374
1374 1175
1375 639
1375 1376
1376 308
1377 259
1377 1378
1378 1013
1379 45
1379 1380
1380 1071
1381 43
1381 1382
1382 1407
1383 663
1383 1384
1384 1016
1385 824
1385 1386
1386 1359
1387 550
1387 1388
1388 894
1389 1110
1389 1390
1390 37
1391 1191
1391 1392
1392 1075
1393 999
1393 1394
1394 617
1395 74
1395 1396
1396 973
1397 750
1397 1398
1398 438
1399 1337
1399 1400
1400 1056
1401 1177
1401 1402
1402 941
1403 631
1403 1404
1404 427
1405 924
1405 1406
1406 648
1407 696
1407 1408
1408 1284
1409 1216
1409 1410
1410 238
1411 842
1411 1412
1412 781
1413 12
1413 1414
1414 464
