0 79
0 787
2 92
2 615
3 639
3 677
4 66
4 1229
5 627
6 831
9 424
9 467
10 1113
10 1351
12 71
11 781
13 399
13 923
15 285
15 353
17 684
17 829
19 1319
19 1352
21 134
21 987
23 24
23 297
24 759
25 26
25 83
26 997
27 28
27 262
28 159
29 30
29 127
30 1238
31 32
31 94
32 523
33 34
33 506
34 544
35 36
35 1257
36 1190
37 38
37 195
38 20
39 40
39 1087
40 1189
41 42
41 1381
42 510
43 39
43 44
44 380
45 46
45 679
46 840
47 48
47 918
48 550
49 50
49 1133
50 1151
51 52
51 569
52 673
53 54
53 907
54 701
55 56
55 356
56 558
57 58
57 1187
58 1316
59 60
59 409
60 595
61 62
61 958
62 1388
63 64
63 201
64 587
65 66
65 727
66 1177
67 68
67 805
68 481
69 43
69 70
70 434
71 72
71 316
72 278
73 74
73 1339
74 792
75 76
75 957
76 203
77 78
77 410
78 1337
79 80
79 517
80 750
81 82
81 209
82 150
83 84
83 413
84 865
85 86
85 485
86 870
87 88
87 301
88 622
89 90
89 1195
90 31
91 92
91 103
92 961
93 2
93 94
94 663
95 96
95 1197
96 382
97 98
97 695
98 1318
99 100
99 241
100 570
101 41
101 102
102 311
103 104
103 145
104 1036
105 68
105 106
106 478
107 108
107 439
108 363
109 110
109 1091
110 1154
111 112
111 795
112 458
113 114
113 160
114 349
115 116
115 1234
116 55
117 82
117 118
118 140
119 120
119 1292
120 910
121 76
121 122
122 856
123 124
123 197
124 860
125 126
125 882
126 667
127 128
127 933
128 100
129 130
129 221
130 757
131 132
131 899
132 1224
133 134
133 1199
134 770
135 136
135 254
136 1000
137 138
137 442
138 726
139 140
139 318
140 304
141 142
141 590
142 765
143 144
143 1130
144 884
145 146
145 381
146 514
147 148
147 1286
148 706
149 150
149 1119
150 1358
151 89
151 152
152 313
153 154
153 169
154 737
155 156
155 743
156 818
157 123
157 158
158 930
159 160
159 895
160 521
161 162
161 396
162 1
163 164
163 1321
164 877
165 166
165 1295
166 395
167 168
167 1233
168 224
169 10
169 170
170 729
171 172
171 1137
172 546
173 174
173 206
174 1182
175 176
175 272
176 8
177 178
177 1349
178 644
179 180
179 1165
180 806
181 182
181 426
182 539
183 184
183 507
184 430
185 186
185 1307
186 354
187 188
187 404
188 808
189 190
189 1184
190 498
191 192
191 586
192 1206
193 35
193 194
194 779
195 196
195 397
196 46
197 198
197 603
198 1070
199 133
199 200
200 420
201 202
201 226
202 842
203 204
203 950
204 904
205 206
205 373
206 121
207 208
207 692
208 400
209 109
209 210
210 538
211 212
211 773
212 448
213 193
213 214
214 86
215 216
215 288
216 764
217 120
217 218
218 552
219 220
219 319
220 980
221 222
221 1062
222 215
223 224
223 1211
224 1346
225 226
225 1309
226 299
227 228
227 1403
228 1112
229 230
229 1265
230 752
231 232
231 637
232 1067
233 153
233 234
234 536
235 236
235 1109
236 798
237 238
237 929
238 1374
239 240
239 1089
240 144
241 242
241 1185
242 245
243 87
243 244
244 1391
245 205
245 246
246 1208
247 248
247 418
248 56
249 250
249 1071
250 702
251 252
251 1198
252 928
253 231
253 254
254 149
255 256
255 594
256 1288
257 258
257 553
258 902
259 260
259 388
260 1315
261 262
261 1273
262 1280
263 179
263 264
264 716
265 266
265 687
266 302
267 268
267 1144
268 1300
269 270
269 938
270 715
271 16
271 272
272 184
273 274
273 1201
274 836
275 75
275 276
276 1018
277 151
277 278
278 464
279 280
279 661
280 1396
281 282
281 405
282 1163
283 271
283 284
284 946
285 286
285 512
286 533
287 288
287 1251
288 1158
289 290
289 1281
290 1263
291 292
291 406
292 772
293 294
293 1392
294 650
295 296
295 912
296 1004
297 298
297 1124
298 562
299 173
299 300
300 175
301 302
301 1303
302 1249
303 304
303 591
304 368
305 232
305 306
306 920
307 308
307 495
308 861
309 310
309 851
310 460
311 312
311 992
312 180
313 314
313 389
314 324
315 316
315 543
316 49
317 318
317 642
318 454
319 320
319 345
320 37
321 322
321 758
322 711
323 324
323 890
324 736
325 326
325 952
326 823
327 328
327 853
328 841
329 330
329 1019
330 59
331 102
331 332
332 1377
333 334
333 1255
334 314
335 167
335 336
336 1188
337 338
337 782
338 799
339 340
339 1219
340 935
341 342
341 1261
342 1299
343 344
343 1039
344 972
345 346
345 945
346 390
347 348
347 1287
348 696
349 178
349 350
350 143
351 352
351 1180
352 1082
353 171
353 354
354 136
355 303
355 356
356 1325
357 358
357 1090
358 97
359 360
359 392
360 814
361 362
361 1359
362 332
363 364
363 791
364 524
365 366
365 487
366 300
367 342
367 368
368 310
369 370
369 1110
370 968
371 372
371 423
372 284
373 33
373 374
374 1005
375 376
375 1311
376 282
377 378
377 943
378 296
379 380
379 1380
380 276
381 69
381 382
382 703
383 384
383 763
384 721
385 261
385 386
386 1014
387 233
387 388
388 263
389 390
389 1240
390 602
391 191
391 392
392 1099
393 394
393 635
394 1021
395 396
395 892
396 111
397 398
397 613
398 1173
399 400
399 577
400 239
401 402
401 825
402 194
403 130
403 404
404 566
405 406
405 893
406 1045
407 408
407 713
408 575
409 410
409 1075
410 294
411 12
411 412
412 366
413 414
413 415
414 242
415 416
415 1115
416 1134
417 418
417 431
418 1350
419 128
419 420
420 1136
421 422
421 959
422 280
423 424
423 547
424 394
425 426
425 1237
426 1277
427 428
427 731
428 1398
429 385
429 430
430 660
431 432
431 1052
432 477
433 434
433 906
434 804
435 436
435 1394
436 375
437 438
437 1142
438 255
439 440
439 496
440 657
441 442
441 1376
442 833
443 444
443 719
444 1126
445 446
445 535
446 74
447 448
447 678
448 246
449 450
449 1367
450 974
451 452
451 756
452 1342
453 454
453 936
454 850
455 425
455 456
456 760
457 398
457 458
458 198
459 460
459 1132
460 384
461 462
461 697
462 168
463 464
463 561
464 331
465 466
465 778
466 1285
467 468
467 873
468 1017
469 470
469 1079
470 295
471 383
471 472
472 95
473 474
473 1379
474 148
475 476
475 1353
476 358
477 208
477 478
478 869
479 480
479 1135
480 188
481 482
481 549
482 1084
483 484
483 755
484 235
485 486
485 969
486 1345
487 488
487 537
488 1150
489 490
489 1310
490 522
491 492
491 967
492 1274
493 17
493 494
494 901
495 496
495 709
496 1243
497 44
497 498
498 48
499 500
499 1317
500 712
501 502
501 975
502 1022
503 504
503 1093
504 236
505 506
505 1001
506 921
507 508
507 1027
508 117
509 115
509 510
510 978
511 512
511 1401
512 1107
513 514
513 1194
514 101
515 343
515 516
516 352
517 518
517 1217
518 889
519 229
519 520
520 955
521 522
521 1076
522 942
523 524
523 821
524 1348
525 526
525 574
526 704
527 528
527 1196
528 802
529 530
529 794
530 557
531 532
531 1016
532 621
533 534
533 556
534 1223
535 320
535 536
536 1382
537 77
537 538
538 253
539 540
539 1120
540 1406
541 542
541 917
542 1378
543 457
543 544
544 508
545 268
545 546
546 686
547 317
547 548
548 141
549 550
549 1179
550 176
551 511
551 552
552 1402
553 554
553 1161
554 1042
555 556
555 1127
556 365
557 558
557 1162
558 372
559 437
559 560
560 1235
561 562
561 675
562 717
563 564
563 1250
564 336
565 326
565 566
566 742
567 568
567 725
568 502
569 570
569 937
570 58
571 287
571 572
572 604
573 244
573 574
574 21
575 266
575 576
576 328
577 65
577 578
578 1366
579 580
579 913
580 1054
581 530
581 582
582 14
583 584
583 1055
584 1020
585 586
585 754
586 811
587 588
587 1191
588 662
589 590
589 988
590 1284
591 592
591 681
592 104
593 594
593 1205
594 177
595 484
595 596
596 1044
597 492
597 598
598 1100
599 348
599 600
600 540
601 34
601 602
602 669
603 185
603 604
604 1116
605 606
605 612
606 142
607 305
607 608
608 1098
609 610
609 1159
610 189
611 612
611 733
612 432
613 614
613 1363
614 88
615 616
615 1305
616 625
617 339
617 618
618 1139
619 147
619 620
620 264
621 622
621 854
622 54
623 624
623 994
624 956
625 63
625 626
626 620
627 628
627 691
628 837
629 443
629 630
630 541
631 468
631 632
632 559
633 501
633 634
634 1230
635 493
635 636
636 651
637 638
637 745
638 1222
639 475
639 640
640 768
641 532
641 642
642 1063
643 455
643 644
644 876
645 646
645 1111
646 1355
647 648
647 1153
648 858
649 374
649 650
650 986
651 652
651 1297
652 647
653 419
653 654
654 542
655 479
655 656
656 364
657 658
657 1256
658 346
659 660
659 1023
660 1009
661 641
661 662
662 640
663 664
663 970
664 1414
665 359
665 666
666 846
667 668
667 1050
668 1200
669 568
669 670
670 334
671 672
671 1128
672 110
673 674
673 1186
674 113
675 93
675 676
676 973
677 678
677 1013
678 1270
679 416
679 680
680 871
681 211
681 682
682 990
683 327
683 684
684 534
685 137
685 686
686 186
687 688
687 1347
688 1008
689 217
689 690
690 408
691 545
691 692
692 1258
693 694
693 1301
694 329
695 696
695 1068
696 834
697 698
697 881
698 619
699 700
699 891
700 1296
701 412
701 702
702 190
703 704
703 1248
704 1114
705 706
705 1145
706 588
707 708
707 1335
708 1209
709 91
709 710
710 417
711 712
711 1152
712 572
713 714
713 1365
714 598
715 494
715 716
716 774
717 718
717 1171
718 672
719 720
719 775
720 338
721 722
721 1086
722 862
723 724
723 1148
724 500
725 726
725 951
726 1334
727 728
727 1283
728 643
729 707
729 730
730 139
731 124
731 732
732 1336
733 708
733 734
734 1268
735 649
735 736
736 1356
737 738
737 1294
738 497
739 163
739 740
740 1140
741 225
741 742
742 1226
743 744
743 1123
744 132
745 746
745 844
746 250
747 181
747 748
748 1204
749 750
749 1326
750 581
751 752
751 995
752 1178
753 754
753 1289
754 1081
755 131
755 756
756 24
757 628
757 758
758 1157
759 330
759 760
760 626
761 57
761 762
762 1383
763 764
763 1003
764 7
765 526
765 766
766 582
767 50
767 768
768 926
769 770
769 909
770 422
771 315
771 772
772 698
773 774
773 1269
774 866
775 776
775 1028
776 1060
777 525
777 778
778 450
779 690
779 780
780 664
781 308
781 782
782 421
783 784
783 1408
784 797
785 207
785 786
786 378
787 505
787 788
788 333
789 790
789 964
790 1170
791 274
791 792
792 824
793 767
793 794
794 36
795 98
795 796
796 600
797 798
797 1031
798 466
799 293
799 800
800 471
801 802
801 835
802 1146
803 804
803 1232
804 446
805 26
805 806
806 922
807 107
807 808
808 106
809 810
809 931
810 277
811 812
811 1032
812 1218
813 611
813 814
814 470
815 655
815 816
816 84
817 705
817 818
818 257
819 81
819 820
820 1361
821 749
821 822
822 462
823 161
823 824
824 447
825 273
825 826
826 645
827 828
827 1207
828 6
829 830
829 1121
830 1192
831 832
831 1156
832 70
833 122
833 834
834 1078
835 463
835 836
836 1375
837 12
837 838
838 1006
839 531
839 840
840 1322
841 842
841 1220
842 1002
843 844
843 979
844 401
845 846
845 1040
846 748
847 848
847 1174
848 1225
849 850
849 949
850 322
851 129
851 852
852 730
853 854
853 1141
854 735
855 800
855 856
856 516
857 788
857 858
858 527
859 860
859 1065
860 601
861 862
861 1399
862 258
863 22
863 864
864 357
865 838
865 866
866 1106
867 868
867 1118
868 306
869 486
869 870
870 528
871 872
871 1306
872 596
873 307
873 874
874 67
875 648
875 876
876 732
877 567
877 878
878 1298
879 880
879 1400
880 321
881 882
881 1007
882 638
883 874
883 884
884 292
885 886
885 1085
886 740
887 769
887 888
888 238
889 890
889 1131
890 785
891 892
891 993
892 260
893 894
893 1389
894 654
895 789
895 896
896 830
897 898
897 1266
898 456
899 347
899 900
900 249
901 902
901 1048
902 608
903 119
903 904
904 126
905 906
905 1061
906 204
907 99
907 908
908 1272
909 23
909 910
910 428
911 912
911 1030
912 606
913 914
913 1125
914 783
915 916
915 1411
916 1314
917 918
917 1323
918 228
919 213
919 920
920 872
921 922
921 1246
922 61
923 155
923 924
924 289
925 362
925 926
926 668
927 826
927 928
928 894
929 344
929 930
930 220
931 693
931 932
932 108
933 934
933 1057
934 1290
935 803
935 936
936 897
937 938
937 1026
938 52
939 940
939 1155
940 786
941 820
941 942
942 940
943 335
943 944
944 212
945 946
945 1029
946 441
947 629
947 948
948 847
949 414
949 950
950 1354
951 952
951 1304
952 96
953 817
953 954
954 152
955 156
955 956
956 1010
957 393
957 958
958 812
959 801
959 960
960 849
961 105
961 962
962 519
963 259
963 964
964 676
965 436
965 966
966 614
967 968
967 1051
968 247
969 146
969 970
970 1193
971 809
971 972
972 1033
973 974
973 1390
974 624
975 403
975 976
976 490
977 341
977 978
978 646
979 694
979 980
980 1172
981 982
981 1097
982 459
983 489
983 984
984 965
985 986
985 1138
986 112
987 988
987 1227
988 652
989 579
989 990
990 576
991 623
991 992
992 1166
993 994
993 1083
994 963
995 996
995 1117
996 518
997 267
997 998
998 888
999 867
999 1000
1000 734
1001 977
1001 1002
1002 796
1003 793
1003 1004
1004 916
1005 64
1005 1006
1006 1254
1007 1008
1007 1247
1008 738
1009 747
1009 1010
1010 1034
1011 1012
1011 1302
1012 875
1013 883
1013 1014
1014 252
1015 13
1015 1016
1016 573
1017 1018
1017 1122
1018 270
1019 451
1019 1020
1020 855
1021 1022
1021 1077
1022 822
1023 183
1023 1024
1024 554
1025 11
1025 1026
1026 1231
1027 40
1027 1028
1028 1293
1029 407
1029 1030
1030 1103
1031 674
1031 1032
1032 908
1033 355
1033 1034
1034 1410
1035 461
1035 1036
1036 1360
1037 1038
1037 1213
1038 563
1039 843
1039 1040
1040 47
1041 723
1041 1042
1042 465
1043 503
1043 1044
1044 1330
1045 182
1045 1046
1046 158
1047 60
1047 1048
1048 1210
1049 1050
1049 1108
1050 1333
1051 1052
1051 1214
1052 555
1053 218
1053 1054
1054 474
1055 1056
1055 1397
1056 1244
1057 325
1057 1058
1058 653
1059 1025
1059 1060
1060 714
1061 983
1061 1062
1062 73
1063 1064
1063 1332
1064 1164
1065 1066
1065 1242
1066 1012
1067 154
1067 1068
1068 187
1069 827
1069 1070
1070 230
1071 984
1071 1072
1072 666
1073 954
1073 1074
1074 1404
1075 491
1075 1076
1076 1362
1077 15
1077 1078
1078 202
1079 1080
1079 1239
1080 376
1081 281
1081 1082
1082 634
1083 25
1083 1084
1084 991
1085 269
1085 1086
1086 350
1087 905
1087 1088
1088 438
1089 482
1089 1090
1090 38
1091 728
1091 1092
1092 1043
1093 1094
1093 1221
1094 944
1095 989
1095 1096
1096 90
1097 1080
1097 1098
1098 886
1099 1100
1099 1101
1100 214
1101 1102
1101 1181
1102 1215
1103 1104
1103 1331
1104 30
1105 377
1105 1106
1106 1094
1107 996
1107 1108
1108 839
1109 1110
1109 1413
1110 283
1111 323
1111 1112
1112 279
1113 551
1113 1114
1114 1024
1115 265
1115 1116
1116 580
1117 1118
1117 1371
1118 900
1119 828
1119 1120
1120 688
1121 515
1121 1122
1122 947
1123 1095
1123 1124
1124 1129
1125 509
1125 1126
1126 45
1127 617
1127 1128
1128 565
1129 813
1129 1130
1130 1104
1131 170
1131 1132
1132 162
1133 1134
1133 1267
1134 610
1135 939
1135 1136
1136 746
1137 391
1137 1138
1138 1370
1139 1102
1139 1140
1140 656
1141 243
1141 1142
1142 1329
1143 3
1143 1144
1144 367
1145 4
1145 1146
1146 852
1147 885
1147 1148
1148 1058
1149 240
1149 1150
1150 256
1151 452
1151 1152
1152 896
1153 962
1153 1154
1154 351
1155 135
1155 1156
1156 476
1157 251
1157 1158
1158 1387
1159 1160
1159 1341
1160 605
1161 934
1161 1162
1162 1344
1163 985
1163 1164
1164 1260
1165 815
1165 1166
1166 784
1167 309
1167 1168
1168 427
1169 529
1169 1170
1170 599
1171 1066
1171 1172
1172 1384
1173 499
1173 1174
1174 340
1175 118
1175 1176
1176 1338
1177 1178
1177 1212
1178 607
1179 157
1179 1180
1180 879
1181 1143
1181 1182
1182 1264
1183 593
1183 1184
1184 62
1185 445
1185 1186
1186 361
1187 924
1187 1188
1188 925
1189 739
1189 1190
1190 807
1191 1169
1191 1192
1192 222
1193 1194
1193 1282
1194 927
1195 1196
1195 1395
1196 29
1197 286
1197 1198
1198 28
1199 810
1199 1200
1200 766
1201 85
1201 1202
1202 1386
1203 1204
1203 1364
1204 863
1205 609
1205 1206
1206 780
1207 915
1207 1208
1208 1313
1209 859
1209 1210
1210 878
1211 659
1211 1212
1212 5
1213 1105
1213 1214
1214 710
1215 444
1215 1216
1216 682
1217 473
1217 1218
1218 248
1219 1220
1219 1393
1220 790
1221 210
1221 1222
1222 560
1223 480
1223 1224
1224 234
1225 1183
1225 1226
1226 1038
1227 589
1227 1228
1228 504
1229 1049
1229 1230
1230 1405
1231 469
1231 1232
1232 584
1233 1059
1233 1234
1234 631
1235 291
1235 1236
1236 1278
1237 1238
1237 1241
1238 722
1239 1240
1239 1253
1240 164
1241 761
1241 1242
1242 630
1243 998
1243 1244
1244 200
1245 19
1245 1246
1246 665
1247 585
1247 1248
1248 1041
1249 433
1249 1250
1250 1064
1251 632
1251 1252
1252 911
1253 1245
1253 1254
1254 1149
1255 597
1255 1256
1256 114
1257 513
1257 1258
1258 32
1259 1092
1259 1260
1260 1262
1261 1262
1261 1373
1262 1175
1263 1216
1263 1264
1264 1056
1265 1069
1265 1266
1266 1074
1267 1035
1267 1268
1268 174
1269 1270
1269 1407
1270 670
1271 903
1271 1272
1272 880
1273 227
1273 1274
1274 1088
1275 848
1275 1276
1276 125
1277 379
1277 1278
1278 982
1279 1280
1279 1412
1280 680
1281 78
1281 1282
1282 700
1283 1073
1283 1284
1284 1324
1285 192
1285 1286
1286 564
1287 11
1287 1288
1288 898
1289 751
1289 1290
1290 941
1291 429
1291 1292
1292 633
1293 1294
1293 1369
1294 1279
1295 683
1295 1296
1296 671
1297 1298
1297 1368
1298 548
1299 5
1299 1300
1300 1308
1301 387
1301 1302
1302 999
1303 1015
1303 1304
1304 1096
1305 960
1305 1306
1306 216
1307 953
1307 1308
1308 571
1309 699
1309 1310
1310 971
1311 166
1311 1312
1312 966
1313 868
1313 1314
1314 138
1315 981
1315 1316
1316 453
1317 1318
1317 1327
1318 1053
1319 1047
1319 1320
1320 744
1321 219
1321 1322
1322 1046
1323 762
1323 1324
1324 592
1325 720
1325 1326
1326 1409
1327 51
1327 1328
1328 914
1329 472
1329 1330
1330 685
1331 857
1331 1332
1332 360
1333 1334
1333 1372
1334 386
1335 887
1335 1336
1336 18
1337 919
1337 1338
1338 832
1339 1291
1339 1340
1340 932
1341 199
1341 1342
1342 1160
1343 1168
1343 1344
1344 196
1345 440
1345 1346
1346 312
1347 223
1347 1348
1348 1176
1349 636
1349 1350
1350 1276
1351 53
1351 1352
1352 371
1353 1275
1353 1354
1354 1271
1355 435
1355 1356
1356 816
1357 845
1357 1358
1358 777
1359 298
1359 1360
1360 1072
1361 689
1361 1362
1362 1312
1363 483
1363 1364
1364 1328
1365 753
1365 1366
1366 948
1367 237
1367 1368
1368 616
1369 1167
1369 1370
1370 1147
1371 275
1371 1372
1372 1228
1373 741
1373 1374
1374 1343
1375 1236
1375 1376
1376 724
1377 488
1377 1378
1378 172
1379 9
1379 1380
1380 370
1381 1320
1381 1382
1382 1203
1383 411
1383 1384
1384 658
1385 1259
1385 1386
1386 27
1387 80
1387 1388
1388 1340
1389 1357
1389 1390
1390 369
1391 578
1391 1392
1392 1385
1393 337
1393 1394
1394 1252
1395 116
1395 1396
1396 618
1397 819
1397 1398
1398 1202
1399 165
1399 1400
1400 6
1401 449
1401 1402
1402 402
1403 771
1403 1404
1404 72
1405 290
1405 1406
1406 976
1407 1037
1407 1408
1408 718
1409 42
1409 1410
1410 864
1411 1011
1411 1412
1412 520
1413 583
1413 1414
1414 776
