0 155
0 674
1 109
1 703
3 35
3 537
4 79
4 337
5 51
6 183
8 306
8 1136
9 132
9 745
11 462
10 547
10 1270
12 1076
15 124
15 654
17 254
17 866
19 857
19 938
21 617
21 727
23 24
23 1059
24 1358
25 26
25 66
26 757
27 28
27 887
28 679
29 30
29 217
30 464
31 32
31 502
32 1060
33 34
33 150
34 1056
35 36
35 1210
36 88
37 38
37 94
38 884
39 40
39 359
40 737
41 42
41 321
42 485
43 44
43 774
44 641
45 46
45 731
46 437
47 48
47 1033
48 1244
49 50
49 605
50 1226
51 52
51 913
52 31
53 54
53 609
54 136
55 56
55 717
56 1160
57 58
57 336
58 1186
59 60
59 835
60 1133
61 62
61 573
62 63
63 64
63 750
64 1245
65 66
65 677
66 166
67 68
67 685
68 389
69 70
69 343
70 993
71 72
71 1397
72 1217
73 74
73 1068
74 982
75 76
75 611
76 773
77 78
77 892
78 246
79 80
79 1079
80 1222
81 82
81 811
82 1260
83 84
83 991
84 627
85 86
85 344
86 318
87 88
87 969
88 635
89 90
89 1099
90 574
91 92
91 1377
92 603
93 94
93 510
94 219
95 96
95 1204
96 206
97 98
97 1177
98 1061
99 100
99 1409
100 994
101 102
101 1006
102 812
103 69
103 104
104 317
105 106
105 1073
106 968
107 108
107 198
108 399
109 110
109 1259
110 1046
111 112
111 571
112 767
113 114
113 1088
114 619
115 116
115 740
116 899
117 118
117 898
118 402
119 120
119 1107
120 1255
121 122
121 349
122 1213
123 124
123 1152
124 810
125 126
125 173
126 143
127 128
127 1173
128 275
129 130
129 251
130 790
131 132
131 648
132 204
133 134
133 655
134 458
135 136
135 498
136 578
137 119
137 138
138 522
139 140
139 877
140 1336
141 142
141 320
142 1018
143 144
143 643
144 478
145 146
145 480
146 266
147 148
147 195
148 276
149 150
149 515
150 769
151 152
151 796
152 1200
153 154
153 1146
154 487
155 156
155 1241
156 849
157 158
157 545
158 672
159 160
159 1180
160 572
161 162
161 1082
162 971
163 164
163 1157
164 310
165 166
165 802
166 1273
167 6
167 168
168 787
169 170
169 459
170 735
171 172
171 871
172 666
173 174
173 775
174 289
175 176
175 903
176 518
177 178
177 1013
178 628
179 180
179 363
180 295
181 182
181 504
182 548
183 184
183 675
184 96
185 186
185 1303
186 1325
187 188
187 1045
188 52
189 190
189 900
190 298
191 192
191 1297
192 615
193 194
193 227
194 162
195 196
195 607
196 411
197 198
197 243
198 594
199 15
199 200
200 906
201 202
201 848
202 398
203 204
203 1181
204 940
205 206
205 1150
206 1280
207 208
207 334
208 512
209 210
209 1205
210 1341
211 212
211 1263
212 564
213 214
213 468
214 226
215 216
215 912
216 367
217 218
217 1141
218 941
219 220
219 448
220 38
221 222
221 265
222 990
223 224
223 1411
224 585
225 226
225 893
226 1004
227 26
227 228
228 5
229 230
229 1351
230 152
231 232
231 233
232 1347
233 156
233 234
234 229
235 236
235 1012
236 372
237 161
237 238
238 1096
239 240
239 441
240 1050
241 242
241 670
242 1271
243 244
243 420
244 989
245 246
245 930
246 277
247 50
247 248
248 987
249 250
249 559
250 743
251 252
251 1104
252 329
253 254
253 540
254 1130
255 256
255 1290
256 300
257 145
257 258
258 444
259 260
259 1236
260 387
261 262
261 514
262 809
263 264
263 636
264 184
265 266
265 412
266 842
267 268
267 708
268 874
269 270
269 492
270 434
271 272
271 988
272 606
273 274
273 1183
274 282
275 276
275 653
276 798
277 278
277 718
278 56
279 280
279 604
280 107
281 228
281 282
282 632
283 284
283 1016
284 400
285 149
285 286
286 1145
287 288
287 591
288 850
289 290
289 1294
290 694
291 292
291 693
292 267
293 294
293 453
294 60
295 296
295 429
296 550
297 298
297 907
298 1291
299 300
299 489
300 600
301 302
301 538
302 146
303 304
303 1067
304 960
305 297
305 306
306 726
307 308
307 1298
308 396
309 310
309 1383
310 260
311 312
311 782
312 586
313 93
313 314
314 1310
315 316
315 669
316 995
317 318
317 1233
318 544
319 293
319 320
320 541
321 322
321 651
322 1337
323 324
323 1292
324 158
325 249
325 326
326 1324
327 328
327 1015
328 1154
329 330
329 908
330 678
331 70
331 332
332 584
333 334
333 563
334 433
335 103
335 336
336 1249
337 338
337 1119
338 268
339 82
339 340
340 1350
341 196
341 342
342 201
343 344
343 392
344 626
345 167
345 346
346 197
347 348
347 1003
348 536
349 58
349 350
350 314
351 352
351 1192
352 208
353 354
353 1367
354 814
355 356
355 467
356 181
357 358
357 751
358 84
359 199
359 360
360 117
361 362
361 379
362 668
363 364
363 1395
364 946
365 366
365 952
366 526
367 368
367 530
368 753
369 370
369 925
370 1278
371 372
371 947
372 1274
373 374
373 1401
374 1359
375 307
375 376
376 872
377 378
377 923
378 326
379 203
379 380
380 375
381 59
381 382
382 499
383 384
383 1195
384 1057
385 386
385 1352
386 838
387 388
387 780
388 368
389 390
389 1001
390 86
391 392
391 759
392 305
393 394
393 834
394 4
395 396
395 1340
396 248
397 390
397 398
398 362
399 400
399 886
400 102
401 402
401 831
402 792
403 404
403 1235
404 417
405 406
405 483
406 714
407 294
407 408
408 1078
409 57
409 410
410 1106
411 263
411 412
412 1024
413 414
413 1386
414 1102
415 46
415 416
416 335
417 418
417 1008
418 397
419 420
419 1039
420 829
421 422
421 1248
422 1000
423 315
423 424
424 401
425 426
425 1019
426 190
427 407
427 428
428 816
429 430
429 1049
430 131
431 432
431 1243
432 1202
433 157
433 434
434 406
435 436
435 1029
436 1342
437 405
437 438
438 662
439 440
439 755
440 262
441 442
441 664
442 177
443 444
443 561
444 616
445 446
445 1002
446 794
447 448
447 557
448 1399
449 450
449 689
450 101
451 452
451 957
452 385
453 454
453 1020
454 1272
455 377
455 456
456 520
457 207
457 458
458 1042
459 1
459 460
460 1296
461 122
461 462
462 1330
463 464
463 955
464 915
465 466
465 891
466 710
467 135
467 468
468 244
469 470
469 818
470 1227
471 127
471 472
472 854
473 380
473 474
474 148
475 476
475 1158
476 14
477 478
477 1086
478 454
479 33
479 480
480 904
481 482
481 1284
482 200
483 484
483 905
484 486
485 486
485 875
486 1132
487 108
487 488
488 32
489 490
489 1085
490 1332
491 492
491 622
492 542
493 6
493 494
494 1216
495 231
495 496
496 644
497 498
497 637
498 1375
499 500
499 933
500 1089
501 209
501 502
502 910
503 466
503 504
504 164
505 506
505 1199
506 942
507 508
507 1275
508 576
509 510
509 1027
510 779
511 189
511 512
512 1334
513 338
513 514
514 1165
515 286
515 516
516 241
517 518
517 1007
518 846
519 520
519 851
520 220
521 522
521 863
522 992
523 339
523 524
524 784
525 526
525 1176
526 296
527 528
527 736
528 567
529 333
529 530
530 1404
531 435
531 532
532 369
533 534
533 789
534 222
535 129
535 536
536 484
537 538
537 1131
538 1058
539 519
539 540
540 376
541 542
541 1287
542 803
543 544
543 1087
544 983
545 546
545 660
546 1044
547 548
547 1005
548 686
549 64
549 550
550 194
551 552
551 1190
552 378
553 261
553 554
554 895
555 556
555 980
556 962
557 558
557 723
558 613
559 560
559 729
560 638
561 562
561 1251
562 451
563 394
563 564
564 620
565 566
565 1315
566 582
567 236
567 568
568 1320
569 21
569 570
570 649
571 572
571 1163
572 1032
573 574
573 937
574 505
575 576
575 1062
576 1122
577 578
577 697
578 386
579 580
579 953
580 556
581 582
581 1138
582 1120
583 584
583 837
584 1316
585 586
585 1054
586 836
587 479
587 588
588 1063
589 590
589 701
590 1193
591 592
591 1252
592 1394
593 594
593 732
594 592
595 596
595 1289
596 690
597 598
597 730
598 253
599 472
599 600
600 130
601 602
601 1011
602 713
603 604
603 1105
604 984
605 606
605 719
606 488
607 532
607 608
608 1388
609 610
609 639
610 270
611 612
611 1301
612 482
613 8
613 614
614 1092
615 616
615 977
616 308
617 232
617 618
618 860
619 171
619 620
620 1053
621 622
621 1021
622 75
623 624
623 820
624 986
625 626
625 1155
626 1175
627 628
627 1139
628 880
629 630
629 804
630 322
631 303
631 632
632 16
633 634
633 1221
634 598
635 636
635 897
636 1094
637 28
637 638
638 705
639 640
639 1242
640 1128
641 501
641 642
642 1189
643 644
643 698
644 350
645 165
645 646
646 754
647 648
647 1196
648 279
649 650
649 888
650 1026
651 652
651 865
652 776
653 9
653 654
654 285
655 656
655 695
656 370
657 457
657 658
658 539
659 543
659 660
660 569
661 662
661 1125
662 1153
663 664
663 758
664 739
665 126
665 666
666 1331
667 623
667 668
668 1074
669 670
669 733
670 323
671 395
671 672
672 682
673 589
673 674
674 909
675 555
675 676
676 29
677 421
677 678
678 22
679 680
679 1250
680 1037
681 682
681 699
682 1253
683 684
683 950
684 1162
685 686
685 1343
686 445
687 688
687 879
688 1256
689 690
689 1103
690 1269
691 692
691 1151
692 304
693 427
693 694
694 348
695 696
695 1149
696 112
697 698
697 808
698 1118
699 5
699 700
700 12
701 455
701 702
702 746
703 704
703 967
704 924
705 513
705 706
706 110
707 659
707 708
708 170
709 710
709 1198
710 1071
711 712
711 845
712 1185
713 579
713 714
714 1142
715 716
715 1406
716 1408
717 460
717 718
718 524
719 696
719 720
720 741
721 722
721 876
722 12
723 724
723 1093
724 764
725 325
725 726
726 30
727 728
727 981
728 856
729 730
729 853
730 593
731 595
731 732
732 347
733 734
733 1091
734 449
735 736
735 807
736 870
737 311
737 738
738 1268
739 740
739 1167
740 1321
741 722
741 742
742 1370
743 533
743 744
744 452
745 647
745 746
746 927
747 748
747 1357
748 1084
749 750
749 922
750 1225
751 193
751 752
752 797
753 754
753 828
754 374
755 709
755 756
756 916
757 758
757 1048
758 473
759 27
759 760
760 284
761 356
761 762
762 902
763 100
763 764
764 1075
765 766
765 1396
766 1116
767 768
767 873
768 408
769 409
769 770
770 1022
771 381
771 772
772 216
773 581
773 774
774 844
775 182
775 776
776 554
777 778
777 1223
778 1072
779 438
779 780
780 1211
781 470
781 782
782 85
783 223
783 784
784 230
785 221
785 786
786 7
787 469
787 788
788 800
789 159
789 790
790 549
791 45
791 792
792 23
793 794
793 1174
794 684
795 796
795 1083
796 1376
797 39
797 798
798 496
799 97
799 800
800 1299
801 791
801 802
802 1371
803 62
803 804
804 316
805 516
805 806
806 1035
807 808
807 1194
808 440
809 810
809 1220
810 446
811 812
811 1069
812 786
813 597
813 814
814 752
815 816
815 1191
816 1184
817 104
817 818
818 355
819 393
819 820
820 562
821 822
821 1349
822 493
823 175
823 824
824 1214
825 826
825 1234
826 1219
827 568
827 828
828 614
829 747
829 830
830 1412
831 832
831 1051
832 187
833 834
833 1362
834 89
835 137
835 836
836 264
837 838
837 945
838 1038
839 840
839 1390
840 973
841 631
841 842
842 430
843 844
843 919
844 883
845 846
845 1161
846 650
847 848
847 1333
848 788
849 169
849 850
850 1212
851 852
851 1081
852 186
853 3
853 854
854 640
855 612
855 856
856 302
857 858
857 1113
858 90
859 716
859 860
860 1254
861 625
861 862
862 416
863 864
863 1171
864 681
865 621
865 866
866 1126
867 450
867 868
868 724
869 870
869 1364
870 806
871 872
871 1028
872 1228
873 855
873 874
874 1144
875 876
875 881
876 667
877 725
877 878
878 11
879 553
879 880
880 24
881 882
881 1238
882 1392
883 342
883 884
884 410
885 121
885 886
886 1369
887 888
887 1308
888 37
889 890
889 1317
890 74
891 892
891 1187
892 1286
893 894
893 1344
894 1378
895 896
895 1031
896 830
897 898
897 1405
898 761
899 642
899 900
900 1070
901 902
901 956
902 1329
903 676
903 904
904 1304
905 327
905 906
906 1360
907 707
907 908
908 832
909 910
909 1276
910 1080
911 523
911 912
912 140
913 914
913 1148
914 340
915 916
915 1247
916 954
917 918
917 1034
918 1293
919 319
919 920
920 506
921 98
921 922
922 645
923 924
923 999
924 944
925 911
925 926
926 95
927 926
927 928
928 1413
929 930
929 1101
930 770
931 113
931 932
932 558
933 661
933 934
934 65
935 68
935 936
936 768
937 817
937 938
938 383
939 147
939 940
940 178
941 942
941 1318
942 1262
943 357
943 944
944 1355
945 447
945 946
946 646
947 83
947 948
948 1239
949 950
949 951
950 20
951 825
951 952
952 781
953 174
953 954
954 436
955 822
955 956
956 365
957 534
957 958
958 180
959 960
959 1134
960 290
961 680
961 962
962 238
963 889
963 964
964 414
965 966
965 1322
966 188
967 419
967 968
968 841
969 843
969 970
970 80
971 142
971 972
972 859
973 608
973 974
974 1264
975 976
975 1207
976 332
977 978
977 1040
978 965
979 139
979 980
980 658
981 168
981 982
982 247
983 525
983 984
984 1379
985 986
985 1114
986 476
987 964
987 988
988 490
989 990
989 1169
990 176
991 992
991 1117
992 914
993 939
993 994
994 49
995 288
995 996
996 330
997 998
997 1098
998 692
999 234
999 1000
1000 404
1001 963
1001 1002
1002 762
1003 292
1003 1004
1004 805
1005 961
1005 1006
1006 418
1007 601
1007 1008
1008 864
1009 1010
1009 1197
1010 503
1011 19
1011 1012
1012 783
1013 120
1013 1014
1014 785
1015 673
1015 1016
1016 1147
1017 813
1017 1018
1018 1218
1019 1020
1019 1179
1020 1265
1021 1022
1021 1361
1022 151
1023 358
1023 1024
1024 257
1025 978
1025 1026
1026 546
1027 1028
1027 1127
1028 491
1029 346
1029 1030
1030 73
1031 795
1031 1032
1032 894
1033 943
1033 1034
1034 1339
1035 508
1035 1036
1036 1246
1037 1038
1037 1108
1038 824
1039 105
1039 1040
1040 40
1041 1042
1041 1201
1042 341
1043 477
1043 1044
1044 456
1045 1046
1045 1203
1046 1414
1047 211
1047 1048
1048 403
1049 1014
1049 1050
1050 1368
1051 252
1051 1052
1052 1285
1053 1054
1053 1277
1054 364
1055 1056
1055 1335
1056 1400
1057 1058
1057 1257
1058 269
1059 896
1059 1060
1060 1328
1061 712
1061 1062
1062 463
1063 1064
1063 1215
1064 1282
1065 901
1065 1066
1066 587
1067 928
1067 1068
1068 958
1069 1070
1069 1231
1070 1124
1071 283
1071 1072
1072 1182
1073 1074
1073 1111
1074 959
1075 13
1075 1076
1076 972
1077 633
1077 1078
1078 141
1079 1080
1079 1387
1080 738
1081 1082
1081 1206
1082 153
1083 763
1083 1084
1084 1338
1085 711
1085 1086
1086 259
1087 799
1087 1088
1088 858
1089 72
1089 1090
1090 461
1091 382
1091 1092
1092 432
1093 847
1093 1094
1094 869
1095 1096
1095 1121
1096 1090
1097 111
1097 1098
1098 688
1099 391
1099 1100
1100 1143
1101 422
1101 1102
1102 920
1103 1104
1103 1232
1104 917
1105 772
1105 1106
1106 970
1107 87
1107 1108
1108 1066
1109 1110
1109 1209
1110 839
1111 423
1111 1112
1112 1393
1113 465
1113 1114
1114 1041
1115 629
1115 1116
1116 511
1117 443
1117 1118
1118 652
1119 1077
1119 1120
1120 1172
1121 291
1121 1122
1122 106
1123 599
1123 1124
1124 985
1125 471
1125 1126
1126 840
1127 371
1127 1128
1128 1353
1129 272
1129 1130
1130 18
1131 47
1131 1132
1132 1380
1133 979
1133 1134
1134 998
1135 1136
1135 1159
1136 1346
1137 509
1137 1138
1138 313
1139 867
1139 1140
1140 160
1141 521
1141 1142
1142 748
1143 588
1143 1144
1144 1366
1145 55
1145 1146
1146 301
1147 44
1147 1148
1148 702
1149 1150
1149 1407
1150 415
1151 439
1151 1152
1152 566
1153 1154
1153 1373
1154 1166
1155 1156
1155 1305
1156 256
1157 53
1157 1158
1158 1110
1159 1137
1159 1160
1160 154
1161 361
1161 1162
1162 742
1163 10
1163 1164
1164 360
1165 428
1165 1166
1166 997
1167 590
1167 1168
1168 749
1169 565
1169 1170
1170 42
1171 1017
1171 1172
1172 793
1173 1174
1173 1281
1174 144
1175 560
1175 1176
1176 665
1177 734
1177 1178
1178 936
1179 1180
1179 1345
1180 115
1181 819
1181 1182
1182 278
1183 281
1183 1184
1184 671
1185 777
1185 1186
1186 577
1187 1055
1187 1188
1188 99
1189 1190
1189 1410
1190 580
1191 48
1191 1192
1192 1402
1193 1194
1193 1363
1194 116
1195 1043
1195 1196
1196 354
1197 935
1197 1198
1198 948
1199 384
1199 1200
1200 778
1201 1100
1201 1202
1202 656
1203 250
1203 1204
1204 687
1205 225
1205 1206
1206 1266
1207 704
1207 1208
1208 1356
1209 1210
1209 1313
1210 1258
1211 214
1211 1212
1212 610
1213 1214
1213 1398
1214 494
1215 918
1215 1216
1216 1326
1217 934
1217 1218
1218 700
1219 1220
1219 1237
1220 125
1221 1047
1221 1222
1222 258
1223 345
1223 1224
1224 1279
1225 77
1225 1226
1226 634
1227 213
1227 1228
1228 172
1229 771
1229 1230
1230 273
1231 1232
1231 1307
1232 1391
1233 657
1233 1234
1234 255
1235 71
1235 1236
1236 43
1237 91
1237 1238
1238 1230
1239 507
1239 1240
1240 1372
1241 821
1241 1242
1242 191
1243 1112
1243 1244
1244 602
1245 852
1245 1246
1246 760
1247 1248
1247 1365
1248 1374
1249 442
1249 1250
1250 1052
1251 1252
1251 1295
1252 1327
1253 966
1253 1254
1254 1036
1255 766
1255 1256
1256 827
1257 663
1257 1258
1258 76
1259 81
1259 1260
1260 715
1261 517
1261 1262
1262 878
1263 205
1263 1264
1264 728
1265 163
1265 1266
1266 823
1267 1009
1267 1268
1268 202
1269 929
1269 1270
1270 388
1271 138
1271 1272
1272 996
1273 1170
1273 1274
1274 17
1275 531
1275 1276
1276 218
1277 1278
1277 1348
1278 11
1279 1010
1279 1280
1280 2
1281 1282
1281 1381
1282 426
1283 801
1283 1284
1284 756
1285 431
1285 1286
1286 1382
1287 123
1287 1288
1288 1306
1289 299
1289 1290
1290 570
1291 1025
1291 1292
1292 1023
1293 1294
1293 1389
1294 242
1295 239
1295 1296
1296 185
1297 309
1297 1298
1298 1135
1299 413
1299 1300
1300 245
1301 921
1301 1302
1302 481
1303 1097
1303 1304
1304 1319
1305 133
1305 1306
1306 721
1307 1095
1307 1308
1308 529
1309 235
1309 1310
1310 720
1311 1208
1311 1312
1312 324
1313 1267
1313 1314
1314 1302
1315 287
1315 1316
1316 868
1317 353
1317 1318
1318 1323
1319 240
1319 1320
1320 974
1321 815
1321 1322
1322 630
1323 210
1323 1324
1324 1314
1325 882
1325 1326
1326 271
1327 212
1327 1328
1328 312
1329 1288
1329 1330
1330 34
1331 328
1331 1332
1332 624
1333 41
1333 1334
1334 237
1335 861
1335 1336
1336 1178
1337 475
1337 1338
1338 1129
1339 497
1339 1340
1340 1164
1341 1115
1341 1342
1342 274
1343 179
1343 1344
1344 575
1345 1261
1345 1346
1346 351
1347 931
1347 1348
1348 932
1349 425
1349 1350
1350 215
1351 36
1351 1352
1352 1300
1353 975
1353 1354
1354 192
1355 114
1355 1356
1356 706
1357 1168
1357 1358
1358 474
1359 552
1359 1360
1360 618
1361 833
1361 1362
1362 67
1363 1364
1363 1403
1364 1354
1365 331
1365 1366
1366 352
1367 1309
1367 1368
1368 551
1369 54
1369 1370
1370 224
1371 1224
1371 1372
1372 78
1373 535
1373 1374
1374 134
1375 424
1375 1376
1376 1311
1377 1123
1377 1378
1378 744
1379 1312
1379 1380
1380 1156
1381 583
1381 1382
1382 527
1383 495
1383 1384
1384 862
1385 949
1385 1386
1386 683
1387 826
1387 1388
1388 1140
1389 500
1389 1390
1390 596
1391 1188
1391 1392
1392 366
1393 1064
1393 1394
1394 118
1395 1283
1395 1396
1396 61
1397 1384
1397 1398
1398 528
1399 691
1399 1400
1400 280
1401 128
1401 1402
1402 885
1403 1109
1403 1404
1404 1030
1405 25
1405 1406
1406 373
1407 1229
1407 1408
1408 1240
1409 765
1409 1410
1410 1065
1411 1385
1411 1412
1412 976
1413 92
1413 1414
1414 890
