0 979
0 1127
1 36
1 429
3 591
3 1065
4 571
4 1026
5 1138
6 276
7 153
7 730
8 111
8 330
9 617
10 1343
13 2
13 1170
15 189
15 947
17 595
17 656
19 190
19 1085
21 883
21 938
23 24
23 1295
24 256
25 26
25 1293
26 904
27 28
27 834
28 578
29 30
29 790
30 162
31 32
31 543
32 1084
33 15
33 34
34 1022
35 36
35 1193
36 695
37 38
37 1241
38 1391
39 40
39 333
40 990
41 42
41 213
42 813
43 44
43 1281
44 301
45 46
45 924
46 352
47 48
47 651
48 469
49 50
49 918
50 1116
51 52
51 57
52 457
53 54
53 597
54 1365
55 56
55 714
56 1406
57 58
57 1413
58 528
59 60
59 541
60 129
61 9
61 62
62 598
63 64
63 748
64 1409
65 66
65 751
66 672
67 68
67 1129
68 344
69 70
69 899
70 75
71 72
71 639
72 1394
73 74
73 871
74 201
75 76
75 923
76 149
77 78
77 576
78 1220
79 80
79 89
80 1021
81 82
81 605
82 661
83 84
83 211
84 1292
85 86
85 1388
86 1279
87 88
87 701
88 374
89 90
89 716
90 466
91 92
91 744
92 960
93 94
93 1017
94 575
95 96
95 1368
96 1092
97 98
97 1210
98 79
99 65
99 100
100 169
101 102
101 1370
102 1261
103 104
103 1176
104 1130
105 106
105 245
106 843
107 63
107 108
108 1183
109 110
109 1369
110 37
111 112
111 577
112 347
113 114
113 855
114 1352
115 116
115 185
116 767
117 118
117 1043
118 892
119 120
119 418
120 956
121 122
121 140
122 293
123 124
123 891
124 391
125 126
125 316
126 223
127 128
127 443
128 826
129 130
129 451
130 926
131 132
131 481
132 704
133 134
133 1286
134 888
135 136
135 903
136 914
137 138
137 1299
138 937
139 140
139 366
140 284
141 142
141 674
142 1168
143 144
143 1063
144 741
145 146
145 261
146 776
147 148
147 837
148 121
149 150
149 1174
150 1262
151 152
151 327
152 39
153 82
153 154
154 805
155 156
155 1038
156 420
157 158
157 601
158 224
159 160
159 1267
160 1289
161 162
161 625
162 972
163 164
163 688
164 386
165 166
165 535
166 910
167 168
167 1060
168 671
169 170
169 1205
170 638
171 172
171 259
172 59
173 67
173 174
174 380
175 176
175 503
176 628
177 178
177 1042
178 1182
179 180
179 362
180 1164
181 182
181 450
182 7
183 184
183 314
184 1330
185 186
185 392
186 1088
187 188
187 736
188 872
189 190
189 434
190 311
191 192
191 312
192 882
193 194
193 839
194 354
195 196
195 1102
196 774
197 133
197 198
198 593
199 200
199 1192
200 551
201 105
201 202
202 1036
203 204
203 1227
204 1134
205 206
205 1091
206 1121
207 208
207 890
208 720
209 210
209 431
210 1100
211 212
211 782
212 1236
213 214
213 436
214 346
215 93
215 216
216 974
217 81
217 218
218 60
219 220
219 927
220 407
221 222
221 747
222 394
223 224
223 648
224 66
225 226
225 424
226 676
227 228
227 287
228 488
229 230
229 773
230 482
231 232
231 545
232 582
233 234
233 1405
234 675
235 236
235 250
236 272
237 135
237 238
238 1361
239 143
239 240
240 286
241 125
241 242
242 684
243 244
243 367
244 1195
245 246
245 306
246 999
247 248
247 542
248 399
249 250
249 490
250 829
251 159
251 252
252 596
253 99
253 254
254 1400
255 256
255 268
256 1306
257 258
257 406
258 372
259 260
259 1123
260 1402
261 262
261 831
262 1110
263 264
263 361
264 949
265 266
265 448
266 10
267 268
267 273
268 1162
269 270
269 1277
270 709
271 272
271 828
272 1362
273 274
273 1345
274 194
275 276
275 1218
276 85
277 275
277 278
278 603
279 280
279 1096
280 1198
281 282
281 821
282 588
283 3
283 284
284 343
285 286
285 570
286 775
287 217
287 288
288 710
289 290
289 430
290 766
291 292
291 373
292 186
293 294
293 1080
294 197
295 219
295 296
296 850
297 298
297 317
298 1335
299 300
299 1131
300 134
301 302
301 1071
302 1024
303 304
303 449
304 504
305 47
305 306
306 705
307 308
307 1191
308 694
309 310
309 629
310 901
311 238
311 312
312 554
313 314
313 563
314 480
315 316
315 697
316 1097
317 318
317 885
318 948
319 320
319 1003
320 665
321 322
321 1120
322 912
323 294
323 324
324 1348
325 139
325 326
326 677
327 328
327 579
328 875
329 330
329 559
330 1269
331 332
331 973
332 1012
333 334
333 589
334 398
335 336
335 1334
336 982
337 329
337 338
338 951
339 340
339 1107
340 1028
341 342
341 522
342 762
343 303
343 344
344 483
345 346
345 955
346 771
347 348
347 1204
348 921
349 350
349 583
350 144
351 352
351 1149
352 146
353 354
353 1359
354 877
355 131
355 356
356 92
357 358
357 1310
358 1179
359 360
359 1148
360 997
361 362
361 1165
362 666
363 209
363 364
364 646
365 363
365 366
366 1178
367 323
367 368
368 626
369 370
369 479
370 200
371 372
371 759
372 1290
373 374
373 961
374 986
375 160
375 376
376 359
377 378
377 685
378 998
379 380
379 1004
380 1272
381 382
381 569
382 939
383 384
383 1304
384 174
385 231
385 386
386 127
387 137
387 388
388 487
389 390
389 943
390 467
391 392
391 727
392 1408
393 394
393 455
394 1247
395 281
395 396
396 249
397 398
397 845
398 400
399 400
399 754
400 1014
401 332
401 402
402 1319
403 404
403 952
404 156
405 406
405 1037
406 350
407 408
407 708
408 252
409 171
409 410
410 83
411 300
411 412
412 946
413 128
413 414
414 814
415 416
415 1113
416 1155
417 418
417 862
418 550
419 420
419 659
420 236
421 422
421 739
422 832
423 319
423 424
424 724
425 426
425 887
426 717
427 9
427 428
428 422
429 430
429 743
430 726
431 229
431 432
432 1147
433 434
433 634
434 491
435 436
435 1287
436 226
437 438
437 777
438 244
439 393
439 440
440 1342
441 388
441 442
442 136
443 30
443 444
444 302
445 205
445 446
446 115
447 448
447 1253
448 612
449 450
449 761
450 122
451 452
451 581
452 770
453 454
453 681
454 1245
455 456
455 557
456 328
457 458
457 1246
458 1206
459 175
459 460
460 958
461 462
461 1373
462 370
463 464
463 723
464 1054
465 307
465 466
466 810
467 40
467 468
468 978
469 470
469 1237
470 166
471 80
471 472
472 50
473 474
473 1351
474 84
475 110
475 476
476 1331
477 310
477 478
478 811
479 480
479 944
480 980
481 482
481 1152
482 1354
483 440
483 484
484 342
485 215
485 486
486 222
487 488
487 1217
488 1377
489 14
489 490
490 950
491 492
491 521
492 969
493 494
493 1051
494 454
495 496
495 1384
496 1410
497 498
497 1379
498 1382
499 500
499 517
500 753
501 71
501 502
502 1320
503 504
503 520
504 552
505 506
505 995
506 113
507 405
507 508
508 873
509 510
509 706
510 498
511 512
511 1283
512 848
513 514
513 1300
514 861
515 516
515 1403
516 794
517 518
517 1259
518 640
519 520
519 1303
520 320
521 499
521 522
522 587
523 283
523 524
524 1044
525 526
525 851
526 529
527 528
527 1066
528 444
529 530
529 868
530 411
531 532
531 615
532 1046
533 534
533 781
534 611
535 536
535 729
536 1258
537 538
537 623
538 1117
539 540
539 1141
540 463
541 203
541 542
542 1132
543 544
543 1151
544 341
545 546
545 610
546 132
547 51
547 548
548 192
549 550
549 902
550 1314
551 552
551 1313
552 204
553 554
553 1137
554 838
555 556
555 1055
556 983
557 558
557 572
558 860
559 560
559 957
560 1219
561 375
561 562
562 1390
563 389
563 564
564 1374
565 566
565 1050
566 292
567 568
567 1396
568 632
569 165
569 570
570 1115
571 387
571 572
572 237
573 138
573 574
574 719
575 576
575 600
576 783
577 578
577 737
578 1378
579 580
579 687
580 497
581 199
581 582
582 1322
583 584
583 964
584 494
585 586
585 1196
586 740
587 588
587 864
588 120
589 590
589 1340
590 58
591 117
591 592
592 798
593 594
593 1249
594 474
595 596
595 807
596 742
597 61
597 598
598 56
599 600
599 1062
600 803
601 547
601 602
602 940
603 505
603 604
604 1308
605 606
605 925
606 1256
607 608
607 1049
608 25
609 11
609 610
610 919
611 612
611 1339
612 643
613 614
613 962
614 1296
615 616
615 1157
616 458
617 515
617 618
618 124
619 620
619 933
620 1007
621 622
621 1112
622 942
623 220
623 624
624 636
625 523
625 626
626 756
627 49
627 628
628 1392
629 630
629 1235
630 38
631 632
631 765
632 413
633 295
633 634
634 1111
635 624
635 636
636 614
637 325
637 638
638 395
639 640
639 680
640 1273
641 642
641 981
642 852
643 509
643 644
644 932
645 462
645 646
646 1086
647 298
647 648
648 654
649 650
649 806
650 820
651 652
651 1135
652 540
653 654
653 1070
654 233
655 23
655 656
656 421
657 486
657 658
658 976
659 660
659 879
660 1411
661 561
661 662
662 16
663 296
663 664
664 1233
665 147
665 666
666 846
667 668
667 673
668 1250
669 670
669 1349
670 476
671 672
671 1387
672 28
673 674
673 1350
674 119
675 510
675 676
676 1184
677 678
677 691
678 470
679 243
679 680
680 1053
681 340
681 682
682 1006
683 297
683 684
684 693
685 70
685 686
686 1052
687 305
687 688
688 1315
689 690
689 867
690 1032
691 692
691 971
692 44
693 694
693 994
694 214
695 696
695 936
696 472
697 698
697 825
698 438
699 700
699 1337
700 29
701 702
701 1175
702 349
703 88
703 704
704 784
705 519
705 706
706 698
707 708
707 900
708 619
709 710
709 1383
710 584
711 453
711 712
712 1068
713 714
713 809
714 818
715 683
715 716
716 965
717 620
717 718
718 241
719 91
719 720
720 1058
721 722
721 1011
722 897
723 336
723 724
724 55
725 689
725 726
726 586
727 446
727 728
728 863
729 730
729 1255
730 242
731 732
731 866
732 364
733 365
733 734
734 53
735 459
735 736
736 506
737 738
737 1275
738 1187
739 740
739 1005
740 13
741 534
741 742
742 906
743 744
743 1101
744 1242
745 5
745 746
746 931
747 748
747 963
748 1294
749 750
749 1209
750 1030
751 699
751 752
752 917
753 653
753 754
754 599
755 756
755 1271
756 324
757 758
757 792
758 954
759 749
759 760
760 725
761 315
761 762
762 225
763 285
763 764
764 1232
765 471
765 766
766 1276
767 768
767 1186
768 318
769 770
769 1041
770 46
771 772
771 1016
772 1108
773 193
773 774
774 886
775 34
775 776
776 1257
777 98
777 778
778 356
779 780
779 1222
780 536
781 782
781 984
782 853
783 784
783 1282
784 78
785 786
785 1203
786 1142
787 788
787 881
788 41
789 313
789 790
790 145
791 792
791 1366
792 920
793 794
793 1136
794 403
795 796
795 1099
796 404
797 507
797 798
798 1034
799 178
799 800
800 1018
801 802
801 1153
802 678
803 804
803 1328
804 1212
805 806
805 1073
806 1338
807 321
807 808
808 1035
809 810
809 1075
810 102
811 173
811 812
812 757
813 667
813 814
814 460
815 5
815 816
816 1312
817 172
817 818
818 530
819 820
819 874
820 1114
821 815
821 822
822 764
823 299
823 824
824 500
825 291
825 826
826 1260
827 692
827 828
828 1090
829 657
829 830
830 922
831 514
831 832
832 622
833 834
833 1027
834 618
835 556
835 836
836 265
837 465
837 838
838 508
839 573
839 840
840 1288
841 90
841 842
842 878
843 235
843 844
844 560
845 216
845 846
846 1336
847 848
847 1215
848 484
849 493
849 850
850 369
851 852
851 1172
852 468
853 427
853 854
854 456
855 258
855 856
856 650
857 858
857 1201
858 1280
859 95
859 860
860 248
861 862
861 1163
862 1008
863 544
863 864
864 711
865 866
865 935
866 425
867 868
867 1208
868 795
869 870
869 1385
870 1189
871 267
871 872
872 1412
873 574
873 874
874 746
875 18
875 876
876 234
877 702
877 878
878 495
879 880
879 1327
880 1316
881 836
881 882
882 842
883 645
883 884
884 187
885 555
885 886
886 96
887 655
887 888
888 240
889 890
889 1407
890 718
891 892
891 941
892 112
893 894
893 1291
894 738
895 896
895 1401
896 791
897 847
897 898
898 401
899 900
899 1239
900 1268
901 902
901 1177
902 435
903 904
903 1031
904 732
905 793
905 906
906 416
907 703
907 908
908 279
909 402
909 910
910 304
911 377
911 912
912 42
913 914
913 1285
914 1225
915 916
915 1057
916 1106
917 426
917 918
918 52
919 920
919 1325
920 712
921 922
921 996
922 282
923 17
923 924
924 177
925 277
925 926
926 604
927 823
927 928
928 382
929 4
929 930
930 148
931 266
931 932
932 1298
933 934
933 1213
934 72
935 731
935 936
936 580
937 938
937 1305
938 263
939 940
939 1346
940 1364
941 20
941 942
942 1224
943 501
943 944
944 1321
945 772
945 946
946 1020
947 948
947 1126
948 1098
949 950
949 1156
950 12
951 158
951 952
952 334
953 322
953 954
954 212
955 808
955 956
956 880
957 849
957 958
958 264
959 960
959 1150
960 1158
961 962
961 1089
962 1333
963 964
963 1353
964 750
965 345
965 966
966 106
967 968
967 1238
968 518
969 970
969 1039
970 1202
971 606
971 972
972 206
973 339
973 974
974 1087
975 976
975 1367
976 54
977 978
977 1023
978 257
979 980
979 1029
980 247
981 982
981 1013
982 819
983 984
983 1069
984 182
985 397
985 986
986 191
987 390
987 988
988 568
989 161
989 990
990 1278
991 907
991 992
992 1376
993 994
993 1081
994 168
995 48
995 996
996 77
997 959
997 998
998 1074
999 371
999 1000
1000 1154
1001 1002
1001 1019
1002 1389
1003 1004
1003 1265
1004 1307
1005 269
1005 1006
1006 627
1007 202
1007 1008
1008 118
1009 239
1009 1010
1010 1145
1011 833
1011 1012
1012 1200
1013 87
1013 1014
1014 414
1015 253
1015 1016
1016 1344
1017 1018
1017 1143
1018 184
1019 1
1019 1020
1020 876
1021 908
1021 1022
1022 644
1023 786
1023 1024
1024 496
1025 1001
1025 1026
1026 1323
1027 513
1027 1028
1028 1380
1029 1030
1029 1375
1030 27
1031 1032
1031 1357
1032 360
1033 196
1033 1034
1034 630
1035 428
1035 1036
1036 953
1037 1038
1037 1139
1038 475
1039 562
1039 1040
1040 368
1041 221
1041 1042
1042 909
1043 1044
1043 1397
1044 114
1045 383
1045 1046
1046 22
1047 154
1047 1048
1048 526
1049 975
1049 1050
1050 801
1051 409
1051 1052
1052 945
1053 607
1053 1054
1054 1318
1055 865
1055 1056
1056 854
1057 1058
1057 1199
1058 183
1059 929
1059 1060
1060 1393
1061 442
1061 1062
1062 94
1063 1064
1063 1180
1064 745
1065 1059
1065 1066
1066 985
1067 752
1067 1068
1068 558
1069 473
1069 1070
1070 992
1071 967
1071 1072
1072 1386
1073 734
1073 1074
1074 1167
1075 789
1075 1076
1076 817
1077 966
1077 1078
1078 6
1079 326
1079 1080
1080 1234
1081 123
1081 1082
1082 1358
1083 31
1083 1084
1084 824
1085 735
1085 1086
1086 150
1087 35
1087 1088
1088 179
1089 533
1089 1090
1090 800
1091 163
1091 1092
1092 116
1093 358
1093 1094
1094 642
1095 987
1095 1096
1096 26
1097 1098
1097 1128
1098 844
1099 1100
1099 1363
1100 858
1101 69
1101 1102
1102 433
1103 1047
1103 1104
1104 103
1105 288
1105 1106
1106 796
1107 461
1107 1108
1108 652
1109 663
1109 1110
1110 1093
1111 439
1111 1112
1112 164
1113 151
1113 1114
1114 210
1115 432
1115 1116
1116 271
1117 1118
1117 1399
1118 108
1119 553
1119 1120
1120 1045
1121 1122
1121 1270
1122 1301
1123 423
1123 1124
1124 157
1125 19
1125 1126
1126 769
1127 633
1127 1128
1128 376
1129 419
1129 1130
1130 1216
1131 447
1131 1132
1132 308
1133 1076
1133 1134
1134 532
1135 477
1135 1136
1136 1160
1137 722
1137 1138
1138 1243
1139 869
1139 1140
1140 1230
1141 525
1141 1142
1142 889
1143 1083
1143 1144
1144 616
1145 812
1145 1146
1146 840
1147 930
1147 1148
1148 566
1149 567
1149 1150
1150 1356
1151 1152
1151 1207
1152 637
1153 8
1153 1154
1154 893
1155 24
1155 1156
1156 1056
1157 1158
1157 1231
1158 682
1159 441
1159 1160
1160 1297
1161 227
1161 1162
1162 827
1163 608
1163 1164
1164 1332
1165 621
1165 1166
1166 32
1167 1010
1167 1168
1168 188
1169 916
1169 1170
1170 1040
1171 989
1171 1172
1172 905
1173 331
1173 1174
1174 1197
1175 1173
1175 1176
1176 33
1177 167
1177 1178
1178 1061
1179 1180
1179 1381
1180 512
1181 1015
1181 1182
1182 816
1183 564
1183 1184
1184 804
1185 251
1185 1186
1186 548
1187 68
1187 1188
1188 585
1189 381
1189 1190
1190 218
1191 993
1191 1192
1192 1002
1193 1048
1193 1194
1194 230
1195 10
1195 1196
1196 104
1197 721
1197 1198
1198 668
1199 1079
1199 1200
1200 207
1201 260
1201 1202
1202 1077
1203 911
1203 1204
1204 255
1205 1206
1205 1371
1206 1146
1207 100
1207 1208
1208 787
1209 155
1209 1210
1210 609
1211 489
1211 1212
1212 662
1213 755
1213 1214
1214 934
1215 527
1215 1216
1216 180
1217 537
1217 1218
1218 445
1219 1220
1219 1240
1220 1274
1221 592
1221 1222
1222 1194
1223 733
1223 1224
1224 335
1225 1103
1225 1226
1226 785
1227 278
1227 1228
1228 232
1229 538
1229 1230
1230 1248
1231 73
1231 1232
1232 1221
1233 835
1233 1234
1234 1284
1235 485
1235 1236
1236 546
1237 97
1237 1238
1238 396
1239 246
1239 1240
1240 1360
1241 664
1241 1242
1242 437
1243 928
1243 1244
1244 176
1245 779
1245 1246
1246 660
1247 690
1247 1248
1248 130
1249 141
1249 1250
1250 758
1251 797
1251 1252
1252 417
1253 337
1253 1254
1254 1372
1255 1159
1255 1256
1256 379
1257 1169
1257 1258
1258 289
1259 1260
1259 1404
1260 280
1261 170
1261 1262
1262 1064
1263 101
1263 1264
1264 254
1265 415
1265 1266
1266 1122
1267 1109
1267 1268
1268 181
1269 539
1269 1270
1270 351
1271 1272
1271 1309
1272 968
1273 464
1273 1274
1274 86
1275 355
1275 1276
1276 378
1277 857
1277 1278
1278 1000
1279 856
1279 1280
1280 412
1281 1282
1281 1355
1282 830
1283 1185
1283 1284
1284 760
1285 679
1285 1286
1286 478
1287 1288
1287 1414
1288 1266
1289 1214
1289 1290
1290 778
1291 647
1291 1292
1292 1105
1293 1095
1293 1294
1294 898
1295 511
1295 1296
1296 1188
1297 707
1297 1298
1298 658
1299 353
1299 1300
1300 1263
1301 142
1301 1302
1302 1244
1303 641
1303 1304
1304 1125
1305 1161
1305 1306
1306 696
1307 43
1307 1308
1308 452
1309 1124
1309 1310
1310 385
1311 309
1311 1312
1312 290
1313 1104
1313 1314
1314 384
1315 549
1315 1316
1316 408
1317 788
1317 1318
1318 859
1319 594
1319 1320
1320 768
1321 1251
1321 1322
1322 728
1323 713
1323 1324
1324 1067
1325 152
1325 1326
1326 126
1327 915
1327 1328
1328 348
1329 1330
1329 1398
1330 502
1331 1252
1331 1332
1332 1078
1333 357
1333 1334
1334 270
1335 991
1335 1336
1336 208
1337 1171
1337 1338
1338 894
1339 1166
1339 1340
1340 1329
1341 410
1341 1342
1342 64
1343 649
1343 1344
1344 198
1345 669
1345 1346
1346 1094
1347 822
1347 1348
1348 1118
1349 1025
1349 1350
1350 262
1351 1352
1351 1395
1352 970
1353 1324
1353 1354
1354 1082
1355 1190
1355 1356
1356 635
1357 565
1357 1358
1358 1254
1359 1311
1359 1360
1360 1144
1361 1033
1361 1362
1362 802
1363 895
1363 1364
1364 492
1365 1140
1365 1366
1366 799
1367 76
1367 1368
1368 1347
1369 870
1369 1370
1370 1119
1371 74
1371 1372
1372 6
1373 715
1373 1374
1374 1326
1375 1181
1375 1376
1376 602
1377 780
1377 1378
1378 896
1379 763
1379 1380
1380 45
1381 631
1381 1382
1382 1264
1383 1317
1383 1384
1384 884
1385 109
1385 1386
1386 1228
1387 1229
1387 1388
1388 228
1389 274
1389 1390
1390 107
1391 1072
1391 1392
1392 988
1393 531
1393 1394
1394 1341
1395 195
1395 1396
1396 1009
1397 913
1397 1398
1398 524
1399 686
1399 1400
1400 590
1401 613
1401 1402
1402 21
1403 977
1403 1404
1404 700
1405 338
1405 1406
1406 1211
1407 1133
1407 1408
1408 841
1409 670
1409 1410
1410 62
1411 516
1411 1412
1412 1302
1413 1223
1413 1414
1414 1226
