0 115
0 609
1 171
1 625
3 341
3 727
4 1023
4 1055
5 759
6 1080
7 269
7 1016
9 1273
9 1335
11 156
10 844
10 1275
12 768
15 1007
15 1113
17 541
17 1104
19 41
19 897
21 118
21 1178
23 24
23 86
24 1140
25 26
25 1034
26 1344
27 28
27 987
28 839
29 30
29 1151
30 1340
31 32
31 1296
32 680
33 34
33 847
34 763
35 36
35 127
36 220
37 38
37 1085
38 1196
39 40
39 119
40 56
41 42
41 1321
42 901
43 44
43 566
44 575
45 46
45 864
46 188
47 48
47 221
48 520
49 50
49 979
50 1052
51 52
51 569
52 981
53 54
53 421
54 469
55 56
55 522
56 1213
57 51
57 58
58 200
59 60
59 925
60 796
61 62
61 1030
62 172
63 64
63 900
64 1310
65 66
65 704
66 824
67 68
67 539
68 688
69 70
69 745
70 168
71 72
71 999
72 711
73 74
73 1295
74 207
75 76
75 849
76 94
77 78
77 1103
78 1326
79 80
79 559
80 726
81 82
81 245
82 1330
83 84
83 354
84 1256
85 86
85 976
86 380
87 88
87 307
88 322
89 90
89 202
90 1006
91 92
91 831
92 1303
93 94
93 98
94 413
95 96
95 1343
96 228
97 98
97 939
98 1233
99 100
99 781
100 638
101 102
101 1225
102 498
103 104
103 605
104 1109
105 106
105 1107
106 893
107 108
107 1141
108 1156
109 110
109 1277
110 211
111 112
111 489
112 1039
113 114
113 144
114 6
115 116
115 639
116 664
117 118
117 978
118 994
119 120
119 1067
120 698
121 122
121 339
122 385
123 124
123 872
124 1076
125 126
125 929
126 313
127 128
127 885
128 573
129 130
129 331
130 998
131 132
131 989
132 961
133 134
133 379
134 866
135 136
135 263
136 478
137 138
137 591
138 10
139 140
139 1116
140 1127
141 142
141 485
142 1398
143 144
143 222
144 533
145 146
145 1199
146 579
147 148
147 152
148 332
149 150
149 561
150 11
151 2
151 152
152 236
153 154
153 707
154 22
155 40
155 156
156 812
157 158
157 417
158 361
159 160
159 715
160 518
161 162
161 1255
162 6
163 164
163 531
164 1293
165 4
165 166
166 1171
167 168
167 947
168 66
169 170
169 490
170 154
171 172
171 1197
172 527
173 174
173 1071
174 906
175 142
175 176
176 858
177 178
177 558
178 587
179 180
179 967
180 1021
181 182
181 1111
182 590
183 184
183 771
184 1125
185 186
185 406
186 744
187 188
187 374
188 1284
189 190
189 735
190 392
191 192
191 746
192 1359
193 194
193 1395
194 1058
195 196
195 409
196 439
197 198
197 758
198 24
199 200
199 611
200 184
201 202
201 334
202 306
203 204
203 1251
204 1108
205 206
205 1240
206 124
207 208
207 314
208 730
209 210
209 856
210 524
211 212
211 1206
212 1207
213 214
213 903
214 159
215 216
215 1299
216 1286
217 218
217 483
218 760
219 67
219 220
220 494
221 206
221 222
222 1012
223 224
223 791
224 626
225 226
225 1269
226 146
227 93
227 228
228 412
229 230
229 345
230 394
231 232
231 797
232 1182
233 234
233 468
234 1134
235 236
235 250
236 362
237 238
237 427
238 665
239 240
239 962
240 346
241 76
241 242
242 1186
243 5
243 244
244 692
245 246
245 1402
246 1192
247 248
247 706
248 788
249 250
249 391
250 604
251 252
251 700
252 736
253 100
253 254
254 1320
255 33
255 256
256 25
257 258
257 1002
258 1038
259 248
259 260
260 18
261 21
261 262
262 924
263 264
263 1137
264 450
265 266
265 1376
266 1313
267 179
267 268
268 114
269 270
269 1341
270 699
271 272
271 708
272 1272
273 274
273 1224
274 630
275 276
275 1401
276 464
277 278
277 843
278 593
279 280
279 1347
280 1408
281 282
281 891
282 669
283 284
283 631
284 716
285 57
285 286
286 1316
287 288
287 1306
288 1382
289 290
289 681
290 278
291 292
291 600
292 82
293 294
293 818
294 398
295 296
295 1005
296 1366
297 298
297 830
298 249
299 300
299 529
300 774
301 71
301 302
302 678
303 304
303 659
304 1069
305 306
305 1254
306 886
307 308
307 599
308 1122
309 310
309 749
310 244
311 312
311 686
312 1292
313 289
313 314
314 422
315 316
315 601
316 1004
317 318
317 545
318 506
319 320
319 452
320 1227
321 322
321 1329
322 197
323 324
323 1074
324 1361
325 326
325 1019
326 1404
327 328
327 461
328 169
329 134
329 330
330 1027
331 332
331 1078
332 1043
333 334
333 1175
334 1333
335 336
335 577
336 273
337 338
337 780
338 635
339 340
339 907
340 1212
341 283
341 342
342 199
343 344
343 761
344 44
345 81
345 346
346 11
347 348
347 1194
348 990
349 350
349 855
350 34
351 344
351 352
352 1082
353 354
353 911
354 1223
355 356
355 975
356 434
357 358
357 789
358 647
359 360
359 1278
360 1100
361 362
361 970
362 340
363 364
363 930
364 1201
365 366
365 1400
366 586
367 135
367 368
368 47
369 370
369 667
370 828
371 372
371 859
372 534
373 323
373 374
374 905
375 376
375 743
376 823
377 378
377 1139
378 535
379 35
379 380
380 888
381 382
381 956
382 714
383 384
383 1049
384 1096
385 351
385 386
386 1334
387 388
387 1406
388 1081
389 390
389 655
390 268
391 89
391 392
392 229
393 394
393 871
394 162
395 396
395 1041
396 1412
397 398
397 1138
398 84
399 400
399 437
400 811
401 259
401 402
402 652
403 404
403 1261
404 1087
405 406
405 1093
406 1119
407 408
407 786
408 1388
409 7
409 410
410 85
411 412
411 1057
412 1144
413 414
413 883
414 944
415 378
415 416
416 130
417 418
417 879
418 1014
419 420
419 881
420 1149
421 422
421 633
422 1298
423 157
423 424
424 88
425 426
425 1346
426 813
427 1
427 428
428 870
429 430
429 1020
430 330
431 432
431 951
432 60
433 95
433 434
434 1159
435 436
435 816
436 576
437 23
437 438
438 542
439 106
439 440
440 319
441 442
441 1263
442 73
443 390
443 444
444 1332
445 432
445 446
446 1062
447 303
447 448
448 151
449 450
449 1142
450 637
451 452
451 1362
452 336
453 454
453 1051
454 318
455 456
455 909
456 959
457 458
457 713
458 20
459 139
459 460
460 1328
461 429
461 462
462 546
463 459
463 464
464 1095
465 224
465 466
466 1188
467 468
467 919
468 641
469 470
469 1106
470 868
471 246
471 472
472 491
473 212
473 474
474 304
475 476
475 615
476 1063
477 227
477 478
478 964
479 480
479 1152
480 1217
481 482
481 1154
482 148
483 484
483 1363
484 853
485 486
485 1003
486 69
487 488
487 985
488 525
489 490
489 721
490 733
491 492
491 756
492 1262
493 311
493 494
494 845
495 496
495 833
496 1222
497 498
497 1285
498 563
499 500
499 817
500 740
501 204
501 502
502 741
503 504
503 1234
504 401
505 506
505 1220
506 32
507 508
507 773
508 251
509 327
509 510
510 58
511 373
511 512
512 280
513 514
513 719
514 174
515 516
515 1283
516 1090
517 518
517 722
518 932
519 520
519 538
520 292
521 87
521 522
522 298
523 524
523 620
524 937
525 196
525 526
526 116
527 528
527 848
528 397
529 30
529 530
530 676
531 203
531 532
532 15
533 534
533 857
534 738
535 536
535 895
536 977
537 538
537 898
538 804
539 540
539 1164
540 654
541 542
541 627
542 173
543 544
543 687
544 1211
545 546
545 1383
546 239
547 548
547 666
548 192
549 325
549 550
550 617
551 552
551 737
552 1198
553 554
553 1086
554 1184
555 556
555 827
556 128
557 558
557 1193
558 62
559 560
559 1190
560 1028
561 562
561 1215
562 1146
563 253
563 564
564 1294
565 68
565 566
566 1022
567 415
567 568
568 1126
569 570
569 946
570 445
571 572
571 1060
572 423
573 553
573 574
574 1307
575 576
575 954
576 766
577 578
577 1059
578 1247
579 329
579 580
580 1291
581 582
581 787
582 404
583 584
583 651
584 1092
585 586
585 1297
586 1274
587 72
587 588
588 284
589 388
589 590
590 418
591 592
591 739
592 430
593 352
593 594
594 742
595 17
595 596
596 899
597 598
597 867
598 1088
599 600
599 702
600 180
601 602
601 1301
602 472
603 604
603 1312
604 718
605 367
605 606
606 1203
607 608
607 986
608 402
609 281
609 610
610 355
611 612
611 1091
612 908
613 486
613 614
614 238
615 425
615 616
616 407
617 618
617 712
618 846
619 453
619 620
620 1009
621 265
621 622
622 1160
623 624
623 703
624 1128
625 626
625 837
626 310
627 628
627 1242
628 1036
629 160
629 630
630 658
631 537
631 632
632 621
633 426
633 634
634 1413
635 540
635 636
636 1370
637 638
637 1323
638 28
639 640
639 779
640 869
641 370
641 642
642 63
643 27
643 644
644 49
645 5
645 646
646 65
647 636
647 648
648 526
649 650
649 690
650 123
651 652
651 674
652 772
653 438
653 654
654 1037
655 441
655 656
656 966
657 64
657 658
658 1228
659 335
659 660
660 657
661 277
661 662
662 1148
663 664
663 1358
664 694
665 126
665 666
666 1099
667 97
667 668
668 963
669 670
669 965
670 78
671 672
671 1195
672 982
673 131
673 674
674 1219
675 676
675 783
676 96
677 297
677 678
678 822
679 517
679 680
680 571
681 393
681 682
682 201
683 684
683 1221
684 185
685 686
685 1015
686 1045
687 109
687 688
688 992
689 301
689 690
690 375
691 692
691 1322
692 764
693 61
693 694
694 300
695 77
695 696
696 255
697 644
697 698
698 140
699 190
699 700
700 877
701 702
701 1187
702 923
703 136
703 704
704 359
705 457
705 706
706 1380
707 708
707 1183
708 1017
709 642
709 710
710 1010
711 712
711 1176
712 164
713 714
713 1191
714 1356
715 716
715 802
716 916
717 521
717 718
718 862
719 720
719 799
720 1173
721 649
721 722
722 821
723 395
723 724
724 122
725 726
725 800
726 568
727 39
727 728
728 910
729 488
729 730
730 894
731 585
731 732
732 1040
733 634
733 734
734 1394
735 736
735 1351
736 209
737 181
737 738
738 1150
739 740
739 1029
740 997
741 532
741 742
742 500
743 677
743 744
744 74
745 746
745 1270
746 958
747 187
747 748
748 536
749 691
749 750
750 107
751 543
751 752
752 1105
753 342
753 754
754 102
755 682
755 756
756 622
757 758
757 1112
758 234
759 760
759 926
760 348
761 487
761 762
762 176
763 279
763 764
764 337
765 189
765 766
766 1120
767 37
767 768
768 974
769 507
769 770
770 42
771 673
771 772
772 836
773 774
773 1073
774 198
775 455
775 776
776 447
777 473
777 778
778 384
779 606
779 780
780 1079
781 232
781 782
782 149
783 784
783 1308
784 972
785 786
785 803
786 1386
787 285
787 788
788 934
789 790
789 1172
790 1167
791 792
791 1377
792 801
793 794
793 1280
794 242
795 55
795 796
796 583
797 411
797 798
798 854
799 670
799 800
800 381
801 802
801 1231
802 1302
803 804
803 809
804 105
805 275
805 806
806 512
807 808
807 991
808 840
809 810
809 832
810 210
811 580
811 812
812 1008
813 814
813 1158
814 1102
815 163
815 816
816 92
817 818
817 1133
818 254
819 679
819 820
820 45
821 493
821 822
822 980
823 231
823 824
824 762
825 433
825 826
826 1042
827 828
827 940
828 973
829 389
829 830
830 896
831 832
831 1163
832 141
833 479
833 834
834 1267
835 836
835 1311
836 43
837 838
837 1235
838 1336
839 138
839 840
840 112
841 842
841 865
842 588
843 844
843 1053
844 1396
845 684
845 846
846 1355
847 167
847 848
848 31
849 850
849 1367
850 282
851 475
851 852
852 1174
853 854
853 1352
854 914
855 856
855 1033
856 983
857 858
857 1369
858 1136
859 103
859 860
860 504
861 619
861 862
862 1243
863 668
863 864
864 693
865 866
865 1209
866 1374
867 293
867 868
868 458
869 870
869 1050
870 648
871 396
871 872
872 662
873 440
873 874
874 1250
875 54
875 876
876 1338
877 878
877 1214
878 1232
879 880
879 1046
880 466
881 882
881 1181
882 1054
883 717
883 884
884 570
885 695
885 886
886 1360
887 888
887 1047
888 271
889 419
889 890
890 1348
891 892
891 917
892 1364
893 838
893 894
894 1229
895 387
895 896
896 941
897 333
897 898
898 1130
899 748
899 900
900 675
901 902
901 1264
902 938
903 592
903 904
904 1064
905 906
905 1315
906 1230
907 908
907 1097
908 1098
909 3
909 910
910 1210
911 912
911 948
912 1124
913 710
913 914
914 873
915 916
915 1094
916 448
917 918
917 1145
918 1169
919 920
919 1387
920 247
921 785
921 922
922 1177
923 29
923 924
924 1189
925 555
925 926
926 567
927 928
927 1226
928 46
929 930
929 1266
930 1282
931 912
931 932
932 1072
933 12
933 934
934 734
935 936
935 1397
936 449
937 12
937 938
938 950
939 237
939 940
940 1157
941 195
941 942
942 262
943 451
943 944
944 640
945 369
945 946
946 1239
947 315
947 948
948 1249
949 950
949 1384
950 274
951 463
951 952
952 731
953 349
953 954
954 150
955 825
955 956
956 414
957 462
957 958
958 446
959 819
959 960
960 784
961 366
961 962
962 1392
963 964
963 1031
964 806
965 966
965 1309
966 471
967 515
967 968
968 1350
969 751
969 970
970 501
971 113
971 972
972 608
973 305
973 974
974 1143
975 976
975 1118
976 709
977 978
977 1371
978 363
979 790
979 980
980 890
981 358
981 982
982 1271
983 596
983 984
984 1208
985 915
985 986
986 400
987 697
987 988
988 918
989 990
989 1399
990 1314
991 460
991 992
992 482
993 994
993 1001
994 191
995 578
995 996
996 509
997 14
997 998
998 720
999 969
999 1000
1000 223
1001 1002
1001 1357
1002 913
1003 701
1003 1004
1004 1165
1005 889
1005 1006
1006 79
1007 1008
1007 1304
1008 1026
1009 1010
1009 1368
1010 288
1011 1012
1011 1200
1012 623
1013 1014
1013 1389
1014 360
1015 353
1015 1016
1016 661
1017 420
1017 1018
1018 1342
1019 1020
1019 1129
1020 1246
1021 1022
1021 1281
1022 1044
1023 1024
1023 1131
1024 1378
1025 892
1025 1026
1026 80
1027 1028
1027 1147
1028 612
1029 1030
1029 1068
1030 350
1031 225
1031 1032
1032 386
1033 1034
1033 1121
1034 645
1035 1036
1035 1327
1036 1162
1037 610
1037 1038
1038 382
1039 1040
1039 1236
1040 1238
1041 815
1041 1042
1042 1331
1043 1044
1043 1244
1044 290
1045 776
1045 1046
1046 850
1047 955
1047 1048
1048 13
1049 477
1049 1050
1050 326
1051 166
1051 1052
1052 1287
1053 595
1053 1054
1054 52
1055 1056
1055 1411
1056 511
1057 357
1057 1058
1058 597
1059 1060
1059 1325
1060 544
1061 177
1061 1062
1062 902
1063 960
1063 1064
1064 928
1065 1066
1065 1179
1066 474
1067 481
1067 1068
1068 1117
1069 216
1069 1070
1070 294
1071 338
1071 1072
1072 554
1073 557
1073 1074
1074 523
1075 243
1075 1076
1076 607
1077 59
1077 1078
1078 286
1079 1080
1079 1409
1080 878
1081 842
1081 1082
1082 874
1083 953
1083 1084
1084 257
1085 1086
1085 1349
1086 988
1087 1088
1087 1375
1088 860
1089 53
1089 1090
1090 547
1091 219
1091 1092
1092 170
1093 1065
1093 1094
1094 36
1095 1083
1095 1096
1096 312
1097 572
1097 1098
1098 416
1099 90
1099 1100
1100 732
1101 1102
1101 1161
1102 321
1103 1104
1103 1353
1104 1253
1105 145
1105 1106
1106 1248
1107 516
1107 1108
1108 372
1109 1110
1109 1365
1110 656
1111 1112
1111 1237
1112 125
1113 755
1113 1114
1114 628
1115 922
1115 1116
1116 75
1117 1118
1117 1319
1118 552
1119 1120
1119 1381
1120 218
1121 1075
1121 1122
1122 1066
1123 217
1123 1124
1124 26
1125 548
1125 1126
1126 904
1127 508
1127 1128
1128 8
1129 752
1129 1130
1130 252
1131 467
1131 1132
1132 1018
1133 884
1133 1134
1134 1216
1135 1136
1135 1414
1136 510
1137 1138
1137 1265
1138 70
1139 689
1139 1140
1140 302
1141 971
1141 1142
1142 753
1143 454
1143 1144
1144 528
1145 1146
1145 1257
1146 1290
1147 653
1147 1148
1148 594
1149 1150
1149 1410
1150 793
1151 767
1151 1152
1152 1252
1153 1123
1153 1154
1154 921
1155 949
1155 1156
1156 1110
1157 377
1157 1158
1158 496
1159 650
1159 1160
1160 1288
1161 405
1161 1162
1162 1258
1163 805
1163 1164
1164 38
1165 672
1165 1166
1166 1114
1167 1168
1167 1245
1168 584
1169 120
1169 1170
1170 876
1171 19
1171 1172
1172 1337
1173 428
1173 1174
1174 320
1175 261
1175 1176
1176 226
1177 1178
1177 1345
1178 1000
1179 613
1179 1180
1180 1260
1181 1182
1181 1205
1182 616
1183 230
1183 1184
1184 132
1185 562
1185 1186
1186 984
1187 276
1187 1188
1188 778
1189 343
1189 1190
1190 1393
1191 887
1191 1192
1192 807
1193 256
1193 1194
1194 117
1195 480
1195 1196
1196 266
1197 1198
1197 1259
1198 943
1199 456
1199 1200
1200 233
1201 632
1201 1202
1202 260
1203 1056
1203 1204
1204 258
1205 1153
1205 1206
1206 1101
1207 83
1207 1208
1208 476
1209 723
1209 1210
1210 1132
1211 646
1211 1212
1212 240
1213 1089
1213 1214
1214 1155
1215 1216
1215 1305
1216 624
1217 875
1217 1218
1218 443
1219 153
1219 1220
1220 408
1221 952
1221 1222
1222 175
1223 213
1223 1224
1224 564
1225 603
1225 1226
1226 957
1227 1228
1227 1324
1228 296
1229 1230
1229 1276
1230 560
1231 270
1231 1232
1232 1025
1233 484
1233 1234
1234 9
1235 133
1235 1236
1236 1372
1237 371
1237 1238
1238 444
1239 551
1239 1240
1240 582
1241 91
1241 1242
1242 851
1243 794
1243 1244
1244 492
1245 215
1245 1246
1246 291
1247 1061
1247 1248
1248 750
1249 835
1249 1250
1250 1300
1251 1252
1251 1373
1252 178
1253 376
1253 1254
1254 465
1255 435
1255 1256
1256 208
1257 295
1257 1258
1258 728
1259 696
1259 1260
1260 364
1261 205
1261 1262
1262 1202
1263 183
1263 1264
1264 365
1265 241
1265 1266
1266 495
1267 503
1267 1268
1268 777
1269 765
1269 1270
1270 1268
1271 589
1271 1272
1272 530
1273 671
1273 1274
1274 287
1275 299
1275 1276
1276 436
1277 861
1277 1278
1278 1185
1279 1135
1279 1280
1280 108
1281 143
1281 1282
1282 574
1283 841
1283 1284
1284 798
1285 1286
1285 1289
1286 1180
1287 309
1287 1288
1288 147
1289 155
1289 1290
1290 356
1291 410
1291 1292
1292 602
1293 403
1293 1294
1294 1070
1295 995
1295 1296
1296 792
1297 770
1297 1298
1298 121
1299 1300
1299 1379
1300 424
1301 1115
1301 1302
1302 810
1303 614
1303 1304
1304 48
1305 1218
1305 1306
1306 470
1307 1308
1307 1354
1308 158
1309 882
1309 1310
1310 16
1311 829
1311 1312
1312 442
1313 565
1313 1314
1314 514
1315 383
1315 1316
1316 933
1317 1318
1317 1405
1318 795
1319 663
1319 1320
1320 729
1321 50
1321 1322
1322 1318
1323 814
1323 1324
1324 1048
1325 267
1325 1326
1326 550
1327 826
1327 1328
1328 808
1329 399
1329 1330
1330 235
1331 968
1331 1332
1332 1168
1333 660
1333 1334
1334 880
1335 935
1335 1336
1336 1204
1337 993
1337 1338
1338 920
1339 505
1339 1340
1340 1084
1341 104
1341 1342
1342 1391
1343 1013
1343 1344
1344 618
1345 1346
1345 1403
1346 936
1347 499
1347 1348
1348 852
1349 1024
1349 1350
1350 368
1351 683
1351 1352
1352 996
1353 1317
1353 1354
1354 1035
1355 272
1355 1356
1356 1390
1357 497
1357 1358
1358 643
1359 725
1359 1360
1360 1166
1361 757
1361 1362
1362 556
1363 945
1363 1364
1364 942
1365 137
1365 1366
1366 182
1367 165
1367 1368
1368 747
1369 317
1369 1370
1370 1279
1371 782
1371 1372
1372 931
1373 820
1373 1374
1374 834
1375 347
1375 1376
1376 598
1377 1378
1377 1385
1378 863
1379 1380
1379 1407
1380 161
1381 328
1381 1382
1382 194
1383 1339
1383 1384
1384 1170
1385 769
1385 1386
1386 549
1387 99
1387 1388
1388 110
1389 111
1389 1390
1390 308
1391 629
1391 1392
1392 1032
1393 129
1393 1394
1394 927
1395 101
1395 1396
1396 214
1397 519
1397 1398
1398 264
1399 1077
1399 1400
1400 705
1401 775
1401 1402
1402 324
1403 431
1403 1404
1404 502
1405 1241
1405 1406
1406 581
1407 1011
1407 1408
1408 316
1409 193
1409 1410
1410 724
1411 685
1411 1412
1412 754
1413 186
1413 1414
1414 513
