0 808
0 1229
3 613
3 1043
4 1271
4 1328
6 41
5 197
7 1066
7 1087
8 729
8 918
10 298
9 807
11 1010
11 1018
13 66
13 903
15 154
15 1275
17 662
17 873
19 1152
19 1373
21 1164
21 1264
23 24
23 1214
24 266
25 26
25 1359
26 1084
27 28
27 792
28 1172
29 30
29 1384
30 1123
31 32
31 1236
32 438
33 34
33 219
34 212
35 36
35 920
36 534
37 38
37 661
38 243
39 40
39 383
40 893
41 42
41 171
42 1050
43 15
43 44
44 844
45 46
45 68
46 172
47 48
47 404
48 1174
49 50
49 879
50 1108
51 52
51 1029
52 128
53 54
53 317
54 60
55 56
55 629
56 1270
57 58
57 524
58 518
59 60
59 828
60 696
61 62
61 159
62 1354
63 64
63 194
64 824
65 66
65 1064
66 1350
67 68
67 673
68 1159
69 70
69 1045
70 382
71 72
71 694
72 1204
73 74
73 1407
74 1288
75 76
75 122
76 521
77 78
77 1126
78 22
79 80
79 1281
80 1377
81 82
81 1083
82 1295
83 84
83 145
84 1342
85 86
85 781
86 1092
87 88
87 483
88 306
89 90
89 1019
90 542
91 92
91 319
92 1335
93 94
93 1046
94 1224
95 61
95 96
96 148
97 98
97 1282
98 1104
99 100
99 126
100 324
101 102
101 1117
102 1036
103 104
103 1003
104 1072
105 106
105 228
106 996
107 108
107 703
108 580
109 110
109 875
110 619
111 112
111 1414
112 1127
113 114
113 1227
114 631
115 116
115 429
116 845
117 118
117 161
118 44
119 120
119 451
120 679
121 122
121 823
122 457
123 124
123 1267
124 712
125 126
125 496
126 344
127 128
127 1326
128 626
129 130
129 866
130 726
131 132
131 640
132 468
133 134
133 1200
134 904
135 79
135 136
136 959
137 138
137 1212
138 237
139 140
139 700
140 1080
141 142
141 723
142 1073
143 144
143 1150
144 200
145 146
145 352
146 964
147 148
147 1198
148 1006
149 150
149 1319
150 407
151 152
151 990
152 208
153 154
153 1215
154 299
155 156
155 314
156 1394
157 158
157 651
158 1216
159 160
159 1063
160 1284
161 162
161 917
162 704
163 164
163 275
164 489
165 166
165 994
166 1098
167 168
167 1107
168 12
169 170
169 878
170 157
171 172
171 653
172 472
173 174
173 896
174 5
175 176
175 1381
176 710
177 178
177 567
178 242
179 180
179 1133
180 388
181 182
181 1404
182 974
183 184
183 641
184 27
185 186
185 1303
186 1411
187 6
187 188
188 1315
189 190
189 881
190 1247
191 192
191 671
192 848
193 194
193 1208
194 1368
195 196
195 227
196 1049
197 198
197 332
198 1376
199 200
199 667
200 124
201 202
201 513
202 860
203 204
203 811
204 285
205 206
205 820
206 40
207 208
207 337
208 536
209 210
209 835
210 775
211 212
211 374
212 955
213 214
213 1392
214 1250
215 216
215 1245
216 644
217 218
217 608
218 13
219 220
219 721
220 986
221 222
221 1014
222 1277
223 190
223 224
224 69
225 226
225 1223
226 1166
227 228
227 1167
228 471
229 230
229 326
230 1370
231 173
231 232
232 976
233 234
233 1287
234 727
235 166
235 236
236 450
237 238
237 1230
238 1170
239 240
239 398
240 36
241 242
241 424
242 408
243 244
243 1106
244 192
245 246
245 1262
246 1388
247 248
247 253
248 892
249 250
249 1297
250 826
251 252
251 359
252 1321
253 105
253 254
254 1151
255 256
255 1118
256 1180
257 181
257 258
258 103
259 260
259 877
260 25
261 262
261 1171
262 688
263 264
263 307
264 940
265 92
265 266
266 440
267 268
267 995
268 719
269 270
269 1057
270 1193
271 272
271 739
272 1058
273 274
273 836
274 140
275 276
275 1111
276 1293
277 278
277 1027
278 232
279 280
279 1047
280 1398
281 251
281 282
282 218
283 284
283 1173
284 627
285 286
285 839
286 925
287 288
287 427
288 589
289 290
289 887
290 39
291 292
291 1341
292 1274
293 294
293 746
294 454
295 296
295 1021
296 508
297 223
297 298
298 216
299 300
299 305
300 1205
301 193
301 302
302 1300
303 304
303 1358
304 834
305 306
305 488
306 100
307 187
307 308
308 786
309 310
309 886
310 18
311 135
311 312
312 742
313 314
313 1033
314 1024
315 316
315 1304
316 1362
317 318
317 467
318 84
319 320
319 409
320 302
321 322
321 611
322 678
323 288
323 324
324 1234
325 326
325 1302
326 182
327 328
327 733
328 49
329 291
329 330
330 505
331 71
331 332
332 548
333 334
333 945
334 1140
335 336
335 1007
336 413
337 338
337 923
338 815
339 340
339 1016
340 1352
341 342
341 975
342 1002
343 344
343 909
344 1353
345 346
345 1213
346 1397
347 348
347 1279
348 402
349 350
349 1013
350 1162
351 352
351 1401
352 210
353 80
353 354
354 705
355 356
355 868
356 504
357 358
357 1225
358 1086
359 360
359 539
360 134
361 362
361 446
362 734
363 364
363 1369
364 120
365 29
365 366
366 669
367 368
367 1403
368 614
369 370
369 637
370 1034
371 372
371 1355
372 43
373 75
373 374
374 967
375 376
375 854
376 410
377 378
377 442
378 118
379 380
379 788
380 186
381 382
381 676
382 1378
383 176
383 384
384 1070
385 74
385 386
386 830
387 388
387 798
388 380
389 390
389 547
390 716
391 293
391 392
392 1005
393 295
393 394
394 1035
395 396
395 1037
396 926
397 279
397 398
398 895
399 400
399 1135
400 871
401 402
401 1022
402 822
403 404
403 1409
404 795
405 224
405 406
406 738
407 408
407 511
408 28
409 410
409 757
410 1330
411 412
411 1178
412 928
413 414
413 715
414 169
415 416
415 571
416 238
417 418
417 684
418 1156
419 292
419 420
420 523
421 422
421 445
422 241
423 424
423 1343
424 769
425 426
425 490
426 35
427 428
427 564
428 411
429 430
429 1405
430 462
431 432
431 537
432 870
433 434
433 872
434 1316
435 221
435 436
436 772
437 83
437 438
438 1012
439 440
439 782
440 1032
441 149
441 442
442 357
443 444
443 502
444 21
445 185
445 446
446 510
447 14
447 448
448 790
449 152
449 450
450 556
451 452
451 888
452 198
453 6
453 454
454 907
455 170
455 456
456 978
457 180
457 458
458 718
459 139
459 460
460 1292
461 123
461 462
462 322
463 339
463 464
464 355
465 466
465 831
466 119
467 55
467 468
468 98
469 470
469 805
470 334
471 472
471 777
472 1143
473 474
473 1017
474 342
475 476
475 1161
476 1231
477 478
477 573
478 980
479 475
479 480
480 394
481 482
481 503
482 278
483 399
483 484
484 1243
485 114
485 486
486 922
487 141
487 488
488 48
489 356
489 490
490 217
491 138
491 492
492 312
493 494
493 585
494 459
495 271
495 496
496 296
497 437
497 498
498 774
499 500
499 1383
500 315
501 502
501 741
502 943
503 504
503 767
504 361
505 506
505 1399
506 1363
507 85
507 508
508 137
509 67
509 510
510 557
511 512
511 812
512 1125
513 514
513 584
514 818
515 136
515 516
516 127
517 390
517 518
518 1048
519 425
519 520
520 423
521 522
521 1276
522 612
523 524
523 1085
524 758
525 501
525 526
526 1238
527 209
527 528
528 115
529 422
529 530
530 607
531 532
531 1147
532 72
533 343
533 534
534 1099
535 191
535 536
536 968
537 59
537 538
538 1185
539 81
539 540
540 999
541 269
541 542
542 1375
543 544
543 1239
544 1278
545 321
545 546
546 155
547 414
547 548
548 53
549 550
549 771
550 492
551 552
551 1153
552 1137
553 554
553 655
554 1290
555 556
555 787
556 576
557 558
557 906
558 184
559 560
559 1145
560 1009
561 430
561 562
562 235
563 564
563 1105
564 1023
565 163
565 566
566 7
567 143
567 568
568 958
569 570
569 1197
570 596
571 572
571 1011
572 104
573 473
573 574
574 1187
575 432
575 576
576 764
577 578
577 832
578 385
579 580
579 984
580 1305
581 215
581 582
582 248
583 584
583 911
584 412
585 199
585 586
586 592
587 588
587 605
588 160
589 590
589 663
590 695
591 592
591 882
592 668
593 87
593 594
594 949
595 596
595 1256
596 1088
597 257
597 598
598 972
599 289
599 600
600 638
601 602
601 765
602 1138
603 604
603 743
604 1301
605 553
605 606
606 34
607 516
607 608
608 931
609 108
609 610
610 16
611 612
611 785
612 245
613 497
613 614
614 205
615 23
615 616
616 724
617 618
617 699
618 660
619 51
619 620
620 183
621 261
621 622
622 1314
623 606
623 624
624 838
625 162
625 626
626 1094
627 628
627 1061
628 813
629 630
629 1131
630 320
631 260
631 632
632 102
633 634
633 914
634 622
635 636
635 817
636 568
637 125
637 638
638 1076
639 601
639 640
640 894
641 642
641 1400
642 1349
643 644
643 682
644 274
645 526
645 646
646 230
647 648
647 1380
648 282
649 650
649 899
650 687
651 652
651 1334
652 1160
653 206
653 654
654 572
655 656
655 1059
656 1068
657 630
657 658
658 54
659 660
659 890
660 956
661 662
661 1410
662 1165
663 284
663 664
664 1348
665 76
665 666
666 426
667 569
667 668
668 863
669 670
669 730
670 310
671 5
671 672
672 375
673 674
673 1382
674 267
675 676
675 961
676 628
677 560
677 678
678 929
679 82
679 680
680 1184
681 351
681 682
682 207
683 360
683 684
684 1074
685 121
685 686
686 654
687 688
687 1163
688 998
689 690
689 1201
690 1008
691 481
691 692
692 1356
693 694
693 1207
694 1067
695 696
695 1146
696 416
697 480
697 698
698 581
699 700
699 993
700 478
701 702
701 897
702 1191
703 535
703 704
704 816
705 349
705 706
706 396
707 708
707 939
708 133
709 397
709 710
710 583
711 712
711 1090
712 902
713 702
713 714
714 550
715 716
715 971
716 165
717 329
717 718
718 264
719 665
719 720
720 244
721 189
721 722
722 101
723 724
723 833
724 666
725 726
725 747
726 944
727 530
727 728
728 280
729 730
729 1372
730 97
731 732
731 1078
732 10
733 379
733 734
734 840
735 353
735 736
736 856
737 225
737 738
738 150
739 599
739 740
740 19
741 742
741 744
742 1357
743 744
743 784
744 515
745 746
745 1101
746 737
747 748
747 1228
748 1308
749 318
749 750
750 800
751 752
751 1203
752 1226
753 281
753 754
754 1386
755 37
755 756
756 942
757 758
757 1413
758 1054
759 760
759 953
760 277
761 455
761 762
762 618
763 764
763 983
764 728
765 17
765 766
766 56
767 717
767 768
768 538
769 316
769 770
770 658
771 577
771 772
772 910
773 774
773 825
774 750
775 389
775 776
776 1030
777 778
777 1280
778 762
779 598
779 780
780 898
781 113
781 782
782 378
783 395
783 784
784 1251
785 786
785 889
786 683
787 195
787 788
788 47
789 790
789 1379
790 806
791 301
791 792
792 434
793 579
793 794
794 146
795 796
795 1345
796 262
797 798
797 1218
798 290
799 800
799 1075
800 276
801 802
801 1065
802 1132
803 297
803 804
804 1000
805 806
805 1365
806 570
807 236
807 808
808 376
809 810
809 935
810 1312
811 812
811 1113
812 1112
813 814
813 1336
814 690
815 816
815 1001
816 415
817 623
817 818
818 1299
819 820
819 849
820 842
821 797
821 822
822 1136
823 824
823 938
824 1060
825 328
825 826
826 558
827 735
827 828
828 755
829 156
829 830
830 1052
831 832
831 1331
832 1261
833 834
833 1259
834 178
835 836
835 1323
836 1091
837 838
837 1298
838 373
839 252
839 840
840 711
841 551
841 842
842 369
843 844
843 913
844 211
845 846
845 865
846 561
847 99
847 848
848 1158
849 850
849 861
850 1028
851 852
851 1114
852 578
853 341
853 854
854 752
855 856
855 1039
856 1095
857 435
857 858
858 77
859 222
859 860
860 936
861 862
861 1329
862 1252
863 763
863 864
864 1337
865 147
865 866
866 1102
867 819
867 868
868 1079
869 846
869 870
870 962
871 843
871 872
872 532
873 308
873 874
874 1004
875 876
875 1189
876 697
877 477
877 878
878 1183
879 174
879 880
880 229
881 855
881 882
882 997
883 884
883 1272
884 20
885 783
885 886
886 1124
887 461
887 888
888 117
889 593
889 890
890 973
891 796
891 892
892 632
893 685
893 894
894 930
895 896
895 1056
896 365
897 639
897 898
898 449
899 333
899 900
900 1322
901 544
901 902
902 286
903 904
903 1220
904 1306
905 906
905 1309
906 1209
907 470
907 908
908 240
909 910
909 1089
910 594
911 540
911 912
912 1332
913 420
913 914
914 1
915 803
915 916
916 96
917 565
917 918
918 650
919 920
919 1195
920 1082
921 586
921 922
922 1289
923 363
923 924
924 1053
925 926
925 1044
926 384
927 801
927 928
928 1396
929 930
929 1283
930 1042
931 417
931 932
932 950
933 441
933 934
934 1038
935 677
935 936
936 1186
937 482
937 938
938 1347
939 940
939 1155
940 517
941 829
941 942
942 460
943 50
943 944
944 1246
945 552
945 946
946 386
947 649
947 948
948 89
949 636
949 950
950 444
951 952
951 985
952 1364
953 528
953 954
954 634
955 956
955 1077
956 616
957 958
957 1026
958 366
959 960
959 1325
960 1324
961 109
961 962
962 1311
963 110
963 964
964 498
965 966
965 1339
966 447
967 952
967 968
968 1402
969 196
969 970
970 106
971 643
971 972
972 1093
973 38
973 974
974 1263
975 799
975 976
976 263
977 948
977 978
978 1122
979 431
979 980
980 1233
981 982
981 1181
982 1260
983 265
983 984
984 645
985 986
985 1235
986 304
987 273
987 988
988 1148
989 969
989 990
990 722
991 992
991 1351
992 494
993 994
993 1199
994 9
995 996
995 1120
996 1310
997 998
997 1241
998 340
999 1000
999 1041
1000 1168
1001 107
1001 1002
1002 992
1003 659
1003 1004
1004 982
1005 231
1005 1006
1006 433
1007 541
1007 1008
1008 852
1009 921
1009 1010
1010 698
1011 1012
1011 1069
1012 65
1013 188
1013 1014
1014 45
1015 371
1015 1016
1016 1333
1017 789
1017 1018
1018 587
1019 1020
1019 1116
1020 1374
1021 693
1021 1022
1022 821
1023 841
1023 1024
1024 793
1025 506
1025 1026
1026 62
1027 258
1027 1028
1028 372
1029 283
1029 1030
1030 325
1031 1032
1031 1242
1032 94
1033 1034
1033 1040
1034 880
1035 1036
1035 1206
1036 770
1037 689
1037 1038
1038 908
1039 377
1039 1040
1040 773
1041 443
1041 1042
1042 348
1043 745
1043 1044
1044 574
1045 331
1045 1046
1046 692
1047 791
1047 1048
1048 294
1049 327
1049 1050
1050 57
1051 624
1051 1052
1052 862
1053 1054
1053 1387
1054 891
1055 4
1055 1056
1056 1265
1057 336
1057 1058
1058 520
1059 354
1059 1060
1060 1182
1061 1062
1061 1269
1062 90
1063 709
1063 1064
1064 452
1065 509
1065 1066
1066 847
1067 1068
1067 1219
1068 802
1069 93
1069 1070
1070 590
1071 479
1071 1072
1072 575
1073 1074
1073 1390
1074 916
1075 313
1075 1076
1076 1020
1077 358
1077 1078
1078 529
1079 142
1079 1080
1080 1232
1081 1082
1081 1408
1082 26
1083 153
1083 1084
1084 707
1085 960
1085 1086
1086 1221
1087 850
1087 1088
1088 1412
1089 1090
1089 1169
1090 1175
1091 453
1091 1092
1092 1192
1093 559
1093 1094
1094 58
1095 487
1095 1096
1096 1157
1097 345
1097 1098
1098 646
1099 706
1099 1100
1100 554
1101 759
1101 1102
1102 814
1103 1104
1103 1266
1104 582
1105 1106
1105 1237
1106 387
1107 979
1107 1108
1108 1096
1109 1081
1109 1110
1110 1100
1111 1112
1111 1240
1112 876
1113 3
1113 1114
1114 533
1115 919
1115 1116
1116 254
1117 625
1117 1118
1118 250
1119 73
1119 1120
1120 760
1121 869
1121 1122
1122 652
1123 131
1123 1124
1124 768
1125 1126
1125 1248
1126 1222
1127 246
1127 1128
1128 88
1129 24
1129 1130
1130 202
1131 604
1131 1132
1132 859
1133 951
1133 1134
1134 615
1135 933
1135 1136
1136 268
1137 338
1137 1138
1138 610
1139 46
1139 1140
1140 932
1141 1142
1141 1371
1142 900
1143 1115
1143 1144
1144 144
1145 1071
1145 1146
1146 970
1147 151
1147 1148
1148 1318
1149 485
1149 1150
1150 519
1151 64
1151 1152
1152 226
1153 963
1153 1154
1154 458
1155 70
1155 1156
1156 912
1157 987
1157 1158
1158 1338
1159 42
1159 1160
1160 309
1161 1055
1161 1162
1162 1391
1163 476
1163 1164
1164 672
1165 853
1165 1166
1166 1360
1167 179
1167 1168
1168 988
1169 725
1169 1170
1170 78
1171 1119
1171 1172
1172 1130
1173 701
1173 1174
1174 617
1175 436
1175 1176
1176 1110
1177 1178
1177 1366
1178 1154
1179 203
1179 1180
1180 1176
1181 463
1181 1182
1182 602
1183 311
1183 1184
1184 220
1185 514
1185 1186
1186 633
1187 740
1187 1188
1188 10
1189 347
1189 1190
1190 1286
1191 406
1191 1192
1192 766
1193 175
1193 1194
1194 670
1195 1196
1195 1395
1196 778
1197 591
1197 1198
1198 864
1199 300
1199 1200
1200 748
1201 391
1201 1202
1202 1121
1203 635
1203 1204
1204 714
1205 531
1205 1206
1206 857
1207 1208
1207 1255
1208 401
1209 491
1209 1210
1210 794
1211 915
1211 1212
1212 621
1213 400
1213 1214
1214 776
1215 421
1215 1216
1216 522
1217 367
1217 1218
1218 1393
1219 1220
1219 1320
1220 370
1221 1222
1221 1313
1222 664
1223 270
1223 1224
1224 756
1225 527
1225 1226
1226 934
1227 1228
1227 1273
1228 368
1229 555
1229 1230
1230 648
1231 1134
1231 1232
1232 214
1233 255
1233 1234
1234 966
1235 675
1235 1236
1236 858
1237 543
1237 1238
1238 486
1239 403
1239 1240
1240 204
1241 91
1241 1242
1242 1253
1243 439
1243 1244
1244 1344
1245 562
1245 1246
1246 158
1247 393
1247 1248
1248 272
1249 686
1249 1250
1250 1346
1251 989
1251 1252
1252 52
1253 1109
1253 1254
1254 130
1255 469
1255 1256
1256 937
1257 1211
1257 1258
1258 981
1259 525
1259 1260
1260 500
1261 1262
1261 1307
1262 31
1263 965
1263 1264
1264 132
1265 63
1265 1266
1266 809
1267 239
1267 1268
1268 1249
1269 837
1269 1270
1270 732
1271 991
1271 1272
1272 603
1273 867
1273 1274
1274 8
1275 1190
1275 1276
1276 9
1277 177
1277 1278
1278 1340
1279 681
1279 1280
1280 885
1281 330
1281 1282
1282 1062
1283 346
1283 1284
1284 1294
1285 546
1285 1286
1286 620
1287 761
1287 1288
1288 1254
1289 1202
1289 1290
1290 2
1291 495
1291 1292
1292 1188
1293 657
1293 1294
1294 1194
1295 780
1295 1296
1296 1128
1297 247
1297 1298
1298 507
1299 708
1299 1300
1300 256
1301 466
1301 1302
1302 751
1303 95
1303 1304
1304 884
1305 1306
1305 1361
1306 588
1307 164
1307 1308
1308 804
1309 647
1309 1310
1310 112
1311 1196
1311 1312
1312 977
1313 924
1313 1314
1314 1210
1315 1097
1315 1316
1316 1144
1317 566
1317 1318
1318 1129
1319 1320
1319 1389
1320 381
1321 595
1321 1322
1322 941
1323 465
1323 1324
1324 233
1325 464
1325 1326
1326 713
1327 597
1327 1328
1328 1025
1329 851
1329 1330
1330 954
1331 691
1331 1332
1332 32
1333 116
1333 1334
1334 484
1335 947
1335 1336
1336 392
1337 287
1337 1338
1338 754
1339 30
1339 1340
1340 1268
1341 1217
1341 1342
1342 656
1343 810
1343 1344
1344 720
1345 905
1345 1346
1346 680
1347 1317
1347 1348
1348 946
1349 549
1349 1350
1350 1296
1351 493
1351 1352
1352 1139
1353 731
1353 1354
1354 749
1355 1258
1355 1356
1356 1177
1357 901
1357 1358
1358 86
1359 674
1359 1360
1360 201
1361 213
1361 1362
1362 600
1363 1291
1363 1364
1364 642
1365 249
1365 1366
1366 1285
1367 335
1367 1368
1368 1385
1369 33
1369 1370
1370 448
1371 499
1371 1372
1372 11
1373 456
1373 1374
1374 303
1375 609
1375 1376
1376 1244
1377 779
1377 1378
1378 350
1379 827
1379 1380
1380 1141
1381 1327
1381 1382
1382 736
1383 753
1383 1384
1384 1149
1385 167
1385 1386
1386 874
1387 364
1387 1388
1388 418
1389 1367
1389 1390
1390 405
1391 428
1391 1392
1392 111
1393 1394
1393 1406
1394 512
1395 1051
1395 1396
1396 129
1397 234
1397 1398
1398 362
1399 323
1399 1400
1400 1031
1401 545
1401 1402
1402 957
1403 1179
1403 1404
1404 259
1405 563
1405 1406
1406 1015
1407 927
1407 1408
1408 419
1409 1257
1409 1410
1410 1103
1411 1142
1411 1412
1412 168
1413 883
1413 1414
1414 474
