0 829
0 1401
2 455
2 1003
3 477
3 817
4 508
4 1111
5 1191
6 1103
7 178
7 245
9 1049
9 1385
11 110
10 791
10 1038
12 62
15 573
15 1039
17 852
17 1180
19 640
19 834
21 490
21 1286
23 24
23 377
24 235
25 26
25 1021
26 593
27 28
27 347
28 291
29 30
29 1231
30 409
31 32
31 1216
32 848
33 34
33 1094
34 1311
35 36
35 285
36 1350
37 38
37 239
38 1402
39 40
39 1120
40 1374
41 42
41 630
42 356
43 44
43 1205
44 1371
45 46
45 1076
46 517
47 48
47 761
48 1222
49 50
49 965
50 1046
51 52
51 233
52 142
53 54
53 793
54 261
55 56
55 1099
56 560
57 58
57 194
58 93
59 60
59 673
60 126
61 62
61 1319
62 144
63 64
63 627
64 165
65 66
65 1251
66 558
67 68
67 582
68 882
69 70
69 667
70 1250
71 72
71 211
72 1008
73 74
73 827
74 1062
75 76
75 1007
76 1030
77 78
77 876
78 1060
79 48
79 80
80 294
81 58
81 82
82 42
83 84
83 985
84 1244
85 86
85 137
86 1280
87 88
87 967
88 586
89 90
89 917
90 1088
91 92
91 156
92 1006
93 94
93 238
94 732
95 96
95 536
96 380
97 98
97 269
98 26
99 100
99 815
100 1351
101 102
101 333
102 334
103 104
103 1249
104 705
105 106
105 135
106 414
107 108
107 369
108 535
109 110
109 510
110 106
111 112
111 615
112 381
113 114
113 1275
114 94
115 116
115 782
116 613
117 118
117 400
118 644
119 3
119 120
120 1109
121 122
121 1207
122 1356
123 99
123 124
124 564
125 126
125 1132
126 832
127 128
127 806
128 1358
129 130
129 639
130 1399
131 132
131 913
132 430
133 134
133 287
134 1360
135 136
135 885
136 193
137 138
137 590
138 602
139 140
139 701
140 120
141 142
141 596
142 1346
143 144
143 617
144 928
145 146
145 681
146 606
147 148
147 1294
148 743
149 150
149 422
150 1404
151 79
151 152
152 884
153 154
153 1064
154 790
155 156
155 389
156 487
157 158
157 1013
158 591
159 160
159 1336
160 994
161 162
161 671
162 785
163 164
163 259
164 1301
165 166
165 1183
166 444
167 168
167 1283
168 518
169 170
169 968
170 1153
171 172
171 253
172 221
173 174
173 977
174 1264
175 176
175 1348
176 1084
177 178
177 1386
178 993
179 180
179 268
180 1040
181 182
181 417
182 797
183 184
183 975
184 918
185 186
185 878
186 758
187 188
187 1002
188 581
189 190
189 654
190 160
191 192
191 1256
192 1061
193 121
193 194
194 434
195 61
195 196
196 44
197 198
197 383
198 312
199 184
199 200
200 522
201 202
201 739
202 1012
203 204
203 1332
204 864
205 85
205 206
206 1181
207 208
207 795
208 553
209 210
209 1163
210 204
211 212
211 916
212 956
213 214
213 420
214 1339
215 216
215 874
216 1316
217 218
217 1333
218 1267
219 220
219 608
220 764
221 222
221 768
222 74
223 224
223 1349
224 101
225 130
225 226
226 1074
227 171
227 228
228 1357
229 230
229 1187
230 678
231 232
231 359
232 1284
233 234
233 426
234 556
235 236
235 966
236 86
237 238
237 514
238 264
239 240
239 693
240 1247
241 242
241 909
242 1345
243 244
243 310
244 440
245 129
245 246
246 562
247 136
247 248
248 24
249 250
249 983
250 752
251 252
251 760
252 1288
253 254
253 323
254 1100
255 256
255 939
256 123
257 258
257 524
258 926
259 260
259 303
260 314
261 262
261 772
262 392
263 177
263 264
264 860
265 266
265 1201
266 819
267 268
267 1271
268 325
269 270
269 988
270 122
271 265
271 272
272 1291
273 274
273 883
274 682
275 252
275 276
276 1408
277 53
277 278
278 1131
279 280
279 841
280 1359
281 282
281 604
282 88
283 284
283 466
284 1272
285 286
285 1236
286 1096
287 288
287 1091
288 379
289 72
289 290
290 1184
291 292
291 904
292 1137
293 153
293 294
294 84
295 296
295 1202
296 348
297 298
297 1152
298 1381
299 300
299 1327
300 941
301 302
301 1104
302 736
303 304
303 605
304 32
305 73
305 306
306 1228
307 308
307 1224
308 1072
309 185
309 310
310 503
311 312
311 949
312 1293
313 163
313 314
314 798
315 316
315 1300
316 393
317 176
317 318
318 82
319 320
319 1392
320 1395
321 322
321 679
322 1112
323 145
323 324
324 345
325 326
325 365
326 1110
327 328
327 652
328 1258
329 330
329 1189
330 240
331 332
331 990
332 896
333 117
333 334
334 948
335 329
335 336
336 76
337 338
337 1005
338 1260
339 340
339 1263
340 1026
341 299
341 342
342 394
343 344
343 632
344 158
345 27
345 346
346 1102
347 348
347 475
348 1146
349 350
349 945
350 823
351 352
351 1330
352 6
353 354
353 438
354 694
355 319
355 356
356 118
357 358
357 1066
358 180
359 360
359 1347
360 543
361 362
361 429
362 435
363 364
363 1230
364 298
365 366
365 933
366 212
367 316
367 368
368 109
369 370
369 899
370 445
371 35
371 372
372 128
373 374
373 1213
374 1108
375 376
375 937
376 461
377 378
377 1389
378 1313
379 380
379 958
380 1035
381 9
381 382
382 706
383 324
383 384
384 498
385 386
385 1324
386 934
387 183
387 388
388 935
389 390
389 661
390 1000
391 152
391 392
392 964
393 394
393 875
394 1208
395 396
395 980
396 418
397 398
397 427
398 859
399 378
399 400
400 332
401 402
401 1413
402 840
403 404
403 1032
404 594
405 406
405 663
406 124
407 408
407 1355
408 664
409 410
409 1057
410 494
411 412
411 719
412 1292
413 414
413 1226
414 970
415 416
415 1414
416 1309
417 418
417 1139
418 1261
419 357
419 420
420 540
421 422
421 509
422 695
423 133
423 424
424 1022
425 426
425 482
426 529
427 228
427 428
428 210
429 430
429 801
430 656
431 432
431 1407
432 655
433 434
433 709
434 1158
435 229
435 436
436 1394
437 203
437 438
438 489
439 373
439 440
440 385
441 442
441 1378
442 792
443 105
443 444
444 1220
445 446
445 1063
446 218
447 448
447 1113
448 738
449 450
449 1115
450 501
451 452
451 665
452 232
453 454
453 1209
454 43
455 456
455 629
456 1165
457 458
457 905
458 151
459 68
459 460
460 216
461 7
461 462
462 1133
463 464
463 1241
464 762
465 313
465 466
466 386
467 439
467 468
468 1058
469 115
469 470
470 1179
471 456
471 472
472 1290
473 474
473 531
474 390
475 476
475 1081
476 1092
477 273
477 478
478 1174
479 480
479 999
480 666
481 482
481 849
482 550
483 424
483 484
484 248
485 486
485 1143
486 1161
487 488
487 857
488 1388
489 490
489 866
490 1048
491 227
491 492
492 635
493 37
493 494
494 1362
495 415
495 496
496 1318
497 217
497 498
498 922
499 500
499 1173
500 1312
501 502
501 1403
502 1410
503 504
503 702
504 12
505 506
505 1129
506 969
507 508
507 920
508 1093
509 510
509 571
510 868
511 512
511 1097
512 973
513 107
513 514
514 69
515 516
515 1015
516 624
517 518
517 843
518 1190
519 200
519 520
520 1130
521 522
521 1027
522 906
523 524
523 1171
524 766
525 526
525 930
526 1240
527 408
527 528
528 90
529 530
529 1315
530 1305
531 532
531 924
532 533
533 534
533 1257
534 282
535 536
535 610
536 1329
537 538
537 1065
538 192
539 349
539 540
540 421
541 542
541 976
542 77
543 195
543 544
544 1116
545 546
545 808
546 404
547 362
547 548
548 1375
549 550
549 1067
550 17
551 505
551 552
552 41
553 406
553 554
554 1176
555 556
555 1310
556 1056
557 558
557 1307
558 304
559 530
559 560
560 138
561 562
561 1194
562 1128
563 295
563 564
564 1237
565 566
565 954
566 1400
567 568
567 814
568 317
569 570
569 1223
570 382
571 89
571 572
572 331
573 290
573 574
574 672
575 236
575 576
576 836
577 578
577 1387
578 952
579 580
579 1045
580 890
581 257
581 582
582 500
583 584
583 621
584 260
585 266
585 586
586 1079
587 479
587 588
588 148
589 590
589 1075
590 87
591 25
591 592
592 1073
593 96
593 594
594 1192
595 14
595 596
596 846
597 598
597 1265
598 351
599 469
599 600
600 1323
601 602
601 1269
602 1024
603 447
603 604
604 537
605 606
605 938
606 687
607 608
607 754
608 626
609 280
609 610
610 179
611 589
611 612
612 523
613 614
613 835
614 1150
615 616
615 645
616 1167
617 618
617 779
618 1325
619 620
619 689
620 1055
621 622
621 662
622 134
623 181
623 624
624 67
625 497
625 626
626 226
627 628
627 837
628 1188
629 630
629 1338
630 1200
631 545
631 632
632 1149
633 634
633 1177
634 81
635 111
635 636
636 1160
637 29
637 638
638 241
639 493
639 640
640 748
641 642
641 845
642 712
643 644
643 932
644 1353
645 646
645 1303
646 750
647 563
647 648
648 1232
649 483
649 650
650 870
651 652
651 1363
652 676
653 654
653 697
654 747
655 656
655 1377
656 320
657 601
657 658
658 567
659 139
659 660
660 614
661 662
661 1009
662 416
663 664
663 807
664 774
665 666
665 1214
666 1215
667 471
667 668
668 1138
669 670
669 833
670 776
671 340
671 672
672 544
673 674
673 757
674 1070
675 676
675 773
676 161
677 452
677 678
678 1217
679 175
679 680
680 34
681 453
681 682
682 777
683 684
683 685
684 5
685 686
685 1211
686 321
687 297
687 688
688 974
689 690
689 1225
690 1135
691 692
691 1287
692 459
693 694
693 1235
694 1340
695 696
695 891
696 402
697 698
697 1019
698 668
699 598
699 700
700 302
701 167
701 702
702 998
703 197
703 704
704 293
705 706
705 1151
706 344
707 708
707 756
708 1037
709 401
709 710
710 1122
711 83
711 712
712 733
713 256
713 714
714 486
715 272
715 716
716 519
717 63
717 718
718 1341
719 720
719 1367
720 660
721 722
721 887
722 78
723 724
723 863
724 800
725 726
725 818
726 722
727 169
727 728
728 584
729 730
729 775
730 962
731 633
731 732
732 1162
733 734
733 1121
734 960
735 710
735 736
736 18
737 738
737 851
738 746
739 279
739 740
740 1068
741 657
741 742
742 565
743 131
743 744
744 783
745 741
745 746
746 1382
747 50
747 748
748 1248
749 622
749 750
750 546
751 70
751 752
752 1412
753 108
753 754
754 60
755 551
755 756
756 376
757 758
757 981
758 391
759 616
759 760
760 66
761 412
761 762
762 1270
763 80
763 764
764 726
765 766
765 923
766 770
767 207
767 768
768 12
769 770
769 1095
770 141
771 772
771 1142
772 1302
773 361
773 774
774 478
775 638
775 776
776 1372
777 778
777 1308
778 1380
779 281
779 780
780 812
781 587
781 782
782 198
783 784
783 1083
784 1198
785 786
785 961
786 643
787 619
787 788
788 100
789 790
789 838
790 898
791 792
791 1118
792 188
793 231
793 794
794 850
795 449
795 796
796 1147
797 634
797 798
798 1234
799 49
799 800
800 715
801 201
801 802
802 822
803 804
803 1157
804 366
805 677
805 806
806 1034
807 341
807 808
808 931
809 810
809 1243
810 388
811 191
811 812
812 950
813 814
813 1025
814 788
815 205
815 816
816 283
817 755
817 818
818 462
819 164
819 820
820 1123
821 822
821 957
822 1262
823 224
823 824
824 844
825 592
825 826
826 13
827 527
827 828
828 1344
829 187
829 830
830 802
831 511
831 832
832 1411
833 267
833 834
834 1114
835 813
835 836
836 222
837 637
837 838
838 1279
839 275
839 840
840 1197
841 209
841 842
842 350
843 737
843 844
844 262
845 336
845 846
846 1296
847 848
847 1317
848 1242
849 600
849 850
850 1233
851 242
851 852
852 1218
853 588
853 854
854 182
855 856
855 951
856 1125
857 625
857 858
858 28
859 703
859 860
860 646
861 699
861 862
862 784
863 864
863 877
864 528
865 515
865 866
866 157
867 868
867 1090
868 1277
869 870
869 1031
870 1020
871 872
871 955
872 675
873 653
873 874
874 300
875 278
875 876
876 771
877 339
877 878
878 803
879 880
879 1193
880 446
881 882
881 1175
882 730
883 884
883 1289
884 342
885 155
885 886
886 306
887 888
887 1199
888 358
889 767
889 890
890 856
891 162
891 892
892 199
893 2
893 894
894 888
895 769
895 896
896 867
897 10
897 898
898 825
899 431
899 900
900 1182
901 902
901 1281
902 826
903 904
903 1219
904 154
905 717
905 906
906 526
907 603
907 908
908 296
909 910
909 915
910 1266
911 912
911 1210
912 1014
913 309
913 914
914 149
915 893
915 916
916 745
917 918
917 1393
918 496
919 920
919 1164
920 271
921 337
921 922
922 1159
923 91
923 924
924 1259
925 926
925 1069
926 168
927 928
927 1126
928 1306
929 930
929 1140
930 583
931 932
931 1089
932 215
933 934
933 1134
934 794
935 698
935 936
936 1383
937 443
937 938
938 1172
939 305
939 940
940 1101
941 413
941 942
942 824
943 903
943 944
944 740
945 946
945 1328
946 572
947 473
947 948
948 979
949 683
949 950
950 1044
951 363
951 952
952 720
953 213
953 954
954 1391
955 895
955 956
956 1052
957 907
957 958
958 521
959 723
959 960
960 364
961 384
961 962
962 258
963 727
963 964
964 561
965 549
965 966
966 1376
967 51
967 968
968 270
969 292
969 970
970 254
971 451
971 972
972 442
973 189
973 974
974 734
975 419
975 976
976 1106
977 978
977 1141
978 552
979 936
979 980
980 1
981 425
981 982
982 910
983 984
983 1051
984 1148
985 599
985 986
986 1098
987 367
987 988
988 353
989 799
989 990
990 842
991 247
991 992
992 914
993 994
993 1390
994 1285
995 721
995 996
996 742
997 998
997 1322
998 1154
999 989
999 1000
1000 516
1001 855
1001 1002
1002 463
1003 873
1003 1004
1004 437
1005 140
1005 1006
1006 690
1007 1008
1007 1304
1008 1119
1009 499
1009 1010
1010 4
1011 688
1011 1012
1012 1036
1013 1014
1013 1409
1014 410
1015 631
1015 1016
1016 1004
1017 542
1017 1018
1018 190
1019 659
1019 1020
1020 1397
1021 548
1021 1022
1022 670
1023 886
1023 1024
1024 1238
1025 1026
1025 1373
1026 371
1027 751
1027 1028
1028 796
1029 1030
1029 1229
1030 125
1031 1032
1031 1053
1032 1255
1033 5
1033 1034
1034 1268
1035 1036
1035 1334
1036 1370
1037 744
1037 1038
1038 11
1039 541
1039 1040
1040 1274
1041 495
1041 1042
1042 1278
1043 921
1043 1044
1044 36
1045 173
1045 1046
1046 481
1047 97
1047 1048
1048 830
1049 196
1049 1050
1050 725
1051 492
1051 1052
1052 908
1053 879
1053 1054
1054 538
1055 858
1055 1056
1056 6
1057 33
1057 1058
1058 1168
1059 650
1059 1060
1060 554
1061 1062
1061 1178
1062 1124
1063 237
1063 1064
1064 578
1065 724
1065 1066
1066 360
1067 277
1067 1068
1068 31
1069 865
1069 1070
1070 286
1071 243
1071 1072
1072 20
1073 1018
1073 1074
1074 8
1075 1076
1075 1107
1076 19
1077 759
1077 1078
1078 448
1079 159
1079 1080
1080 576
1081 959
1081 1082
1082 244
1083 57
1083 1084
1084 1170
1085 47
1085 1086
1086 1212
1087 713
1087 1088
1088 335
1089 651
1089 1090
1090 714
1091 374
1091 1092
1092 488
1093 1041
1093 1094
1094 1155
1095 872
1095 1096
1096 620
1097 45
1097 1098
1098 326
1099 288
1099 1100
1100 284
1101 1050
1101 1102
1102 276
1103 900
1103 1104
1104 1186
1105 255
1105 1106
1106 992
1107 405
1107 1108
1108 963
1109 1110
1109 1369
1110 982
1111 1033
1111 1112
1112 327
1113 612
1113 1114
1114 765
1115 315
1115 1116
1116 894
1117 569
1117 1118
1118 330
1119 454
1119 1120
1120 718
1121 580
1121 1122
1122 301
1123 810
1123 1124
1124 472
1125 54
1125 1126
1126 862
1127 436
1127 1128
1128 1206
1129 925
1129 1130
1130 1368
1131 811
1131 1132
1132 172
1133 897
1133 1134
1134 854
1135 805
1135 1136
1136 132
1137 230
1137 1138
1138 944
1139 1140
1139 1337
1140 225
1141 147
1141 1142
1142 892
1143 539
1143 1144
1144 839
1145 399
1145 1146
1146 251
1147 649
1147 1148
1148 174
1149 1150
1149 1405
1150 98
1151 940
1151 1152
1152 575
1153 368
1153 1154
1154 780
1155 15
1155 1156
1156 263
1157 485
1157 1158
1158 370
1159 39
1159 1160
1160 753
1161 618
1161 1162
1162 1086
1163 789
1163 1164
1164 397
1165 465
1165 1166
1166 502
1167 669
1167 1168
1168 346
1169 1054
1169 1170
1170 1406
1171 1172
1171 1195
1172 112
1173 1117
1173 1174
1174 684
1175 1136
1175 1176
1176 902
1177 71
1177 1178
1178 23
1179 1180
1179 1254
1180 506
1181 1182
1181 1342
1182 566
1183 647
1183 1184
1184 1221
1185 947
1185 1186
1186 881
1187 55
1187 1188
1188 804
1189 104
1189 1190
1190 986
1191 103
1191 1192
1192 735
1193 781
1193 1194
1194 318
1195 398
1195 1196
1196 338
1197 927
1197 1198
1198 234
1199 433
1199 1200
1200 820
1201 1202
1201 1253
1202 943
1203 352
1203 1204
1204 912
1205 568
1205 1206
1206 308
1207 1105
1207 1208
1208 484
1209 311
1209 1210
1210 468
1211 869
1211 1212
1212 607
1213 847
1213 1214
1214 871
1215 1216
1215 1320
1216 354
1217 1059
1217 1218
1218 114
1219 1077
1219 1220
1220 911
1221 786
1221 1222
1222 512
1223 597
1223 1224
1224 1169
1225 821
1225 1226
1226 636
1227 1043
1227 1228
1228 996
1229 407
1229 1230
1230 450
1231 995
1231 1232
1232 1203
1233 16
1233 1234
1234 595
1235 853
1235 1236
1236 40
1237 458
1237 1238
1238 984
1239 30
1239 1240
1240 1071
1241 186
1241 1242
1242 355
1243 1017
1243 1244
1244 1396
1245 1082
1245 1246
1246 1326
1247 322
1247 1248
1248 372
1249 249
1249 1250
1250 1239
1251 716
1251 1252
1252 555
1253 729
1253 1254
1254 1321
1255 1029
1255 1256
1256 831
1257 146
1257 1258
1258 1144
1259 1166
1259 1260
1260 1354
1261 828
1261 1262
1262 520
1263 1264
1263 1361
1264 1398
1265 1010
1265 1266
1266 127
1267 861
1267 1268
1268 778
1269 64
1269 1270
1270 648
1271 441
1271 1272
1272 220
1273 641
1273 1274
1274 1252
1275 658
1275 1276
1276 11
1277 1278
1277 1364
1278 1384
1279 403
1279 1280
1280 480
1281 763
1281 1282
1282 816
1283 119
1283 1284
1284 428
1285 202
1285 1286
1286 1078
1287 574
1287 1288
1288 749
1289 116
1289 1290
1290 728
1291 59
1291 1292
1292 1335
1293 1294
1293 1331
1294 1299
1295 343
1295 1296
1296 700
1297 423
1297 1298
1298 1379
1299 987
1299 1300
1300 1297
1301 809
1301 1302
1302 628
1303 1087
1303 1304
1304 307
1305 395
1305 1306
1306 1204
1307 1308
1307 1314
1308 328
1309 65
1309 1310
1310 1011
1311 532
1311 1312
1312 396
1313 38
1313 1314
1314 1343
1315 432
1315 1316
1316 504
1317 971
1317 1318
1318 1185
1319 731
1319 1320
1320 1366
1321 997
1321 1322
1322 707
1323 1023
1323 1324
1324 978
1325 547
1325 1326
1326 21
1327 491
1327 1328
1328 75
1329 214
1329 1330
1330 474
1331 1016
1331 1332
1332 579
1333 411
1333 1334
1334 1245
1335 1156
1335 1336
1336 696
1337 507
1337 1338
1338 787
1339 880
1339 1340
1340 1298
1341 570
1341 1342
1342 534
1343 929
1343 1344
1344 525
1345 1145
1345 1346
1346 95
1347 467
1347 1348
1348 711
1349 46
1349 1350
1350 704
1351 1227
1351 1352
1352 1295
1353 1196
1353 1354
1354 274
1355 919
1355 1356
1356 223
1357 623
1357 1358
1358 246
1359 289
1359 1360
1360 206
1361 375
1361 1362
1362 1080
1363 991
1363 1364
1364 972
1365 946
1365 1366
1366 52
1367 577
1367 1368
1368 1282
1369 889
1369 1370
1370 102
1371 1085
1371 1372
1372 208
1373 113
1373 1374
1374 1273
1375 642
1375 1376
1376 559
1377 387
1377 1378
1378 686
1379 691
1379 1380
1380 56
1381 1276
1381 1382
1382 22
1383 1042
1383 1384
1384 692
1385 1047
1385 1386
1386 674
1387 470
1387 1388
1388 1352
1389 953
1389 1390
1390 585
1391 250
1391 1392
1392 942
1393 476
1393 1394
1394 92
1395 1246
1395 1396
1396 219
1397 464
1397 1398
1398 460
1399 609
1399 1400
1400 166
1401 457
1401 1402
1402 557
1403 1365
1403 1404
1404 1127
1405 708
1405 1406
1406 1001
1407 611
1407 1408
1408 901
1409 150
1409 1410
1410 1028
1411 170
1411 1412
1412 680
1413 513
1413 1414
1414 143
