0 969
0 1293
3 791
3 835
4 757
4 805
6 204
5 44
7 278
7 1238
8 228
8 450
9 387
10 596
11 441
11 722
13 829
13 1365
15 488
15 1061
17 109
17 192
19 437
19 541
21 34
21 599
23 24
23 579
24 243
25 26
25 793
26 1138
27 28
27 1088
28 479
29 30
29 233
30 761
31 32
31 1181
32 912
33 34
33 489
34 1085
35 36
35 619
36 1276
37 38
37 59
38 726
39 40
39 983
40 576
41 42
41 1371
42 401
43 44
43 564
44 1166
45 46
45 587
46 36
47 48
47 481
48 691
49 25
49 50
50 397
51 52
51 1067
52 294
53 54
53 1083
54 867
55 56
55 108
56 245
57 58
57 1225
58 810
59 60
59 1027
60 1329
61 62
61 1332
62 1272
63 64
63 1201
64 345
65 66
65 462
66 285
67 68
67 416
68 1144
69 70
69 1256
70 861
71 72
71 393
72 124
73 74
73 787
74 1202
75 76
75 254
76 1100
77 78
77 837
78 1333
79 21
79 80
80 1008
81 82
81 1203
82 1204
83 84
83 727
84 38
85 86
85 284
86 930
87 88
87 1029
88 498
89 90
89 471
90 35
91 92
91 869
92 742
93 94
93 177
94 1370
95 96
95 530
96 505
97 98
97 1283
98 106
99 100
99 709
100 112
101 102
101 883
102 376
103 104
103 213
104 759
105 106
105 190
106 160
107 108
107 271
108 1412
109 110
109 301
110 1059
111 112
111 649
112 257
113 114
113 639
114 532
115 116
115 817
116 986
117 118
117 1255
118 779
119 120
119 167
120 128
121 122
121 972
122 1288
123 124
123 1207
124 886
125 126
125 1148
126 720
127 128
127 552
128 1
129 130
129 1262
130 812
131 132
131 514
132 22
133 134
133 755
134 403
135 85
135 136
136 1102
137 138
137 928
138 444
139 140
139 1031
140 1389
141 142
141 563
142 604
143 144
143 561
144 565
145 146
145 799
146 1081
147 148
147 194
148 770
149 150
149 296
150 1104
151 113
151 152
152 120
153 154
153 368
154 1338
155 156
155 217
156 202
157 158
157 1128
158 1312
159 160
159 1357
160 524
161 162
161 273
162 1118
163 164
163 367
164 580
165 166
165 371
166 436
167 143
167 168
168 272
169 170
169 225
170 1196
171 33
171 172
172 984
173 174
173 1322
174 1183
175 176
175 382
176 553
177 178
177 1109
178 1165
179 180
179 1150
180 6
181 157
181 182
182 960
183 184
183 951
184 1142
185 70
185 186
186 258
187 188
187 1223
188 8
189 190
189 714
190 934
191 192
191 603
192 65
193 194
193 858
194 685
195 196
195 1076
196 816
197 198
197 1326
198 73
199 200
199 830
200 1218
201 49
201 202
202 1071
203 204
203 733
204 1284
205 206
205 259
206 337
207 208
207 349
208 318
209 210
209 809
210 916
211 212
211 965
212 1346
213 214
213 350
214 159
215 216
215 1155
216 210
217 218
217 1160
218 166
219 220
219 1265
220 1216
221 222
221 950
222 274
223 224
223 477
224 426
225 181
225 226
226 1093
227 228
227 1015
228 570
229 230
229 842
230 67
231 232
231 909
232 1344
233 234
233 430
234 780
235 236
235 887
236 1066
237 238
237 598
238 442
239 240
239 466
240 64
241 242
241 653
242 1022
243 244
243 562
244 848
245 246
245 531
246 612
247 248
247 461
248 1078
249 250
249 557
250 196
251 252
251 633
252 884
253 254
253 343
254 734
255 256
255 719
256 915
257 258
257 1285
258 1313
259 260
259 1301
260 795
261 262
261 890
262 690
263 209
263 264
264 200
265 223
265 266
266 492
267 268
267 1185
268 363
269 252
269 270
270 386
271 272
271 823
272 517
273 146
273 274
274 446
275 276
275 631
276 1299
277 278
277 283
278 608
279 280
279 1323
280 1408
281 282
281 485
282 753
283 284
283 813
284 1010
285 286
285 833
286 1340
287 288
287 669
288 396
289 290
289 313
290 248
291 292
291 1269
292 237
293 294
293 455
294 586
295 296
295 1393
296 994
297 298
297 1205
298 1174
299 300
299 1401
300 439
301 302
301 751
302 1306
303 304
303 971
304 1309
305 30
305 306
306 212
307 308
307 1082
308 358
309 310
309 1290
310 208
311 312
311 964
312 287
313 314
313 737
314 392
315 241
315 316
316 1073
317 318
317 966
318 1110
319 320
319 1264
320 499
321 322
321 558
322 1328
323 324
323 419
324 1244
325 326
325 918
326 1230
327 328
327 1404
328 310
329 330
329 921
330 1096
331 111
331 332
332 602
333 334
333 1253
334 406
335 171
335 336
336 366
337 161
337 338
338 877
339 340
339 1399
340 1190
341 342
341 778
342 105
343 344
343 1182
344 58
345 346
345 595
346 232
347 324
347 348
348 1298
349 275
349 350
350 1146
351 269
351 352
352 308
353 354
353 577
354 1162
355 265
355 356
356 898
357 358
357 1382
358 1087
359 360
359 807
360 688
361 291
361 362
362 221
363 364
363 1282
364 739
365 366
365 855
366 736
367 368
367 1206
368 1033
369 39
369 370
370 1308
371 173
371 372
372 849
373 374
373 635
374 624
375 376
375 1089
376 220
377 378
377 718
378 974
379 380
379 527
380 526
381 382
381 630
382 1351
383 384
383 834
384 1226
385 386
385 1352
386 879
387 256
387 388
388 796
389 390
389 777
390 1210
391 392
391 771
392 434
393 394
393 1233
394 871
395 396
395 923
396 617
397 398
397 707
398 1274
399 400
399 1325
400 1372
401 402
401 1289
402 1169
403 404
403 468
404 957
405 406
405 1247
406 374
407 307
407 408
408 344
409 276
409 410
410 100
411 288
411 412
412 537
413 414
413 583
414 261
415 416
415 1023
416 626
417 418
417 1130
418 40
419 420
419 901
420 1179
421 422
421 991
422 840
423 424
423 1064
424 868
425 426
425 1215
426 1062
427 334
427 428
428 148
429 430
429 597
430 955
431 432
431 591
432 620
433 434
433 1119
434 75
435 436
435 519
436 20
437 377
437 438
438 625
439 74
439 440
440 500
441 442
441 694
442 850
443 444
443 944
444 866
445 137
445 446
446 1074
447 79
447 448
448 1191
449 450
449 993
450 1193
451 452
451 1349
452 1304
453 88
453 454
454 1019
455 456
455 1296
456 244
457 458
457 501
458 236
459 127
459 460
460 634
461 115
461 462
462 1001
463 327
463 464
464 86
465 466
465 963
466 163
467 224
467 468
468 354
469 470
469 1258
470 1002
471 394
471 472
472 1112
473 474
473 1311
474 706
475 476
475 491
476 1058
477 187
477 478
478 876
479 480
479 700
480 390
481 482
481 1391
482 1157
483 145
483 484
484 802
485 486
485 1402
486 1200
487 488
487 1145
488 785
489 293
489 490
490 1057
491 409
491 492
492 1113
493 494
493 711
494 5
495 496
495 648
496 218
497 483
497 498
498 234
499 500
499 822
500 156
501 502
501 1005
502 63
503 504
503 1101
504 1220
505 506
505 1224
506 1050
507 508
507 1097
508 825
509 510
509 1136
510 902
511 512
511 536
512 801
513 514
513 546
514 264
515 408
515 516
516 992
517 518
517 1017
518 130
519 520
519 555
520 783
521 522
521 547
522 1176
523 32
523 524
524 428
525 526
525 954
526 132
527 528
527 819
528 1151
529 530
529 1327
530 9
531 57
531 532
532 764
533 78
533 534
534 831
535 536
535 1227
536 172
537 538
537 936
538 614
539 13
539 540
540 1295
541 542
541 1243
542 15
543 253
543 544
544 1122
545 546
545 1075
546 1040
547 548
547 1055
548 1373
549 240
549 550
550 478
551 552
551 673
552 325
553 554
553 745
554 230
555 556
555 1305
556 746
557 558
557 1197
558 862
559 560
559 1234
560 798
561 562
561 1147
562 1086
563 564
563 641
564 27
565 566
565 874
566 302
567 279
567 568
568 927
569 570
569 674
570 1360
571 572
571 701
572 506
573 574
573 758
574 1054
575 576
575 838
576 698
577 93
577 578
578 618
579 580
579 1363
580 199
581 582
581 775
582 242
583 168
583 584
584 131
585 266
585 586
586 1339
587 588
587 956
588 346
589 399
589 590
590 1195
591 535
591 592
592 942
593 594
593 1411
594 697
595 440
595 596
596 732
597 77
597 598
598 26
599 600
599 613
600 836
601 602
601 636
602 686
603 48
603 604
604 549
605 606
605 1180
606 924
607 608
607 872
608 328
609 610
609 1319
610 404
611 381
611 612
612 14
613 533
613 614
614 427
615 616
615 768
616 979
617 82
617 618
618 102
619 620
619 826
620 659
621 593
621 622
622 183
623 147
623 624
624 134
625 626
625 1137
626 1374
627 348
627 628
628 1024
629 630
629 1121
630 1026
631 632
631 1321
632 1316
633 544
633 634
634 1410
635 636
635 1115
636 1377
637 201
637 638
638 995
639 268
639 640
640 138
641 642
641 1131
642 456
643 644
643 749
644 693
645 646
645 947
646 2
647 648
647 782
648 1041
649 407
649 650
650 864
651 652
651 846
652 135
653 359
653 654
654 574
655 656
655 1143
656 632
657 379
657 658
658 402
659 474
659 660
660 721
661 69
661 662
662 68
663 321
663 664
664 1124
665 97
665 666
666 953
667 668
667 895
668 309
669 454
669 670
670 609
671 322
671 672
672 1396
673 674
673 1355
674 1260
675 676
675 1007
676 482
677 678
677 1053
678 370
679 312
679 680
680 76
681 682
681 754
682 144
683 684
683 1213
684 1120
685 686
685 788
686 1108
687 688
687 1297
688 1068
689 690
689 939
690 1267
691 692
691 1039
692 1294
693 694
693 1406
694 892
695 696
695 941
696 5
697 698
697 1271
698 452
699 331
699 700
700 1362
701 702
701 889
702 55
703 704
703 769
704 932
705 375
705 706
706 988
707 369
707 708
708 1209
709 509
709 710
710 297
711 712
711 717
712 1330
713 165
713 714
714 1280
715 716
715 1237
716 98
717 206
717 718
718 1152
719 463
719 720
720 1046
721 133
721 722
722 54
723 677
723 724
724 180
725 52
725 726
726 660
727 629
727 728
728 679
729 730
729 1315
730 1045
731 732
731 1331
732 538
733 141
733 734
734 1212
735 378
735 736
736 152
737 738
737 1275
738 1303
739 554
739 740
740 1414
741 568
741 742
742 1358
743 205
743 744
744 476
745 746
745 1141
746 664
747 643
747 748
748 372
749 429
749 750
750 804
751 752
751 1341
752 1266
753 754
753 815
754 28
755 650
755 756
756 116
757 713
757 758
758 1156
759 66
759 760
760 1047
761 45
761 762
762 60
763 764
763 1335
764 250
765 675
765 766
766 1072
767 23
767 768
768 123
769 164
769 770
770 46
771 43
771 772
772 1094
773 774
773 1186
774 1114
775 715
775 776
776 422
777 765
777 778
778 1354
779 780
779 821
780 600
781 607
781 782
782 1032
783 784
783 1043
784 1070
785 320
785 786
786 222
787 317
787 788
788 360
789 790
789 1126
790 671
791 83
791 792
792 1048
793 794
793 911
794 1270
795 341
795 796
796 606
797 281
797 798
798 572
799 800
799 1273
800 149
801 802
801 844
802 548
803 640
803 804
804 741
805 806
805 1252
806 1384
807 808
807 1337
808 464
809 790
809 810
810 938
811 179
811 812
812 1178
813 413
813 814
814 405
815 816
815 897
816 982
817 747
817 818
818 611
819 414
819 820
820 1367
821 820
821 822
822 1383
823 824
823 845
824 9
825 826
825 1217
826 174
827 571
827 828
828 298
829 289
829 830
830 681
831 832
831 1249
832 712
833 263
833 834
834 875
835 567
835 836
836 1405
837 838
837 1257
838 906
839 72
839 840
840 832
841 842
841 899
842 510
843 844
843 1049
844 752
845 435
845 846
846 943
847 18
847 848
848 195
849 449
849 850
850 10
851 24
851 852
852 473
853 495
853 854
854 1065
855 767
855 856
856 1140
857 858
857 1003
858 17
859 282
859 860
860 808
861 862
861 1395
862 1359
863 864
863 1079
864 1012
865 503
865 866
866 1153
867 868
867 878
868 970
869 870
869 1018
870 680
871 197
871 872
872 351
873 874
873 1009
874 262
875 91
875 876
876 668
877 878
877 1105
878 1028
879 724
879 880
880 1336
881 882
881 1123
882 1347
883 884
883 908
884 340
885 886
885 1400
886 516
887 520
887 888
888 896
889 621
889 890
890 968
891 853
891 892
892 560
893 589
893 894
894 1279
895 789
895 896
896 1170
897 898
897 1198
898 559
899 900
899 935
900 7
901 594
901 902
902 305
903 860
903 904
904 998
905 239
905 906
906 945
907 908
907 1324
908 103
909 465
909 910
910 642
911 857
911 912
912 1175
913 763
913 914
914 870
915 744
915 916
916 330
917 235
917 918
918 1090
919 118
919 920
920 545
921 425
921 922
922 496
923 924
923 1154
924 1103
925 743
925 926
926 710
927 139
927 928
928 453
929 420
929 930
930 806
931 932
931 1187
932 62
933 50
933 934
934 738
935 616
935 936
936 996
937 938
937 1044
938 948
939 661
939 940
940 987
941 942
941 1016
942 1254
943 443
943 944
944 1278
945 87
945 946
946 432
947 663
947 948
948 306
949 467
949 950
950 61
951 952
951 1173
952 662
953 703
953 954
954 150
955 818
955 956
956 51
957 888
957 958
958 470
959 151
959 960
960 841
961 304
961 962
962 504
963 431
963 964
964 569
965 329
965 966
966 246
967 968
967 1409
968 1307
969 227
969 970
970 518
971 972
971 1161
972 1052
973 974
973 1281
974 95
975 756
975 976
976 411
977 978
977 1403
978 655
979 980
979 1366
980 1208
981 193
981 982
982 1314
983 984
983 1251
984 1287
985 497
985 986
986 792
987 894
987 988
988 342
989 211
989 990
990 1000
991 459
991 992
992 914
993 29
993 994
994 493
995 592
995 996
996 1084
997 388
997 998
998 412
999 800
999 1000
1000 458
1001 647
1001 1002
1002 424
1003 71
1003 1004
1004 355
1005 47
1005 1006
1006 1167
1007 1008
1007 1117
1008 811
1009 1010
1009 1241
1010 962
1011 316
1011 1012
1012 644
1013 529
1013 1014
1014 1116
1015 303
1015 1016
1016 507
1017 335
1017 1018
1018 486
1019 794
1019 1020
1020 656
1021 153
1021 1022
1022 90
1023 333
1023 1024
1024 286
1025 1026
1025 1375
1026 1277
1027 1014
1027 1028
1028 12
1029 1030
1029 1034
1030 1006
1031 189
1031 1032
1032 882
1033 336
1033 1034
1034 1172
1035 534
1035 1036
1036 1232
1037 585
1037 1038
1038 687
1039 590
1039 1040
1040 683
1041 731
1041 1042
1042 735
1043 695
1043 1044
1044 678
1045 522
1045 1046
1046 11
1047 1048
1047 1390
1048 1106
1049 575
1049 1050
1050 513
1051 852
1051 1052
1052 292
1053 415
1053 1054
1054 900
1055 89
1055 1056
1056 121
1057 582
1057 1058
1058 1240
1059 1060
1059 1261
1060 692
1061 920
1061 1062
1062 1036
1063 977
1063 1064
1064 114
1065 781
1065 1066
1066 556
1067 1068
1067 1222
1068 384
1069 622
1069 1070
1070 1192
1071 186
1071 1072
1072 238
1073 652
1073 1074
1074 1310
1075 891
1075 1076
1076 515
1077 1063
1077 1078
1078 670
1079 925
1079 1080
1080 42
1081 508
1081 1082
1082 881
1083 1060
1083 1084
1084 10
1085 1077
1085 1086
1086 926
1087 676
1087 1088
1088 784
1089 1090
1089 1135
1090 353
1091 657
1091 1092
1092 980
1093 1094
1093 1229
1094 423
1095 623
1095 1096
1096 828
1097 913
1097 1098
1098 1386
1099 475
1099 1100
1100 1376
1101 637
1101 1102
1102 380
1103 1104
1103 1189
1104 184
1105 1038
1105 1106
1106 628
1107 1108
1107 1291
1108 1164
1109 1110
1109 1246
1110 188
1111 1112
1111 1177
1112 1168
1113 198
1113 1114
1114 1011
1115 1116
1115 1317
1116 314
1117 1013
1117 1118
1118 646
1119 101
1119 1120
1120 786
1121 1122
1121 1245
1122 81
1123 665
1123 1124
1124 903
1125 999
1125 1126
1126 178
1127 207
1127 1128
1128 1107
1129 1130
1129 1397
1130 104
1131 385
1131 1132
1132 708
1133 1134
1133 1231
1134 332
1135 1136
1135 1139
1136 931
1137 937
1137 1138
1138 1369
1139 299
1139 1140
1140 122
1141 391
1141 1142
1142 610
1143 383
1143 1144
1144 672
1145 667
1145 1146
1146 1133
1147 169
1147 1148
1148 658
1149 1150
1149 1394
1150 760
1151 421
1151 1152
1152 605
1153 1132
1153 1154
1154 1030
1155 929
1155 1156
1156 910
1157 880
1157 1158
1158 6
1159 967
1159 1160
1160 885
1161 1162
1161 1263
1162 364
1163 438
1163 1164
1164 776
1165 361
1165 1166
1166 1056
1167 725
1167 1168
1168 716
1169 80
1169 1170
1170 578
1171 1129
1171 1172
1172 154
1173 907
1173 1174
1174 290
1175 1171
1175 1176
1176 847
1177 540
1177 1178
1178 1184
1179 1125
1179 1180
1180 1199
1181 865
1181 1182
1182 1345
1183 550
1183 1184
1184 1334
1185 339
1185 1186
1186 1004
1187 267
1187 1188
1188 1320
1189 990
1189 1190
1190 684
1191 933
1191 1192
1192 762
1193 1194
1193 1214
1194 94
1195 702
1195 1196
1196 525
1197 448
1197 1198
1198 699
1199 1037
1199 1200
1200 1300
1201 1099
1201 1202
1202 389
1203 728
1203 1204
1204 1378
1205 1206
1205 1356
1206 645
1207 117
1207 1208
1208 1248
1209 949
1209 1210
1210 740
1211 705
1211 1212
1212 1348
1213 766
1213 1214
1214 904
1215 1216
1215 1380
1216 958
1217 638
1217 1218
1218 1268
1219 774
1219 1220
1220 1381
1221 1222
1221 1259
1222 251
1223 919
1223 1224
1224 216
1225 750
1225 1226
1226 627
1227 119
1227 1228
1228 843
1229 487
1229 1230
1230 1368
1231 445
1231 1232
1232 1388
1233 1111
1233 1234
1234 338
1235 1159
1235 1236
1236 551
1237 1235
1237 1238
1238 53
1239 311
1239 1240
1240 395
1241 99
1241 1242
1242 773
1243 398
1243 1244
1244 214
1245 1246
1245 1385
1246 1353
1247 129
1247 1248
1248 1069
1249 249
1249 1250
1250 542
1251 1252
1251 1292
1252 300
1253 41
1253 1254
1254 797
1255 1256
1255 1364
1256 1025
1257 107
1257 1258
1258 978
1259 418
1259 1260
1260 1051
1261 182
1261 1262
1262 651
1263 539
1263 1264
1264 191
1265 985
1265 1266
1266 1407
1267 140
1267 1268
1268 472
1269 961
1269 1270
1270 37
1271 1211
1271 1272
1272 1021
1273 1035
1273 1274
1274 959
1275 247
1275 1276
1276 1020
1277 1098
1277 1278
1278 528
1279 203
1279 1280
1280 905
1281 981
1281 1282
1282 859
1283 1284
1283 1350
1284 654
1285 989
1285 1286
1286 997
1287 315
1287 1288
1288 326
1289 457
1289 1290
1290 946
1291 521
1291 1292
1292 940
1293 226
1293 1294
1294 158
1295 231
1295 1296
1296 451
1297 543
1297 1298
1298 125
1299 277
1299 1300
1300 1219
1301 917
1301 1302
1302 952
1303 1095
1303 1304
1304 1302
1305 1127
1305 1306
1306 856
1307 1308
1307 1398
1308 704
1309 682
1309 1310
1310 566
1311 1163
1311 1312
1312 824
1313 357
1313 1314
1314 460
1315 31
1315 1316
1316 1392
1317 893
1317 1318
1318 730
1319 1286
1319 1320
1320 922
1321 863
1321 1322
1322 696
1323 615
1323 1324
1324 433
1325 723
1325 1326
1326 502
1327 1250
1327 1328
1328 400
1329 1149
1329 1330
1330 480
1331 410
1331 1332
1332 1318
1333 1221
1333 1334
1334 136
1335 1080
1335 1336
1336 573
1337 1236
1337 1338
1338 356
1339 96
1339 1340
1340 1413
1341 215
1341 1342
1342 666
1343 511
1343 1344
1344 976
1345 494
1345 1346
1346 484
1347 255
1347 1348
1348 352
1349 581
1349 1350
1350 1343
1351 1352
1351 1361
1352 1242
1353 56
1353 1354
1354 512
1355 110
1355 1356
1356 814
1357 469
1357 1358
1358 854
1359 1092
1359 1360
1360 1042
1361 323
1361 1362
1362 362
1363 3
1363 1364
1364 803
1365 373
1365 1366
1366 851
1367 973
1367 1368
1368 1188
1369 229
1369 1370
1370 162
1371 827
1371 1372
1372 347
1373 490
1373 1374
1374 280
1375 748
1375 1376
1376 1134
1377 142
1377 1378
1378 772
1379 447
1379 1380
1380 1228
1381 601
1381 1382
1382 92
1383 16
1383 1384
1384 84
1385 729
1385 1386
1386 185
1387 1091
1387 1388
1388 176
1389 260
1389 1390
1390 1158
1391 365
1391 1392
1392 1194
1393 1379
1393 1394
1394 270
1395 175
1395 1396
1396 170
1397 873
1397 1398
1398 219
1399 1387
1399 1400
1400 19
1401 523
1401 1402
1402 319
1403 689
1403 1404
1404 1342
1405 417
1405 1406
1406 975
1407 1239
1407 1408
1408 839
1409 4
1409 1410
1410 126
1411 295
1411 1412
1412 155
1413 588
1413 1414
1414 584
