0 237
0 262
1 177
1 641
3 161
3 449
4 381
4 1359
6 1155
5 6
7 744
7 1058
9 610
8 17
8 173
10 651
13 463
13 1215
15 129
15 659
17 327
17 1070
19 535
19 1352
21 232
21 869
23 7
23 24
24 105
25 23
25 26
26 708
27 28
27 1349
28 690
29 30
29 1263
30 80
31 32
31 455
32 696
33 34
33 1176
34 1061
35 36
35 1301
36 847
37 38
37 673
38 108
39 40
39 788
40 1158
41 42
41 675
42 982
43 44
43 188
44 556
45 46
45 1047
46 1163
47 48
47 1230
48 642
49 50
49 1162
50 1171
51 52
51 1001
52 86
53 41
53 54
54 1318
55 56
55 833
56 929
57 58
57 1092
58 812
59 60
59 843
60 457
61 62
61 357
62 600
63 64
63 1002
64 689
65 66
65 1245
66 718
67 68
67 216
68 851
69 70
69 1097
70 850
71 72
71 771
72 310
73 74
73 256
74 405
75 76
75 547
76 629
77 78
77 578
78 1322
79 80
79 950
80 604
81 82
81 1105
82 348
83 27
83 84
84 1332
85 86
85 577
86 148
87 88
87 1223
88 90
89 90
89 297
90 1339
91 92
91 585
92 1374
93 94
93 1286
94 92
95 96
95 971
96 406
97 98
97 1261
98 61
99 100
99 1369
100 1129
101 102
101 825
102 11
103 51
103 104
104 212
105 106
105 314
106 169
107 108
107 831
108 94
109 110
109 626
110 976
111 112
111 331
112 1095
113 114
113 980
114 878
115 116
115 358
116 997
117 118
117 413
118 922
119 120
119 539
120 940
121 122
121 1287
122 1010
123 124
123 1239
124 98
125 126
125 569
126 138
127 93
127 128
128 146
129 130
129 377
130 1403
131 33
131 132
132 110
133 134
133 994
134 170
135 136
135 915
136 260
137 64
137 138
138 1140
139 140
139 481
140 885
141 31
141 142
142 854
143 144
143 411
144 998
145 146
145 465
146 274
147 42
147 148
148 614
149 150
149 1147
150 1007
151 152
151 1011
152 774
153 154
153 1019
154 421
155 156
155 299
156 364
157 158
157 165
158 1190
159 160
159 1104
160 887
161 162
161 293
162 159
163 164
163 944
164 394
165 166
165 283
166 270
167 168
167 742
168 786
169 170
169 775
170 938
171 172
171 301
172 888
173 174
173 686
174 957
175 176
175 573
176 1264
177 178
177 1024
178 487
179 180
179 403
180 810
181 182
181 987
182 663
183 83
183 184
184 445
185 186
185 453
186 671
187 188
187 1063
188 1028
189 190
189 1153
190 131
191 192
191 1252
192 436
193 153
193 194
194 884
195 196
195 1189
196 765
197 76
197 198
198 730
199 200
199 645
200 29
201 202
201 267
202 1363
203 204
203 956
204 1372
205 206
205 883
206 154
207 208
207 820
208 970
209 210
209 960
210 684
211 212
211 574
212 1138
213 214
213 1081
214 593
215 25
215 216
216 942
217 218
217 799
218 74
219 220
219 1039
220 126
221 222
221 668
222 1121
223 224
223 526
224 466
225 226
225 1299
226 1316
227 228
227 275
228 125
229 230
229 1067
230 1315
231 232
231 1077
232 1118
233 234
233 354
234 1054
235 236
235 391
236 844
237 238
237 1241
238 14
239 123
239 240
240 376
241 242
241 414
242 1004
243 244
243 790
244 1360
245 246
245 903
246 504
247 248
247 836
248 346
249 250
249 390
250 954
251 252
251 877
252 1149
253 254
253 1169
254 315
255 256
255 705
256 6
257 235
257 258
258 1152
259 260
259 1413
260 1409
261 262
261 639
262 566
263 264
263 281
264 1045
265 266
265 510
266 794
267 268
267 769
268 1025
269 270
269 313
270 211
271 272
271 1397
272 911
273 274
273 716
274 712
275 221
275 276
276 991
277 278
277 435
278 142
279 111
279 280
280 443
281 282
281 1145
282 594
283 284
283 1353
284 795
285 286
285 973
286 1262
287 288
287 384
288 910
289 290
289 1087
290 1350
291 292
291 813
292 1296
293 294
293 559
294 572
295 296
295 628
296 69
297 4
297 298
298 1187
299 300
299 1319
300 84
301 302
301 500
302 792
303 304
303 1062
304 476
305 306
305 892
306 567
307 308
307 523
308 491
309 152
309 310
310 906
311 55
311 312
312 978
313 314
313 1211
314 63
315 316
315 387
316 1266
317 318
317 889
318 375
319 320
319 609
320 687
321 322
321 737
322 1210
323 324
323 902
324 630
325 326
325 586
326 611
327 328
327 657
328 26
329 330
329 680
330 565
331 257
331 332
332 1388
333 334
333 1292
334 1164
335 336
335 509
336 553
337 338
337 1177
338 666
339 250
339 340
340 1108
341 342
341 739
342 522
343 85
343 344
344 862
345 346
345 1038
346 44
347 1
347 348
348 1272
349 350
349 904
350 664
351 352
351 1284
352 670
353 354
353 1109
354 1166
355 356
355 791
356 802
357 358
357 806
358 534
359 360
359 751
360 1042
361 285
361 362
362 750
363 198
363 364
364 134
365 366
365 1141
366 893
367 368
367 464
368 54
369 370
369 967
370 1400
371 372
371 571
372 1282
373 374
373 1185
374 800
375 99
375 376
376 660
377 261
377 378
378 1056
379 380
379 834
380 1401
381 382
381 1135
382 677
383 384
383 1029
384 807
385 386
385 755
386 870
387 119
387 388
388 334
389 390
389 727
390 1289
391 317
391 392
392 446
393 394
393 835
394 1160
395 189
395 396
396 1314
397 398
397 1229
398 132
399 400
399 939
400 894
401 402
401 1385
402 1376
403 404
403 438
404 1126
405 406
405 616
406 1151
407 9
407 408
408 296
409 365
409 410
410 224
411 412
411 622
412 842
413 414
413 505
414 961
415 264
415 416
416 999
417 50
417 418
418 1276
419 420
419 1233
420 717
421 422
421 1310
422 1188
423 227
423 424
424 439
425 426
425 801
426 164
427 428
427 1057
428 426
429 368
429 430
430 418
431 432
431 441
432 590
433 434
433 927
434 1016
435 436
435 1113
436 462
437 438
437 1009
438 107
439 440
439 1206
440 1198
441 442
441 1306
442 178
443 444
443 865
444 1255
445 215
445 446
446 1253
447 448
447 621
448 1000
449 450
449 797
450 214
451 122
451 452
452 595
453 454
453 881
454 848
455 456
455 913
456 729
457 458
457 501
458 1234
459 460
459 1257
460 155
461 462
461 811
462 1012
463 464
463 624
464 1122
465 466
465 1107
466 140
467 468
467 1285
468 233
469 19
469 470
470 503
471 472
471 1366
472 179
473 474
473 1348
474 958
475 476
475 1224
476 1133
477 300
477 478
478 1124
479 480
479 541
480 21
481 482
481 1084
482 832
483 484
483 968
484 428
485 486
485 1168
486 404
487 488
487 634
488 1134
489 490
489 1225
490 564
491 492
491 914
492 208
493 494
493 1283
494 1260
495 496
495 1399
496 1325
497 498
497 815
498 378
499 81
499 500
500 550
501 502
501 721
502 1036
503 218
503 504
504 162
505 506
505 679
506 1023
507 258
507 508
508 619
509 410
509 510
510 1389
511 512
511 1246
512 77
513 97
513 514
514 776
515 516
515 1005
516 1030
517 433
517 518
518 1112
519 520
519 1238
520 1208
521 273
521 522
522 900
523 524
523 643
524 1298
525 526
525 778
526 423
527 528
527 1236
528 1248
529 530
529 981
530 508
531 532
531 731
532 252
533 534
533 1340
534 1020
535 536
535 719
536 984
537 538
537 767
538 1178
539 540
539 995
540 867
541 542
541 845
542 736
543 544
543 1391
544 323
545 493
545 546
546 157
547 271
547 548
548 827
549 550
549 575
550 945
551 552
551 706
552 1327
553 554
553 1205
554 304
555 556
555 1387
556 693
557 389
557 558
558 495
559 560
559 935
560 72
561 562
561 606
562 1093
563 564
563 977
564 417
565 566
565 1064
566 248
567 568
567 1390
568 890
569 166
569 570
570 841
571 572
571 1244
572 360
573 24
573 574
574 722
575 141
575 576
576 816
577 113
577 578
578 1222
579 580
579 895
580 429
581 307
581 582
582 931
583 584
583 826
584 798
585 121
585 586
586 147
587 588
587 1142
588 2
589 590
589 1115
590 665
591 9
591 592
592 171
593 298
593 594
594 200
595 596
595 1193
596 492
597 266
597 598
598 520
599 600
599 861
600 1094
601 602
601 1305
602 1033
603 604
603 1114
604 784
605 606
605 1304
606 127
607 371
607 608
608 1242
609 610
609 1381
610 469
611 67
611 612
612 306
613 614
613 1201
614 1402
615 616
615 1119
616 1076
617 618
617 985
618 136
619 303
619 620
620 846
621 60
621 622
622 309
623 624
623 780
624 1307
625 626
625 1407
626 43
627 517
627 628
628 1273
629 186
629 630
630 370
631 632
631 1073
632 219
633 284
633 634
634 1179
635 143
635 636
636 66
637 483
637 638
638 908
639 56
639 640
640 654
641 515
641 642
642 1324
643 644
643 1277
644 652
645 268
645 646
646 244
647 524
647 648
648 1199
649 150
649 650
650 482
651 652
651 1364
652 1256
653 311
653 654
654 783
655 656
655 1143
656 302
657 399
657 658
658 1392
659 660
659 1213
660 514
661 103
661 662
662 928
663 47
663 664
664 1216
665 333
665 666
666 1006
667 467
667 668
668 419
669 670
669 880
670 640
671 672
671 1337
672 710
673 196
673 674
674 79
675 676
675 1175
676 761
677 385
677 678
678 243
679 489
679 680
680 1055
681 223
681 682
682 1082
683 684
683 1323
684 339
685 686
685 1202
686 1342
687 688
687 698
688 760
689 277
689 690
690 714
691 245
691 692
692 511
693 694
693 1048
694 1268
695 386
695 696
696 502
697 698
697 1103
698 430
699 700
699 1209
700 1380
701 617
701 702
702 936
703 704
703 1311
704 190
705 655
705 706
706 444
707 209
707 708
708 1127
709 710
709 947
710 343
711 407
711 712
712 898
713 57
713 714
714 1267
715 691
715 716
716 73
717 395
717 718
718 596
719 151
719 720
720 748
721 683
721 722
722 734
723 601
723 724
724 184
725 726
725 926
726 1308
727 728
727 789
728 1240
729 100
729 730
730 770
731 383
731 732
732 592
733 425
733 734
734 440
735 39
735 736
736 1375
737 91
737 738
738 1265
739 740
739 1321
740 62
741 742
741 1217
742 229
743 276
743 744
744 859
745 746
745 937
746 305
747 412
747 748
748 292
749 704
749 750
750 70
751 579
751 752
752 263
753 754
753 1396
754 340
755 756
755 993
756 1355
757 631
757 758
758 82
759 760
759 1079
760 528
761 762
761 1291
762 452
763 521
763 764
764 924
765 149
765 766
766 1219
767 197
767 768
768 662
769 770
769 983
770 876
771 183
771 772
772 335
773 355
773 774
774 1412
775 776
775 840
776 1078
777 45
777 778
778 753
779 37
779 780
780 167
781 782
781 858
782 356
783 784
783 1172
784 612
785 707
785 786
786 1406
787 490
787 788
788 247
789 625
789 790
790 692
791 792
791 1259
792 442
793 794
793 1343
794 1065
795 796
795 1049
796 114
797 798
797 1021
798 513
799 762
799 800
800 636
801 191
801 802
802 874
803 605
803 804
804 251
805 633
805 806
806 732
807 808
807 1251
808 1132
809 180
809 810
810 1411
811 812
811 1293
812 1386
813 187
813 814
814 554
815 816
815 996
816 332
817 544
817 818
818 402
819 401
819 820
820 649
821 420
821 822
822 109
823 329
823 824
824 240
825 826
825 1037
826 497
827 828
827 1338
828 10
829 830
829 1136
830 18
831 527
831 832
832 22
833 834
833 849
834 68
835 479
835 836
836 468
837 838
837 1365
838 875
839 678
839 840
840 772
841 842
841 1371
842 725
843 787
843 844
844 1278
845 846
845 1099
846 294
847 848
847 1383
848 818
849 850
849 921
850 1034
851 160
851 852
852 78
853 672
853 854
854 519
855 856
855 857
856 324
857 199
857 858
858 1156
859 860
859 1281
860 398
861 862
861 1204
862 1288
863 557
863 864
864 650
865 866
865 1336
866 287
867 868
867 1086
868 829
869 870
869 972
870 325
871 872
871 1212
872 477
873 874
873 1014
874 32
875 95
875 876
876 1139
877 181
877 878
878 288
879 880
879 1357
880 896
881 838
881 882
882 1279
883 627
883 884
884 128
885 116
885 886
886 238
887 507
887 888
888 52
889 581
889 890
890 518
891 582
891 892
892 486
893 733
893 894
894 648
895 369
895 896
896 485
897 898
897 1167
898 828
899 900
899 1362
900 747
901 337
901 902
902 241
903 773
903 904
904 1091
905 906
905 1053
906 342
907 908
907 1083
908 20
909 910
909 1191
910 1182
911 647
911 912
912 899
913 3
913 914
914 588
915 916
915 1309
916 598
917 350
917 918
918 16
919 872
919 920
920 1368
921 839
921 922
922 568
923 135
923 924
924 1194
925 926
925 1043
926 104
927 393
927 928
928 1130
929 930
929 1003
930 96
931 480
931 932
932 1300
933 558
933 934
934 793
935 87
935 936
936 1015
937 938
937 1046
938 1367
939 940
939 1116
940 338
941 923
941 942
942 532
943 944
943 1333
944 207
945 562
945 946
946 474
947 804
947 948
948 638
949 933
949 950
950 1347
951 239
951 952
952 1243
953 954
953 1111
954 1089
955 599
955 956
956 1080
957 920
957 958
958 488
959 272
959 960
960 290
961 101
961 962
962 437
963 964
963 1207
964 397
965 782
965 966
966 234
967 353
967 968
968 855
969 970
969 1341
970 236
971 972
971 1088
972 112
973 36
973 974
974 1022
975 206
975 976
976 1072
977 978
977 1335
978 1329
979 253
979 980
980 701
981 963
981 982
982 702
983 984
983 1173
984 607
985 766
985 986
986 916
987 988
987 1031
988 1159
989 661
989 990
990 228
991 941
991 992
992 163
993 195
993 994
994 1302
995 996
995 1203
996 741
997 998
997 1148
998 316
999 202
999 1000
1000 1071
1001 1002
1001 1377
1002 932
1003 201
1003 1004
1004 602
1005 427
1005 1006
1006 749
1007 658
1007 1008
1008 1106
1009 879
1009 1010
1010 1237
1011 1012
1011 1250
1012 115
1013 951
1013 1014
1014 764
1015 1016
1015 1331
1016 1346
1017 130
1017 1018
1018 144
1019 133
1019 1020
1020 635
1021 359
1021 1022
1022 1059
1023 1024
1023 1221
1024 1227
1025 1026
1025 1165
1026 1157
1027 1028
1027 1052
1028 740
1029 1027
1029 1030
1030 886
1031 805
1031 1032
1032 380
1033 192
1033 1034
1034 580
1035 117
1035 1036
1036 363
1037 1038
1037 1271
1038 674
1039 450
1039 1040
1040 1186
1041 656
1041 1042
1042 38
1043 637
1043 1044
1044 724
1045 1046
1045 1125
1046 475
1047 667
1047 1048
1048 644
1049 416
1049 1050
1050 608
1051 35
1051 1052
1052 866
1053 746
1053 1054
1054 1128
1055 1056
1055 1090
1056 986
1057 785
1057 1058
1058 882
1059 1060
1059 1312
1060 278
1061 738
1061 1062
1062 1378
1063 531
1063 1064
1064 542
1065 352
1065 1066
1066 1123
1067 758
1067 1068
1068 720
1069 5
1069 1070
1070 1330
1071 1072
1071 1184
1072 1066
1073 415
1073 1074
1074 156
1075 681
1075 1076
1076 40
1077 803
1077 1078
1078 118
1079 949
1079 1080
1080 1098
1081 280
1081 1082
1082 168
1083 965
1083 1084
1084 966
1085 15
1085 1086
1086 1408
1087 863
1087 1088
1088 525
1089 975
1089 1090
1090 871
1091 1092
1091 1317
1092 1294
1093 990
1093 1094
1094 379
1095 484
1095 1096
1096 530
1097 1098
1097 1328
1098 946
1099 318
1099 1100
1100 1313
1101 711
1101 1102
1102 478
1103 964
1103 1104
1104 1041
1105 540
1105 1106
1106 682
1107 295
1107 1108
1108 1110
1109 255
1109 1110
1110 328
1111 361
1111 1112
1112 1414
1113 1114
1113 1220
1114 584
1115 460
1115 1116
1116 591
1117 699
1117 1118
1118 537
1119 529
1119 1120
1120 174
1121 13
1121 1122
1122 533
1123 30
1123 1124
1124 434
1125 563
1125 1126
1126 34
1127 1128
1127 1226
1128 230
1129 1017
1129 1130
1130 1405
1131 1026
1131 1132
1132 1032
1133 620
1133 1134
1134 917
1135 545
1135 1136
1136 182
1137 1075
1137 1138
1138 1102
1139 28
1139 1140
1140 570
1141 88
1141 1142
1142 1154
1143 1144
1143 1269
1144 1192
1145 546
1145 1146
1146 1051
1147 943
1147 1148
1148 1334
1149 728
1149 1150
1150 1200
1151 1152
1151 1274
1152 1356
1153 396
1153 1154
1154 422
1155 925
1155 1156
1156 344
1157 613
1157 1158
1158 106
1159 1160
1159 1214
1160 1275
1161 53
1161 1162
1162 555
1163 823
1163 1164
1164 12
1165 347
1165 1166
1166 952
1167 409
1167 1168
1168 8
1169 373
1169 1170
1170 345
1171 891
1171 1172
1172 204
1173 158
1173 1174
1174 1120
1175 757
1175 1176
1176 561
1177 752
1177 1178
1178 341
1179 58
1179 1180
1180 1373
1181 809
1181 1182
1182 756
1183 137
1183 1184
1184 282
1185 743
1185 1186
1186 424
1187 1101
1187 1188
1188 1040
1189 321
1189 1190
1190 213
1191 1192
1191 1297
1192 979
1193 1194
1193 1384
1194 210
1195 473
1195 1196
1196 919
1197 259
1197 1198
1198 907
1199 1200
1199 1404
1200 918
1201 819
1201 1202
1202 516
1203 1204
1203 1235
1204 499
1205 1206
1205 1398
1206 603
1207 269
1207 1208
1208 172
1209 959
1209 1210
1210 1013
1211 1131
1211 1212
1212 392
1213 745
1213 1214
1214 1195
1215 1216
1215 1270
1216 286
1217 1181
1217 1218
1218 1345
1219 821
1219 1220
1220 669
1221 796
1221 1222
1222 308
1223 1224
1223 1303
1224 653
1225 349
1225 1226
1226 458
1227 632
1227 1228
1228 1247
1229 552
1229 1230
1230 969
1231 49
1231 1232
1232 1358
1233 472
1233 1234
1234 536
1235 583
1235 1236
1236 5
1237 231
1237 1238
1238 203
1239 447
1239 1240
1240 1096
1241 1242
1241 1393
1242 320
1243 548
1243 1244
1244 781
1245 382
1245 1246
1246 759
1247 560
1247 1248
1248 1344
1249 549
1249 1250
1250 1320
1251 763
1251 1252
1252 175
1253 326
1253 1254
1254 362
1255 254
1255 1256
1256 448
1257 205
1257 1258
1258 456
1259 723
1259 1260
1260 808
1261 754
1261 1262
1262 498
1263 1180
1263 1264
1264 824
1265 930
1265 1266
1266 400
1267 139
1267 1268
1268 1354
1269 89
1269 1270
1270 685
1271 962
1271 1272
1272 589
1273 1085
1273 1274
1274 330
1275 1276
1275 1326
1276 1410
1277 75
1277 1278
1278 1290
1279 700
1279 1280
1280 695
1281 623
1281 1282
1282 726
1283 1284
1283 1395
1284 1018
1285 901
1285 1286
1286 1370
1287 1288
1287 1379
1288 454
1289 1290
1289 1351
1290 948
1291 1137
1291 1292
1292 576
1293 909
1293 1294
1294 366
1295 242
1295 1296
1296 856
1297 779
1297 1298
1298 817
1299 713
1299 1300
1300 992
1301 291
1301 1302
1302 1197
1303 71
1303 1304
1304 1258
1305 65
1305 1306
1306 1231
1307 1308
1307 1394
1308 1050
1309 551
1309 1310
1310 864
1311 471
1311 1312
1312 768
1313 1280
1313 1314
1314 953
1315 1008
1315 1316
1316 388
1317 459
1317 1318
1318 852
1319 853
1319 1320
1320 597
1321 225
1321 1322
1322 688
1323 988
1323 1324
1324 1218
1325 897
1325 1326
1326 873
1327 989
1327 1328
1328 494
1329 249
1329 1330
1330 336
1331 1183
1331 1332
1332 1382
1333 185
1333 1334
1334 1232
1335 461
1335 1336
1336 431
1337 1170
1337 1338
1338 506
1339 193
1339 1340
1340 587
1341 618
1341 1342
1342 974
1343 1254
1343 1344
1344 814
1345 1196
1345 1346
1346 102
1347 955
1347 1348
1348 615
1349 319
1349 1350
1350 322
1351 709
1351 1352
1352 432
1353 279
1353 1354
1354 512
1355 905
1355 1356
1356 48
1357 312
1357 1358
1358 822
1359 1069
1359 1360
1360 372
1361 715
1361 1362
1362 351
1363 676
1363 1364
1364 408
1365 777
1365 1366
1366 289
1367 220
1367 1368
1368 1150
1369 1161
1369 1370
1370 470
1371 10
1371 1372
1372 860
1373 646
1373 1374
1374 1174
1375 367
1375 1376
1376 124
1377 496
1377 1378
1378 830
1379 1035
1379 1380
1380 1100
1381 451
1381 1382
1382 374
1383 217
1383 1384
1384 697
1385 1044
1385 1386
1386 1295
1387 934
1387 1388
1388 120
1389 46
1389 1390
1390 1228
1391 1361
1391 1392
1392 868
1393 1249
1393 1394
1394 735
1395 837
1395 1396
1396 145
1397 703
1397 1398
1398 265
1399 1117
1399 1400
1400 226
1401 912
1401 1402
1402 176
1403 1144
1403 1404
1404 1060
1405 194
1405 1406
1406 246
1407 543
1407 1408
1408 1146
1409 222
1409 1410
1410 694
1411 59
1411 1412
1412 1074
1413 538
1413 1414
1414 1068
