0 247
0 994
1 338
1 421
3 95
3 1206
5 873
4 1226
4 1285
6 85
7 213
7 798
9 314
9 1052
11 1350
10 137
10 830
12 1184
15 151
15 908
17 58
17 222
19 109
19 1346
21 476
21 930
23 24
23 1220
24 417
25 26
25 1035
26 779
27 28
27 910
28 120
29 30
29 517
30 486
31 32
31 1042
32 530
33 34
33 1091
34 1255
35 36
35 1329
36 483
37 38
37 473
38 32
39 40
39 1341
40 1068
41 42
41 666
42 1268
43 44
43 261
44 199
45 5
45 46
46 55
47 48
47 627
48 363
49 50
49 522
50 11
51 52
51 583
52 340
53 54
53 1173
54 1286
55 56
55 748
56 542
57 58
57 1247
58 1241
59 60
59 1290
60 1245
61 62
61 1259
62 152
63 64
63 847
64 1115
65 66
65 134
66 49
67 68
67 1335
68 1155
69 70
69 640
70 1122
71 72
71 1160
72 1064
73 74
73 458
74 169
75 76
75 491
76 104
77 78
77 966
78 1200
79 80
79 971
80 950
81 82
81 1130
82 580
83 84
83 343
84 642
85 86
85 975
86 1368
87 88
87 802
88 146
89 90
89 448
90 1132
91 92
91 536
92 1316
93 94
93 1193
94 636
95 96
95 337
96 784
97 98
97 171
98 2
99 47
99 100
100 999
101 102
101 1223
102 474
103 1
103 104
104 119
105 106
105 669
106 754
107 108
107 671
108 1177
109 110
109 751
110 725
111 112
111 238
112 451
113 114
113 1318
114 1117
115 116
115 1243
116 339
117 118
117 962
118 1272
119 120
119 215
120 1202
121 122
121 399
122 1383
123 124
123 433
124 1374
125 126
125 887
126 675
127 128
127 1313
128 864
129 84
129 130
130 166
131 132
131 1138
132 1403
133 134
133 650
134 768
135 136
135 553
136 94
137 138
137 307
138 554
139 140
139 181
140 274
141 112
141 142
142 1378
143 144
143 718
144 266
145 146
145 773
146 391
147 148
147 1299
148 290
149 107
149 150
150 383
151 152
151 577
152 401
153 154
153 833
154 571
155 60
155 156
156 341
157 158
157 780
158 1169
159 160
159 909
160 570
161 141
161 162
162 617
163 164
163 1338
164 848
165 166
165 919
166 208
167 168
167 793
168 180
169 170
169 288
170 402
171 172
171 893
172 896
173 174
173 296
174 428
175 176
175 381
176 958
177 178
177 795
178 329
179 180
179 1183
180 564
181 182
181 749
182 279
183 184
183 977
184 743
185 186
185 758
186 143
187 188
187 1084
188 614
189 190
189 934
190 127
191 192
191 1357
192 1010
193 194
193 1075
194 114
195 196
195 1371
196 440
197 198
197 407
198 132
199 200
199 865
200 1144
201 202
201 1154
202 323
203 83
203 204
204 1254
205 206
205 766
206 556
207 208
207 618
208 1074
209 7
209 210
210 1100
211 212
211 965
212 170
213 214
213 253
214 360
215 156
215 216
216 163
217 218
217 1112
218 504
219 220
219 332
220 210
221 222
221 953
222 178
223 224
223 1242
224 184
225 226
225 1047
226 631
227 228
227 839
228 855
229 230
229 757
230 858
231 232
231 1198
232 738
233 234
233 685
234 767
235 236
235 1067
236 76
237 238
237 877
238 960
239 240
239 439
240 1248
241 242
241 1323
242 78
243 108
243 244
244 987
245 246
245 838
246 446
247 139
247 248
248 582
249 250
249 679
250 629
251 23
251 252
252 283
253 254
253 1104
254 807
255 256
255 587
256 388
257 258
257 565
258 937
259 260
259 726
260 854
261 262
261 926
262 935
263 264
263 1343
264 38
265 266
265 1102
266 1236
267 268
267 359
268 874
269 235
269 270
270 1069
271 44
271 272
272 321
273 274
273 462
274 632
275 276
275 797
276 870
277 278
277 456
278 772
279 280
279 933
280 980
281 124
281 282
282 940
283 284
283 812
284 1136
285 286
285 973
286 1106
287 288
287 1266
288 1028
289 290
289 475
290 168
291 292
291 575
292 1363
293 294
293 300
294 1090
295 241
295 296
296 492
297 298
297 778
298 566
299 300
299 845
300 622
301 79
301 302
302 656
303 243
303 304
304 907
305 236
305 306
306 682
307 308
307 653
308 1070
309 310
309 1158
310 1222
311 312
311 1018
312 590
313 314
313 871
314 660
315 316
315 1137
316 472
317 318
317 619
318 1342
319 130
319 320
320 1396
321 322
321 528
322 1011
323 324
323 1312
324 591
325 4
325 326
326 1296
327 328
327 537
328 1380
329 330
329 1283
330 842
331 332
331 676
332 294
333 334
333 1043
334 599
335 62
335 336
336 1232
337 338
337 581
338 1225
339 340
339 911
340 806
341 342
341 469
342 1013
343 344
343 593
344 1167
345 346
345 782
346 944
347 348
347 969
348 485
349 350
349 1227
350 952
351 352
351 1205
352 876
353 354
353 386
354 1152
355 356
355 706
356 1258
357 358
357 956
358 36
359 249
359 360
360 998
361 362
361 607
362 647
363 364
363 478
364 389
365 330
365 366
366 866
367 368
367 861
368 281
369 370
369 461
370 419
371 372
371 507
372 707
373 374
373 1147
374 588
375 376
375 863
376 140
377 6
377 378
378 786
379 380
379 984
380 1204
381 189
381 382
382 663
383 384
383 1083
384 305
385 386
385 1408
386 216
387 388
387 1398
388 920
389 390
389 409
390 204
391 392
391 398
392 776
393 394
393 585
394 918
395 225
395 396
396 1280
397 398
397 805
398 250
399 400
399 659
400 67
401 402
401 1367
402 1036
403 404
403 1326
404 217
405 115
405 406
406 425
407 309
407 408
408 164
409 410
409 808
410 176
411 412
411 1211
412 574
413 211
413 414
414 355
415 372
415 416
416 424
417 418
417 702
418 762
419 420
419 912
420 426
421 422
421 499
422 1170
423 424
423 1096
424 1372
425 426
425 533
426 677
427 428
427 723
428 1182
429 430
429 899
430 422
431 432
431 1354
432 220
433 434
433 1304
434 716
435 436
435 1188
436 345
437 145
437 438
438 598
439 440
439 922
440 579
441 270
441 442
442 1310
443 444
443 649
444 1387
445 113
445 446
446 284
447 448
447 1191
448 73
449 418
449 450
450 495
451 21
451 452
452 993
453 454
453 1057
454 194
455 191
455 456
456 892
457 51
457 458
458 207
459 226
459 460
460 1256
461 299
461 462
462 1166
463 205
463 464
464 508
465 466
465 1339
466 1125
467 43
467 468
468 367
469 470
469 1076
470 1006
471 99
471 472
472 432
473 474
473 1379
474 82
475 476
475 1407
476 277
477 478
477 535
478 1041
479 405
479 480
480 741
481 482
481 487
482 714
483 484
483 699
484 158
485 486
485 633
486 1196
487 142
487 488
488 862
489 490
489 646
490 1150
491 492
491 510
492 626
493 427
493 494
494 1176
495 496
495 724
496 1382
497 498
497 602
498 996
499 500
499 613
500 1264
501 441
501 502
502 278
503 504
503 1404
504 1156
505 506
505 883
506 1253
507 153
507 508
508 256
509 510
509 1171
510 1046
511 237
511 512
512 374
513 97
513 514
514 218
515 445
515 516
516 354
517 518
517 875
518 500
519 520
519 1108
520 913
521 522
521 1279
522 853
523 231
523 524
524 118
525 324
525 526
526 790
527 528
527 903
528 654
529 413
529 530
530 840
531 532
531 1178
532 470
533 534
533 1410
534 30
535 536
535 755
536 1040
537 538
537 1181
538 1352
539 540
539 1103
540 750
541 542
541 976
542 1246
543 429
543 544
544 1284
545 463
545 546
546 144
547 548
547 1007
548 334
549 550
549 1240
550 1014
551 403
551 552
552 673
553 554
553 623
554 688
555 556
555 801
556 1376
557 558
557 813
558 201
559 560
559 959
560 1139
561 560
561 562
562 90
563 564
563 1023
564 400
565 263
565 566
566 884
567 568
567 897
568 936
569 344
569 570
570 298
571 572
571 1381
572 349
573 544
573 574
574 764
575 576
575 1317
576 986
577 454
577 578
578 335
579 580
579 763
580 188
581 582
581 609
582 186
583 584
583 1239
584 658
585 586
585 689
586 970
587 588
587 1021
588 15
589 371
589 590
590 318
591 80
591 592
592 576
593 594
593 1209
594 192
595 596
595 1411
596 264
597 598
597 1085
598 1110
599 600
599 1402
600 394
601 602
601 611
602 643
603 604
603 1071
604 927
605 606
605 785
606 46
607 608
607 1017
608 185
609 604
609 610
610 505
611 17
611 612
612 1273
613 614
613 1133
614 546
615 616
615 1375
616 992
617 370
617 618
618 690
619 620
619 661
620 734
621 41
621 622
622 634
623 578
623 624
624 187
625 563
625 626
626 89
627 395
627 628
628 823
629 630
629 684
630 503
631 632
631 752
632 12
633 634
633 1059
634 592
635 615
635 636
636 943
637 638
637 655
638 240
639 640
639 1389
640 416
641 642
641 1265
642 14
643 251
643 644
644 1048
645 25
645 646
646 9
647 648
647 1355
648 227
649 313
649 650
650 148
651 652
651 695
652 1142
653 654
653 1291
654 683
655 656
655 1187
656 352
657 658
657 721
658 8
659 660
659 1087
660 849
661 662
661 717
662 1022
663 664
663 1203
664 356
665 666
665 1294
666 449
667 69
667 668
668 1274
669 670
669 1098
670 396
671 672
671 1159
672 464
673 447
673 674
674 904
675 524
675 676
676 1143
677 678
677 1297
678 736
679 149
679 680
680 312
681 223
681 682
682 1062
683 684
683 898
684 252
685 411
685 686
686 1358
687 688
687 1109
688 86
689 690
689 820
690 40
691 692
691 885
692 600
693 694
693 1369
694 979
695 696
695 1237
696 19
697 698
697 1364
698 791
699 700
699 1107
700 212
701 603
701 702
702 1126
703 704
703 747
704 550
705 39
705 706
706 420
707 708
707 1328
708 569
709 710
709 844
710 1058
711 712
711 941
712 641
713 37
713 714
714 368
715 716
715 733
716 526
717 718
717 1305
718 1340
719 720
719 1099
720 436
721 696
721 722
722 259
723 431
723 724
724 586
725 443
725 726
726 286
727 177
727 728
728 1281
729 206
729 730
730 949
731 466
731 732
732 1348
733 734
733 1332
734 678
735 711
735 736
736 346
737 738
737 759
738 518
739 740
739 1095
740 465
741 742
741 1055
742 616
743 379
743 744
744 316
745 746
745 819
746 1019
747 748
747 1086
748 722
749 317
749 750
750 638
751 175
751 752
752 1163
753 754
753 1271
754 1186
755 357
755 756
756 712
757 758
757 1065
758 989
759 257
759 760
760 1307
761 762
761 1235
762 700
763 764
763 1238
764 129
765 91
765 766
766 1080
767 768
767 1148
768 444
769 770
769 1124
770 744
771 772
771 1153
772 75
773 774
773 1261
774 384
775 71
775 776
776 24
777 262
777 778
778 1131
779 468
779 780
780 1120
781 365
781 782
782 50
783 784
783 1165
784 308
785 735
785 786
786 1244
787 203
787 788
788 442
789 790
789 1039
790 20
791 198
791 792
792 664
793 794
793 1121
794 1197
795 796
795 967
796 1336
797 798
797 1179
798 1210
799 800
799 972
800 917
801 229
801 802
802 783
803 804
803 1349
804 392
805 806
805 851
806 214
807 808
807 1116
808 494
809 11
809 810
810 1054
811 33
811 812
812 342
813 814
813 1081
814 834
815 651
815 816
816 645
817 101
817 818
818 1008
819 820
819 1051
820 125
821 822
821 929
822 1263
823 800
823 824
824 302
825 826
825 945
826 828
827 292
827 828
828 1119
829 548
829 830
830 520
831 65
831 832
832 28
833 167
833 834
834 93
835 5
835 836
836 1334
837 838
837 891
838 147
839 840
839 1063
840 1370
841 842
841 1359
842 731
843 841
843 844
844 1215
845 325
845 846
846 939
847 848
847 1097
848 430
849 746
849 850
850 1276
851 789
851 852
852 890
853 854
853 1219
854 824
855 652
855 856
856 974
857 858
857 1094
858 881
859 860
859 1249
860 515
861 242
861 862
862 1190
863 811
863 864
864 460
865 866
865 1391
866 1252
867 868
867 1015
868 1113
869 775
869 870
870 297
871 781
871 872
872 502
873 116
873 874
874 561
875 876
875 1322
876 850
877 878
877 1301
878 1027
879 880
879 1032
880 482
881 882
881 1034
882 1278
883 157
883 884
884 506
885 541
885 886
886 878
887 378
887 888
888 304
889 509
889 890
890 136
891 687
891 892
892 628
893 479
893 894
894 202
895 777
895 896
896 34
897 358
897 898
898 31
899 268
899 900
900 624
901 902
901 1189
902 1327
903 625
903 904
904 1002
905 397
905 906
906 710
907 908
907 1056
908 648
909 910
909 1399
910 1216
911 195
911 912
912 1366
913 87
913 914
914 258
915 916
915 1231
916 138
917 918
917 1325
918 1092
919 348
919 920
920 1233
921 691
921 922
922 1384
923 555
923 924
924 311
925 605
925 926
926 267
927 471
927 928
928 126
929 519
929 930
930 1292
931 932
931 1351
932 957
933 457
933 934
934 665
935 815
935 936
936 322
937 938
937 1394
938 596
939 239
939 940
940 978
941 739
941 942
942 459
943 944
943 1228
944 1320
945 760
945 946
946 810
947 948
947 1303
948 489
949 694
949 950
950 200
951 769
951 952
952 880
953 954
953 1049
954 988
955 657
955 956
956 846
957 958
957 1298
958 490
959 960
959 1149
960 543
961 612
961 962
962 914
963 511
963 964
964 232
965 303
965 966
966 997
967 639
967 968
968 597
969 361
969 970
970 900
971 315
971 972
972 860
973 804
973 974
974 293
975 976
975 1333
976 821
977 827
977 978
978 280
979 932
979 980
980 326
981 982
981 1157
982 872
983 984
983 1412
984 1270
985 986
985 1390
986 964
987 988
987 1195
988 1030
989 990
989 1162
990 1093
991 351
991 992
992 672
993 994
993 1060
994 29
995 498
995 996
996 545
997 254
997 998
998 796
999 306
999 1000
1000 1066
1001 1002
1001 1267
1002 635
1003 601
1003 1004
1004 704
1005 1006
1005 1287
1006 826
1007 150
1007 1008
1008 982
1009 1010
1009 1033
1010 644
1011 92
1011 1012
1012 832
1013 319
1013 1014
1014 1314
1015 269
1015 1016
1016 948
1017 1018
1017 1161
1018 162
1019 54
1019 1020
1020 1078
1021 234
1021 1022
1022 621
1023 6
1023 1024
1024 703
1025 1026
1025 1172
1026 1199
1027 822
1027 1028
1028 1038
1029 701
1029 1030
1030 1212
1031 983
1031 1032
1032 56
1033 888
1033 1034
1034 753
1035 1036
1035 1337
1036 562
1037 924
1037 1038
1038 310
1039 105
1039 1040
1040 995
1041 1042
1041 1365
1042 720
1043 1044
1043 1344
1044 131
1045 161
1045 1046
1046 573
1047 1025
1047 1048
1048 1001
1049 477
1049 1050
1050 10
1051 103
1051 1052
1052 1129
1053 1054
1053 1386
1054 1000
1055 455
1055 1056
1056 531
1057 435
1057 1058
1058 938
1059 81
1059 1060
1060 831
1061 1062
1061 1185
1062 856
1063 799
1063 1064
1064 224
1065 1066
1065 1331
1066 410
1067 637
1067 1068
1068 404
1069 1070
1069 1221
1070 172
1071 1026
1071 1072
1072 680
1073 1074
1073 1214
1074 1164
1075 1076
1075 1277
1076 523
1077 1037
1077 1078
1078 803
1079 1080
1079 1360
1080 1088
1081 375
1081 1082
1082 1208
1083 1084
1083 1293
1084 320
1085 915
1085 1086
1086 921
1087 567
1087 1088
1088 190
1089 869
1089 1090
1090 13
1091 1003
1091 1092
1092 620
1093 209
1093 1094
1094 942
1095 1096
1095 1257
1096 276
1097 991
1097 1098
1098 816
1099 882
1099 1100
1100 879
1101 484
1101 1102
1102 390
1103 1104
1103 1251
1104 501
1105 376
1105 1106
1106 70
1107 295
1107 1108
1108 1077
1109 981
1109 1110
1110 728
1111 1112
1111 1414
1112 558
1113 453
1113 1114
1114 947
1115 481
1115 1116
1116 1168
1117 452
1117 1118
1118 1192
1119 534
1119 1120
1120 584
1121 513
1121 1122
1122 1260
1123 547
1123 1124
1124 540
1125 45
1125 1126
1126 667
1127 549
1127 1128
1128 1050
1129 1128
1129 1130
1130 48
1131 364
1131 1132
1132 852
1133 53
1133 1134
1134 538
1135 895
1135 1136
1136 698
1137 121
1137 1138
1138 1385
1139 393
1139 1140
1140 88
1141 265
1141 1142
1142 686
1143 496
1143 1144
1144 692
1145 1123
1145 1146
1146 817
1147 901
1147 1148
1148 985
1149 347
1149 1150
1150 350
1151 843
1151 1152
1152 26
1153 968
1153 1154
1154 353
1155 1156
1155 1230
1156 228
1157 539
1157 1158
1158 406
1159 761
1159 1160
1160 886
1161 745
1161 1162
1162 373
1163 1164
1163 1395
1164 1262
1165 1166
1165 1295
1166 729
1167 1168
1167 1229
1168 72
1169 111
1169 1170
1170 668
1171 1172
1171 1413
1172 1275
1173 233
1173 1174
1174 61
1175 366
1175 1176
1176 1020
1177 527
1177 1178
1178 493
1179 154
1179 1180
1180 331
1181 1182
1181 1393
1182 732
1183 765
1183 1184
1184 1082
1185 35
1185 1186
1186 160
1187 1151
1187 1188
1188 1309
1189 221
1189 1190
1190 514
1191 902
1191 1192
1192 1234
1193 179
1193 1194
1194 552
1195 193
1195 1196
1196 336
1197 923
1197 1198
1198 183
1199 1005
1199 1200
1200 1207
1201 438
1201 1202
1202 946
1203 963
1203 1204
1204 770
1205 3
1205 1206
1206 589
1207 532
1207 1208
1208 525
1209 1029
1209 1210
1210 291
1211 1212
1211 1345
1212 697
1213 737
1213 1214
1214 59
1215 1213
1215 1216
1216 1306
1217 727
1217 1218
1218 1347
1219 74
1219 1220
1220 1250
1221 1222
1221 1289
1222 674
1223 529
1223 1224
1224 1053
1225 867
1225 1226
1226 377
1227 230
1227 1228
1228 719
1229 715
1229 1230
1230 248
1231 608
1231 1232
1232 128
1233 954
1233 1234
1234 434
1235 931
1235 1236
1236 52
1237 362
1237 1238
1238 1388
1239 1061
1239 1240
1240 1397
1241 301
1241 1242
1242 818
1243 1135
1243 1244
1244 123
1245 630
1245 1246
1246 730
1247 1114
1247 1248
1248 423
1249 414
1249 1250
1250 77
1251 271
1251 1252
1252 1044
1253 792
1253 1254
1254 100
1255 1256
1255 1308
1256 906
1257 1258
1257 1315
1258 328
1259 774
1259 1260
1260 273
1261 1262
1261 1401
1262 1141
1263 1174
1263 1264
1264 174
1265 1031
1265 1266
1266 1353
1267 670
1267 1268
1268 488
1269 122
1269 1270
1270 12
1271 708
1271 1272
1272 173
1273 836
1273 1274
1274 1302
1275 837
1275 1276
1276 22
1277 1111
1277 1278
1278 1300
1279 57
1279 1280
1280 196
1281 606
1281 1282
1282 1330
1283 1194
1283 1284
1284 1073
1285 557
1285 1286
1286 829
1287 1217
1287 1288
1288 1140
1289 693
1289 1290
1290 64
1291 551
1291 1292
1292 1009
1293 1079
1293 1294
1294 385
1295 333
1295 1296
1296 1118
1297 287
1297 1298
1298 1392
1299 756
1299 1300
1300 272
1301 835
1301 1302
1302 412
1303 610
1303 1304
1304 1406
1305 925
1305 1306
1306 1105
1307 868
1307 1308
1308 928
1309 110
1309 1310
1310 387
1311 1312
1311 1362
1312 516
1313 285
1313 1314
1314 27
1315 559
1315 1316
1316 106
1317 961
1317 1318
1318 857
1319 1320
1319 1356
1320 408
1321 1201
1321 1322
1322 66
1323 1127
1323 1324
1324 1180
1325 165
1325 1326
1326 1269
1327 1024
1327 1328
1328 681
1329 275
1329 1330
1330 1012
1331 955
1331 1332
1332 96
1333 521
1333 1334
1334 814
1335 1016
1335 1336
1336 260
1337 437
1337 1338
1338 1134
1339 1340
1339 1409
1340 1218
1341 480
1341 1342
1342 197
1343 1344
1343 1377
1344 705
1345 595
1345 1346
1346 771
1347 497
1347 1348
1348 18
1349 1350
1349 1361
1350 219
1351 63
1351 1352
1352 68
1353 155
1353 1354
1354 450
1355 889
1355 1356
1356 1089
1357 1045
1357 1358
1358 102
1359 327
1359 1360
1360 709
1361 1311
1361 1362
1362 1288
1363 572
1363 1364
1364 894
1365 244
1365 1366
1366 916
1367 415
1367 1368
1368 951
1369 133
1369 1370
1370 246
1371 1101
1371 1372
1372 594
1373 568
1373 1374
1374 42
1375 1373
1375 1376
1376 16
1377 825
1377 1378
1378 1004
1379 809
1379 1380
1380 98
1381 1146
1381 1382
1382 1282
1383 1072
1383 1384
1384 859
1385 1224
1385 1386
1386 135
1387 1319
1387 1388
1388 662
1389 182
1389 1390
1390 1145
1391 289
1391 1392
1392 742
1393 255
1393 1394
1394 512
1395 1321
1395 1396
1396 380
1397 382
1397 1398
1398 1175
1399 369
1399 1400
1400 713
1401 740
1401 1402
1402 117
1403 1324
1403 1404
1404 282
1405 159
1405 1406
1406 245
1407 905
1407 1408
1408 1405
1409 794
1409 1410
1410 1400
1411 467
1411 1412
1412 990
1413 787
1413 1414
1414 788
