0 443
0 739
1 513
1 767
3 453
3 517
4 70
4 81
5 1295
6 249
7 129
7 1225
9 571
9 818
10 272
10 891
11 892
12 314
15 427
15 613
17 334
17 836
19 190
19 490
21 1109
21 1311
23 24
23 567
24 357
25 26
25 1027
26 866
27 28
27 692
28 88
29 30
29 281
30 6
31 32
31 390
32 1073
33 34
33 455
34 452
35 36
35 361
36 1076
37 38
37 1171
38 1280
39 40
39 1303
40 339
41 42
41 1359
42 637
43 44
43 1356
44 1406
45 46
45 469
46 623
47 48
47 1100
48 295
49 50
49 73
50 1122
51 52
51 1349
52 805
53 54
53 809
54 719
55 24
55 56
56 726
57 58
57 889
58 347
59 60
59 704
60 752
61 62
61 791
62 1024
63 64
63 1183
64 1194
65 66
65 848
66 729
67 68
67 109
68 669
69 70
69 1317
70 1095
71 72
71 647
72 658
73 55
73 74
74 86
75 76
75 1108
76 566
77 78
77 448
78 1006
79 80
79 1235
80 620
81 82
81 835
82 1208
83 84
83 775
84 1226
85 86
85 1045
86 470
87 88
87 1411
88 135
89 90
89 1046
90 882
91 92
91 1145
92 1318
93 94
93 756
94 984
95 96
95 1084
96 982
97 98
97 706
98 822
99 100
99 392
100 508
101 102
101 929
102 336
103 41
103 104
104 502
105 106
105 1412
106 333
107 108
107 1034
108 1316
109 110
109 267
110 518
111 112
111 1327
112 1348
113 114
113 401
114 1114
115 116
115 716
116 612
117 28
117 118
118 703
119 120
119 1249
120 1167
121 122
121 327
122 487
123 124
123 1232
124 1322
125 126
125 947
126 1229
127 128
127 311
128 1168
129 130
129 760
130 1134
131 132
131 928
132 312
133 134
133 385
134 20
135 136
135 625
136 651
137 138
137 909
138 781
139 16
139 140
140 1102
141 142
141 926
142 237
143 144
143 1050
144 1352
145 146
145 1341
146 978
147 148
147 161
148 935
149 150
149 1133
150 930
151 152
151 1231
152 710
153 154
153 530
154 290
155 156
155 421
156 14
157 158
157 804
158 398
159 160
159 399
160 242
161 162
161 247
162 808
163 164
163 980
164 180
165 43
165 166
166 349
167 168
167 283
168 60
169 170
169 722
170 695
171 172
171 815
172 243
173 174
173 1397
174 1321
175 176
175 857
176 166
177 178
177 481
178 30
179 118
179 180
180 68
181 182
181 476
182 1250
183 184
183 761
184 673
185 186
185 746
186 682
187 188
187 289
188 423
189 190
189 665
190 294
191 192
191 554
192 941
193 95
193 194
194 671
195 1
195 196
196 590
197 152
197 198
198 213
199 200
199 1343
200 1072
201 87
201 202
202 1308
203 204
203 653
204 1038
205 206
205 268
206 316
207 208
207 244
208 1053
209 104
209 210
210 1390
211 212
211 341
212 568
213 21
213 214
214 652
215 216
215 1152
216 579
217 218
217 979
218 25
219 220
219 1213
220 913
221 222
221 1299
222 540
223 125
223 224
224 1228
225 226
225 343
226 208
227 49
227 228
228 880
229 167
229 230
230 364
231 39
231 232
232 720
233 234
233 351
234 783
235 236
235 1346
236 92
237 238
237 550
238 914
239 240
239 251
240 711
241 242
241 1409
242 299
243 244
243 657
244 1094
245 246
245 687
246 551
247 248
247 297
248 1078
249 250
249 1103
250 1258
251 252
251 1395
252 368
253 225
253 254
254 912
255 256
255 1239
256 1410
257 258
257 485
258 1138
259 147
259 260
260 624
261 174
261 262
262 925
263 264
263 819
264 370
265 15
265 266
266 110
267 159
267 268
268 856
269 270
269 1025
270 932
271 272
271 641
272 296
273 274
273 1059
274 1105
275 276
275 985
276 852
277 274
277 278
278 285
279 257
279 280
280 133
281 282
281 634
282 1414
283 232
283 284
284 112
285 124
285 286
286 796
287 288
287 435
288 697
289 290
289 371
290 132
291 292
291 380
292 983
293 204
293 294
294 780
295 296
295 897
296 733
297 298
297 1143
298 350
299 300
299 611
300 154
301 234
301 302
302 322
303 304
303 1159
304 680
305 306
305 915
306 1209
307 278
307 308
308 468
309 310
309 1001
310 557
311 312
311 1286
312 668
313 29
313 314
314 156
315 291
315 316
316 252
317 318
317 1269
318 505
319 320
319 740
320 743
321 322
321 1371
322 1306
323 324
323 864
324 91
325 173
325 326
326 74
327 328
327 826
328 1188
329 330
329 1233
330 831
331 332
331 675
332 1274
333 334
333 474
334 1041
335 336
335 950
336 686
337 54
337 338
338 1248
339 340
339 363
340 1405
341 342
341 1273
342 319
343 145
343 344
344 910
345 346
345 1329
346 189
347 321
347 348
348 1365
349 350
349 759
350 142
351 35
351 352
352 1176
353 354
353 1216
354 18
355 356
355 387
356 1368
357 358
357 524
358 1009
359 360
359 591
360 1026
361 362
361 581
362 1120
363 85
363 364
364 1374
365 366
365 717
366 480
367 368
367 893
368 258
369 235
369 370
370 410
371 372
371 948
372 193
373 374
373 1247
374 782
375 376
375 1175
376 685
377 378
377 488
378 220
379 380
379 765
380 383
381 256
381 382
382 614
383 384
383 1331
384 1096
385 164
385 386
386 830
387 388
387 1074
388 144
389 390
389 1386
390 1354
391 392
391 807
392 510
393 394
393 428
394 764
395 396
395 1187
396 1061
397 398
397 966
398 640
399 195
399 400
400 629
401 402
401 863
402 917
403 404
403 1330
404 181
405 279
405 406
406 1334
407 408
407 1221
408 598
409 410
409 1305
410 1292
411 412
411 1243
412 585
413 414
413 916
414 128
415 416
415 1394
416 451
417 418
417 887
418 942
419 420
419 1130
420 832
421 309
421 422
422 1297
423 424
423 659
424 936
425 426
425 964
426 753
427 428
427 688
428 1377
429 430
429 940
430 820
431 432
431 1315
432 868
433 434
433 1403
434 150
435 436
435 773
436 1309
437 438
437 1092
438 1002
439 440
439 595
440 923
441 187
441 442
442 19
443 444
443 939
444 1013
445 446
445 1278
446 1036
447 218
447 448
448 198
449 450
449 465
450 564
451 452
451 1012
452 76
453 454
453 1333
454 1378
455 426
455 456
456 335
457 400
457 458
458 1017
459 460
459 1265
460 229
461 462
461 555
462 416
463 464
463 1320
464 58
465 466
465 1067
466 446
467 468
467 981
468 962
469 470
469 1375
470 749
471 472
471 1319
472 1223
473 287
473 474
474 1136
475 476
475 727
476 315
477 478
477 1107
478 1276
479 480
479 1238
480 1014
481 482
481 1075
482 974
483 484
483 1264
484 1070
485 486
485 1063
486 700
487 444
487 488
488 577
489 490
489 606
490 774
491 492
491 903
492 621
493 494
493 693
494 546
495 482
495 496
496 12
497 498
497 821
498 492
499 500
499 570
500 898
501 502
501 1396
502 434
503 504
503 1023
504 674
505 52
505 506
506 973
507 456
507 508
508 956
509 510
509 1393
510 1083
511 106
511 512
512 78
513 514
513 1165
514 1351
515 516
515 1106
516 994
517 518
517 1065
518 528
519 520
519 650
520 210
521 209
521 522
522 1203
523 377
523 524
524 660
525 526
525 1011
526 874
527 528
527 666
528 34
529 403
529 530
530 1313
531 402
531 532
532 886
533 534
533 1118
534 440
535 325
535 536
536 1150
537 538
537 539
538 115
539 540
539 847
540 260
541 542
541 919
542 182
543 544
543 1385
544 789
545 391
545 546
546 2
547 265
547 548
548 179
549 310
549 550
550 304
551 552
551 876
552 438
553 543
553 554
554 65
555 556
555 977
556 1080
557 558
557 1052
558 834
559 425
559 560
560 636
561 562
561 1289
562 26
563 564
563 953
564 1364
565 566
565 1158
566 1204
567 271
567 568
568 467
569 570
569 709
570 97
571 572
571 862
572 684
573 574
573 1148
574 1362
575 255
575 576
576 894
577 359
577 578
578 33
579 214
579 580
580 744
581 228
581 582
582 1259
583 231
583 584
584 170
585 586
585 943
586 988
587 588
587 861
588 1257
589 590
589 1253
590 681
591 447
591 592
592 1272
593 62
593 594
594 619
595 395
595 596
596 1408
597 69
597 598
598 1261
599 305
599 600
600 1184
601 71
601 602
602 331
603 53
603 604
604 269
605 375
605 606
606 1004
607 93
607 608
608 788
609 610
609 795
610 664
611 111
611 612
612 1338
613 340
613 614
614 1162
615 616
615 663
616 563
617 608
617 618
618 454
619 206
619 620
620 572
621 622
621 813
622 1139
623 624
623 1058
624 1342
625 626
625 771
626 1005
627 628
627 958
628 922
629 273
629 630
630 731
631 632
631 1031
632 360
633 394
633 634
634 853
635 636
635 869
636 742
637 638
637 646
638 72
639 89
639 640
640 900
641 642
641 1237
642 689
643 171
643 644
644 1055
645 163
645 646
646 419
647 648
647 827
648 1307
649 650
649 1201
650 1384
651 415
651 652
652 1260
653 654
653 918
654 1296
655 656
655 955
656 1182
657 449
657 658
658 908
659 45
659 660
660 823
661 662
661 883
662 1372
663 323
663 664
664 84
665 412
665 666
666 607
667 668
667 812
668 1288
669 670
669 1323
670 1268
671 672
671 803
672 696
673 413
673 674
674 762
675 676
675 1008
676 100
677 678
677 1112
678 1090
679 680
679 1304
680 1172
681 569
681 682
682 1028
683 684
683 1015
684 489
685 430
685 686
686 1222
687 688
687 1079
688 1154
689 690
689 806
690 559
691 692
691 1267
692 1047
693 694
693 1048
694 622
695 50
695 696
696 136
697 698
697 1007
698 648
699 700
699 1212
700 1252
701 702
701 741
702 632
703 704
703 1207
704 119
705 706
705 1087
706 1146
707 708
707 1335
708 907
709 710
709 1298
710 837
711 712
711 785
712 292
713 714
713 1263
714 1242
715 515
715 716
716 172
717 409
717 718
718 236
719 82
719 720
720 1125
721 722
721 1116
722 549
723 379
723 724
724 596
725 253
725 726
726 562
727 59
727 728
728 1021
729 105
729 730
730 670
731 602
731 732
732 284
733 734
733 1382
734 618
735 17
735 736
736 638
737 738
737 1336
738 397
739 603
739 740
740 1173
741 742
741 1049
742 221
743 37
743 744
744 967
745 746
745 840
746 102
747 47
747 748
748 175
749 750
749 873
750 798
751 561
751 752
752 44
753 534
753 754
754 216
755 404
755 756
756 901
757 758
757 1161
758 1196
759 275
759 760
760 1361
761 762
761 1115
762 1035
763 764
763 1113
764 548
765 766
765 1189
766 799
767 768
767 1293
768 521
769 479
769 770
770 8
771 772
771 879
772 844
773 367
773 774
774 730
775 776
775 1285
776 414
777 261
777 778
778 432
779 307
779 780
780 1178
781 782
781 1124
782 924
783 784
783 1128
784 90
785 786
785 871
786 302
787 788
787 1281
788 1164
789 584
789 790
790 354
791 441
791 792
792 1287
793 382
793 794
794 496
795 317
795 796
796 842
797 798
797 1230
798 604
799 800
799 1202
800 178
801 802
801 1270
802 1121
803 94
803 804
804 920
805 806
805 1363
806 369
807 537
807 808
808 933
809 241
809 810
810 987
811 407
811 812
812 645
813 814
813 1310
814 542
815 497
815 816
816 495
817 123
817 818
818 1271
819 348
819 820
820 1380
821 224
821 822
822 1030
823 748
823 824
824 326
825 826
825 1400
826 288
827 473
827 828
828 800
829 747
829 830
830 526
831 155
831 832
832 13
833 406
833 834
834 116
835 836
835 1217
836 672
837 10
837 838
838 1117
839 840
839 991
840 332
841 842
841 902
842 192
843 280
843 844
844 506
845 846
845 1205
846 376
847 848
847 997
848 120
849 113
849 850
850 867
851 852
851 1069
852 642
853 854
853 1180
854 1085
855 776
855 856
856 519
857 845
857 858
858 22
859 301
859 860
860 418
861 855
861 862
862 1369
863 615
863 864
864 1037
865 866
865 931
866 1193
867 843
867 868
868 328
869 870
869 1355
870 678
871 850
871 872
872 1032
873 525
873 874
874 724
875 217
875 876
876 461
877 878
877 1149
878 168
879 880
879 1379
880 131
881 817
881 882
882 1404
883 83
883 884
884 520
885 589
885 886
886 186
887 533
887 888
888 1218
889 373
889 890
890 712
891 75
891 892
892 207
893 405
893 894
894 1214
895 531
895 896
896 1413
897 141
897 898
898 1256
899 318
899 900
900 344
901 46
901 902
902 512
903 183
903 904
904 881
905 239
905 906
906 1291
907 908
907 1016
908 1186
909 910
909 945
910 298
911 337
911 912
912 1340
913 578
913 914
914 1360
915 916
915 1051
916 992
917 643
917 918
918 952
919 617
919 920
920 558
921 32
921 922
922 1344
923 194
923 924
924 462
925 904
925 926
926 486
927 928
927 1044
928 7
929 137
929 930
930 631
931 587
931 932
932 1294
933 934
933 1068
934 679
935 738
935 936
936 732
937 938
937 1246
938 6
939 849
939 940
940 162
941 713
941 942
942 1110
943 698
943 944
944 592
945 63
945 946
946 126
947 245
947 948
948 1357
949 950
949 971
950 1077
951 952
951 1147
952 877
953 954
953 1174
954 838
955 956
955 1010
956 1324
957 114
957 958
958 970
959 691
959 960
960 437
961 215
961 962
962 1392
963 630
963 964
964 859
965 966
965 1251
966 139
967 888
967 968
968 1300
969 51
969 970
970 1151
971 507
971 972
972 770
973 628
973 974
974 64
975 777
975 976
976 989
977 303
977 978
978 858
979 980
979 1179
980 633
981 982
981 1227
982 153
983 984
983 1200
984 552
985 330
985 986
986 300
987 988
987 1387
988 509
989 536
989 990
990 1088
991 992
991 1244
992 61
993 994
993 1137
994 1266
995 996
995 1366
996 790
997 998
997 1111
998 705
999 545
999 1000
1000 725
1001 233
1001 1002
1002 972
1003 276
1003 1004
1004 442
1005 841
1005 1006
1006 1019
1007 839
1007 1008
1008 477
1009 460
1009 1010
1010 320
1011 655
1011 1012
1012 80
1013 957
1013 1014
1014 1220
1015 498
1015 1016
1016 1332
1017 538
1017 1018
1018 130
1019 1020
1019 1240
1020 707
1021 1022
1021 1039
1022 656
1023 121
1023 1024
1024 522
1025 396
1025 1026
1026 254
1027 1028
1027 1241
1028 1326
1029 851
1029 1030
1030 1402
1031 995
1031 1032
1032 389
1033 833
1033 1034
1034 365
1035 1003
1035 1036
1036 77
1037 1038
1037 1099
1038 1066
1039 1040
1039 1157
1040 169
1041 1042
1041 1388
1042 1056
1043 1044
1043 1301
1044 103
1045 553
1045 1046
1046 1255
1047 353
1047 1048
1048 191
1049 721
1049 1050
1050 1254
1051 763
1051 1052
1052 429
1053 1054
1053 1156
1054 374
1055 745
1055 1056
1056 1236
1057 523
1057 1058
1058 1181
1059 503
1059 1060
1060 98
1061 1062
1061 1262
1062 1170
1063 649
1063 1064
1064 527
1065 219
1065 1066
1066 417
1067 1068
1067 1131
1068 352
1069 779
1069 1070
1070 1185
1071 1072
1071 1381
1072 1177
1073 165
1073 1074
1074 990
1075 949
1075 1076
1076 1314
1077 1078
1077 1129
1078 1290
1079 599
1079 1080
1080 1033
1081 378
1081 1082
1082 1358
1083 1084
1083 1197
1084 511
1085 342
1085 1086
1086 48
1087 1088
1087 1383
1088 594
1089 556
1089 1090
1090 610
1091 751
1091 1092
1092 1206
1093 143
1093 1094
1094 38
1095 635
1095 1096
1096 1191
1097 457
1097 1098
1098 9
1099 1100
1099 1127
1100 1155
1101 605
1101 1102
1102 954
1103 96
1103 1104
1104 230
1105 1106
1105 1153
1106 921
1107 184
1107 1108
1108 574
1109 1104
1109 1110
1110 532
1111 975
1111 1112
1112 627
1113 101
1113 1114
1114 346
1115 40
1115 1116
1116 1000
1117 944
1117 1118
1118 450
1119 140
1119 1120
1120 484
1121 1122
1121 1373
1122 293
1123 439
1123 1124
1124 31
1125 1098
1125 1126
1126 263
1127 1128
1127 1399
1128 107
1129 1130
1129 1144
1130 769
1131 433
1131 1132
1132 431
1133 573
1133 1134
1134 286
1135 690
1135 1136
1136 683
1137 493
1137 1138
1138 202
1139 1140
1139 1376
1140 736
1141 1142
1141 1275
1142 1042
1143 626
1143 1144
1144 1328
1145 138
1145 1146
1146 472
1147 1148
1147 1353
1148 1195
1149 885
1149 1150
1150 1312
1151 784
1151 1152
1152 938
1153 3
1153 1154
1154 1407
1155 715
1155 1156
1156 714
1157 27
1157 1158
1158 582
1159 946
1159 1160
1160 576
1161 99
1161 1162
1162 1160
1163 1081
1163 1164
1164 750
1165 583
1165 1166
1166 667
1167 600
1167 1168
1168 5
1169 999
1169 1170
1170 1192
1171 1172
1171 1350
1172 1199
1173 993
1173 1174
1174 586
1175 828
1175 1176
1176 1398
1177 463
1177 1178
1178 362
1179 1166
1179 1180
1180 246
1181 1132
1181 1182
1182 1126
1183 965
1183 1184
1184 458
1185 1186
1185 1198
1186 12
1187 728
1187 1188
1188 593
1189 825
1189 1190
1190 560
1191 1192
1191 1224
1192 786
1193 1194
1193 1282
1194 250
1195 529
1195 1196
1196 708
1197 504
1197 1198
1198 356
1199 386
1199 1200
1200 676
1201 211
1201 1202
1202 306
1203 588
1203 1204
1204 816
1205 514
1205 1206
1206 466
1207 262
1207 1208
1208 176
1209 188
1209 1210
1210 146
1211 723
1211 1212
1212 445
1213 1214
1213 1339
1214 734
1215 393
1215 1216
1216 961
1217 1218
1217 1277
1218 1190
1219 36
1219 1220
1220 494
1221 1215
1221 1222
1222 872
1223 483
1223 1224
1224 778
1225 259
1225 1226
1226 754
1227 1228
1227 1283
1228 1123
1229 1057
1229 1230
1230 905
1231 1141
1231 1232
1232 122
1233 459
1233 1234
1234 1219
1235 1236
1235 1370
1236 355
1237 575
1237 1238
1238 1082
1239 1240
1239 1325
1240 79
1241 1242
1241 1337
1242 500
1243 23
1243 1244
1244 277
1245 4
1245 1246
1246 436
1247 491
1247 1248
1248 878
1249 801
1249 1250
1250 108
1251 57
1251 1252
1252 701
1253 639
1253 1254
1254 794
1255 5
1255 1256
1256 424
1257 1060
1257 1258
1258 420
1259 544
1259 1260
1260 384
1261 895
1261 1262
1262 580
1263 248
1263 1264
1264 11
1265 117
1265 1266
1266 772
1267 535
1267 1268
1268 890
1269 1071
1269 1270
1270 1284
1271 662
1271 1272
1272 11
1273 661
1273 1274
1274 865
1275 127
1275 1276
1276 860
1277 927
1277 1278
1278 149
1279 475
1279 1280
1280 205
1281 1086
1281 1282
1282 1020
1283 227
1283 1284
1284 829
1285 67
1285 1286
1286 547
1287 1288
1287 1302
1288 565
1289 969
1289 1290
1290 1347
1291 937
1291 1292
1292 1119
1293 959
1293 1294
1294 366
1295 616
1295 1296
1296 787
1297 1101
1297 1298
1298 654
1299 1210
1299 1300
1300 226
1301 201
1301 1302
1302 381
1303 1097
1303 1304
1304 1367
1305 422
1305 1306
1306 968
1307 963
1307 1308
1308 758
1309 755
1309 1310
1310 960
1311 1093
1311 1312
1312 222
1313 501
1313 1314
1314 148
1315 372
1315 1316
1316 1062
1317 601
1317 1318
1318 694
1319 177
1319 1320
1320 56
1321 810
1321 1322
1322 896
1323 1324
1323 1401
1324 134
1325 1245
1325 1326
1326 934
1327 699
1327 1328
1328 998
1329 223
1329 1330
1330 911
1331 1064
1331 1332
1332 185
1333 345
1333 1334
1334 324
1335 240
1335 1336
1336 718
1337 1089
1337 1338
1338 702
1339 1279
1339 1340
1340 158
1341 824
1341 1342
1342 846
1343 1169
1343 1344
1344 976
1345 411
1345 1346
1346 358
1347 499
1347 1348
1348 1054
1349 875
1349 1350
1350 802
1351 203
1351 1352
1352 338
1353 854
1353 1354
1354 238
1355 609
1355 1356
1356 951
1357 313
1357 1358
1358 1234
1359 151
1359 1360
1360 793
1361 1029
1361 1362
1362 1391
1363 644
1363 1364
1364 870
1365 197
1365 1366
1366 1040
1367 157
1367 1368
1368 1140
1369 797
1369 1370
1370 471
1371 737
1371 1372
1372 264
1373 200
1373 1374
1374 986
1375 899
1375 1376
1376 1022
1377 408
1377 1378
1378 270
1379 1091
1379 1380
1380 1142
1381 1135
1381 1382
1382 1018
1383 196
1383 1384
1384 735
1385 1386
1385 1389
1386 996
1387 212
1387 1388
1388 768
1389 811
1389 1390
1390 516
1391 478
1391 1392
1392 884
1393 66
1393 1394
1394 308
1395 677
1395 1396
1396 1163
1397 1043
1397 1398
1398 388
1399 1211
1399 1400
1400 597
1401 282
1401 1402
1402 541
1403 766
1403 1404
1404 906
1405 199
1405 1406
1406 266
1407 42
1407 1408
1408 814
1409 329
1409 1410
1410 160
1411 1345
1411 1412
1412 792
1413 757
1413 1414
1414 464
