0 495
0 1305
3 232
3 1323
4 715
4 1122
6 64
5 913
7 533
7 1411
8 429
8 619
9 865
10 681
11 725
11 759
13 479
13 531
15 356
15 416
17 442
17 1153
19 252
19 477
21 458
21 541
23 24
23 113
24 1224
25 26
25 993
26 649
27 28
27 404
28 554
29 30
29 54
30 518
31 32
31 905
32 1308
33 34
33 795
34 1290
35 36
35 1036
36 282
37 38
37 784
38 215
39 40
39 537
40 1038
41 42
41 780
42 270
43 44
43 1281
44 960
45 46
45 801
46 1071
47 48
47 1187
48 388
49 50
49 403
50 1408
51 52
51 584
52 1406
53 54
53 516
54 292
55 56
55 671
56 1310
57 10
57 58
58 147
59 60
59 453
60 93
61 62
61 341
62 1208
63 64
63 301
64 344
65 66
65 1389
66 317
67 68
67 422
68 6
69 70
69 941
70 97
71 72
71 1114
72 172
73 74
73 562
74 118
75 76
75 167
76 188
77 78
77 633
78 1357
79 80
79 563
80 268
81 82
81 608
82 684
83 84
83 1371
84 502
85 86
85 1373
86 1193
87 88
87 749
88 898
89 11
89 90
90 984
91 92
91 735
92 1192
93 94
93 196
94 1026
95 96
95 680
96 651
97 98
97 1303
98 470
99 100
99 1110
100 752
101 102
101 835
102 256
103 104
103 380
104 461
105 106
105 699
106 980
107 108
107 555
108 224
109 110
109 375
110 842
111 112
111 1140
112 1318
113 31
113 114
114 319
115 116
115 881
116 640
117 118
117 162
118 300
119 120
119 430
120 425
121 122
121 1115
122 1058
123 124
123 1180
124 800
125 126
125 1002
126 981
127 128
127 530
128 436
129 130
129 931
130 1232
131 132
131 1402
132 1092
133 134
133 494
134 748
135 136
135 293
136 1189
137 138
137 989
138 20
139 140
139 1143
140 1123
141 142
141 1221
142 976
143 144
143 1383
144 1160
145 146
145 203
146 1254
147 148
147 351
148 311
149 96
149 150
150 656
151 152
151 661
152 71
153 154
153 223
154 302
155 156
155 1239
156 190
157 158
157 1117
158 817
159 160
159 846
160 354
161 162
161 923
162 1342
163 164
163 675
164 1376
165 166
165 1356
166 145
167 168
167 1068
168 866
169 170
169 1051
170 36
171 172
171 1011
172 844
173 174
173 965
174 966
175 176
175 598
176 60
177 178
177 283
178 133
179 180
179 1185
180 790
181 182
181 1095
182 831
183 184
183 1413
184 987
185 186
185 1286
186 690
187 188
187 229
188 644
189 190
189 1251
190 1216
191 192
191 839
192 1338
193 194
193 767
194 943
195 196
195 1103
196 925
197 198
197 1336
198 893
199 200
199 237
200 194
201 202
201 348
202 779
203 204
203 1205
204 561
205 206
205 478
206 1014
207 208
207 1244
208 1276
209 210
209 659
210 225
211 212
211 682
212 1287
213 214
213 484
214 424
215 216
215 1124
216 279
217 218
217 945
218 1409
219 220
219 379
220 755
221 222
221 378
222 808
223 224
223 405
224 1316
225 226
225 451
226 1004
227 180
227 228
228 868
229 230
229 1060
230 506
231 232
231 1380
232 739
233 234
233 1043
234 337
235 236
235 1395
236 362
237 107
237 238
238 703
239 240
239 1325
240 904
241 242
241 1163
242 1306
243 244
243 474
244 440
245 246
245 757
246 1319
247 248
247 892
248 911
249 176
249 250
250 1350
251 252
251 1027
252 894
253 254
253 823
254 120
255 256
255 669
256 858
257 258
257 509
258 1057
259 260
259 719
260 1394
261 262
261 679
262 496
263 264
263 395
264 455
265 266
265 709
266 37
267 268
267 677
268 418
269 270
269 284
270 672
271 272
271 653
272 476
273 274
273 694
274 692
275 276
275 727
276 870
277 278
277 1017
278 914
279 280
279 1134
280 930
281 282
281 820
282 50
283 284
283 917
284 1077
285 142
285 286
286 1118
287 114
287 288
288 126
289 290
289 345
290 954
291 235
291 292
292 14
293 294
293 1335
294 763
295 17
295 296
296 1046
297 298
297 641
298 68
299 300
299 376
300 512
301 302
301 1081
302 1315
303 275
303 304
304 1034
305 306
305 603
306 401
307 308
307 743
308 837
309 281
309 310
310 326
311 312
311 698
312 1214
313 78
313 314
314 240
315 316
315 999
316 592
317 318
317 948
318 934
319 320
319 1126
320 517
321 267
321 322
322 446
323 181
323 324
324 1152
325 326
325 915
326 996
327 328
327 1145
328 343
329 330
329 1261
330 1191
331 254
331 332
332 1368
333 334
333 850
334 346
335 336
335 1222
336 983
337 338
337 1000
338 250
339 95
339 340
340 360
341 342
341 591
342 1147
343 344
343 439
344 410
345 346
345 967
346 1328
347 348
347 1049
348 833
349 350
349 689
350 782
351 352
351 390
352 1008
353 354
353 582
354 30
355 356
355 1243
356 630
357 358
357 569
358 1084
359 360
359 1256
360 1298
361 295
361 362
362 625
363 364
363 787
364 612
365 366
365 1015
366 164
367 368
367 995
368 444
369 370
369 639
370 402
371 372
371 1377
372 1381
373 374
373 1386
374 1366
375 376
375 1390
376 16
377 269
377 378
378 465
379 380
379 1247
380 546
381 382
381 419
382 358
383 384
383 611
384 330
385 386
385 532
386 1042
387 388
387 799
388 331
389 390
389 1105
390 978
391 392
391 628
392 352
393 394
393 702
394 1138
395 396
395 1372
396 1007
397 398
397 480
398 109
399 28
399 400
400 1294
401 402
401 705
402 626
403 404
403 655
404 80
405 406
405 1248
406 869
407 408
407 791
408 734
409 197
409 410
410 670
411 182
411 412
412 1148
413 9
413 414
414 1108
415 416
415 542
416 1106
417 217
417 418
418 492
419 10
419 420
420 497
421 4
421 422
422 1182
423 424
423 1301
424 1204
425 426
425 1365
426 108
427 272
427 428
428 412
429 430
429 935
430 307
431 55
431 432
432 226
433 434
433 1304
434 374
435 436
435 862
436 1070
437 438
437 663
438 1040
439 440
439 520
440 1020
441 39
441 442
442 1225
443 170
443 444
444 500
445 446
445 762
446 922
447 448
447 1188
448 1109
449 450
449 1039
450 890
451 452
451 1327
452 737
453 128
453 454
454 384
455 456
455 1398
456 951
457 32
457 458
458 287
459 105
459 460
460 261
461 202
461 462
462 652
463 464
463 551
464 1329
465 38
465 466
466 338
467 468
467 851
468 82
469 470
469 624
470 971
471 391
471 472
472 1378
473 474
473 781
474 1048
475 9
475 476
476 246
477 478
477 891
478 222
479 480
479 1280
480 753
481 482
481 1125
482 1361
483 484
483 936
484 1363
485 486
485 1293
486 1067
487 361
487 488
488 1023
489 490
489 974
490 710
491 119
491 492
492 488
493 494
493 605
494 158
495 371
495 496
496 325
497 498
497 1414
498 872
499 420
499 500
500 950
501 502
501 1332
502 208
503 504
503 1219
504 174
505 234
505 506
506 1028
507 508
507 601
508 861
509 510
509 741
510 972
511 512
511 586
512 1236
513 372
513 514
514 316
515 516
515 1083
516 848
517 349
517 518
518 368
519 520
519 1259
520 1064
521 171
521 522
522 432
523 193
523 524
524 468
525 526
525 1242
526 2
527 528
527 1087
528 1404
529 409
529 530
530 1091
531 532
531 732
532 249
533 534
533 955
534 219
535 536
535 1393
536 53
537 538
537 825
538 266
539 540
539 1359
540 946
541 43
541 542
542 125
543 544
543 1370
544 27
545 546
545 1229
546 1154
547 548
547 882
548 1333
549 550
549 564
550 221
551 83
551 552
552 994
553 554
553 774
554 110
555 556
555 1355
556 1231
557 382
557 558
558 469
559 560
559 889
560 902
561 42
561 562
562 1300
563 139
563 564
564 201
565 76
565 566
566 1296
567 437
567 568
568 285
569 248
569 570
570 87
571 572
571 927
572 811
573 175
573 574
574 1233
575 576
575 1054
576 526
577 143
577 578
578 1104
579 580
579 712
580 1240
581 582
581 761
582 937
583 584
583 838
584 910
585 586
585 1343
586 988
587 588
587 1399
588 464
589 590
589 1165
590 189
591 592
591 616
592 77
593 594
593 1030
594 122
595 596
595 840
596 73
597 598
597 813
598 155
599 523
599 600
600 408
601 602
601 975
602 1052
603 604
603 627
604 1069
605 33
605 606
606 676
607 608
607 1159
608 880
609 610
609 776
610 400
611 597
611 612
612 426
613 614
613 1047
614 1203
615 616
615 1149
616 359
617 177
617 618
618 1230
619 588
619 620
620 70
621 622
621 695
622 814
623 624
623 1190
624 385
625 626
625 1181
626 687
627 329
627 628
628 885
629 630
629 730
630 903
631 632
631 1307
632 1101
633 134
633 634
634 1168
635 636
635 1146
636 1174
637 567
637 638
638 657
639 169
639 640
640 859
641 642
641 793
642 572
643 644
643 1385
644 1278
645 646
645 944
646 74
647 648
647 926
648 280
649 650
649 1029
650 770
651 291
651 652
652 501
653 367
653 654
654 610
655 656
655 1177
656 1322
657 573
657 658
658 1215
659 63
659 660
660 1282
661 662
661 916
662 1392
663 664
663 821
664 369
665 666
665 745
666 571
667 668
667 1384
668 161
669 670
669 1313
670 958
671 475
671 672
672 148
673 151
673 674
674 394
675 21
675 676
676 84
677 678
677 907
678 466
679 643
679 680
680 79
681 682
681 1337
682 522
683 6
683 684
684 860
685 686
685 824
686 205
687 688
687 756
688 462
689 102
689 690
690 1344
691 692
691 812
692 324
693 183
693 694
694 830
695 696
695 883
696 1
697 698
697 744
698 212
699 693
699 700
700 622
701 209
701 702
702 91
703 704
703 1061
704 876
705 499
705 706
706 828
707 708
707 953
708 320
709 710
709 714
710 482
711 712
711 1096
712 1136
713 529
713 714
714 140
715 716
715 985
716 220
717 718
717 797
718 1273
719 123
719 720
720 609
721 722
721 1041
722 818
723 493
723 724
724 350
725 726
725 1088
726 949
727 728
727 933
728 580
729 730
729 963
730 888
731 136
731 732
732 12
733 334
733 734
734 544
735 736
735 1131
736 568
737 738
737 1270
738 1073
739 740
739 806
740 1003
741 742
741 1135
742 1112
743 744
743 1257
744 428
745 713
745 746
746 579
747 658
747 748
748 683
749 747
749 750
750 1113
751 427
751 752
752 168
753 754
753 1331
754 152
755 206
755 756
756 1086
757 758
757 1265
758 854
759 760
759 1351
760 1277
761 57
761 762
762 173
763 117
763 764
764 962
765 673
765 766
766 700
767 631
767 768
768 127
769 770
769 1129
770 1158
771 23
771 772
772 1076
773 253
773 774
774 805
775 776
775 1369
776 88
777 386
777 778
778 260
779 218
779 780
780 1031
781 782
781 1199
782 982
783 581
783 784
784 697
785 156
785 786
786 1314
787 772
787 788
788 1019
789 790
789 1297
790 519
791 792
791 1183
792 1079
793 794
793 1235
794 503
795 327
795 796
796 86
797 463
797 798
798 357
799 800
799 1121
800 1032
801 777
801 802
802 364
803 804
803 1120
804 1209
805 199
805 806
806 399
807 808
807 1157
808 15
809 141
809 810
810 454
811 812
811 1102
812 964
813 381
813 814
814 556
815 545
815 816
816 856
817 258
817 818
818 691
819 820
819 1085
820 884
821 481
821 822
822 1025
823 783
823 824
824 265
825 46
825 826
826 111
827 373
827 828
828 1326
829 830
829 1245
830 720
831 213
831 832
832 456
833 827
833 834
834 366
835 383
835 836
836 621
837 665
837 838
838 370
839 263
839 840
840 505
841 842
841 1001
842 1184
843 844
843 1197
844 650
845 491
845 846
846 585
847 848
847 1033
848 647
849 321
849 850
850 775
851 711
851 852
852 921
853 832
853 854
854 566
855 660
855 856
856 538
857 858
857 1094
858 306
859 688
859 860
860 634
861 3
861 862
862 1212
863 864
863 1285
864 242
865 866
865 908
866 900
867 191
867 868
868 873
869 511
869 870
870 804
871 441
871 872
872 236
873 874
873 1349
874 728
875 876
875 1302
876 600
877 878
877 1093
878 986
879 449
879 880
880 708
881 81
881 882
882 340
883 604
883 884
884 979
885 886
885 1407
886 834
887 552
887 888
888 970
889 890
889 1119
890 607
891 553
891 892
892 1142
893 894
893 1050
894 919
895 896
895 899
896 200
897 898
897 1260
898 826
899 829
899 900
900 606
901 902
901 1211
902 1220
903 560
903 904
904 1194
905 637
905 906
906 443
907 393
907 908
908 1059
909 910
909 1345
910 548
911 187
911 912
912 524
913 549
913 914
914 1263
915 570
915 916
916 857
917 723
917 918
918 686
919 760
919 920
920 547
921 392
921 922
922 706
923 786
923 924
924 472
925 98
925 926
926 138
927 617
927 928
928 48
929 930
929 1116
930 244
931 65
931 932
932 855
933 934
933 1074
934 648
935 936
935 938
936 590
937 938
937 1255
938 599
939 578
939 940
940 816
941 163
941 942
942 1266
943 944
943 1311
944 322
945 26
945 946
946 1198
947 106
947 948
948 264
949 620
949 950
950 273
951 90
951 952
952 1274
953 534
953 954
954 130
955 195
955 956
956 636
957 769
957 958
958 314
959 286
959 960
960 1275
961 305
961 962
962 543
963 964
963 1175
964 1284
965 614
965 966
966 1162
967 62
967 968
968 1324
969 294
969 970
970 160
971 766
971 972
972 112
973 515
973 974
974 1289
975 69
975 976
976 969
977 707
977 978
978 1400
979 407
979 980
980 906
981 438
981 982
982 1354
983 471
983 984
984 897
985 184
985 986
986 259
987 988
987 1161
988 940
989 308
989 990
990 947
991 992
991 1352
992 645
993 539
993 994
994 238
995 587
995 996
996 847
997 773
997 998
998 918
999 101
999 1000
1000 877
1001 245
1001 1002
1002 1330
1003 490
1003 1004
1004 1144
1005 1006
1005 1262
1006 1374
1007 216
1007 1008
1008 18
1009 1010
1009 1137
1010 1358
1011 1012
1011 1167
1012 794
1013 56
1013 1014
1014 1056
1015 7
1015 1016
1016 1309
1017 1018
1017 1291
1018 589
1019 504
1019 1020
1020 132
1021 486
1021 1022
1022 312
1023 41
1023 1024
1024 992
1025 959
1025 1026
1026 1202
1027 740
1027 1028
1028 1396
1029 535
1029 1030
1030 939
1031 716
1031 1032
1032 274
1033 1034
1033 1078
1034 116
1035 353
1035 1036
1036 1252
1037 623
1037 1038
1038 290
1039 431
1039 1040
1040 1176
1041 1016
1041 1042
1042 67
1043 1044
1043 1207
1044 822
1045 701
1045 1046
1046 788
1047 1048
1047 1364
1048 565
1049 871
1049 1050
1050 231
1051 255
1051 1052
1052 406
1053 460
1053 1054
1054 498
1055 178
1055 1056
1056 674
1057 778
1057 1058
1058 510
1059 1018
1059 1060
1060 1213
1061 507
1061 1062
1062 990
1063 909
1063 1064
1064 629
1065 1066
1065 1283
1066 339
1067 289
1067 1068
1068 664
1069 1070
1069 1241
1070 718
1071 487
1071 1072
1072 557
1073 729
1073 1074
1074 901
1075 1076
1075 1295
1076 1320
1077 1078
1077 1226
1078 1246
1079 746
1079 1080
1080 1155
1081 8
1081 1082
1082 450
1083 771
1083 1084
1084 920
1085 489
1085 1086
1086 514
1087 1088
1087 1201
1088 297
1089 198
1089 1090
1090 121
1091 1092
1091 1132
1092 1210
1093 574
1093 1094
1094 335
1095 638
1095 1096
1096 1397
1097 129
1097 1098
1098 1035
1099 157
1099 1100
1100 1065
1101 1102
1101 1401
1102 886
1103 233
1103 1104
1104 878
1105 1106
1105 1387
1106 66
1107 179
1107 1108
1108 377
1109 810
1109 1110
1110 1005
1111 1112
1111 1405
1112 912
1113 303
1113 1114
1114 864
1115 1044
1115 1116
1116 575
1117 527
1117 1118
1118 550
1119 459
1119 1120
1120 153
1121 1122
1121 1360
1122 411
1123 1124
1123 1170
1124 852
1125 25
1125 1126
1126 957
1127 1063
1127 1128
1128 887
1129 765
1129 1130
1130 1206
1131 342
1131 1132
1132 721
1133 1134
1133 1179
1134 1228
1135 875
1135 1136
1136 1080
1137 1138
1137 1299
1138 724
1139 47
1139 1140
1140 583
1141 485
1141 1142
1142 241
1143 595
1143 1144
1144 807
1145 1009
1145 1146
1146 186
1147 1148
1147 1237
1148 99
1149 387
1149 1150
1150 1271
1151 363
1151 1152
1152 1340
1153 1154
1153 1339
1154 618
1155 313
1155 1156
1156 29
1157 1158
1157 1347
1158 1410
1159 483
1159 1160
1160 802
1161 796
1161 1162
1162 332
1163 731
1163 1164
1164 262
1165 315
1165 1166
1166 1196
1167 961
1167 1168
1168 1227
1169 85
1169 1170
1170 1269
1171 1099
1171 1172
1172 540
1173 423
1173 1174
1174 204
1175 1062
1175 1176
1176 1186
1177 137
1177 1178
1178 646
1179 61
1179 1180
1180 211
1181 558
1181 1182
1182 704
1183 924
1183 1184
1184 1012
1185 1186
1185 1412
1186 40
1187 1188
1187 1267
1188 103
1189 150
1189 1190
1190 278
1191 13
1191 1192
1192 635
1193 239
1193 1194
1194 874
1195 1196
1195 1253
1196 642
1197 1198
1197 1353
1198 100
1199 333
1199 1200
1200 1292
1201 632
1201 1202
1202 742
1203 210
1203 1204
1204 696
1205 928
1205 1206
1206 594
1207 413
1207 1208
1208 613
1209 678
1209 1210
1210 1346
1211 1013
1211 1212
1212 853
1213 185
1213 1214
1214 1010
1215 1216
1215 1375
1216 593
1217 668
1217 1218
1218 1111
1219 1220
1219 1258
1220 662
1221 323
1221 1222
1222 22
1223 577
1223 1224
1224 49
1225 521
1225 1226
1226 445
1227 952
1227 1228
1228 1166
1229 447
1229 1230
1230 58
1231 298
1231 1232
1232 1022
1233 1075
1233 1234
1234 685
1235 1236
1235 1379
1236 758
1237 135
1237 1238
1238 1218
1239 803
1239 1240
1240 304
1241 414
1241 1242
1242 722
1243 1244
1243 1249
1244 1388
1245 355
1245 1246
1246 1090
1247 867
1247 1248
1248 1107
1249 1045
1249 1250
1250 815
1251 457
1251 1252
1252 214
1253 845
1253 1254
1254 124
1255 1133
1255 1256
1256 277
1257 1100
1257 1258
1258 230
1259 751
1259 1260
1260 104
1261 849
1261 1262
1262 398
1263 309
1263 1264
1264 1006
1265 789
1265 1266
1266 1279
1267 997
1267 1268
1268 1024
1269 1270
1269 1341
1270 768
1271 667
1271 1272
1272 310
1273 736
1273 1274
1274 396
1275 1276
1275 1312
1276 1264
1277 738
1277 1278
1278 59
1279 448
1279 1280
1280 785
1281 977
1281 1282
1282 228
1283 1141
1283 1284
1284 1367
1285 879
1285 1286
1286 1171
1287 654
1287 1288
1288 576
1289 1290
1289 1403
1290 35
1291 19
1291 1292
1292 94
1293 159
1293 1294
1294 1348
1295 24
1295 1296
1296 296
1297 819
1297 1298
1298 165
1299 1164
1299 1300
1300 288
1301 895
1301 1302
1302 44
1303 467
1303 1304
1304 435
1305 1097
1305 1306
1306 166
1307 1223
1307 1308
1308 421
1309 726
1309 1310
1310 1382
1311 754
1311 1312
1312 733
1313 1150
1313 1314
1314 1391
1315 89
1315 1316
1316 276
1317 115
1317 1318
1318 434
1319 417
1319 1320
1320 1021
1321 1195
1321 1322
1322 750
1323 798
1323 1324
1324 528
1325 1234
1325 1326
1326 34
1327 75
1327 1328
1328 929
1329 559
1329 1330
1330 5
1331 1217
1331 1332
1332 51
1333 1172
1333 1334
1334 52
1335 841
1335 1336
1336 473
1337 1127
1337 1338
1338 336
1339 247
1339 1340
1340 144
1341 932
1341 1342
1342 1037
1343 1066
1343 1344
1344 525
1345 1128
1345 1346
1346 1288
1347 397
1347 1348
1348 596
1349 251
1349 1350
1350 1334
1351 452
1351 1352
1352 1072
1353 764
1353 1354
1354 1178
1355 1053
1355 1356
1356 602
1357 299
1357 1358
1358 146
1359 365
1359 1360
1360 1173
1361 836
1361 1362
1362 92
1363 154
1363 1364
1364 666
1365 433
1365 1366
1366 536
1367 1268
1367 1368
1368 1130
1369 1151
1369 1370
1370 1055
1371 615
1371 1372
1372 508
1373 942
1373 1374
1374 1200
1375 513
1375 1376
1376 1362
1377 1098
1377 1378
1378 1272
1379 227
1379 1380
1380 968
1381 1089
1381 1382
1382 243
1383 347
1383 1384
1384 5
1385 45
1385 1386
1386 149
1387 863
1387 1388
1388 1156
1389 271
1389 1390
1390 131
1391 192
1391 1392
1392 792
1393 1321
1393 1394
1394 1238
1395 998
1395 1396
1396 328
1397 415
1397 1398
1398 257
1399 973
1399 1400
1400 1169
1401 809
1401 1402
1402 896
1403 389
1403 1404
1404 1250
1405 72
1405 1406
1406 318
1407 1317
1407 1408
1408 956
1409 843
1409 1410
1410 207
1411 717
1411 1412
1412 1082
1413 1139
1413 1414
1414 991
