0 199
0 433
2 811
2 1142
3 798
3 1261
4 178
4 652
5 1204
6 272
7 925
7 1016
9 663
8 445
8 805
10 416
13 369
13 865
15 579
15 1184
17 524
17 1312
19 1139
19 1255
21 105
21 849
23 24
23 317
24 226
25 26
25 170
26 1364
27 28
27 929
28 40
29 30
29 606
30 1160
31 32
31 859
32 1072
33 34
33 1269
34 960
35 36
35 1341
36 147
37 38
37 215
38 266
39 3
39 40
40 1082
41 42
41 137
42 676
43 7
43 44
44 94
45 46
45 470
46 564
47 48
47 271
48 1244
49 50
49 312
50 72
51 52
51 397
52 21
53 54
53 208
54 15
55 56
55 348
56 604
57 58
57 822
58 850
59 27
59 60
60 279
61 62
61 1169
62 828
63 64
63 523
64 79
65 66
65 1005
66 332
67 68
67 715
68 136
69 70
69 1094
70 1408
71 72
71 193
72 282
73 74
73 701
74 806
75 76
75 1167
76 731
77 78
77 673
78 1317
79 80
79 987
80 355
81 82
81 1213
82 553
83 43
83 84
84 1152
85 86
85 285
86 940
87 49
87 88
88 630
89 30
89 90
90 656
91 92
91 1383
92 1137
93 94
93 1064
94 824
95 96
95 388
96 473
97 98
97 139
98 430
99 100
99 719
100 978
101 102
101 635
102 1328
103 104
103 422
104 1360
105 106
105 967
106 400
107 108
107 357
108 1219
109 110
109 1180
110 555
111 112
111 944
112 836
113 114
113 916
114 740
115 116
115 727
116 508
117 118
117 1113
118 9
119 120
119 669
120 1042
121 122
121 1073
122 846
123 124
123 229
124 506
125 126
125 1216
126 296
127 128
127 227
128 1388
129 130
129 1096
130 1074
131 132
131 516
132 801
133 134
133 165
134 31
135 136
135 657
136 591
137 106
137 138
138 380
139 140
139 819
140 220
141 142
141 1267
142 444
143 144
143 576
144 915
145 146
145 1263
146 765
147 148
147 895
148 492
149 150
149 286
150 126
151 152
151 291
152 720
153 154
153 1049
154 394
155 156
155 935
156 1286
157 158
157 723
158 1348
159 160
159 1412
160 496
161 162
161 379
162 1326
163 125
163 164
164 1356
165 166
165 755
166 221
167 168
167 784
168 184
169 170
169 244
170 667
171 135
171 172
172 986
173 174
173 491
174 1022
175 13
175 176
176 127
177 123
177 178
178 1276
179 180
179 718
180 20
181 182
181 341
182 404
183 184
183 951
184 976
185 186
185 1069
186 434
187 143
187 188
188 11
189 190
189 943
190 87
191 68
191 192
192 364
193 194
193 1161
194 573
195 196
195 365
196 498
197 198
197 234
198 610
199 200
199 455
200 483
201 202
201 833
202 946
203 93
203 204
204 133
205 111
205 206
206 468
207 208
207 1299
208 330
209 210
209 875
210 358
211 131
211 212
212 879
213 214
213 436
214 326
215 216
215 1273
216 800
217 218
217 1197
218 1087
219 220
219 507
220 750
221 222
221 892
222 1298
223 224
223 275
224 305
225 226
225 1036
226 922
227 228
227 1065
228 900
229 107
229 230
230 100
231 232
231 837
232 373
233 234
233 883
234 177
235 236
235 781
236 1178
237 238
237 481
238 19
239 240
239 1055
240 968
241 242
241 457
242 128
243 244
243 1085
244 689
245 246
245 937
246 1195
247 248
247 1371
248 613
249 250
249 997
250 802
251 252
251 335
252 1156
253 254
253 1369
254 586
255 256
255 711
256 1282
257 258
257 321
258 696
259 260
259 1171
260 102
261 262
261 1024
262 594
263 264
263 947
264 1012
265 57
265 266
266 996
267 268
267 1279
268 862
269 270
269 1190
270 1092
271 272
271 405
272 546
273 269
273 274
274 253
275 159
275 276
276 1280
277 278
277 1021
278 1062
279 280
279 605
280 1217
281 8
281 282
282 1185
283 284
283 1172
284 1158
285 33
285 286
286 545
287 288
287 331
288 1394
289 207
289 290
290 928
291 171
291 292
292 1029
293 294
293 955
294 714
295 296
295 743
296 1040
297 298
297 1053
298 233
299 300
299 511
300 456
301 302
301 361
302 278
303 304
303 315
304 975
305 306
305 970
306 1256
307 189
307 308
308 556
309 310
309 707
310 1305
311 141
311 312
312 54
313 314
313 485
314 618
315 316
315 1023
316 1088
317 318
317 1344
318 803
319 103
319 320
320 248
321 151
321 322
322 1114
323 91
323 324
324 450
325 326
325 1386
326 918
327 328
327 619
328 210
329 330
329 1387
330 1372
331 332
331 953
332 1110
333 222
333 334
334 1336
335 336
335 1168
336 1200
337 338
337 639
338 795
339 340
339 963
340 42
341 342
341 477
342 1070
343 99
343 344
344 1310
345 14
345 346
346 829
347 348
347 985
348 307
349 350
349 1227
350 702
351 352
351 835
352 651
353 354
353 887
354 304
355 356
355 1254
356 160
357 358
357 1351
358 1149
359 360
359 678
360 1006
361 362
361 1058
362 1347
363 303
363 364
364 852
365 366
365 1285
366 537
367 368
367 1315
368 1101
369 327
369 370
370 240
371 349
371 372
372 1102
373 374
373 902
374 149
375 376
375 957
376 134
377 378
377 1395
378 1150
379 380
379 647
380 346
381 382
381 383
382 70
383 384
383 1291
384 896
385 386
385 461
386 295
387 388
387 1381
388 411
389 390
389 528
390 384
391 392
391 1313
392 590
393 394
393 847
394 641
395 375
395 396
396 1000
397 398
397 799
398 827
399 400
399 1237
400 973
401 402
401 1385
402 527
403 404
403 1059
404 480
405 406
405 633
406 63
407 408
407 857
408 175
409 410
409 1075
410 912
411 235
411 412
412 1297
413 403
413 414
414 638
415 416
415 853
416 668
417 155
417 418
418 598
419 420
419 1275
420 338
421 422
421 1287
422 415
423 424
423 497
424 941
425 426
425 1319
426 1146
427 119
427 428
428 585
429 430
429 888
430 584
431 432
431 561
432 1400
433 434
433 531
434 1358
435 436
435 1035
436 653
437 162
437 438
438 1283
439 440
439 1215
440 692
441 442
441 697
442 1284
443 96
443 444
444 109
445 446
445 1129
446 1390
447 448
447 1047
448 1234
449 337
449 450
450 686
451 452
451 1238
452 1192
453 454
453 1311
454 1266
455 456
455 575
456 88
457 169
457 458
458 632
459 460
459 623
460 482
461 462
461 587
462 563
463 464
463 1251
464 796
465 466
465 569
466 1104
467 468
467 600
468 808
469 329
469 470
470 1071
471 409
471 472
472 1281
473 201
473 474
474 374
475 476
475 1308
476 1376
477 478
477 729
478 914
479 465
479 480
480 69
481 482
481 748
482 898
483 484
483 525
484 1032
485 486
485 913
486 566
487 138
487 488
488 10
489 490
489 1207
490 1296
491 492
491 747
492 167
493 209
493 494
494 756
495 496
495 734
496 1330
497 498
497 698
498 903
499 500
499 1089
500 130
501 425
501 502
502 1203
503 504
503 601
504 980
505 506
505 533
506 884
507 508
507 1004
508 599
509 510
509 1013
510 1079
511 512
511 861
512 101
513 395
513 514
514 521
515 231
515 516
516 873
517 518
517 958
518 744
519 520
519 911
520 66
521 522
521 733
522 1365
523 524
523 1399
524 634
525 526
525 1274
526 73
527 528
527 1060
528 1106
529 530
529 926
530 146
531 313
531 532
532 1304
533 148
533 534
534 22
535 536
535 1007
536 236
537 204
537 538
538 328
539 540
539 1374
540 778
541 386
541 542
542 1226
543 544
543 1396
544 1077
545 420
545 546
546 642
547 548
547 1407
548 825
549 550
549 581
550 437
551 552
551 899
552 712
553 78
553 554
554 310
555 556
555 1018
556 356
557 459
557 558
558 758
559 67
559 560
560 683
561 562
561 695
562 1264
563 564
563 843
564 650
565 566
565 1221
566 534
567 568
567 660
568 908
569 223
569 570
570 195
571 572
571 1198
572 164
573 542
573 574
574 724
575 576
575 1015
576 47
577 578
577 1295
578 1099
579 580
579 881
580 1173
581 582
581 1391
582 969
583 584
583 1345
584 1306
585 586
585 961
586 320
587 588
587 1201
588 984
589 158
589 590
590 945
591 592
591 1025
592 495
593 539
593 594
594 530
595 596
595 1046
596 362
597 243
597 598
598 110
599 600
599 1014
600 644
601 81
601 602
602 45
603 471
603 604
604 764
605 181
605 606
606 1097
607 597
607 608
608 890
609 283
609 610
610 224
611 612
611 771
612 505
613 614
613 732
614 1068
615 469
615 616
616 261
617 618
617 894
618 1140
619 620
619 885
620 848
621 622
621 977
622 932
623 624
623 1325
624 56
625 626
625 1303
626 1027
627 377
627 628
628 1157
629 385
629 630
630 972
631 549
631 632
632 1368
633 213
633 634
634 82
635 526
635 636
636 654
637 419
637 638
638 589
639 399
639 640
640 1067
641 544
641 642
642 114
643 276
643 644
644 250
645 458
645 646
646 1117
647 368
647 648
648 665
649 256
649 650
650 882
651 652
651 769
652 6
653 75
653 654
654 949
655 35
655 656
656 699
657 658
657 713
658 1017
659 660
659 1293
660 50
661 64
661 662
662 919
663 53
663 664
664 308
665 666
665 1335
666 340
667 668
667 1316
668 1318
669 670
669 1109
670 1271
671 672
671 1411
672 780
673 273
673 674
674 513
675 676
675 722
676 460
677 179
677 678
678 1268
679 680
679 1338
680 228
681 682
681 858
682 345
683 684
683 1043
684 475
685 252
685 686
686 617
687 688
687 1362
688 389
689 339
689 690
690 1093
691 85
691 692
692 1343
693 694
693 1176
694 509
695 659
695 696
696 872
697 698
697 1375
698 1334
699 700
699 1342
700 62
701 702
701 1350
702 26
703 704
703 1081
704 206
705 706
705 785
706 1166
707 392
707 708
708 1136
709 710
709 737
710 774
711 603
711 712
712 876
713 714
713 1301
714 1270
715 716
715 948
716 117
717 718
717 809
718 840
719 89
719 720
720 966
721 515
721 722
722 1373
723 499
723 724
724 372
725 680
725 726
726 880
727 728
727 959
728 860
729 55
729 730
730 628
731 681
731 732
732 46
733 203
733 734
734 290
735 716
735 736
736 1052
737 738
737 1331
738 974
739 407
739 740
740 98
741 742
741 794
742 264
743 744
743 1257
744 834
745 541
745 746
746 558
747 748
747 1409
748 39
749 239
749 750
750 532
751 752
751 1404
752 592
753 251
753 754
754 582
755 688
755 756
756 704
757 758
757 938
758 484
759 396
759 760
760 1413
761 762
761 897
762 1010
763 196
763 764
764 1258
765 766
765 1038
766 254
767 391
767 768
768 440
769 577
769 770
770 954
771 675
771 772
772 1193
773 113
773 774
774 182
775 776
775 1189
776 324
777 778
777 993
778 538
779 108
779 780
780 855
781 782
781 1162
782 588
783 784
783 891
784 5
785 421
785 786
786 1130
787 52
787 788
788 344
789 790
789 1249
790 1020
791 615
791 792
792 776
793 274
793 794
794 268
795 796
795 923
796 488
797 629
797 798
798 751
799 800
799 1357
800 426
801 23
801 802
802 1223
803 804
803 924
804 1224
805 621
805 806
806 671
807 808
807 1378
808 306
809 745
809 810
810 1252
811 631
811 812
812 1028
813 814
813 1231
814 768
815 557
815 816
816 1090
817 382
817 818
818 999
819 820
819 952
820 1111
821 691
821 822
822 514
823 212
823 824
824 517
825 183
825 826
826 841
827 476
827 828
828 643
829 830
829 1235
830 1272
831 832
831 1277
832 1206
833 262
833 834
834 1112
835 190
835 836
836 766
837 838
837 1163
838 438
839 840
839 1019
840 1240
841 95
841 842
842 864
843 152
843 844
844 333
845 846
845 1339
846 583
847 194
847 848
848 186
849 259
849 850
850 749
851 852
851 870
852 1380
853 503
853 854
854 129
855 709
855 856
856 770
857 625
857 858
858 197
859 860
859 1324
860 1170
861 267
861 862
862 742
863 864
863 1366
864 1
865 815
865 866
866 839
867 868
867 909
868 863
869 870
869 1309
870 574
871 300
871 872
872 1222
873 616
873 874
874 930
875 876
875 1002
876 1228
877 232
877 878
878 32
879 880
879 950
880 1202
881 882
881 1125
882 664
883 649
883 884
884 762
885 886
885 962
886 242
887 121
887 888
888 666
889 489
889 890
890 284
891 347
891 892
892 626
893 894
893 1128
894 1320
895 896
895 1265
896 504
897 417
897 898
898 687
899 413
899 900
900 44
901 902
901 1229
902 1154
903 192
903 904
904 350
905 906
905 1141
906 851
907 36
907 908
908 856
909 60
909 910
910 140
911 912
911 1212
912 205
913 441
913 914
914 1410
915 916
915 1076
916 65
917 84
917 918
918 760
919 353
919 920
920 1398
921 451
921 922
922 752
923 730
923 924
924 1033
925 38
925 926
926 694
927 928
927 964
928 552
929 930
929 981
930 390
931 153
931 932
932 1262
933 512
933 934
934 1030
935 428
935 936
936 1039
937 432
937 938
938 622
939 157
939 940
940 810
941 942
941 965
942 1061
943 735
943 944
944 1056
945 946
945 1124
946 830
947 948
947 1384
948 247
949 431
949 950
950 258
951 672
951 952
952 1278
953 954
953 1405
954 818
955 931
955 956
956 1135
957 439
957 958
958 238
959 299
959 960
960 1100
961 767
961 962
962 292
963 964
963 1225
964 1116
965 593
965 966
966 176
967 775
967 968
968 554
969 132
969 970
970 1236
971 41
971 972
972 1363
973 974
973 1041
974 322
975 736
975 976
976 334
977 74
977 978
978 466
979 301
979 980
980 16
981 982
981 1354
982 10
983 821
983 984
984 1294
985 986
985 1337
986 163
987 693
987 988
988 424
989 287
989 990
990 1355
991 637
991 992
992 804
993 994
993 1145
994 80
995 996
995 1353
996 359
997 998
997 1403
998 710
999 1000
999 1205
1000 490
1001 787
1001 1002
1002 1253
1003 311
1003 1004
1004 1026
1005 414
1005 1006
1006 812
1007 1008
1007 1367
1008 124
1009 150
1009 1010
1010 198
1011 145
1011 1012
1012 906
1013 265
1013 1014
1014 624
1015 1016
1015 1247
1016 293
1017 990
1017 1018
1018 410
1019 1020
1019 1389
1020 757
1021 463
1021 1022
1022 773
1023 877
1023 1024
1024 58
1025 245
1025 1026
1026 288
1027 942
1027 1028
1028 786
1029 172
1029 1030
1030 6
1031 571
1031 1032
1032 820
1033 464
1033 1034
1034 568
1035 1036
1035 1359
1036 443
1037 807
1037 1038
1038 118
1039 991
1039 1040
1040 608
1041 682
1041 1042
1042 1120
1043 1044
1043 1177
1044 1155
1045 936
1045 1046
1046 1181
1047 1048
1047 1349
1048 454
1049 1050
1049 1288
1050 360
1051 550
1051 1052
1052 154
1053 889
1053 1054
1054 536
1055 1056
1055 1332
1056 746
1057 1058
1057 1153
1058 1131
1059 1060
1059 1183
1060 994
1061 612
1061 1062
1062 782
1063 753
1063 1064
1064 741
1065 519
1065 1066
1066 910
1067 366
1067 1068
1068 1322
1069 219
1069 1070
1070 788
1071 933
1071 1072
1072 1144
1073 351
1073 1074
1074 1122
1075 1076
1075 1327
1076 449
1077 1078
1077 1191
1078 429
1079 956
1079 1080
1080 325
1081 92
1081 1082
1082 302
1083 754
1083 1084
1084 249
1085 1086
1085 1199
1086 614
1087 779
1087 1088
1088 596
1089 1011
1089 1090
1090 1402
1091 646
1091 1092
1092 142
1093 1094
1093 1392
1094 188
1095 761
1095 1096
1096 29
1097 412
1097 1098
1098 580
1099 294
1099 1100
1100 1083
1101 501
1101 1102
1102 487
1103 408
1103 1104
1104 832
1105 61
1105 1106
1106 474
1107 814
1107 1108
1108 381
1109 453
1109 1110
1110 112
1111 670
1111 1112
1112 180
1113 280
1113 1114
1114 708
1115 115
1115 1116
1116 1250
1117 1118
1117 1220
1118 992
1119 34
1119 1120
1120 230
1121 71
1121 1122
1122 934
1123 211
1123 1124
1124 907
1125 763
1125 1126
1126 4
1127 387
1127 1128
1128 578
1129 813
1129 1130
1130 260
1131 1132
1131 1164
1132 24
1133 989
1133 1134
1134 1107
1135 1136
1135 1230
1136 874
1137 1138
1137 1397
1138 1186
1139 156
1139 1140
1140 1050
1141 472
1141 1142
1142 218
1143 797
1143 1144
1144 418
1145 789
1145 1146
1146 826
1147 401
1147 1148
1148 595
1149 620
1149 1150
1150 1194
1151 263
1151 1152
1152 1300
1153 739
1153 1154
1154 772
1155 871
1155 1156
1156 1080
1157 1158
1157 1346
1158 494
1159 1148
1159 1160
1160 700
1161 791
1161 1162
1162 570
1163 705
1163 1164
1164 1009
1165 1001
1165 1166
1166 939
1167 427
1167 1168
1168 602
1169 1138
1169 1170
1170 500
1171 783
1171 1172
1172 1078
1173 838
1173 1174
1174 868
1175 1045
1175 1176
1176 270
1177 17
1177 1178
1178 816
1179 1180
1179 1182
1180 486
1181 1123
1181 1182
1182 759
1183 1184
1183 1323
1184 540
1185 97
1185 1186
1186 1361
1187 551
1187 1188
1188 565
1189 1190
1189 1340
1190 1143
1191 645
1191 1192
1192 823
1193 502
1193 1194
1194 886
1195 1196
1195 1406
1196 202
1197 1031
1197 1198
1198 1333
1199 1151
1199 1200
1200 281
1201 200
1201 1202
1202 314
1203 1204
1203 1218
1204 185
1205 726
1205 1206
1206 316
1207 319
1207 1208
1208 1259
1209 406
1209 1210
1210 844
1211 1212
1211 1243
1212 609
1213 173
1213 1214
1214 363
1215 1216
1215 1302
1216 869
1217 905
1217 1218
1218 402
1219 1220
1219 1232
1220 790
1221 1222
1221 1241
1222 1245
1223 370
1223 1224
1224 246
1225 995
1225 1226
1226 1003
1227 1115
1227 1228
1228 116
1229 1187
1229 1230
1230 1214
1231 706
1231 1232
1232 510
1233 478
1233 1234
1234 1034
1235 917
1235 1236
1236 1382
1237 447
1237 1238
1238 690
1239 1147
1239 1240
1240 86
1241 548
1241 1242
1242 376
1243 1244
1243 1248
1244 1044
1245 1126
1245 1246
1246 442
1247 257
1247 1248
1248 191
1249 717
1249 1250
1250 5
1251 493
1251 1252
1252 1119
1253 1209
1253 1254
1254 1188
1255 1174
1255 1256
1256 1196
1257 901
1257 1258
1258 725
1259 611
1259 1260
1260 1105
1261 1233
1261 1262
1262 1292
1263 662
1263 1264
1264 318
1265 640
1265 1266
1266 18
1267 648
1267 1268
1268 878
1269 1270
1269 1379
1270 854
1271 562
1271 1272
1272 12
1273 187
1273 1274
1274 241
1275 90
1275 1276
1276 927
1277 777
1277 1278
1278 522
1279 1208
1279 1280
1280 237
1281 83
1281 1282
1282 1063
1283 452
1283 1284
1284 378
1285 685
1285 1286
1286 1370
1287 323
1287 1288
1288 298
1289 371
1289 1290
1290 1098
1291 1084
1291 1292
1292 309
1293 1211
1293 1294
1294 448
1295 1210
1295 1296
1296 520
1297 792
1297 1298
1298 120
1299 1165
1299 1300
1300 560
1301 721
1301 1302
1302 1103
1303 435
1303 1304
1304 28
1305 998
1305 1306
1306 1352
1307 559
1307 1308
1308 216
1309 1127
1309 1310
1310 728
1311 845
1311 1312
1312 567
1313 1314
1313 1401
1314 677
1315 1057
1315 1316
1316 343
1317 398
1317 1318
1318 904
1319 535
1319 1320
1320 174
1321 51
1321 1322
1322 1054
1323 1307
1323 1324
1324 1132
1325 703
1325 1326
1326 636
1327 1321
1327 1328
1328 214
1329 921
1329 1330
1330 342
1331 679
1331 1332
1332 572
1333 77
1333 1334
1334 684
1335 9
1335 1336
1336 1414
1337 1289
1337 1338
1338 393
1339 1239
1339 1340
1340 217
1341 25
1341 1342
1342 76
1343 354
1343 1344
1344 1108
1345 462
1345 1346
1346 166
1347 738
1347 1348
1348 1086
1349 2
1349 1350
1350 866
1351 661
1351 1352
1352 446
1353 547
1353 1354
1354 867
1355 1314
1355 1356
1356 893
1357 1358
1357 1377
1358 982
1359 1133
1359 1360
1360 1260
1361 467
1361 1362
1362 1091
1363 479
1363 1364
1364 979
1365 48
1365 1366
1366 817
1367 655
1367 1368
1368 423
1369 336
1369 1370
1370 1066
1371 144
1371 1372
1372 658
1373 1329
1373 1374
1374 1159
1375 161
1375 1376
1376 225
1377 983
1377 1378
1378 289
1379 607
1379 1380
1380 352
1381 971
1381 1382
1382 518
1383 627
1383 1384
1384 1037
1385 255
1385 1386
1386 988
1387 37
1387 1388
1388 1048
1389 277
1389 1390
1390 168
1391 59
1391 1392
1392 1175
1393 1051
1393 1394
1394 1242
1395 367
1395 1396
1396 793
1397 831
1397 1398
1398 1290
1399 1393
1399 1400
1400 543
1401 529
1401 1402
1402 1246
1403 104
1403 1404
1404 122
1405 297
1405 1406
1406 1179
1407 674
1407 1408
1408 1118
1409 1121
1409 1410
1410 920
1411 1095
1411 1412
1412 1134
1413 1008
1413 1414
1414 842
