0 1161
0 1539
1 189
1 1391
3 253
3 1197
5 1255
4 377
4 1245
6 1538
7 340
7 745
9 119
9 1168
10 481
10 1219
11 155
12 1479
15 146
15 486
17 336
17 460
19 585
19 814
21 95
21 216
23 24
23 1321
24 638
25 26
25 619
26 1107
27 20
27 28
28 547
29 30
29 1447
30 205
31 32
31 1357
32 1164
33 34
33 1389
34 1605
35 36
35 928
36 96
37 38
37 286
38 589
39 40
39 410
40 1319
41 42
41 1390
42 1360
43 44
43 223
44 591
45 46
45 1261
46 480
47 48
47 1018
48 1444
49 50
49 613
50 968
51 52
51 1184
52 760
53 54
53 171
54 906
55 56
55 144
56 408
57 58
57 1284
58 1373
59 60
59 594
60 970
61 62
61 235
62 464
63 64
63 1311
64 1308
65 66
65 917
66 309
67 68
67 1526
68 666
69 70
69 981
70 753
71 72
71 859
72 836
73 58
73 74
74 1015
75 76
75 1305
76 1498
77 78
77 1492
78 174
79 80
79 702
80 1017
81 82
81 941
82 222
83 84
83 1511
84 1582
85 83
85 86
86 988
87 88
87 1436
88 1044
89 90
89 360
90 1601
91 92
91 202
92 468
93 51
93 94
94 1441
95 96
95 406
96 1472
97 98
97 1286
98 1571
99 100
99 661
100 1087
101 102
101 1065
102 268
103 104
103 1267
104 298
105 106
105 858
106 1058
107 97
107 108
108 138
109 110
109 1325
110 1290
111 112
111 225
112 641
113 114
113 510
114 1093
115 116
115 1542
116 454
117 118
117 931
118 474
119 120
119 1608
120 116
121 122
121 707
122 1568
123 124
123 1377
124 1482
125 126
125 1301
126 1180
127 128
127 169
128 1030
129 130
129 442
130 636
131 132
131 371
132 656
133 134
133 1148
134 924
135 136
135 588
136 1012
137 45
137 138
138 227
139 140
139 1079
140 723
141 142
141 617
142 1361
143 144
143 1592
144 937
145 146
145 904
146 866
147 148
147 971
148 1057
149 150
149 1556
150 288
151 152
151 751
152 843
153 154
153 715
154 1144
155 156
155 299
156 168
157 158
157 1573
158 1010
159 160
159 511
160 482
161 162
161 385
162 1280
163 164
163 791
164 1562
165 166
165 1225
166 314
167 147
167 168
168 615
169 170
169 383
170 1581
171 172
171 997
172 41
173 174
173 1362
174 200
175 176
175 1326
176 185
177 178
177 740
178 341
179 180
179 1509
180 1207
181 182
181 739
182 32
183 184
183 1226
184 1327
185 186
185 1366
186 1073
187 188
187 315
188 277
189 190
189 935
190 952
191 192
191 879
192 1156
193 194
193 607
194 1134
195 196
195 720
196 951
197 198
197 597
198 818
199 200
199 544
200 1054
201 202
201 1368
202 1468
203 105
203 204
204 884
205 206
205 1234
206 920
207 208
207 1249
208 1510
209 210
209 1171
210 151
211 212
211 311
212 326
213 214
213 1187
214 604
215 216
215 1585
216 1227
217 218
217 820
218 680
219 220
219 1236
220 450
221 222
221 754
222 518
223 33
223 224
224 1558
225 226
225 940
226 1130
227 228
227 1508
228 284
229 230
229 699
230 1583
231 232
231 705
232 351
233 234
233 1433
234 327
235 160
235 236
236 1529
237 55
237 238
238 658
239 240
239 523
240 1517
241 242
241 1483
242 47
243 244
243 977
244 35
245 246
245 681
246 896
247 248
247 441
248 1232
249 250
249 1596
250 1490
251 118
251 252
252 901
253 254
253 1102
254 134
255 166
255 256
256 847
257 258
257 628
258 844
259 260
259 506
260 973
261 262
261 1371
262 1421
263 264
263 869
264 516
265 266
265 1413
266 457
267 268
267 1029
268 980
269 270
269 553
270 939
271 272
271 663
272 291
273 274
273 321
274 29
275 276
275 809
276 1603
277 278
277 1590
278 46
279 280
279 1167
280 211
281 282
281 795
282 27
283 284
283 522
284 698
285 286
285 1133
286 887
287 288
287 1270
288 90
289 290
289 1457
290 272
291 259
291 292
292 598
293 294
293 1591
294 624
295 109
295 296
296 1181
297 298
297 370
298 503
299 300
299 963
300 763
301 302
301 1439
302 1244
303 304
303 429
304 1077
305 306
305 491
306 1021
307 7
307 308
308 632
309 113
309 310
310 142
311 312
311 1060
312 433
313 314
313 921
314 79
315 316
315 369
316 712
317 318
317 873
318 1533
319 320
319 770
320 194
321 322
321 1081
322 136
323 324
323 488
324 990
325 326
325 519
326 1420
327 256
327 328
328 560
329 12
329 330
330 1125
331 332
331 833
332 1230
333 334
333 1475
334 1208
335 333
335 336
336 1277
337 215
337 338
338 563
339 340
339 727
340 991
341 342
341 569
342 1478
343 172
343 344
344 586
345 101
345 346
346 1560
347 348
347 967
348 56
349 267
349 350
350 110
351 352
351 959
352 710
353 354
353 786
354 1095
355 356
355 965
356 1386
357 345
357 358
358 1173
359 360
359 1525
360 1194
361 362
361 961
362 611
363 364
363 943
364 199
365 366
365 1209
366 258
367 278
367 368
368 1332
369 99
369 370
370 359
371 372
371 1396
372 206
373 374
373 897
374 1159
375 376
375 1503
376 982
377 378
377 534
378 1322
379 165
379 380
380 1588
381 382
381 711
382 1145
383 384
383 1061
384 665
385 386
385 1403
386 1432
387 388
387 1467
388 1049
389 390
389 1250
390 1155
391 392
391 1223
392 332
393 394
393 793
394 1086
395 396
395 1561
396 494
397 398
397 1292
398 426
399 400
399 694
400 228
401 402
401 1190
402 328
403 404
403 719
404 463
405 406
405 1275
406 221
407 408
407 1607
408 738
409 410
409 505
410 1302
411 319
411 412
412 362
413 414
413 1071
414 61
415 416
415 525
416 158
417 418
417 1599
418 260
419 402
419 420
420 1404
421 422
421 1235
422 487
423 424
423 507
424 2
425 305
425 426
426 652
427 428
427 465
428 461
429 430
429 1281
430 922
431 93
431 432
432 1090
433 434
433 1268
434 890
435 271
435 436
436 316
437 422
437 438
438 1097
439 440
439 1105
440 124
441 442
441 1041
442 1354
443 355
443 444
444 364
445 446
445 1537
446 876
447 448
447 577
448 428
449 450
449 1115
450 1220
451 65
451 452
452 799
453 454
453 1048
454 1228
455 386
455 456
456 962
457 458
457 1369
458 1142
459 460
459 777
460 1370
461 462
461 1580
462 651
463 464
463 708
464 1356
465 466
465 1217
466 1138
467 468
467 964
468 630
469 470
469 645
470 84
471 472
471 845
472 1216
473 474
473 855
474 1282
475 476
475 647
476 1398
477 49
477 478
478 1037
479 196
479 480
480 948
481 482
481 1387
482 1465
483 114
483 484
484 590
485 203
485 486
486 208
487 358
487 488
488 817
489 292
489 490
490 1160
491 492
491 1283
492 57
493 494
493 1458
494 1067
495 496
495 1600
496 1448
497 498
497 1139
498 785
499 492
499 500
500 612
501 502
501 1522
502 596
503 504
503 1066
504 378
505 506
505 1303
506 1330
507 187
507 508
508 329
509 125
509 510
510 629
511 512
511 1113
512 1075
513 514
513 1137
514 162
515 516
515 1451
516 1546
517 31
517 518
518 1401
519 520
519 609
520 1196
521 522
521 579
522 152
523 524
523 903
524 728
525 526
525 1019
526 1084
527 528
527 1263
528 68
529 530
529 649
530 984
531 71
531 532
532 1516
533 534
533 1157
534 923
535 536
535 1450
536 1434
537 74
537 538
538 646
539 540
539 747
540 837
541 542
541 1112
542 304
543 544
543 1132
544 803
545 546
545 1023
546 1111
547 368
547 548
548 1016
549 550
549 1106
550 552
551 459
551 552
552 936
553 43
553 554
554 895
555 556
555 807
556 1260
557 173
557 558
558 1274
559 560
559 670
560 1096
561 269
561 562
562 878
563 564
563 1169
564 1253
565 566
565 1324
566 398
567 85
567 568
568 1140
569 570
569 1417
570 1463
571 572
571 1565
572 1000
573 435
573 574
574 48
575 576
575 783
576 182
577 578
577 918
578 956
579 417
579 580
580 762
581 137
581 582
582 1363
583 584
583 766
584 1385
585 586
585 1072
586 73
587 588
587 1271
588 337
589 590
589 744
590 1474
591 249
591 592
592 557
593 409
593 594
594 673
595 596
595 1422
596 14
597 598
597 1347
598 1154
599 75
599 600
600 691
601 602
601 1466
602 1485
603 425
603 604
604 195
605 439
605 606
606 312
607 608
607 1287
608 894
609 610
609 919
610 838
611 9
611 612
612 130
613 247
613 614
614 602
615 348
615 616
616 444
617 618
617 1555
618 600
619 620
619 1499
620 1536
621 622
621 1418
622 484
623 127
623 624
624 907
625 263
625 626
626 1045
627 628
627 1195
628 255
629 335
629 630
630 1358
631 384
631 632
632 1550
633 1
633 634
634 1431
635 636
635 1083
636 1552
637 638
637 846
638 974
639 30
639 640
640 300
641 642
641 1088
642 440
643 644
643 1372
644 1382
645 452
645 646
646 614
647 423
647 648
648 1333
649 650
649 1553
650 1188
651 652
651 891
652 212
653 654
653 1341
654 671
655 415
655 656
656 128
657 658
657 1530
658 302
659 270
659 660
660 318
661 479
661 662
662 289
663 379
663 664
664 893
665 666
665 741
666 1120
667 413
667 668
668 1189
669 232
669 670
670 1006
671 672
671 863
672 102
673 674
673 717
674 411
675 676
675 1559
676 1512
677 678
677 1376
678 954
679 680
679 1430
680 448
681 682
681 1007
682 135
683 213
683 684
684 540
685 239
685 686
686 22
687 447
687 688
688 143
689 690
689 1461
690 334
691 692
691 801
692 234
693 694
693 1557
694 350
695 696
695 985
696 6
697 583
697 698
698 1124
699 700
699 775
700 788
701 179
701 702
702 1329
703 704
703 1507
704 909
705 706
705 790
706 34
707 708
707 1033
708 230
709 512
709 710
710 1506
711 712
711 1205
712 767
713 714
713 1446
714 178
715 294
715 716
716 880
717 718
717 1443
718 354
719 720
719 987
720 1419
721 722
721 1110
722 819
723 724
723 1545
724 692
725 726
725 944
726 476
727 728
727 823
728 616
729 407
729 730
730 1312
731 732
731 1259
732 217
733 659
733 734
734 376
735 736
735 1395
736 861
737 738
737 761
738 401
739 740
739 1241
740 849
741 556
741 742
742 798
743 744
743 1428
744 1335
745 193
745 746
746 621
747 154
747 748
748 159
749 229
749 750
750 330
751 177
751 752
752 243
753 676
753 754
754 352
755 390
755 756
756 115
757 70
757 758
758 1224
759 760
759 1080
760 1469
761 565
761 762
762 905
763 489
763 764
764 806
765 209
765 766
766 161
767 768
767 1141
768 576
769 770
769 1535
770 280
771 772
771 933
772 1551
773 774
773 1297
774 108
775 405
775 776
776 94
777 347
777 778
778 1315
779 780
779 1586
780 1014
781 625
781 782
782 1020
783 301
783 784
784 1212
785 546
785 786
786 1068
787 478
787 788
788 281
789 395
789 790
790 1008
791 339
791 792
792 1524
793 543
793 794
794 657
795 759
795 796
796 52
797 381
797 798
798 1491
799 800
799 1135
800 1328
801 89
801 802
802 622
803 804
803 1265
804 1266
805 806
805 1310
806 792
807 808
807 1101
808 1393
809 363
809 810
810 550
811 587
811 812
812 1497
813 175
813 814
814 934
815 157
815 816
816 1383
817 572
817 818
818 1178
819 820
819 834
820 672
821 822
821 1365
822 524
823 824
823 1595
824 1210
825 541
825 826
826 605
827 13
827 828
828 528
829 538
829 830
830 716
831 3
831 832
832 373
833 834
833 1279
834 493
835 836
835 1059
836 1300
837 742
837 838
838 1380
839 816
839 840
840 1544
841 842
841 864
842 802
843 844
843 1009
844 889
845 813
845 846
846 436
847 848
847 1262
848 642
849 274
849 850
850 322
851 852
851 927
852 36
853 391
853 854
854 1070
855 693
855 856
856 64
857 527
857 858
858 445
859 44
859 860
860 100
861 190
861 862
862 660
863 864
863 1211
864 862
865 866
865 1519
866 1359
867 868
867 1331
868 180
869 697
869 870
870 1298
871 872
871 976
872 559
873 331
873 874
874 1528
875 876
875 1453
876 1606
877 737
877 878
878 1248
879 603
879 880
880 1126
881 882
881 1013
882 684
883 769
883 884
884 78
885 279
885 886
886 456
887 380
887 888
888 1063
889 890
889 1594
890 24
891 674
891 892
892 898
893 894
893 1521
894 829
895 896
895 1406
896 1494
897 898
897 1392
898 900
899 297
899 900
900 500
901 902
901 938
902 686
903 485
903 904
904 427
905 725
905 906
906 730
907 382
907 908
908 12
909 910
909 1543
910 374
911 483
911 912
912 251
913 914
913 1567
914 59
915 916
915 1053
916 77
917 918
917 1343
918 23
919 899
919 920
920 886
921 765
921 922
922 81
923 176
923 924
924 554
925 926
925 1243
926 219
927 928
927 1004
928 758
929 469
929 930
930 156
931 932
931 1407
932 508
933 934
933 1501
934 1039
935 936
935 1119
936 1426
937 938
937 1355
938 601
939 682
939 940
940 1122
941 942
941 1222
942 1504
943 60
943 944
944 342
945 545
945 946
946 150
947 948
947 1342
948 574
949 950
949 1460
950 1046
951 952
951 1609
952 808
953 954
953 1351
954 726
955 945
955 956
956 365
957 5
957 958
958 1378
959 960
959 1527
960 571
961 962
961 1201
962 148
963 106
963 964
964 112
965 966
965 1136
966 1402
967 153
967 968
968 462
969 970
969 1182
970 233
971 972
971 1488
972 1121
973 974
973 1540
974 1104
975 349
975 976
976 1513
977 5
977 978
978 226
979 925
979 980
980 404
981 982
981 1353
982 1338
983 123
983 984
984 1388
985 650
985 986
986 1198
987 867
987 988
988 1548
989 990
989 1495
990 1038
991 992
991 1158
992 530
993 821
993 994
994 1082
995 932
995 996
996 1051
997 771
997 998
998 549
999 1000
999 1273
1000 536
1001 797
1001 1002
1002 1593
1003 620
1003 1004
1004 930
1005 1006
1005 1062
1006 1462
1007 63
1007 1008
1008 53
1009 539
1009 1010
1010 1350
1011 245
1011 1012
1012 1288
1013 1014
1013 1445
1014 1566
1015 149
1015 1016
1016 1172
1017 535
1017 1018
1018 1056
1019 1020
1019 1251
1020 282
1021 466
1021 1022
1022 902
1023 655
1023 1024
1024 972
1025 238
1025 1026
1026 842
1027 1028
1027 1471
1028 983
1029 139
1029 1030
1030 567
1031 635
1031 1032
1032 1486
1033 475
1033 1034
1034 1464
1035 701
1035 1036
1036 1231
1037 826
1037 1038
1038 888
1039 353
1039 1040
1040 1179
1041 1042
1041 1500
1042 618
1043 188
1043 1044
1044 1477
1045 87
1045 1046
1046 424
1047 201
1047 1048
1048 640
1049 184
1049 1050
1050 1238
1051 643
1051 1052
1052 1534
1053 1054
1053 1584
1054 1118
1055 1056
1055 1416
1056 1570
1057 731
1057 1058
1058 851
1059 1060
1059 1384
1060 1541
1061 555
1061 1062
1062 1367
1063 1064
1063 1572
1064 1532
1065 639
1065 1066
1066 690
1067 28
1067 1068
1068 198
1069 830
1069 1070
1070 950
1071 606
1071 1072
1072 1438
1073 1074
1073 1549
1074 1294
1075 1076
1075 1408
1076 1052
1077 1078
1077 1547
1078 748
1079 25
1079 1080
1080 1481
1081 497
1081 1082
1082 1206
1083 295
1083 1084
1084 1531
1085 687
1085 1086
1086 15
1087 1088
1087 1339
1088 126
1089 778
1089 1090
1090 1240
1091 1092
1091 1128
1092 1064
1093 949
1093 1094
1094 1304
1095 872
1095 1096
1096 1246
1097 1098
1097 1318
1098 1484
1099 170
1099 1100
1100 994
1101 1102
1101 1589
1102 885
1103 1104
1103 1199
1104 1069
1105 955
1105 1106
1106 1610
1107 1028
1107 1108
1108 978
1109 66
1109 1110
1110 80
1111 1112
1111 1203
1112 957
1113 1114
1113 1505
1114 344
1115 781
1115 1116
1116 1026
1117 104
1117 1118
1118 54
1119 704
1119 1120
1120 644
1121 1122
1121 1193
1122 637
1123 285
1123 1124
1124 389
1125 324
1125 1126
1126 1296
1127 883
1127 1128
1128 960
1129 513
1129 1130
1130 192
1131 1132
1131 1143
1132 653
1133 1001
1133 1134
1134 1022
1135 685
1135 1136
1136 1316
1137 1138
1137 1569
1138 40
1139 1129
1139 1140
1140 1576
1141 141
1141 1142
1142 1074
1143 683
1143 1144
1144 752
1145 999
1145 1146
1146 749
1147 1148
1147 1459
1148 677
1149 1150
1149 1314
1150 16
1151 1152
1151 1423
1152 1185
1153 1154
1153 1256
1154 1299
1155 757
1155 1156
1156 287
1157 881
1157 1158
1158 103
1159 504
1159 1160
1160 396
1161 86
1161 1162
1162 252
1163 733
1163 1164
1164 1170
1165 1166
1165 1293
1166 72
1167 1168
1167 1233
1168 824
1169 1170
1169 1375
1170 366
1171 167
1171 1172
1172 1032
1173 394
1173 1174
1174 1415
1175 1127
1175 1176
1176 346
1177 419
1177 1178
1178 548
1179 756
1179 1180
1180 1425
1181 372
1181 1182
1182 654
1183 1184
1183 1427
1184 1109
1185 1186
1185 1449
1186 236
1187 1188
1187 1307
1188 421
1189 1024
1189 1190
1190 495
1191 746
1191 1192
1192 958
1193 1194
1193 1520
1194 568
1195 1085
1195 1196
1196 732
1197 1198
1197 1405
1198 1276
1199 191
1199 1200
1200 787
1201 662
1201 1202
1202 98
1203 210
1203 1204
1204 1604
1205 473
1205 1206
1206 1204
1207 877
1207 1208
1208 400
1209 812
1209 1210
1210 998
1211 1212
1211 1502
1212 224
1213 580
1213 1214
1214 558
1215 133
1215 1216
1216 1254
1217 1177
1217 1218
1218 840
1219 11
1219 1220
1220 848
1221 521
1221 1222
1222 1348
1223 822
1223 1224
1224 882
1225 839
1225 1226
1226 517
1227 472
1227 1228
1228 1150
1229 88
1229 1230
1230 966
1231 1186
1231 1232
1232 755
1233 343
1233 1234
1234 283
1235 387
1235 1236
1236 1200
1237 537
1237 1238
1238 800
1239 1025
1239 1240
1240 1092
1241 397
1241 1242
1242 870
1243 1244
1243 1435
1244 1213
1245 303
1245 1246
1246 1454
1247 290
1247 1248
1248 592
1249 773
1249 1250
1250 1149
1251 1043
1251 1252
1252 853
1253 42
1253 1254
1254 76
1255 542
1255 1256
1256 841
1257 570
1257 1258
1258 92
1259 1078
1259 1260
1260 911
1261 695
1261 1262
1262 320
1263 1264
1263 1337
1264 1089
1265 1266
1265 1278
1266 502
1267 107
1267 1268
1268 1174
1269 1091
1269 1270
1270 1364
1271 975
1271 1272
1272 307
1273 815
1273 1274
1274 434
1275 634
1275 1276
1276 122
1277 50
1277 1278
1278 1456
1279 357
1279 1280
1280 1412
1281 789
1281 1282
1282 1518
1283 1284
1283 1291
1284 912
1285 1286
1285 1563
1286 1489
1287 689
1287 1288
1288 996
1289 993
1289 1290
1290 145
1291 1175
1291 1292
1292 529
1293 393
1293 1294
1294 1496
1295 772
1295 1296
1296 942
1297 1298
1297 1437
1298 1215
1299 1162
1299 1300
1300 1108
1301 1302
1301 1577
1302 313
1303 1304
1303 1515
1304 356
1305 564
1305 1306
1306 11
1307 1308
1307 1493
1308 533
1309 1310
1309 1411
1310 722
1311 163
1311 1312
1312 828
1313 929
1313 1314
1314 310
1315 1316
1315 1410
1316 453
1317 856
1317 1318
1318 868
1319 599
1319 1320
1320 566
1321 39
1321 1322
1322 501
1323 860
1323 1324
1324 1614
1325 181
1325 1326
1326 1409
1327 1328
1327 1414
1328 678
1329 183
1329 1330
1330 1094
1331 551
1331 1332
1332 1076
1333 582
1333 1334
1334 1612
1335 111
1335 1336
1336 1352
1337 451
1337 1338
1338 562
1339 273
1339 1340
1340 875
1341 1285
1341 1342
1342 515
1343 1103
1343 1344
1344 913
1345 631
1345 1346
1346 910
1347 1348
1347 1487
1348 1034
1349 1350
1349 1575
1350 1003
1351 21
1351 1352
1352 1252
1353 784
1353 1354
1354 992
1355 736
1355 1356
1356 1247
1357 1272
1357 1358
1358 852
1359 1360
1359 1400
1360 714
1361 1153
1361 1362
1362 244
1363 679
1363 1364
1364 584
1365 1047
1365 1366
1366 1476
1367 735
1367 1368
1368 1313
1369 1242
1369 1370
1370 367
1371 1372
1371 1429
1372 916
1373 37
1373 1374
1374 82
1375 1376
1375 1587
1376 242
1377 532
1377 1378
1378 1602
1379 675
1379 1380
1380 724
1381 810
1381 1382
1382 1116
1383 831
1383 1384
1384 1257
1385 610
1385 1386
1386 1258
1387 262
1387 1388
1388 750
1389 623
1389 1390
1390 1152
1391 1002
1391 1392
1392 467
1393 186
1393 1394
1394 626
1395 293
1395 1396
1396 1031
1397 1398
1397 1564
1398 129
1399 573
1399 1400
1400 520
1401 1402
1401 1442
1402 432
1403 531
1403 1404
1404 414
1405 1406
1405 1611
1406 1036
1407 703
1407 1408
1408 608
1409 581
1409 1410
1410 995
1411 455
1411 1412
1412 969
1413 779
1413 1414
1414 1176
1415 1416
1415 1514
1416 308
1417 1345
1417 1418
1418 1336
1419 1027
1419 1420
1420 490
1421 908
1421 1422
1422 874
1423 431
1423 1424
1424 914
1425 264
1425 1426
1426 764
1427 1165
1427 1428
1428 399
1429 477
1429 1430
1430 449
1431 1349
1431 1432
1432 296
1433 420
1433 1434
1434 458
1435 207
1435 1436
1436 10
1437 696
1437 1438
1438 743
1439 669
1439 1440
1440 254
1441 26
1441 1442
1442 418
1443 471
1443 1444
1444 375
1445 1151
1445 1446
1446 700
1447 1334
1447 1448
1448 392
1449 6
1449 1450
1450 265
1451 1452
1451 1578
1452 526
1453 713
1453 1454
1454 782
1455 1100
1455 1456
1456 430
1457 825
1457 1458
1458 1574
1459 261
1459 1460
1460 835
1461 438
1461 1462
1462 1480
1463 1269
1463 1464
1464 323
1465 1055
1465 1466
1466 1042
1467 231
1467 1468
1468 627
1469 1166
1469 1470
1470 1218
1471 1289
1471 1472
1472 204
1473 946
1473 1474
1474 470
1475 664
1475 1476
1476 361
1477 989
1477 1478
1478 1374
1479 416
1479 1480
1480 953
1481 19
1481 1482
1482 1381
1483 1452
1483 1484
1484 832
1485 248
1485 1486
1486 8
1487 1399
1487 1488
1488 688
1489 776
1489 1490
1490 1346
1491 850
1491 1492
1492 1239
1493 1494
1493 1523
1494 1040
1495 1237
1495 1496
1496 1473
1497 575
1497 1498
1498 709
1499 561
1499 1500
1500 140
1501 91
1501 1502
1502 275
1503 1099
1503 1504
1504 120
1505 132
1505 1506
1506 796
1507 1131
1507 1508
1508 38
1509 648
1509 1510
1510 854
1511 257
1511 1512
1512 1470
1513 1323
1513 1514
1514 237
1515 117
1515 1516
1516 721
1517 1035
1517 1518
1518 17
1519 871
1519 1520
1520 1306
1521 1163
1521 1522
1522 1050
1523 1005
1523 1524
1524 250
1525 1344
1525 1526
1526 1394
1527 498
1527 1528
1528 1598
1529 915
1529 1530
1530 668
1531 69
1531 1532
1532 164
1533 18
1533 1534
1534 768
1535 729
1535 1536
1536 241
1537 1538
1537 1554
1538 240
1539 1011
1539 1540
1540 1295
1541 67
1541 1542
1542 1191
1543 1123
1543 1544
1544 892
1545 857
1545 1546
1546 220
1547 1309
1547 1548
1548 338
1549 412
1549 1550
1550 276
1551 1098
1551 1552
1552 496
1553 403
1553 1554
1554 4
1555 1455
1555 1556
1556 718
1557 1147
1557 1558
1558 388
1559 1340
1559 1560
1560 443
1561 121
1561 1562
1562 1320
1563 131
1563 1564
1564 865
1565 218
1565 1566
1566 62
1567 317
1567 1568
1568 446
1569 926
1569 1570
1570 794
1571 266
1571 1572
1572 804
1573 509
1573 1574
1574 667
1575 1576
1575 1579
1576 246
1577 197
1577 1578
1578 1264
1579 1379
1579 1580
1580 499
1581 1114
1581 1582
1582 1214
1583 1440
1583 1584
1584 780
1585 1424
1585 1586
1586 805
1587 437
1587 1588
1588 514
1589 593
1589 1590
1590 1221
1591 633
1591 1592
1592 979
1593 325
1593 1594
1594 1192
1595 811
1595 1596
1596 1397
1597 1202
1597 1598
1598 734
1599 1600
1599 1613
1600 774
1601 595
1601 1602
1602 986
1603 1117
1603 1604
1604 1229
1605 947
1605 1606
1606 827
1607 1183
1607 1608
1608 706
1609 1317
1609 1610
1610 1597
1611 214
1611 1612
1612 1146
1613 578
1613 1614
1614 306
