0 1189
0 1313
2 452
2 785
3 68
3 365
4 271
4 1495
6 472
5 805
7 212
7 1260
9 770
8 462
8 503
10 107
13 600
13 803
15 142
15 454
17 941
17 1541
19 112
19 985
21 605
21 1179
23 24
23 1458
24 302
25 26
25 649
26 899
27 28
27 1556
28 1020
29 30
29 354
30 874
31 32
31 1274
32 1408
33 34
33 967
34 355
35 36
35 733
36 658
37 3
37 38
38 347
39 40
39 636
40 1301
41 42
41 1413
42 401
43 44
43 1570
44 1134
45 46
45 420
46 136
47 48
47 1185
48 607
49 50
49 970
50 1080
51 52
51 1549
52 926
53 54
53 1527
54 625
55 56
55 1045
56 406
57 58
57 186
58 1181
59 60
59 377
60 1584
61 62
61 1101
62 1456
63 64
63 1310
64 80
65 66
65 1267
66 52
67 68
67 921
68 578
69 70
69 1595
70 489
71 72
71 221
72 1370
73 74
73 1143
74 260
75 76
75 977
76 373
77 78
77 1325
78 140
79 53
79 80
80 632
81 82
81 337
82 28
83 84
83 217
84 1074
85 86
85 549
86 1010
87 76
87 88
88 418
89 90
89 595
90 1152
91 92
91 1558
92 1166
93 94
93 1279
94 1235
95 96
95 195
96 1158
97 33
97 98
98 1483
99 100
99 648
100 1163
101 102
101 559
102 1258
103 104
103 1082
104 840
105 106
105 241
106 122
107 108
107 1358
108 1294
109 110
109 694
110 1542
111 112
111 1598
112 31
113 114
113 1383
114 164
115 116
115 451
116 1350
117 118
117 1234
118 1003
119 120
119 651
120 128
121 122
121 693
122 866
123 124
123 255
124 898
125 126
125 811
126 1272
127 128
127 1031
128 1306
129 130
129 180
130 682
131 132
131 359
132 1560
133 134
133 736
134 1192
135 110
135 136
136 1364
137 138
137 291
138 768
139 140
139 1195
140 797
141 142
141 1237
142 416
143 144
143 1419
144 677
145 146
145 1378
146 254
147 148
147 1449
148 1540
149 150
149 688
150 1610
151 152
151 157
152 177
153 154
153 1221
154 1022
155 156
155 318
156 744
157 158
157 197
158 73
159 160
159 750
160 9
161 162
161 1211
162 666
163 164
163 1333
164 1317
165 166
165 1344
166 1416
167 168
167 815
168 384
169 170
169 1455
170 719
171 172
171 657
172 1043
173 174
173 527
174 1328
175 176
175 301
176 250
177 178
177 615
178 424
179 180
179 311
180 1593
181 182
181 753
182 837
183 184
183 743
184 1592
185 186
185 275
186 1472
187 188
187 411
188 814
189 190
189 1531
190 109
191 192
191 859
192 528
193 194
193 978
194 446
195 196
195 1172
196 194
197 198
197 741
198 576
199 200
199 1353
200 1384
201 202
201 653
202 149
203 151
203 204
204 1084
205 141
205 206
206 819
207 4
207 208
208 944
209 210
209 441
210 1027
211 212
211 1219
212 779
213 214
213 1330
214 1405
215 216
215 1273
216 184
217 218
217 475
218 5
219 220
219 883
220 1538
221 222
221 484
222 278
223 224
223 1507
224 155
225 226
225 1100
226 370
227 228
227 642
228 645
229 230
229 409
230 1454
231 232
231 1023
232 1486
233 234
233 571
234 176
235 39
235 236
236 1363
237 41
237 238
238 249
239 152
239 240
240 960
241 242
241 1559
242 928
243 244
243 1555
244 949
245 246
245 1517
246 304
247 248
247 1388
248 88
249 250
249 1109
250 116
251 252
251 1111
252 1281
253 118
253 254
254 1525
255 256
255 729
256 1009
257 258
257 1409
258 995
259 260
259 531
260 1072
261 262
261 1566
262 226
263 264
263 1173
264 1184
265 191
265 266
266 1032
267 268
267 1601
268 160
269 270
269 1228
270 540
271 272
271 1017
272 987
273 274
273 498
274 793
275 276
275 1575
276 129
277 278
277 585
278 525
279 280
279 1283
280 44
281 282
281 1140
282 535
283 284
283 751
284 432
285 286
285 872
286 156
287 205
287 288
288 456
289 290
289 603
290 748
291 292
291 1487
292 1547
293 171
293 294
294 1239
295 296
295 963
296 272
297 117
297 298
298 266
299 300
299 832
300 646
301 302
301 349
302 281
303 304
303 1498
304 236
305 306
305 399
306 732
307 308
307 575
308 466
309 310
309 1360
310 592
311 312
311 1170
312 962
313 207
313 314
314 660
315 316
315 1478
316 1224
317 318
317 1088
318 1596
319 320
319 727
320 224
321 322
321 419
322 983
323 324
323 1417
324 57
325 326
325 709
326 306
327 328
327 1171
328 1287
329 330
329 1343
330 289
331 332
331 1177
332 230
333 334
333 1489
334 188
335 336
335 846
336 1208
337 338
337 1245
338 998
339 65
339 340
340 972
341 342
341 911
342 1204
343 86
343 344
344 1016
345 346
345 534
346 553
347 218
347 348
348 1614
349 350
349 1205
350 214
351 352
351 389
352 1175
353 21
353 354
354 687
355 356
355 723
356 485
357 358
357 619
358 984
359 360
359 481
360 1091
361 353
361 362
362 821
363 364
363 1225
364 684
365 366
365 716
366 328
367 368
367 488
368 976
369 370
369 1164
370 450
371 61
371 372
372 1428
373 208
373 374
374 1220
375 376
375 1278
376 916
377 378
377 885
378 12
379 380
379 917
380 1516
381 382
381 969
382 64
383 384
383 1136
384 1342
385 386
385 974
386 240
387 388
387 1183
388 1298
389 390
389 573
390 766
391 84
391 392
392 778
393 394
393 640
394 1515
395 396
395 848
396 804
397 398
397 1231
398 206
399 400
399 1469
400 1499
401 402
401 892
402 918
403 404
403 622
404 654
405 406
405 767
406 1314
407 408
407 929
408 1440
409 245
409 410
410 1056
411 412
411 1471
412 1337
413 414
413 1064
414 536
415 416
415 1096
416 168
417 125
417 418
418 616
419 420
419 841
420 491
421 422
421 501
422 1041
423 10
423 424
424 244
425 426
425 1508
426 1470
427 105
427 428
428 40
429 67
429 430
430 1460
431 432
431 1174
432 582
433 263
433 434
434 1006
435 436
435 1167
436 1187
437 438
437 512
438 992
439 440
439 680
440 72
441 442
441 845
442 22
443 444
443 1240
444 1114
445 204
445 446
446 1046
447 448
447 882
448 612
449 450
449 1128
450 1582
451 452
451 822
452 1311
453 454
453 858
454 196
455 456
455 1162
456 591
457 458
457 621
458 248
459 460
459 517
460 597
461 462
461 1534
462 200
463 38
463 464
464 844
465 466
465 583
466 232
467 397
467 468
468 340
469 470
469 1492
470 524
471 472
471 1277
472 111
473 474
473 1269
474 1021
475 267
475 476
476 163
477 381
477 478
478 1147
479 480
479 1564
480 78
481 482
481 1461
482 1077
483 484
483 1122
484 285
485 486
485 1062
486 464
487 488
487 1040
488 1014
489 490
489 915
490 292
491 408
491 492
492 284
493 494
493 613
494 77
495 496
495 961
496 1530
497 187
497 498
498 771
499 336
499 500
500 550
501 502
501 641
502 700
503 504
503 905
504 656
505 506
505 829
506 1229
507 508
507 1086
508 350
509 510
509 1319
510 308
511 505
511 512
512 262
513 514
513 1347
514 718
515 516
515 1186
516 711
517 518
517 1359
518 32
519 520
519 801
520 1532
521 522
521 1563
522 146
523 524
523 1200
524 235
525 526
525 752
526 702
527 528
527 1197
528 1544
529 530
529 561
530 764
531 59
531 532
532 909
533 89
533 534
534 1012
535 507
535 536
536 1104
537 440
537 538
538 564
539 540
539 958
540 1
541 493
541 542
542 1519
543 544
543 1453
544 1402
545 470
545 546
546 1329
547 548
547 557
548 1459
549 550
549 1155
550 940
551 552
551 1501
552 692
553 554
553 1115
554 330
555 143
555 556
556 1130
557 371
557 558
558 1523
559 560
559 789
560 902
561 562
561 1505
562 1247
563 564
563 863
564 659
565 566
565 681
566 83
567 568
567 668
568 1004
569 570
569 1257
570 1079
571 572
571 1213
572 1108
573 574
573 1129
574 548
575 576
575 1112
576 108
577 578
577 1094
578 70
579 580
579 1284
580 473
581 582
581 1609
582 1034
583 584
583 1019
584 1323
585 586
585 1226
586 222
587 588
587 1275
588 942
589 590
589 881
590 639
591 592
591 1254
592 818
593 594
593 1511
594 448
595 541
595 596
596 1270
597 598
597 900
598 838
599 600
599 1312
600 120
601 602
601 850
602 378
603 380
603 604
604 530
605 606
605 783
606 46
607 608
607 893
608 1421
609 610
609 831
610 148
611 612
611 809
612 90
613 614
613 1551
614 1369
615 616
615 1420
616 1514
617 435
617 618
618 991
619 237
619 620
620 664
621 622
621 907
622 153
623 624
623 1299
624 1075
625 626
625 1087
626 1439
627 628
627 1059
628 870
629 630
629 1199
630 725
631 632
631 1425
632 1340
633 634
633 1399
634 906
635 636
635 1123
636 650
637 638
637 1504
638 1415
639 427
639 640
640 1510
641 453
641 642
642 971
643 644
643 1207
644 824
645 126
645 646
646 538
647 648
647 1367
648 1243
649 567
649 650
650 192
651 652
651 932
652 1308
653 654
653 1133
654 1266
655 362
655 656
656 274
657 658
657 1543
658 1182
659 660
659 1250
660 594
661 662
661 1053
662 537
663 7
663 664
664 1366
665 666
665 968
666 1196
667 668
667 813
668 1497
669 670
669 697
670 922
671 672
671 1241
672 352
673 674
673 1315
674 1037
675 676
675 820
676 878
677 678
677 1066
678 270
679 680
679 849
680 1334
681 55
681 682
682 1468
683 684
683 1253
684 980
685 429
685 686
686 37
687 99
687 688
688 952
689 690
689 1613
690 1474
691 692
691 1351
692 1061
693 694
693 1373
694 1392
695 696
695 999
696 1165
697 123
697 698
698 1212
699 343
699 700
700 369
701 702
701 842
702 1606
703 185
703 704
704 947
705 706
705 1190
706 100
707 476
707 708
708 1120
709 231
709 710
710 920
711 712
711 773
712 220
713 579
713 714
714 1444
715 716
715 855
716 1491
717 718
717 759
718 1073
719 720
719 1500
720 6
721 722
721 1435
722 544
723 724
723 762
724 1356
725 726
725 1268
726 780
727 546
727 728
728 1054
729 730
729 871
730 130
731 132
731 732
732 415
733 259
733 734
734 1520
735 736
735 807
736 1426
737 372
737 738
738 9
739 565
739 740
740 1574
741 25
741 742
742 1292
743 744
743 1060
744 1418
745 746
745 1289
746 282
747 748
747 1154
748 1322
749 750
749 1522
750 966
751 752
751 1076
752 346
753 169
753 754
754 175
755 756
755 786
756 382
757 758
757 975
758 861
759 385
759 760
760 914
761 233
761 762
762 1256
763 764
763 1579
764 698
765 686
765 766
766 87
767 768
767 775
768 228
769 770
769 889
770 223
771 772
771 1450
772 1244
773 383
773 774
774 760
775 776
775 1537
776 215
777 678
777 778
778 518
779 584
779 780
780 1071
781 782
781 989
782 1065
783 555
783 784
784 1078
785 786
785 1377
786 178
787 519
787 788
788 1386
789 790
789 1583
790 1264
791 792
791 880
792 8
793 794
793 1576
794 20
795 796
795 1553
796 542
797 798
797 1429
798 27
799 509
799 800
800 1265
801 341
801 802
802 363
803 804
803 1376
804 6
805 296
805 806
806 1248
807 529
807 808
808 835
809 810
809 1571
810 1233
811 812
811 1230
812 358
813 814
813 1093
814 923
815 431
815 816
816 706
817 818
817 877
818 317
819 345
819 820
820 1434
821 822
821 873
822 1251
823 577
823 824
824 26
825 826
825 1396
826 714
827 828
827 1387
828 1036
829 691
829 830
830 1044
831 832
831 953
832 1025
833 834
833 1099
834 690
835 375
835 836
836 300
837 520
837 838
838 1242
839 574
839 840
840 133
841 842
841 1137
842 1567
843 844
843 1223
844 1098
845 846
845 1437
846 1216
847 848
847 1494
848 875
849 850
849 1326
850 1550
851 757
851 852
852 1393
853 796
853 854
854 91
855 856
855 1433
856 1227
857 858
857 1503
858 131
859 763
859 860
860 273
861 862
861 1577
862 996
863 864
863 1303
864 60
865 866
865 1443
866 1159
867 661
867 868
868 213
869 704
869 870
870 1316
871 872
871 1463
872 417
873 761
873 874
874 506
875 839
875 876
876 904
877 878
877 1591
878 443
879 726
879 880
880 1594
881 29
881 882
882 608
883 556
883 884
884 150
885 769
885 886
886 1015
887 754
887 888
888 405
889 890
889 1466
890 572
891 631
891 892
892 1414
893 715
893 894
894 1029
895 113
895 896
896 1089
897 898
897 1141
898 487
899 742
899 900
900 740
901 265
901 902
902 422
903 523
903 904
904 209
905 906
905 1302
906 1001
907 386
907 908
908 1217
909 403
909 910
910 772
911 181
911 912
912 98
913 852
913 914
914 480
915 916
915 1049
916 1512
917 724
917 918
918 628
919 48
919 920
920 190
921 922
921 1106
922 988
923 635
923 924
924 1438
925 683
925 926
926 1214
927 928
927 1127
928 606
929 930
929 1475
930 93
931 932
931 1125
932 1362
933 934
933 1007
934 794
935 404
935 936
936 1286
937 938
937 1055
938 545
939 940
939 1110
940 11
941 942
941 1113
942 154
943 944
943 1518
944 1372
945 946
945 1569
946 492
947 901
947 948
948 439
949 438
949 950
950 1118
951 952
951 1603
952 1050
953 257
953 954
954 374
955 460
955 956
956 1588
957 394
957 958
958 1035
959 469
959 960
960 1138
961 962
961 1320
962 634
963 97
963 964
964 1608
965 823
965 966
966 924
967 623
967 968
968 951
969 329
969 970
970 5
971 494
971 972
972 277
973 974
973 1411
974 790
975 976
975 1276
976 324
977 293
977 978
978 283
979 980
979 1390
980 1288
981 982
981 1327
982 676
983 984
983 1395
984 344
985 986
985 1357
986 66
987 162
987 988
988 82
989 990
989 1121
990 1191
991 332
991 992
992 1446
993 896
993 994
994 312
995 996
995 1107
996 670
997 298
997 998
998 1536
999 398
999 1000
1000 601
1001 145
1001 1002
1002 1008
1003 1004
1003 1202
1004 602
1005 669
1005 1006
1006 1048
1007 997
1007 1008
1008 812
1009 617
1009 1010
1010 514
1011 638
1011 1012
1012 758
1013 49
1013 1014
1014 1238
1015 532
1015 1016
1016 94
1017 865
1017 1018
1018 1485
1019 876
1019 1020
1020 1280
1021 463
1021 1022
1022 1271
1023 321
1023 1024
1024 630
1025 731
1025 1026
1026 708
1027 730
1027 1028
1028 510
1029 993
1029 1030
1030 798
1031 1032
1031 1385
1032 307
1033 56
1033 1034
1034 1150
1035 596
1035 1036
1036 1146
1037 699
1037 1038
1038 1394
1039 737
1039 1040
1040 1404
1041 912
1041 1042
1042 862
1043 552
1043 1044
1044 1236
1045 1046
1045 1493
1046 908
1047 161
1047 1048
1048 808
1049 393
1049 1050
1050 159
1051 63
1051 1052
1052 486
1053 1054
1053 1085
1054 338
1055 71
1055 1056
1056 286
1057 903
1057 1058
1058 1144
1059 276
1059 1060
1060 581
1061 705
1061 1062
1062 238
1063 322
1063 1064
1064 508
1065 1066
1065 1139
1066 854
1067 174
1067 1068
1068 1380
1069 326
1069 1070
1070 426
1071 219
1071 1072
1072 554
1073 1074
1073 1262
1074 586
1075 211
1075 1076
1076 1157
1077 833
1077 1078
1078 390
1079 500
1079 1080
1080 1484
1081 331
1081 1082
1082 1599
1083 1084
1083 1590
1084 1562
1085 101
1085 1086
1086 1445
1087 665
1087 1088
1088 316
1089 1039
1089 1090
1090 792
1091 1092
1091 1481
1092 437
1093 1094
1093 1304
1094 147
1095 138
1095 1096
1096 738
1097 17
1097 1098
1098 1160
1099 1100
1099 1424
1100 392
1101 1102
1101 1209
1102 1561
1103 229
1103 1104
1104 598
1105 569
1105 1106
1106 449
1107 15
1107 1108
1108 558
1109 1110
1109 1361
1110 1441
1111 782
1111 1112
1112 400
1113 47
1113 1114
1114 368
1115 710
1115 1116
1116 570
1117 747
1117 1118
1118 934
1119 239
1119 1120
1120 16
1121 629
1121 1122
1122 562
1123 357
1123 1124
1124 1600
1125 887
1125 1126
1126 1255
1127 973
1127 1128
1128 671
1129 81
1129 1130
1130 816
1131 1132
1131 1451
1132 784
1133 1134
1133 1529
1134 652
1135 643
1135 1136
1136 1119
1137 1057
1137 1138
1138 1403
1139 717
1139 1140
1140 1506
1141 1142
1141 1502
1142 79
1143 104
1143 1144
1144 675
1145 1105
1145 1146
1146 290
1147 791
1147 1148
1148 1324
1149 1150
1149 1215
1150 777
1151 85
1151 1152
1152 388
1153 134
1153 1154
1154 396
1155 497
1155 1156
1156 1336
1157 13
1157 1158
1158 1346
1159 1160
1159 1297
1160 268
1161 75
1161 1162
1162 957
1163 982
1163 1164
1164 1156
1165 1166
1165 1332
1166 198
1167 701
1167 1168
1168 856
1169 1170
1169 1252
1170 933
1171 1172
1171 1521
1172 1097
1173 703
1173 1174
1174 1568
1175 1176
1175 1436
1176 376
1177 1178
1177 1389
1178 1307
1179 739
1179 1180
1180 167
1181 410
1181 1182
1182 720
1183 447
1183 1184
1184 468
1185 269
1185 1186
1186 521
1187 54
1187 1188
1188 243
1189 1135
1189 1190
1190 1142
1191 471
1191 1192
1192 627
1193 836
1193 1194
1194 1526
1195 1196
1195 1602
1196 1513
1197 633
1197 1198
1198 62
1199 1200
1199 1597
1200 919
1201 19
1201 1202
1202 1581
1203 1149
1203 1204
1204 1589
1205 655
1205 1206
1206 1058
1207 563
1207 1208
1208 74
1209 333
1209 1210
1210 251
1211 1212
1211 1477
1212 522
1213 295
1213 1214
1214 1000
1215 624
1215 1216
1216 428
1217 825
1217 1218
1218 1552
1219 515
1219 1220
1220 106
1221 1222
1221 1365
1222 1218
1223 325
1223 1224
1224 1030
1225 1033
1225 1226
1226 45
1227 1228
1227 1509
1228 1545
1229 279
1229 1230
1230 689
1231 1232
1231 1263
1232 30
1233 679
1233 1234
1234 776
1235 1236
1235 1482
1236 442
1237 1151
1237 1238
1238 280
1239 1240
1239 1480
1240 502
1241 412
1241 1242
1242 1042
1243 1244
1243 1533
1244 1132
1245 800
1245 1246
1246 395
1247 566
1247 1248
1248 414
1249 225
1249 1250
1250 950
1251 1201
1251 1252
1252 938
1253 227
1253 1254
1254 1467
1255 193
1255 1256
1256 886
1257 1258
1257 1423
1258 599
1259 1024
1259 1260
1260 543
1261 287
1261 1262
1262 795
1263 673
1263 1264
1264 1539
1265 827
1265 1266
1266 1102
1267 1103
1267 1268
1268 1412
1269 1270
1269 1578
1270 879
1271 746
1271 1272
1272 1249
1273 1051
1273 1274
1274 1193
1275 1276
1275 1427
1276 667
1277 817
1277 1278
1278 261
1279 722
1279 1280
1280 1406
1281 1052
1281 1282
1282 1092
1283 421
1283 1284
1284 965
1285 1095
1285 1286
1286 1002
1287 51
1287 1288
1288 92
1289 1290
1289 1291
1290 1349
1291 721
1291 1292
1292 158
1293 787
1293 1294
1294 234
1295 749
1295 1296
1296 201
1297 210
1297 1298
1298 96
1299 511
1299 1300
1300 457
1301 853
1301 1302
1302 696
1303 2
1303 1304
1304 888
1305 590
1305 1306
1306 264
1307 459
1307 1308
1308 348
1309 745
1309 1310
1310 103
1311 1153
1311 1312
1312 1338
1313 1293
1313 1314
1314 1371
1315 1316
1315 1381
1316 242
1317 246
1317 1318
1318 402
1319 1305
1319 1320
1320 102
1321 946
1321 1322
1322 955
1323 1324
1323 1546
1324 618
1325 305
1325 1326
1326 1188
1327 533
1327 1328
1328 1430
1329 299
1329 1330
1330 258
1331 1332
1331 1573
1332 891
1333 1180
1333 1334
1334 1400
1335 1067
1335 1336
1336 499
1337 979
1337 1338
1338 560
1339 1206
1339 1340
1340 1464
1341 1342
1341 1524
1342 170
1343 851
1343 1344
1344 1126
1345 216
1345 1346
1346 10
1347 327
1347 1348
1348 1047
1349 166
1349 1350
1350 1194
1351 587
1351 1352
1352 647
1353 1354
1353 1375
1354 868
1355 1356
1355 1457
1356 1554
1357 674
1357 1358
1358 756
1359 335
1359 1360
1360 986
1361 802
1361 1362
1362 495
1363 1335
1363 1364
1364 935
1365 1198
1365 1366
1366 956
1367 342
1367 1368
1368 490
1369 662
1369 1370
1370 1026
1371 119
1371 1372
1372 252
1373 1374
1373 1407
1374 24
1375 69
1375 1376
1376 810
1377 1161
1377 1378
1378 58
1379 34
1379 1380
1380 1318
1381 1232
1381 1382
1382 474
1383 1384
1383 1479
1384 202
1385 513
1385 1386
1386 253
1387 1203
1387 1388
1388 339
1389 1246
1389 1390
1390 43
1391 199
1391 1392
1392 478
1393 23
1393 1394
1394 994
1395 1396
1395 1488
1396 179
1397 1352
1397 1398
1398 830
1399 1005
1399 1400
1400 894
1401 1391
1401 1402
1402 423
1403 1404
1403 1611
1404 356
1405 42
1405 1406
1406 884
1407 1408
1407 1585
1408 14
1409 1300
1409 1410
1410 1612
1411 189
1411 1412
1412 465
1413 685
1413 1414
1414 367
1415 1210
1415 1416
1416 1572
1417 165
1417 1418
1418 939
1419 927
1419 1420
1420 1011
1421 1013
1421 1422
1422 1442
1423 1261
1423 1424
1424 319
1425 1374
1425 1426
1426 610
1427 551
1427 1428
1428 445
1429 1117
1429 1430
1430 1368
1431 1354
1431 1432
1432 1447
1433 483
1433 1434
1434 1222
1435 182
1435 1436
1436 1605
1437 360
1437 1438
1438 1038
1439 1290
1439 1440
1440 391
1441 1070
1441 1442
1442 1148
1443 1259
1443 1444
1444 461
1445 1176
1445 1446
1446 1321
1447 430
1447 1448
1448 444
1449 139
1449 1450
1450 1331
1451 1431
1451 1452
1452 1282
1453 379
1453 1454
1454 1068
1455 361
1455 1456
1456 712
1457 1401
1457 1458
1458 351
1459 945
1459 1460
1460 1587
1461 1348
1461 1462
1462 114
1463 847
1463 1464
1464 828
1465 943
1465 1466
1466 1410
1467 774
1467 1468
1468 1090
1469 334
1469 1470
1470 1452
1471 121
1471 1472
1472 1422
1473 897
1473 1474
1474 1586
1475 765
1475 1476
1476 323
1477 981
1477 1478
1478 115
1479 297
1479 1480
1480 1339
1481 35
1481 1482
1482 728
1483 496
1483 1484
1484 364
1485 910
1485 1486
1486 135
1487 172
1487 1488
1488 695
1489 1081
1489 1490
1490 620
1491 137
1491 1492
1492 504
1493 931
1493 1494
1494 477
1495 387
1495 1496
1496 964
1497 843
1497 1498
1498 869
1499 644
1499 1500
1500 1448
1501 857
1501 1502
1502 925
1503 781
1503 1504
1504 547
1505 867
1505 1506
1506 1124
1507 1496
1507 1508
1508 1490
1509 990
1509 1510
1510 436
1511 407
1511 1512
1512 864
1513 434
1513 1514
1514 314
1515 834
1515 1516
1516 890
1517 1465
1517 1518
1518 637
1519 1462
1519 1520
1520 626
1521 256
1521 1522
1522 482
1523 954
1523 1524
1524 588
1525 50
1525 1526
1526 755
1527 1295
1527 1528
1528 413
1529 303
1529 1530
1530 1018
1531 467
1531 1532
1532 707
1533 959
1533 1534
1534 309
1535 320
1535 1536
1536 614
1537 589
1537 1538
1538 1604
1539 1473
1539 1540
1540 1528
1541 788
1541 1542
1542 425
1543 1544
1543 1607
1544 1379
1545 18
1545 1546
1546 539
1547 826
1547 1548
1548 806
1549 288
1549 1550
1550 124
1551 203
1551 1552
1552 1285
1553 895
1553 1554
1554 1345
1555 1309
1555 1556
1556 1116
1557 294
1557 1558
1558 310
1559 1145
1559 1560
1560 313
1561 936
1561 1562
1562 458
1563 1168
1563 1564
1564 1063
1565 1476
1565 1566
1566 860
1567 433
1567 1568
1568 479
1569 516
1569 1570
1570 1397
1571 127
1571 1572
1572 1432
1573 672
1573 1574
1574 1548
1575 95
1575 1576
1576 1535
1577 315
1577 1578
1578 609
1579 663
1579 1580
1580 526
1581 455
1581 1582
1582 930
1583 173
1583 1584
1584 1069
1585 611
1585 1586
1586 1296
1587 366
1587 1588
1588 1580
1589 593
1589 1590
1590 580
1591 247
1591 1592
1592 948
1593 1178
1593 1594
1594 1557
1595 799
1595 1596
1596 1028
1597 735
1597 1598
1598 604
1599 1083
1599 1600
1600 1341
1601 713
1601 1602
1602 937
1603 1565
1603 1604
1604 1131
1605 734
1605 1606
1606 1398
1607 1355
1607 1608
1608 144
1609 1382
1609 1610
1610 568
1611 1169
1611 1612
1612 183
1613 913
1613 1614
1614 36
