0 829
0 1223
2 30
2 994
3 618
3 1152
5 888
4 1334
4 1378
6 1602
9 185
9 975
10 11
10 1293
12 454
11 419
13 227
13 1487
15 254
15 483
17 198
17 1044
19 724
19 1060
21 523
21 1154
23 24
23 78
24 1584
25 26
25 1187
26 235
27 28
27 1033
28 426
29 30
29 863
30 1440
31 32
31 315
32 24
33 34
33 1225
34 186
35 36
35 1037
36 1572
37 38
37 300
38 1435
39 40
39 543
40 174
41 42
41 1351
42 1373
43 44
43 917
44 620
45 46
45 745
46 892
47 48
47 1137
48 249
49 50
49 1561
50 1322
51 52
51 136
52 600
53 54
53 937
54 149
55 56
55 348
56 866
57 58
57 488
58 522
59 60
59 1252
60 1008
61 62
61 432
62 932
63 39
63 64
64 733
65 59
65 66
66 655
67 68
67 1457
68 1415
69 70
69 385
70 1281
71 72
71 1391
72 1569
73 74
73 162
74 206
75 76
75 1001
76 269
77 78
77 910
78 31
79 80
79 827
80 1196
81 82
81 541
82 461
83 84
83 615
84 1577
85 86
85 901
86 255
87 88
87 103
88 1247
89 90
89 939
90 1054
91 92
91 601
92 606
93 94
93 1395
94 688
95 96
95 665
96 372
97 98
97 449
98 478
99 100
99 834
100 1389
101 102
101 1251
102 1181
103 104
103 226
104 1328
105 106
105 1528
106 180
107 108
107 467
108 104
109 110
109 923
110 1510
111 112
111 817
112 1591
113 114
113 1287
114 1387
115 43
115 116
116 728
117 118
117 503
118 322
119 120
119 575
120 361
121 122
121 425
122 88
123 124
123 1369
124 182
125 126
125 715
126 223
127 128
127 1483
128 1416
129 130
129 155
130 687
131 132
131 902
132 504
133 134
133 1361
134 1304
135 136
135 1425
136 816
137 138
137 1017
138 1331
139 140
139 341
140 884
141 142
141 1077
142 641
143 144
143 473
144 380
145 146
145 635
146 330
147 148
147 1313
148 821
149 111
149 150
150 1302
151 152
151 529
152 1507
153 154
153 1417
154 1372
155 156
155 282
156 468
157 158
157 1052
158 472
159 49
159 160
160 1216
161 162
161 1559
162 1195
163 164
163 412
164 701
165 166
165 192
166 1244
167 168
167 308
168 1206
169 170
169 1155
170 708
171 172
171 725
172 296
173 174
173 238
174 556
175 138
175 176
176 510
177 178
177 247
178 1444
179 180
179 1126
180 1588
181 182
181 1097
182 498
183 184
183 1499
184 1272
185 186
185 1563
186 1324
187 188
187 189
188 836
189 190
189 552
190 996
191 192
191 424
192 19
193 194
193 1516
194 132
195 196
195 245
196 92
197 198
197 521
198 1096
199 200
199 1045
200 987
201 202
201 517
202 99
203 204
203 336
204 999
205 206
205 1201
206 1148
207 208
207 1600
208 1410
209 210
209 695
210 947
211 212
211 707
212 974
213 214
213 320
214 1080
215 216
215 835
216 565
217 218
217 1568
218 904
219 101
219 220
220 1101
221 222
221 1592
222 1108
223 224
223 1151
224 352
225 226
225 1048
226 126
227 228
227 980
228 770
229 230
229 241
230 832
231 232
231 344
232 279
233 234
233 530
234 56
235 236
235 1368
236 717
237 238
237 597
238 954
239 137
239 240
240 669
241 242
241 389
242 378
243 244
243 613
244 598
245 246
245 1527
246 1321
247 248
247 998
248 194
249 250
249 1543
250 508
251 252
251 1335
252 710
253 254
253 405
254 557
255 256
255 584
256 766
257 258
257 406
258 793
259 260
259 1353
260 262
261 262
261 1481
262 1086
263 9
263 264
264 465
265 203
265 266
266 1208
267 268
267 1192
268 120
269 225
269 270
270 658
271 272
271 1063
272 1184
273 246
273 274
274 1502
275 276
275 1047
276 632
277 278
277 815
278 1104
279 280
279 1217
280 338
281 113
281 282
282 1473
283 129
283 284
284 526
285 286
285 436
286 1026
287 288
287 900
288 1165
289 290
289 608
290 1075
291 292
291 417
292 74
293 294
293 869
294 1098
295 296
295 1087
296 1441
297 298
297 674
298 1498
299 300
299 785
300 566
301 302
301 1130
302 400
303 304
303 981
304 1125
305 306
305 1466
306 110
307 308
307 489
308 1300
309 151
309 310
310 1571
311 312
311 982
312 256
313 45
313 314
314 1501
315 277
315 316
316 667
317 318
317 386
318 638
319 259
319 320
320 1062
321 322
321 1546
322 276
323 324
323 896
324 1246
325 236
325 326
326 1414
327 328
327 867
328 392
329 330
329 840
330 1095
331 332
331 1448
332 919
333 334
333 837
334 273
335 125
335 336
336 1325
337 37
337 338
338 756
339 340
339 654
340 874
341 177
341 342
342 190
343 27
343 344
344 148
345 346
345 1446
346 782
347 348
347 791
348 592
349 350
349 1305
350 1357
351 352
351 891
352 890
353 337
353 354
354 1091
355 115
355 356
356 1460
357 358
357 507
358 777
359 79
359 360
360 371
361 362
361 844
362 1398
363 364
363 648
364 1450
365 96
365 366
366 1093
367 368
367 470
368 1038
369 370
369 989
370 926
371 353
371 372
372 1326
373 374
373 1185
374 1255
375 376
375 779
376 1067
377 378
377 1504
378 310
379 347
379 380
380 304
381 382
381 1517
382 1567
383 384
383 420
384 764
385 386
385 539
386 1520
387 388
387 671
388 960
389 42
389 390
390 702
391 205
391 392
392 1200
393 394
393 739
394 16
395 91
395 396
396 150
397 343
397 398
398 716
399 400
399 644
400 298
401 402
401 1597
402 1260
403 404
403 610
404 699
405 10
405 406
406 1490
407 408
407 653
408 823
409 288
409 410
410 1492
411 412
411 803
412 1318
413 154
413 414
414 156
415 416
415 589
416 712
417 418
417 623
418 1166
419 169
419 420
420 1082
421 69
421 422
422 358
423 75
423 424
424 305
425 253
425 426
426 630
427 428
427 660
428 1428
429 430
429 1035
430 1284
431 432
431 657
432 1439
433 434
433 1291
434 481
435 436
435 495
436 737
437 119
437 438
438 1589
439 440
439 1581
440 291
441 442
441 1009
442 1471
443 444
443 838
444 215
445 446
445 755
446 1350
447 448
447 494
448 356
449 450
449 619
450 418
451 452
451 1193
452 1174
453 351
453 454
454 631
455 456
455 462
456 354
457 458
457 788
458 214
459 54
459 460
460 1454
461 457
461 462
462 1548
463 40
463 464
464 377
465 466
465 1463
466 680
467 468
467 1530
468 1264
469 470
469 1003
470 5
471 472
471 1070
472 390
473 4
473 474
474 640
475 201
475 476
476 1236
477 402
477 478
478 1394
479 480
479 1159
480 1191
481 482
481 875
482 1371
483 484
483 595
484 752
485 486
485 1447
486 1183
487 488
487 519
488 548
489 490
489 520
490 1437
491 492
491 899
492 89
493 494
493 1329
494 499
495 496
495 1271
496 395
497 498
497 1456
498 778
499 500
499 1511
500 26
501 283
501 502
502 67
503 504
503 801
504 868
505 133
505 506
506 1022
507 508
507 1131
508 34
509 510
509 1178
510 1263
511 512
511 1018
512 1194
513 514
513 1319
514 1497
515 516
515 651
516 1323
517 518
517 1219
518 484
519 520
519 749
520 370
521 522
521 1609
522 1140
523 72
523 524
524 284
525 480
525 526
526 414
527 528
527 1585
528 421
529 530
529 1049
530 1295
531 532
531 1580
532 1031
533 451
533 534
534 1042
535 536
535 549
536 843
537 538
537 918
538 460
539 540
539 1393
540 146
541 542
541 1406
542 988
543 544
543 933
544 376
545 195
545 546
546 1613
547 548
547 646
548 726
549 550
549 1418
550 364
551 552
551 1385
552 1068
553 48
553 554
554 13
555 60
555 556
556 1340
557 558
557 972
558 1374
559 560
559 1285
560 540
561 562
561 1363
562 719
563 564
563 1171
564 1280
565 118
565 566
566 6
567 229
567 568
568 466
569 407
569 570
570 546
571 572
571 750
572 1102
573 217
573 574
574 258
575 576
575 1139
576 650
577 327
577 578
578 490
579 580
579 1224
580 367
581 582
581 1289
582 723
583 230
583 584
584 1299
585 264
585 586
586 1536
587 239
587 588
588 819
589 47
589 590
590 1495
591 271
591 592
592 812
593 594
593 1403
594 1411
595 596
595 1404
596 984
597 513
597 598
598 1552
599 600
599 1169
600 966
601 114
601 602
602 179
603 437
603 604
604 673
605 606
605 1123
606 1606
607 608
607 1485
608 1002
609 369
609 610
610 685
611 81
611 612
612 311
613 122
613 614
614 924
615 570
615 616
616 248
617 618
617 1489
618 1066
619 620
619 1345
620 1453
621 410
621 622
622 1438
623 624
623 773
624 1586
625 550
625 626
626 105
627 628
627 1233
628 915
629 381
629 630
630 1234
631 632
631 753
632 744
633 314
633 634
634 826
635 636
635 1021
636 1162
637 638
637 1452
638 1286
639 640
639 1089
640 968
641 475
641 642
642 698
643 408
643 644
644 266
645 159
645 646
646 705
647 112
647 648
648 1205
649 650
649 824
650 908
651 652
651 1423
652 1506
653 654
653 1402
654 925
655 656
655 799
656 795
657 658
657 1115
658 199
659 660
659 1375
660 362
661 662
661 845
662 1333
663 664
663 839
664 1120
665 666
665 1283
666 396
667 368
667 668
668 1188
669 670
669 1475
670 94
671 313
671 672
672 509
673 674
673 1145
674 188
675 676
675 1317
676 950
677 571
677 678
678 51
679 319
679 680
680 196
681 682
681 1523
682 62
683 684
683 991
684 1521
685 46
685 686
686 518
687 212
687 688
688 1566
689 690
689 952
690 234
691 692
691 740
692 128
693 694
693 944
694 1232
695 696
695 1421
696 286
697 511
697 698
698 1434
699 542
699 700
700 858
701 702
701 885
702 1292
703 502
703 704
704 1100
705 706
705 1381
706 855
707 659
707 708
708 307
709 515
709 710
710 25
711 712
711 1484
712 1500
713 714
713 1529
714 1560
715 716
715 1465
716 1229
717 718
717 1028
718 512
719 720
719 1587
720 83
721 116
721 722
722 124
723 724
723 889
724 1298
725 726
725 951
726 1553
727 728
727 772
728 280
729 730
729 1039
730 1006
731 732
731 1029
732 1565
733 734
733 842
734 586
735 628
735 736
736 722
737 87
737 738
738 268
739 331
739 740
740 50
741 742
741 1341
742 1228
743 744
743 1542
744 1256
745 746
745 1235
746 318
747 748
747 1537
748 985
749 609
749 750
750 851
751 752
751 846
752 1316
753 754
753 1078
754 894
755 756
755 1267
756 922
757 758
757 1041
758 340
759 447
759 760
760 397
761 73
761 762
762 329
763 670
763 764
764 1024
765 766
765 1278
766 290
767 232
767 768
768 430
769 770
769 1551
770 1071
771 772
771 976
772 1243
773 207
773 774
774 768
775 100
775 776
776 979
777 778
777 973
778 1010
779 633
779 780
780 580
781 163
781 782
782 949
783 656
783 784
784 1014
785 786
785 1407
786 293
787 181
787 788
788 913
789 335
789 790
790 942
791 792
791 1007
792 1526
793 444
793 794
794 134
795 265
795 796
796 850
797 798
797 997
798 244
799 514
799 800
800 1027
801 403
801 802
802 1240
803 804
803 1455
804 388
805 804
805 806
806 995
807 741
807 808
808 1143
809 810
809 1043
810 306
811 706
811 812
812 983
813 760
813 814
814 108
815 816
815 1119
816 689
817 818
817 1173
818 662
819 820
819 1443
820 1513
821 822
821 1603
822 52
823 535
823 824
824 228
825 826
825 1012
826 576
827 221
827 828
828 1509
829 525
829 830
830 1474
831 832
831 1113
832 1412
833 171
833 834
834 1253
835 317
835 836
836 621
837 588
837 838
838 1254
839 562
839 840
840 1338
841 536
841 842
842 1222
843 844
843 1023
844 808
845 627
845 846
846 97
847 848
847 1310
848 1383
849 820
849 850
850 625
851 713
851 852
852 328
853 854
853 1445
854 694
855 856
855 1107
856 1612
857 858
857 1531
858 1266
859 860
859 1419
860 1376
861 862
861 1522
862 1238
863 487
863 864
864 35
865 866
865 1177
866 1099
867 868
867 1110
868 22
869 870
869 1167
870 261
871 862
871 872
872 990
873 874
873 1147
874 738
875 876
875 1261
876 1160
877 813
877 878
878 1570
879 415
879 880
880 1032
881 211
881 882
882 20
883 884
883 1136
884 84
885 794
885 886
886 6
887 500
887 888
888 1380
889 339
889 890
890 131
891 607
891 892
892 440
893 894
893 1362
894 1514
895 896
895 1015
896 963
897 898
897 1138
898 622
899 900
899 1127
900 1598
901 93
901 902
902 958
903 893
903 904
904 18
905 906
905 921
906 57
907 164
907 908
908 1488
909 29
909 910
910 231
911 906
911 912
912 482
913 12
913 914
914 1218
915 643
915 916
916 516
917 66
917 918
918 569
919 920
919 1170
920 534
921 922
921 1306
922 691
923 375
923 924
924 792
925 926
925 955
926 1274
927 928
927 1051
928 763
929 751
929 930
930 585
931 932
931 1198
932 1458
933 771
933 934
934 1158
935 612
935 936
936 477
937 938
937 1109
938 789
939 940
939 1491
940 1356
941 431
941 942
942 175
943 944
943 1388
944 582
945 946
945 1221
946 1149
947 98
947 948
948 897
949 950
949 1212
950 1197
951 263
951 952
952 637
953 954
953 1476
954 1124
955 287
955 956
956 33
957 958
957 1202
958 1472
959 960
959 1486
960 143
961 68
961 962
962 312
963 964
963 1180
964 1220
965 966
965 1301
966 55
967 807
967 968
968 289
969 970
969 1135
970 934
971 295
971 972
972 383
973 270
973 974
974 1430
975 976
975 1449
976 927
977 978
977 1355
978 579
979 980
979 1596
980 1156
981 82
981 982
982 1422
983 984
983 1547
984 1390
985 464
985 986
986 297
987 977
987 988
988 1358
989 990
989 1379
990 652
991 237
991 992
992 95
993 285
993 994
994 3
995 996
995 1314
996 326
997 661
997 998
998 53
999 1000
999 1590
1000 213
1001 1002
1001 1132
1002 727
1003 679
1003 1004
1004 441
1005 492
1005 1006
1006 865
1007 222
1007 1008
1008 825
1009 1010
1009 1186
1010 1112
1011 1012
1011 1211
1012 170
1013 1014
1013 1409
1014 325
1015 1016
1015 1579
1016 1011
1017 797
1017 1018
1018 1426
1019 805
1019 1020
1020 165
1021 191
1021 1022
1022 1296
1023 1024
1023 1538
1024 294
1025 1026
1025 1079
1026 822
1027 448
1027 1028
1028 649
1029 1030
1029 1337
1030 1433
1031 1032
1031 1608
1032 914
1033 275
1033 1034
1034 166
1035 233
1035 1036
1036 568
1037 555
1037 1038
1038 704
1039 675
1039 1040
1040 678
1041 1042
1041 1533
1042 616
1043 814
1043 1044
1044 898
1045 2
1045 1046
1046 167
1047 485
1047 1048
1048 153
1049 831
1049 1050
1050 1594
1051 1052
1051 1105
1052 758
1053 152
1053 1054
1054 876
1055 139
1055 1056
1056 1459
1057 1058
1057 1128
1058 583
1059 672
1059 1060
1060 158
1061 357
1061 1062
1062 86
1063 1061
1063 1064
1064 433
1065 709
1065 1066
1066 573
1067 1068
1067 1150
1068 1004
1069 1070
1069 1303
1070 1496
1071 1072
1071 1544
1072 450
1073 65
1073 1074
1074 1
1075 342
1075 1076
1076 14
1077 953
1077 1078
1078 731
1079 1080
1079 1505
1080 384
1081 1082
1081 1470
1082 878
1083 471
1083 1084
1084 452
1085 714
1085 1086
1086 1084
1087 493
1087 1088
1088 501
1089 681
1089 1090
1090 506
1091 1092
1091 1346
1092 1076
1093 1094
1093 1242
1094 1494
1095 943
1095 1096
1096 1245
1097 1098
1097 1327
1098 416
1099 1100
1099 1106
1100 1534
1101 1102
1101 1308
1102 455
1103 787
1103 1104
1104 1237
1105 1106
1105 1320
1106 334
1107 1108
1107 1227
1108 1339
1109 1110
1109 1479
1110 172
1111 629
1111 1112
1112 193
1113 387
1113 1114
1114 374
1115 909
1115 1116
1116 957
1117 967
1117 1118
1118 857
1119 373
1119 1120
1120 1562
1121 1122
1121 1469
1122 547
1123 527
1123 1124
1124 1215
1125 676
1125 1126
1126 1336
1127 121
1127 1128
1128 684
1129 861
1129 1130
1130 686
1131 1132
1131 1539
1132 1275
1133 639
1133 1134
1134 1273
1135 762
1135 1136
1136 690
1137 109
1137 1138
1138 1604
1139 769
1139 1140
1140 1282
1141 1142
1141 1540
1142 746
1143 784
1143 1144
1144 748
1145 872
1145 1146
1146 36
1147 786
1147 1148
1148 560
1149 251
1149 1150
1150 1259
1151 603
1151 1152
1152 871
1153 1154
1153 1573
1154 677
1155 605
1155 1156
1156 798
1157 1158
1157 1401
1158 1204
1159 240
1159 1160
1160 1164
1161 1117
1161 1162
1162 956
1163 1164
1163 1377
1164 363
1165 1166
1165 1413
1166 218
1167 747
1167 1168
1168 742
1169 1088
1169 1170
1170 1172
1171 574
1171 1172
1172 664
1173 123
1173 1174
1174 428
1175 141
1175 1176
1176 1574
1177 847
1177 1178
1178 545
1179 1180
1179 1550
1180 912
1181 767
1181 1182
1182 274
1183 1184
1183 1210
1184 1352
1185 505
1185 1186
1186 1040
1187 1188
1187 1258
1188 208
1189 1190
1189 1424
1190 668
1191 945
1191 1192
1192 978
1193 965
1193 1194
1194 602
1195 379
1195 1196
1196 157
1197 743
1197 1198
1198 1213
1199 1064
1199 1200
1200 554
1201 1057
1201 1202
1202 173
1203 790
1203 1204
1204 324
1205 626
1205 1206
1206 1384
1207 1208
1207 1535
1208 604
1209 1210
1209 1532
1210 272
1211 12
1211 1212
1212 292
1213 1146
1213 1214
1214 1182
1215 730
1215 1216
1216 986
1217 44
1217 1218
1218 486
1219 77
1219 1220
1220 1392
1221 1222
1221 1265
1222 1461
1223 587
1223 1224
1224 537
1225 1141
1225 1226
1226 216
1227 135
1227 1228
1228 1175
1229 1230
1229 1468
1230 1382
1231 1232
1231 1309
1232 458
1233 1153
1233 1234
1234 1366
1235 1111
1235 1236
1236 880
1237 1238
1237 1583
1238 1464
1239 429
1239 1240
1240 144
1241 1161
1241 1242
1242 1396
1243 693
1243 1244
1244 524
1245 1083
1245 1246
1246 1555
1247 71
1247 1248
1248 1189
1249 1250
1249 1405
1250 854
1251 895
1251 1252
1252 1118
1253 859
1253 1254
1254 1503
1255 1020
1255 1256
1256 1354
1257 28
1257 1258
1258 720
1259 303
1259 1260
1260 1607
1261 257
1261 1262
1262 496
1263 1058
1263 1264
1264 1270
1265 349
1265 1266
1266 168
1267 479
1267 1268
1268 962
1269 594
1269 1270
1270 830
1271 941
1271 1272
1272 852
1273 1274
1273 1276
1274 1601
1275 411
1275 1276
1276 85
1277 1278
1277 1518
1278 260
1279 802
1279 1280
1280 800
1281 1081
1281 1282
1282 17
1283 551
1283 1284
1284 666
1285 1016
1285 1286
1286 1420
1287 599
1287 1288
1288 220
1289 1085
1289 1290
1290 1311
1291 1292
1291 1347
1292 1524
1293 577
1293 1294
1294 1134
1295 491
1295 1296
1296 961
1297 1298
1297 1519
1298 1034
1299 197
1299 1300
1300 734
1301 881
1301 1302
1302 321
1303 445
1303 1304
1304 409
1305 459
1305 1306
1306 469
1307 38
1307 1308
1308 765
1309 1122
1309 1310
1310 323
1311 346
1311 1312
1312 882
1313 435
1313 1314
1314 1610
1315 1257
1315 1316
1316 806
1317 683
1317 1318
1318 1269
1319 1239
1319 1320
1320 1103
1321 531
1321 1322
1322 564
1323 754
1323 1324
1324 80
1325 959
1325 1326
1326 58
1327 993
1327 1328
1328 1558
1329 299
1329 1330
1330 224
1331 1248
1331 1332
1332 1482
1333 1005
1333 1334
1334 849
1335 757
1335 1336
1336 1399
1337 434
1337 1338
1338 350
1339 581
1339 1340
1340 398
1341 729
1341 1342
1342 732
1343 102
1343 1344
1344 1564
1345 423
1345 1346
1346 1072
1347 992
1347 1348
1348 1290
1349 209
1349 1350
1350 422
1351 427
1351 1352
1352 106
1353 1055
1353 1354
1354 1330
1355 590
1355 1356
1356 1582
1357 1116
1357 1358
1358 1478
1359 1360
1359 1451
1360 1226
1361 401
1361 1362
1362 413
1363 391
1363 1364
1364 178
1365 528
1365 1366
1366 841
1367 365
1367 1368
1368 1360
1369 278
1369 1370
1370 443
1371 848
1371 1372
1372 446
1373 15
1373 1374
1374 1030
1375 202
1375 1376
1376 1545
1377 1378
1377 1605
1378 117
1379 1241
1379 1380
1380 948
1381 818
1381 1382
1382 596
1383 783
1383 1384
1384 682
1385 938
1385 1386
1386 711
1387 90
1387 1388
1388 916
1389 809
1389 1390
1390 1462
1391 142
1391 1392
1392 210
1393 1394
1393 1599
1394 907
1395 281
1395 1396
1396 736
1397 1307
1397 1398
1398 964
1399 5
1399 1400
1400 642
1401 1069
1401 1402
1402 1059
1403 1056
1403 1404
1404 1342
1405 76
1405 1406
1406 359
1407 309
1407 1408
1408 1554
1409 697
1409 1410
1410 7
1411 647
1411 1412
1412 936
1413 366
1413 1414
1414 1046
1415 382
1415 1416
1416 1427
1417 930
1417 1418
1418 567
1419 553
1419 1420
1420 1190
1421 1422
1421 1541
1422 41
1423 1050
1423 1424
1424 1429
1425 1294
1425 1426
1426 1611
1427 64
1427 1428
1428 572
1429 438
1429 1430
1430 187
1431 399
1431 1432
1432 781
1433 1214
1433 1434
1434 1250
1435 1436
1435 1508
1436 250
1437 1438
1437 1614
1438 242
1439 161
1439 1440
1440 1397
1441 645
1441 1442
1442 538
1443 1444
1443 1480
1444 780
1445 1121
1445 1446
1446 32
1447 439
1447 1448
1448 611
1449 929
1449 1450
1450 1348
1451 853
1451 1452
1452 1176
1453 935
1453 1454
1454 404
1455 1157
1455 1456
1456 970
1457 453
1457 1458
1458 774
1459 759
1459 1460
1460 497
1461 887
1461 1462
1462 1576
1463 21
1463 1464
1464 360
1465 1466
1465 1557
1466 1025
1467 127
1467 1468
1468 776
1469 591
1469 1470
1470 1477
1471 184
1471 1472
1472 634
1473 1297
1473 1474
1474 1142
1475 1365
1475 1476
1476 1249
1477 1343
1477 1478
1478 1575
1479 593
1479 1480
1480 1549
1481 533
1481 1482
1482 721
1483 735
1483 1484
1484 204
1485 663
1485 1486
1486 870
1487 636
1487 1488
1488 1344
1489 1490
1489 1515
1490 1277
1491 1199
1491 1492
1492 1114
1493 1431
1493 1494
1494 1556
1495 700
1495 1496
1496 1332
1497 1129
1497 1498
1498 1074
1499 1279
1499 1500
1500 920
1501 393
1501 1502
1502 476
1503 200
1503 1504
1504 1094
1505 23
1505 1506
1506 130
1507 107
1507 1508
1508 1370
1509 1386
1509 1510
1510 316
1511 1133
1511 1512
1512 559
1513 70
1513 1514
1514 1000
1515 145
1515 1516
1516 1230
1517 873
1517 1518
1518 969
1519 877
1519 1520
1520 176
1521 811
1521 1522
1522 63
1523 333
1523 1524
1524 1578
1525 1090
1525 1526
1526 886
1527 1019
1527 1528
1528 775
1529 1530
1529 1593
1530 946
1531 561
1531 1532
1532 860
1533 879
1533 1534
1534 928
1535 1163
1535 1536
1536 931
1537 1359
1537 1538
1538 828
1539 833
1539 1540
1540 1367
1541 1207
1541 1542
1542 252
1543 1065
1543 1544
1544 624
1545 696
1545 1546
1546 1364
1547 796
1547 1548
1548 1144
1549 147
1549 1550
1550 1349
1551 1013
1551 1552
1552 1092
1553 856
1553 1554
1554 456
1555 692
1555 1556
1556 718
1557 1073
1557 1558
1558 1036
1559 761
1559 1560
1560 1179
1561 219
1561 1562
1562 940
1563 905
1563 1564
1564 614
1565 563
1565 1566
1566 160
1567 1053
1567 1568
1568 267
1569 617
1569 1570
1570 1262
1571 1408
1571 1572
1572 1400
1573 971
1573 1574
1574 1432
1575 883
1575 1576
1576 1288
1577 578
1577 1578
1578 558
1579 1231
1579 1580
1580 442
1581 11
1581 1582
1582 1312
1583 1525
1583 1584
1584 394
1585 355
1585 1586
1586 463
1587 61
1587 1588
1588 332
1589 1467
1589 1590
1590 1209
1591 532
1591 1592
1592 302
1593 243
1593 1594
1594 903
1595 301
1595 1596
1596 1268
1597 1512
1597 1598
1598 1595
1599 1168
1599 1600
1600 1203
1601 1436
1601 1602
1602 140
1603 1493
1603 1604
1604 810
1605 911
1605 1606
1606 345
1607 1315
1607 1608
1608 864
1609 183
1609 1610
1610 1442
1611 703
1611 1612
1612 544
1613 474
1613 1614
1614 8
