0 163
0 679
3 90
3 1111
4 95
4 1038
6 1582
5 744
7 711
7 909
8 291
8 1319
10 527
9 347
11 709
11 1259
13 158
13 396
15 179
15 948
17 58
17 375
19 445
19 1611
21 487
21 1283
23 24
23 1360
24 626
25 26
25 1499
26 1199
27 28
27 253
28 1442
29 30
29 820
30 1294
31 32
31 953
32 801
33 34
33 1553
34 872
35 36
35 1449
36 1613
37 38
37 1070
38 1246
39 40
39 874
40 1095
41 42
41 1517
42 289
43 44
43 817
44 1316
45 46
45 1169
46 1276
47 48
47 1265
48 981
49 50
49 1251
50 1585
51 52
51 655
52 196
53 54
53 589
54 834
55 56
55 491
56 656
57 58
57 1248
58 932
59 60
59 257
60 1495
61 62
61 335
62 22
63 64
63 1383
64 771
65 33
65 66
66 222
67 68
67 1343
68 482
69 70
69 1021
70 410
71 72
71 550
72 910
73 74
73 930
74 1163
75 76
75 254
76 161
77 78
77 193
78 614
79 80
79 1309
80 1072
81 82
81 333
82 280
83 84
83 218
84 126
85 86
85 954
86 1022
87 88
87 319
88 1496
89 90
89 1371
90 587
91 92
91 782
92 836
93 94
93 1446
94 1610
95 96
95 249
96 1325
97 98
97 328
98 368
99 100
99 277
100 470
101 32
101 102
102 424
103 104
103 405
104 774
105 106
105 596
106 902
107 108
107 783
108 608
109 110
109 1093
110 1165
111 112
111 1533
112 565
113 114
113 886
114 1436
115 8
115 116
116 625
117 118
117 1045
118 228
119 120
119 393
120 678
121 122
121 560
122 860
123 124
123 1425
124 1
125 55
125 126
126 638
127 128
127 1000
128 57
129 130
129 756
130 840
131 132
131 1079
132 1254
133 134
133 1053
134 921
135 136
135 619
136 252
137 138
137 1387
138 1226
139 140
139 367
140 266
141 142
141 1429
142 446
143 11
143 144
144 1395
145 146
145 1505
146 652
147 36
147 148
148 1268
149 150
149 1127
150 450
151 94
151 152
152 1006
153 154
153 302
154 16
155 156
155 777
156 1129
157 158
157 214
158 169
159 160
159 279
160 1210
161 162
161 1067
162 100
163 164
163 561
164 239
165 166
165 321
166 1231
167 168
167 793
168 1480
169 170
169 1172
170 376
171 172
171 1607
172 693
173 174
173 1262
174 1584
175 176
175 1357
176 20
177 178
177 381
178 1175
179 180
179 746
180 1488
181 171
181 182
182 1367
183 184
183 962
184 1566
185 186
185 969
186 708
187 188
187 680
188 1284
189 190
189 1219
190 710
191 192
191 934
192 956
193 27
193 194
194 124
195 196
195 767
196 788
197 198
197 843
198 1066
199 200
199 1376
200 730
201 202
201 437
202 1139
203 204
203 1368
204 456
205 206
205 615
206 1358
207 208
207 455
208 1039
209 210
209 1147
210 1578
211 5
211 212
212 26
213 214
213 1287
214 631
215 216
215 877
216 224
217 218
217 383
218 394
219 220
219 301
220 629
221 222
221 536
222 1050
223 224
223 1149
224 1586
225 226
225 234
226 1563
227 228
227 887
228 1182
229 230
229 298
230 1018
231 232
231 1057
232 1008
233 234
233 541
234 1598
235 9
235 236
236 1134
237 238
237 915
238 1142
239 240
239 552
240 966
241 242
241 1229
242 167
243 130
243 244
244 997
245 246
245 397
246 38
247 2
247 248
248 671
249 250
249 1097
250 122
251 252
251 419
252 271
253 254
253 779
254 1342
255 256
255 716
256 191
257 258
257 1377
258 488
259 260
259 477
260 662
261 262
261 1004
262 492
263 264
263 1481
264 1333
265 266
265 1493
266 278
267 268
267 1452
268 1058
269 270
269 1202
270 468
271 272
271 454
272 232
273 274
273 297
274 1474
275 276
275 466
276 1512
277 278
277 725
278 917
279 280
279 1523
280 1473
281 282
281 324
282 504
283 284
283 695
284 1381
285 286
285 667
286 1362
287 288
287 1364
288 378
289 290
289 1519
290 876
291 292
291 687
292 1087
293 294
293 1557
294 1426
295 296
295 1532
296 1282
297 298
297 329
298 989
299 300
299 1054
300 566
301 302
301 1233
302 628
303 304
303 1220
304 600
305 306
305 1120
306 846
307 308
307 1141
308 885
309 310
309 575
310 888
311 312
311 332
312 1278
313 314
313 474
314 202
315 316
315 741
316 1348
317 318
317 1236
318 1194
319 320
319 845
320 810
321 322
321 447
322 772
323 324
323 1103
324 1539
325 326
325 1338
326 507
327 328
327 1221
328 944
329 330
329 1031
330 1354
331 332
331 1009
332 945
333 334
333 377
334 664
335 336
335 1153
336 164
337 338
337 1273
338 1373
339 340
339 373
340 818
341 50
341 342
342 160
343 344
343 729
344 1574
345 166
345 346
346 1600
347 348
347 1091
348 1570
349 350
349 808
350 720
351 352
351 1145
352 701
353 354
353 571
354 348
355 177
355 356
356 1550
357 358
357 1405
358 30
359 360
359 751
360 1477
361 362
361 1556
362 258
363 364
363 811
364 40
365 366
365 1115
366 974
367 368
367 1041
368 416
369 370
369 1288
370 1243
371 372
371 1565
372 903
373 374
373 1559
374 858
375 115
375 376
376 1044
377 378
377 1016
378 822
379 380
379 1418
380 104
381 382
381 1332
382 1423
383 384
383 577
384 884
385 386
385 1359
386 395
387 388
387 641
388 1184
389 327
389 390
390 306
391 392
391 733
392 1558
393 213
393 394
394 1472
395 141
395 396
396 1396
397 207
397 398
398 755
399 400
399 1143
400 176
401 402
401 495
402 211
403 404
403 417
404 1415
405 406
405 895
406 855
407 408
407 1509
408 1334
409 410
409 1109
410 86
411 412
411 1490
412 188
413 408
413 414
414 546
415 416
415 1215
416 850
417 418
417 643
418 1181
419 420
419 889
420 6
421 345
421 422
422 1224
423 424
423 715
424 452
425 426
425 461
426 1292
427 428
427 1173
428 362
429 430
429 880
430 871
431 194
431 432
432 514
433 434
433 901
434 399
435 387
435 436
436 698
437 61
437 438
438 23
439 440
439 812
440 127
441 442
441 827
442 611
443 444
443 1123
444 1028
445 433
445 446
446 883
447 77
447 448
448 979
449 450
449 750
450 1450
451 427
451 452
452 467
453 317
453 454
454 1385
455 456
455 1061
456 1410
457 458
457 1192
458 1397
459 165
459 460
460 1604
461 462
461 1037
462 828
463 464
463 757
464 233
465 466
465 1135
466 209
467 468
467 742
468 462
469 119
469 470
470 1592
471 472
471 925
472 1250
473 474
473 1439
474 1113
475 268
475 476
476 300
477 478
477 1401
478 1428
479 480
479 738
480 1080
481 482
481 1048
482 382
483 484
483 1494
484 938
485 486
485 1323
486 1370
487 488
487 1583
488 1116
489 490
489 529
490 1074
491 357
491 492
492 1384
493 237
493 494
494 1614
495 496
495 1462
496 206
497 498
497 1393
498 225
499 500
499 584
500 1540
501 502
501 786
502 564
503 504
503 1491
504 84
505 506
505 1237
506 356
507 151
507 508
508 826
509 498
509 510
510 1298
511 512
511 531
512 610
513 476
513 514
514 1340
515 516
515 1460
516 905
517 518
517 1047
518 844
519 365
519 520
520 918
521 522
521 1197
522 666
523 524
523 1572
524 444
525 526
525 958
526 754
527 429
527 528
528 985
529 242
529 530
530 1144
531 532
531 973
532 586
533 534
533 722
534 1060
535 536
535 1535
536 5
537 538
537 1049
538 941
539 538
539 540
540 824
541 521
541 542
542 1164
543 544
543 765
544 1398
545 546
545 1105
546 920
547 548
547 1378
548 248
549 550
549 692
550 567
551 425
551 552
552 107
553 554
553 1320
554 458
555 556
555 1126
556 937
557 558
557 1399
558 511
559 185
559 560
560 1277
561 562
561 1427
562 731
563 564
563 1280
564 1130
565 226
565 566
566 1564
567 562
567 568
568 612
569 570
569 942
570 794
571 404
571 572
572 1065
573 294
573 574
574 1084
575 159
575 576
576 992
577 578
577 805
578 374
579 398
579 580
580 558
581 7
581 582
582 1026
583 584
583 1275
584 1437
585 586
585 1445
586 1438
587 588
587 847
588 1312
589 590
589 821
590 898
591 592
591 743
592 964
593 594
593 775
594 136
595 325
595 596
596 1527
597 598
597 943
598 426
599 600
599 696
600 766
601 363
601 602
602 947
603 604
603 1193
604 449
605 606
605 1601
606 1538
607 608
607 833
608 544
609 610
609 1274
610 724
611 354
611 612
612 707
613 614
613 867
614 1212
615 549
615 616
616 1241
617 618
617 1204
618 878
619 493
619 620
620 219
621 622
621 1575
622 798
623 624
623 912
624 513
625 473
625 626
626 98
627 628
627 691
628 1408
629 630
629 865
630 414
631 595
631 632
632 781
633 634
633 1305
634 1492
635 45
635 636
636 1213
637 638
637 1544
638 987
639 640
639 1503
640 838
641 642
641 1064
642 718
643 644
643 977
644 89
645 646
645 1351
646 1051
647 245
647 648
648 598
649 650
649 1457
650 1195
651 652
651 960
652 360
653 265
653 654
654 261
655 656
655 951
656 326
657 287
657 658
658 640
659 660
659 983
660 866
661 662
661 916
662 1464
663 664
663 665
664 936
665 666
665 1306
666 6
667 668
667 762
668 1258
669 670
669 1209
670 285
671 672
671 835
672 1386
673 314
673 674
674 1102
675 676
675 1253
676 1081
677 480
677 678
678 1486
679 465
679 680
680 434
681 682
681 1379
682 349
683 647
683 684
684 478
685 686
685 1234
686 1166
687 371
687 688
688 18
689 690
689 1356
690 148
691 87
691 692
692 418
693 694
693 1121
694 1467
695 203
695 696
696 438
697 621
697 698
698 516
699 125
699 700
700 355
701 21
701 702
702 803
703 190
703 704
704 570
705 706
705 862
706 1520
707 708
707 1594
708 412
709 710
709 717
710 1003
711 712
711 799
712 978
713 499
713 714
714 563
715 716
715 832
716 975
717 78
717 718
718 542
719 720
719 1055
720 80
721 722
721 1612
722 1588
723 88
723 724
724 607
725 726
725 1589
726 540
727 109
727 728
728 361
729 609
729 730
730 1140
731 732
731 1536
732 494
733 734
733 914
734 1327
735 359
735 736
736 1178
737 149
737 738
738 1300
739 369
739 740
740 622
741 742
741 760
742 244
743 744
743 1470
744 1285
745 737
745 746
746 131
747 117
747 748
748 1035
749 702
749 750
750 1361
751 752
751 1083
752 736
753 443
753 754
754 897
755 389
755 756
756 795
757 758
757 1203
758 1531
759 760
759 967
760 1223
761 762
761 1225
762 1375
763 764
763 1094
764 1007
765 63
765 766
766 269
767 10
767 768
768 714
769 770
769 796
770 276
771 43
771 772
772 508
773 774
773 1201
774 841
775 111
775 776
776 1424
777 778
777 1261
778 180
779 780
779 823
780 532
781 782
781 971
782 1369
783 195
783 784
784 15
785 173
785 786
786 204
787 121
787 788
788 1101
789 790
789 1599
790 535
791 792
791 1025
792 186
793 794
793 1005
794 1124
795 69
795 796
796 230
797 798
797 988
798 1086
799 543
799 800
800 1329
801 802
801 924
802 919
803 804
803 1573
804 515
805 806
805 1189
806 322
807 808
807 923
808 1168
809 635
809 810
810 669
811 812
811 1191
812 172
813 723
813 814
814 282
815 776
815 816
816 642
817 818
817 839
818 353
819 820
819 1136
820 1160
821 822
821 1157
822 1106
823 489
823 824
824 510
825 517
825 826
826 428
827 828
827 879
828 732
829 830
829 1510
830 797
831 579
831 832
832 790
833 834
833 976
834 689
835 836
835 1108
836 304
837 528
837 838
838 175
839 386
839 840
840 1390
841 842
841 904
842 422
843 844
843 1179
844 1056
845 846
845 1475
846 1420
847 848
847 859
848 568
849 352
849 850
850 630
851 588
851 852
852 247
853 72
853 854
854 1484
855 29
855 856
856 806
857 849
857 858
858 101
859 485
859 860
860 672
861 862
861 1521
862 784
863 430
863 864
864 401
865 866
865 996
866 1448
867 183
867 868
868 1222
869 870
869 907
870 1110
871 82
871 872
872 591
873 637
873 874
874 246
875 223
875 876
876 1118
877 739
877 878
878 606
879 880
879 1151
880 1483
881 726
881 882
882 654
883 884
883 1174
884 1272
885 472
885 886
886 35
887 759
887 888
888 460
889 890
889 1451
890 243
891 486
891 892
892 604
893 894
893 1608
894 697
895 896
895 1476
896 721
897 898
897 955
898 299
899 900
899 1256
900 1196
901 259
901 902
902 900
903 904
903 1443
904 1416
905 580
905 906
906 868
907 275
907 908
908 110
909 601
909 910
910 986
911 912
911 1595
912 1353
913 914
913 1266
914 578
915 916
915 1297
916 1435
917 918
917 1252
918 1228
919 308
919 920
920 260
921 197
921 922
922 420
923 913
923 924
924 946
925 747
925 926
926 1162
927 391
927 928
928 1310
929 500
929 930
930 1198
931 932
931 1015
932 690
933 934
933 1468
934 364
935 936
935 1128
936 1232
937 93
937 938
938 1458
939 940
939 1240
940 200
941 942
941 1350
942 524
943 944
943 970
944 388
945 946
945 1603
946 1515
947 217
947 948
948 1554
949 469
949 950
950 65
951 911
951 952
952 1078
953 251
953 954
954 753
955 338
955 956
956 240
957 645
957 958
958 1289
959 497
959 960
960 73
961 962
961 1131
962 205
963 892
963 964
964 120
965 966
965 1524
966 1314
967 47
967 968
968 431
969 649
969 970
970 283
971 613
971 972
972 62
973 599
973 974
974 1459
975 952
975 976
976 105
977 978
977 1388
978 1002
979 980
979 1587
980 1186
981 157
981 982
982 663
983 553
983 984
984 712
985 650
985 986
986 250
987 502
987 988
988 1552
989 990
989 1238
990 1504
991 210
991 992
992 174
993 830
993 994
994 594
995 385
995 996
996 648
997 998
997 1596
998 1506
999 1000
999 1417
1000 1526
1001 1002
1001 1311
1002 982
1003 1004
1003 1125
1004 1036
1005 372
1005 1006
1006 255
1007 108
1007 1008
1008 1330
1009 263
1009 1010
1010 14
1011 413
1011 1012
1012 496
1013 310
1013 1014
1014 1581
1015 1016
1015 1580
1016 961
1017 351
1017 1018
1018 576
1019 132
1019 1020
1020 1023
1021 1022
1021 1411
1022 660
1023 178
1023 1024
1024 138
1025 627
1025 1026
1026 677
1027 525
1027 1028
1028 636
1029 1030
1029 1341
1030 684
1031 1032
1031 1063
1032 518
1033 267
1033 1034
1034 1077
1035 1036
1035 1075
1036 658
1037 292
1037 1038
1038 1465
1039 168
1039 1040
1040 156
1041 593
1041 1042
1042 238
1043 896
1043 1044
1044 1260
1045 1046
1045 1561
1046 400
1047 1048
1047 1239
1048 1403
1049 1050
1049 1068
1050 554
1051 894
1051 1052
1052 1177
1053 421
1053 1054
1054 71
1055 1029
1055 1056
1056 523
1057 1058
1057 1207
1058 881
1059 231
1059 1060
1060 778
1061 547
1061 1062
1062 1096
1063 999
1063 1064
1064 949
1065 1032
1065 1066
1066 939
1067 1068
1067 1281
1068 457
1069 559
1069 1070
1070 113
1071 1072
1071 1167
1072 1046
1073 1074
1073 1308
1074 1456
1075 639
1075 1076
1076 256
1077 284
1077 1078
1078 706
1079 366
1079 1080
1080 685
1081 1082
1081 1507
1082 522
1083 633
1083 1084
1084 1073
1085 1086
1085 1461
1086 1302
1087 773
1087 1088
1088 1267
1089 146
1089 1090
1090 993
1091 137
1091 1092
1092 1394
1093 659
1093 1094
1094 1568
1095 13
1095 1096
1096 1206
1097 1098
1097 1444
1098 1447
1099 957
1099 1100
1100 112
1101 123
1101 1102
1102 1255
1103 155
1103 1104
1104 1318
1105 963
1105 1106
1106 70
1107 1108
1107 1579
1108 848
1109 1110
1109 1119
1110 296
1111 869
1111 1112
1112 998
1113 83
1113 1114
1114 350
1115 181
1115 1116
1116 792
1117 1118
1117 1542
1118 764
1119 995
1119 1120
1120 1171
1121 309
1121 1122
1122 4
1123 1124
1123 1301
1124 984
1125 1126
1125 1482
1126 875
1127 340
1127 1128
1128 825
1129 908
1129 1130
1130 1114
1131 1132
1131 1133
1132 1547
1133 42
1133 1134
1134 436
1135 1136
1135 1609
1136 501
1137 25
1137 1138
1138 1344
1139 390
1139 1140
1140 1176
1141 1142
1141 1602
1142 142
1143 1144
1143 1216
1144 926
1145 519
1145 1146
1146 114
1147 861
1147 1148
1148 380
1149 556
1149 1150
1150 1218
1151 1152
1151 1489
1152 1155
1153 1107
1153 1154
1154 800
1155 1156
1155 1324
1156 899
1157 1158
1157 1363
1158 1537
1159 199
1159 1160
1160 1551
1161 150
1161 1162
1162 286
1163 1164
1163 1290
1164 592
1165 281
1165 1166
1166 1296
1167 1052
1167 1168
1168 688
1169 1170
1169 1562
1170 198
1171 1027
1171 1172
1172 1205
1173 1174
1173 1346
1174 68
1175 548
1175 1176
1176 1382
1177 1043
1177 1178
1178 334
1179 929
1179 1180
1180 323
1181 1154
1181 1182
1182 1138
1183 931
1183 1184
1184 728
1185 585
1185 1186
1186 1434
1187 147
1187 1188
1188 890
1189 1117
1189 1190
1190 704
1191 463
1191 1192
1192 28
1193 336
1193 1194
1194 819
1195 1196
1195 1432
1196 1392
1197 315
1197 1198
1198 1374
1199 54
1199 1200
1200 220
1201 135
1201 1202
1202 534
1203 439
1203 1204
1204 46
1205 483
1205 1206
1206 842
1207 837
1207 1208
1208 1463
1209 1210
1209 1597
1210 854
1211 673
1211 1212
1212 270
1213 153
1213 1214
1214 1286
1215 407
1215 1216
1216 769
1217 758
1217 1218
1218 154
1219 1220
1219 1466
1220 620
1221 411
1221 1222
1222 1270
1223 37
1223 1224
1224 44
1225 1226
1225 1591
1226 12
1227 1228
1227 1497
1228 1082
1229 719
1229 1230
1230 1328
1231 745
1231 1232
1232 1315
1233 1148
1233 1234
1234 92
1235 99
1235 1236
1236 1413
1237 459
1237 1238
1238 572
1239 464
1239 1240
1240 1406
1241 533
1241 1242
1242 1012
1243 1158
1243 1244
1244 922
1245 1246
1245 1402
1246 574
1247 1248
1247 1571
1248 262
1249 10
1249 1250
1250 935
1251 1252
1251 1279
1252 928
1253 555
1253 1254
1254 1042
1255 481
1255 1256
1256 344
1257 674
1257 1258
1258 1200
1259 1260
1259 1366
1260 814
1261 1262
1261 1352
1262 1431
1263 1019
1263 1264
1264 569
1265 60
1265 1266
1266 813
1267 415
1267 1268
1268 1242
1269 1270
1269 1307
1270 1161
1271 1190
1271 1272
1272 1013
1273 505
1273 1274
1274 1059
1275 927
1275 1276
1276 1372
1277 1278
1277 1567
1278 646
1279 651
1279 1280
1280 780
1281 537
1281 1282
1282 1180
1283 831
1283 1284
1284 358
1285 66
1285 1286
1286 768
1287 339
1287 1288
1288 293
1289 403
1289 1290
1290 1076
1291 1292
1291 1441
1292 1422
1293 85
1293 1294
1294 1156
1295 318
1295 1296
1296 972
1297 241
1297 1298
1298 770
1299 727
1299 1300
1300 1293
1301 539
1301 1302
1302 184
1303 31
1303 1304
1304 1337
1305 471
1305 1306
1306 1104
1307 893
1307 1308
1308 229
1309 807
1309 1310
1310 1100
1311 1312
1311 1500
1312 1152
1313 192
1313 1314
1314 1548
1315 1132
1315 1316
1316 1528
1317 305
1317 1318
1318 852
1319 1320
1319 1389
1320 139
1321 863
1321 1322
1322 312
1323 1324
1323 1455
1324 330
1325 74
1325 1326
1326 342
1327 392
1327 1328
1328 1092
1329 103
1329 1330
1330 484
1331 379
1331 1332
1332 853
1333 602
1333 1334
1334 1089
1335 1336
1335 1407
1336 1421
1337 597
1337 1338
1338 1409
1339 980
1339 1340
1340 682
1341 1088
1341 1342
1342 64
1343 1344
1343 1576
1344 1271
1345 1346
1345 1355
1346 1299
1347 1321
1347 1348
1348 1187
1349 48
1349 1350
1350 950
1351 52
1351 1352
1352 1245
1353 891
1353 1354
1354 39
1355 41
1355 1356
1356 906
1357 1214
1357 1358
1358 432
1359 557
1359 1360
1360 1606
1361 675
1361 1362
1362 1010
1363 1364
1363 1560
1364 509
1365 76
1365 1366
1366 1263
1367 551
1367 1368
1368 208
1369 1331
1369 1370
1370 303
1371 479
1371 1372
1372 1453
1373 343
1373 1374
1374 106
1375 341
1375 1376
1376 590
1377 1017
1377 1378
1378 1469
1379 273
1379 1380
1380 316
1381 676
1381 1382
1382 1326
1383 201
1383 1384
1384 1313
1385 752
1385 1386
1386 1150
1387 435
1387 1388
1388 632
1389 182
1389 1390
1390 236
1391 965
1391 1392
1392 170
1393 785
1393 1394
1394 1485
1395 1396
1395 1546
1396 216
1397 1188
1397 1398
1398 96
1399 1400
1399 1471
1400 530
1401 1183
1401 1402
1402 1414
1403 864
1403 1404
1404 24
1405 583
1405 1406
1406 440
1407 9
1407 1408
1408 1090
1409 1410
1409 1545
1410 1514
1411 221
1411 1412
1412 1304
1413 653
1413 1414
1414 313
1415 829
1415 1416
1416 634
1417 1418
1417 1577
1418 423
1419 1420
1419 1516
1420 1498
1421 384
1421 1422
1422 370
1423 1264
1423 1424
1424 475
1425 1303
1425 1426
1426 670
1427 581
1427 1428
1428 802
1429 789
1429 1430
1430 545
1431 97
1431 1432
1432 1159
1433 215
1433 1434
1434 1404
1435 761
1435 1436
1436 1430
1437 1122
1437 1438
1438 1244
1439 644
1439 1440
1440 1014
1441 1030
1441 1442
1442 129
1443 735
1443 1444
1444 1291
1445 851
1445 1446
1446 1011
1447 506
1447 1448
1448 1024
1449 1033
1449 1450
1450 668
1451 1452
1451 1501
1452 145
1453 1454
1453 1478
1454 140
1455 870
1455 1456
1456 56
1457 1458
1457 1541
1458 1440
1459 617
1459 1460
1460 686
1461 1249
1461 1462
1462 1146
1463 933
1463 1464
1464 1062
1465 75
1465 1466
1466 118
1467 1217
1467 1468
1468 1508
1469 337
1469 1470
1470 1211
1471 59
1471 1472
1472 1549
1473 1322
1473 1474
1474 128
1475 1476
1475 1590
1476 133
1477 526
1477 1478
1478 212
1479 683
1479 1480
1480 1349
1481 1137
1481 1482
1482 1433
1483 1247
1483 1484
1484 406
1485 940
1485 1486
1486 274
1487 307
1487 1488
1488 520
1489 320
1489 1490
1490 1001
1491 51
1491 1492
1492 703
1493 3
1493 1494
1494 442
1495 1335
1495 1496
1496 53
1497 91
1497 1498
1498 1380
1499 809
1499 1500
1500 699
1501 441
1501 1502
1502 1487
1503 1391
1503 1504
1504 624
1505 1506
1505 1513
1506 968
1507 1508
1507 1534
1508 402
1509 227
1509 1510
1510 451
1511 1512
1511 1555
1512 618
1513 1040
1513 1514
1514 582
1515 1516
1515 1530
1516 713
1517 1518
1517 1529
1518 623
1519 1317
1519 1520
1520 1454
1521 19
1521 1522
1522 1518
1523 787
1523 1524
1524 67
1525 1085
1525 1526
1526 700
1527 1170
1527 1528
1528 1112
1529 235
1529 1530
1530 1419
1531 295
1531 1532
1532 748
1533 694
1533 1534
1534 1208
1535 959
1535 1536
1536 1034
1537 490
1537 1538
1538 102
1539 1540
1539 1593
1540 1227
1541 331
1541 1542
1542 605
1543 873
1543 1544
1544 162
1545 1511
1545 1546
1546 346
1547 290
1547 1548
1548 1339
1549 143
1549 1550
1550 734
1551 1400
1551 1552
1552 882
1553 144
1553 1554
1554 657
1555 81
1555 1556
1556 991
1557 49
1557 1558
1558 1230
1559 311
1559 1560
1560 1569
1561 791
1561 1562
1562 264
1563 994
1563 1564
1564 740
1565 1235
1565 1566
1566 816
1567 1525
1567 1568
1568 616
1569 448
1569 1570
1570 815
1571 1572
1571 1605
1572 1257
1573 1071
1573 1574
1574 272
1575 134
1575 1576
1576 1502
1577 503
1577 1578
1578 34
1579 409
1579 1580
1580 857
1581 288
1581 1582
1582 990
1583 804
1583 1584
1584 512
1585 1185
1585 1586
1586 1098
1587 1347
1587 1588
1588 705
1589 1269
1589 1590
1590 1069
1591 749
1591 1592
1592 1522
1593 573
1593 1594
1594 1295
1595 1345
1595 1596
1596 1020
1597 1412
1597 1598
1598 1336
1599 1365
1599 1600
1600 661
1601 681
1601 1602
1602 116
1603 603
1603 1604
1604 187
1605 453
1605 1606
1606 763
1607 17
1607 1608
1608 1479
1609 1099
1609 1610
1610 152
1611 79
1611 1612
1612 189
1613 1543
1613 1614
1614 856
