0 79
0 321
3 108
3 1371
4 1156
4 1466
6 11
5 1404
7 93
7 1171
8 1184
8 1208
9 385
10 192
11 154
11 214
13 680
13 1038
15 153
15 729
17 645
17 1447
19 925
19 1107
21 267
21 910
23 24
23 567
24 634
25 26
25 1440
26 1315
27 28
27 898
28 426
29 30
29 718
30 1091
31 32
31 768
32 811
33 34
33 173
34 1151
35 36
35 1189
36 891
37 38
37 319
38 1138
39 40
39 559
40 866
41 42
41 886
42 756
43 44
43 878
44 496
45 46
45 855
46 230
47 48
47 90
48 1478
49 50
49 1455
50 469
51 52
51 877
52 1582
53 54
53 978
54 160
55 43
55 56
56 518
57 58
57 915
58 636
59 60
59 390
60 1352
61 62
61 1013
62 1441
63 64
63 1160
64 1127
65 66
65 1262
66 562
67 68
67 210
68 1054
69 70
69 1011
70 868
71 72
71 1295
72 737
73 74
73 972
74 1346
75 76
75 1306
76 1026
77 78
77 549
78 146
79 80
79 1055
80 130
81 82
81 1135
82 60
83 84
83 1181
84 1105
85 86
85 998
86 1210
87 88
87 1384
88 1324
89 90
89 1043
90 584
91 92
91 1366
92 86
93 94
93 583
94 155
95 96
95 1607
96 458
97 98
97 331
98 1555
99 100
99 454
100 388
101 102
101 557
102 217
103 104
103 1505
104 1614
105 106
105 1207
106 1101
107 87
107 108
108 977
109 110
109 954
110 1145
111 112
111 165
112 829
113 114
113 470
114 30
115 116
115 893
116 1486
117 118
117 1608
118 1479
119 120
119 854
120 418
121 122
121 646
122 216
123 124
123 1312
124 1052
125 126
125 279
126 399
127 128
127 1240
128 788
129 72
129 130
130 1045
131 132
131 965
132 862
133 4
133 134
134 818
135 136
135 263
136 1595
137 138
137 945
138 754
139 140
139 252
140 1216
141 142
141 815
142 1246
143 144
143 691
144 138
145 146
145 1245
146 344
147 148
147 431
148 995
149 150
149 714
150 1236
151 152
151 1457
152 830
153 154
153 930
154 1296
155 156
155 396
156 1058
157 158
157 1230
158 286
159 160
159 1454
160 1100
161 162
161 1561
162 1591
163 164
163 241
164 9
165 166
165 873
166 483
167 168
167 503
168 336
169 37
169 170
170 856
171 172
171 575
172 832
173 174
173 723
174 1231
175 176
175 243
176 150
177 178
177 437
178 67
179 96
179 180
180 394
181 182
181 525
182 1506
183 184
183 1251
184 332
185 47
185 186
186 1586
187 188
187 1525
188 1420
189 62
189 190
190 541
191 192
191 1593
192 911
193 194
193 1389
194 199
195 196
195 430
196 1514
197 198
197 327
198 912
199 200
199 355
200 946
201 202
201 1556
202 234
203 204
203 1170
204 1429
205 101
205 206
206 1331
207 208
207 409
208 486
209 17
209 210
210 1282
211 212
211 1491
212 923
213 214
213 1201
214 1180
215 216
215 1104
216 1176
217 218
217 565
218 1074
219 127
219 220
220 235
221 222
221 1390
222 76
223 224
223 771
224 597
225 226
225 1571
226 1342
227 228
227 1017
228 204
229 230
229 521
230 66
231 191
231 232
232 702
233 234
233 1073
234 716
235 236
235 980
236 290
237 238
237 672
238 1578
239 240
239 969
240 457
241 242
241 817
242 262
243 244
243 1235
244 821
245 246
245 1368
246 834
247 248
247 1367
248 193
249 250
249 1303
250 956
251 252
251 700
252 203
253 254
253 1252
254 278
255 256
255 1552
256 1360
257 258
257 705
258 1438
259 260
259 827
260 309
261 262
261 1477
262 422
263 264
263 1212
264 506
265 266
265 664
266 226
267 268
267 502
268 450
269 270
269 1090
270 949
271 272
271 1269
272 1573
273 175
273 274
274 876
275 276
275 1110
276 369
277 278
277 325
278 932
279 45
279 280
280 1470
281 282
281 613
282 53
283 284
283 835
284 1267
285 286
285 1499
286 1612
287 288
287 291
288 1576
289 141
289 290
290 1010
291 26
291 292
292 552
293 294
293 1266
294 466
295 296
295 1249
296 963
297 298
297 1173
298 364
299 300
299 845
300 943
301 302
301 1255
302 202
303 304
303 1227
304 582
305 306
305 539
306 1464
307 244
307 308
308 237
309 310
309 759
310 1076
311 312
311 1177
312 1103
313 314
313 463
314 1077
315 316
315 831
316 1254
317 283
317 318
318 1406
319 320
319 533
320 942
321 115
321 322
322 1041
323 251
323 324
324 643
325 326
325 509
326 292
327 328
327 1539
328 1068
329 58
329 330
330 1320
331 332
331 1319
332 1046
333 334
333 935
334 1493
335 336
335 703
336 1092
337 338
337 405
338 245
339 225
339 340
340 1398
341 15
341 342
342 1118
343 344
343 606
344 580
345 346
345 1581
346 574
347 348
347 452
348 780
349 350
349 919
350 635
351 352
351 1119
352 1583
353 211
353 354
354 860
355 356
355 885
356 348
357 358
357 1217
358 844
359 360
359 1588
360 12
361 362
361 1325
362 493
363 364
363 1395
364 902
365 19
365 366
366 938
367 368
367 741
368 1263
369 370
369 1276
370 1116
371 372
371 1273
372 63
373 374
373 677
374 696
375 376
375 685
376 5
377 378
377 1042
378 538
379 380
379 797
380 578
381 382
381 1473
382 1602
383 384
383 1563
384 16
385 386
385 491
386 530
387 388
387 429
388 389
389 390
389 871
390 750
391 392
391 1305
392 461
393 394
393 1034
394 1039
395 396
395 512
396 1392
397 398
397 743
398 740
399 400
399 1261
400 1362
401 402
401 1086
402 20
403 404
403 413
404 178
405 406
405 586
406 544
407 408
407 916
408 1460
409 410
409 676
410 890
411 105
411 412
412 783
413 345
413 414
414 38
415 416
415 804
416 1271
417 418
417 795
418 142
419 420
419 1543
420 1426
421 422
421 1370
422 616
423 424
423 1065
424 614
425 324
425 426
426 116
427 339
427 428
428 794
429 430
429 1059
430 148
431 432
431 438
432 624
433 434
433 699
434 889
435 436
435 1007
436 571
437 349
437 438
438 1417
439 97
439 440
440 801
441 215
441 442
442 46
443 444
443 1606
444 1416
445 446
445 1405
446 1490
447 448
447 1239
448 65
449 450
449 1513
450 1310
451 452
451 602
452 311
453 103
453 454
454 280
455 456
455 1270
456 446
457 458
457 761
458 721
459 460
459 785
460 1345
461 285
461 462
462 1329
463 464
463 1521
464 113
465 466
465 1323
466 1008
467 468
467 499
468 1005
469 470
469 722
470 1179
471 472
471 1130
472 504
473 158
473 474
474 1220
475 476
475 707
476 1084
477 478
477 773
478 304
479 480
479 1241
480 340
481 482
481 918
482 476
483 25
483 484
484 347
485 259
485 486
486 363
487 488
487 849
488 1314
489 136
489 490
490 719
491 492
491 967
492 1326
493 494
493 1596
494 895
495 496
495 1480
496 1020
497 223
497 498
498 564
499 98
499 500
500 104
501 502
501 1517
502 662
503 504
503 749
504 516
505 506
505 629
506 826
507 228
507 508
508 688
509 36
509 510
510 988
511 512
511 651
512 975
513 514
513 1353
514 419
515 516
515 1375
516 592
517 518
517 837
518 176
519 520
519 1540
520 1502
521 522
521 1601
522 1143
523 524
523 1113
524 250
525 526
525 1361
526 164
527 528
527 1023
528 329
529 305
529 530
530 973
531 532
531 1575
532 448
533 534
533 1027
534 1541
535 536
535 1472
536 735
537 538
537 1357
538 686
539 540
539 875
540 1148
541 368
541 542
542 603
543 544
543 1380
544 1284
545 546
545 1433
546 1250
547 7
547 548
548 1508
549 550
549 803
550 554
551 300
551 552
552 236
553 554
553 1141
554 519
555 556
555 1169
556 372
557 515
557 558
558 366
559 560
559 1297
560 806
561 562
561 598
562 70
563 564
563 1050
564 1196
565 170
565 566
566 1102
567 568
567 1577
568 468
569 570
569 1468
570 222
571 107
571 572
572 704
573 574
573 933
574 632
575 576
575 1553
576 1144
577 335
577 578
578 908
579 580
579 1333
580 1520
581 582
581 1064
582 487
583 584
583 820
584 387
585 238
585 586
586 1024
587 315
587 588
588 1538
589 27
589 590
590 596
591 592
591 1330
592 120
593 407
593 594
594 310
595 596
595 732
596 92
597 598
597 657
598 962
599 600
599 964
600 800
601 602
601 1182
602 484
603 400
603 604
604 1000
605 606
605 1547
606 301
607 608
607 1109
608 1442
609 610
609 1081
610 481
611 612
611 1385
612 1131
613 614
613 679
614 610
615 616
615 1484
616 1378
617 618
617 1001
618 1509
619 620
619 660
620 1512
621 622
621 1443
622 1152
623 624
623 1029
624 625
625 626
625 1500
626 1117
627 573
627 628
628 1226
629 630
629 1099
630 951
631 632
631 1589
632 917
633 634
633 1519
634 91
635 636
635 798
636 927
637 638
637 1590
638 540
639 640
639 1402
640 106
641 642
641 701
642 1229
643 644
643 953
644 1300
645 273
645 646
646 808
647 631
647 648
648 1450
649 435
649 650
650 414
651 83
651 652
652 993
653 654
653 981
654 22
655 379
655 656
656 75
657 471
657 658
658 1496
659 529
659 660
660 667
661 662
661 1393
662 510
663 664
663 1283
664 166
665 666
665 710
666 684
667 668
667 920
668 727
669 497
669 670
670 1599
671 392
671 672
672 1453
673 314
673 674
674 1122
675 229
675 676
676 1093
677 269
677 678
678 514
679 680
679 1215
680 807
681 682
681 731
682 536
683 684
683 1164
684 1584
685 686
685 900
686 398
687 647
687 688
688 1498
689 690
689 745
690 134
691 207
691 692
692 971
693 694
693 894
694 594
695 341
695 696
696 137
697 353
697 698
698 1434
699 381
699 700
700 1347
701 447
701 702
702 1278
703 704
703 991
704 114
705 231
705 706
706 1459
707 708
707 1129
708 934
709 710
709 1286
710 1423
711 712
711 1031
712 1172
713 642
713 714
714 1012
715 716
715 1147
716 1003
717 718
717 961
718 1568
719 535
719 720
720 1304
721 50
721 722
722 1580
723 617
723 724
724 410
725 523
725 726
726 1318
727 728
727 1551
728 970
729 532
729 730
730 1598
731 732
731 1281
732 985
733 734
733 1030
734 1259
735 550
735 736
736 40
737 738
737 1427
738 1351
739 163
739 740
740 242
741 393
741 742
742 249
743 744
743 1510
744 1494
745 746
745 1191
746 88
747 748
747 1089
748 649
749 205
749 750
750 867
751 752
751 1400
752 24
753 754
753 1600
754 1051
755 21
755 756
756 1256
757 177
757 758
758 490
759 208
759 760
760 994
761 162
761 762
762 960
763 764
763 1120
764 1462
765 752
765 766
766 56
767 579
767 768
768 1497
769 333
769 770
770 480
771 661
771 772
772 1006
773 653
773 774
774 196
775 776
775 1408
776 312
777 778
777 1087
778 561
779 780
779 989
780 6
781 782
781 1224
782 1327
783 425
783 784
784 733
785 786
785 1063
786 1124
787 788
787 1233
788 589
789 790
789 1242
790 1188
791 681
791 792
792 1292
793 2
793 794
794 628
795 796
795 1507
796 232
797 798
797 869
798 1149
799 524
799 800
800 570
801 109
801 802
802 711
803 477
803 804
804 180
805 189
805 806
806 654
807 808
807 1294
808 408
809 810
809 922
810 1344
811 812
811 1530
812 356
813 814
813 1183
814 227
815 659
815 816
816 1430
817 272
817 818
818 1321
819 511
819 820
820 257
821 611
821 822
822 479
823 420
823 824
824 1511
825 826
825 859
826 776
827 828
827 921
828 1128
829 522
829 830
830 774
831 832
831 1446
832 888
833 720
833 834
834 1334
835 836
835 947
836 670
837 374
837 838
838 1150
839 747
839 840
840 644
841 842
841 1290
842 678
843 844
843 1382
844 1456
845 500
845 846
846 765
847 359
847 848
848 1142
849 850
849 1047
850 736
851 149
851 852
852 986
853 738
853 854
854 1359
855 814
855 856
856 824
857 858
857 1225
858 944
859 860
859 1085
860 689
861 456
861 862
862 858
863 864
863 1243
864 212
865 866
865 1066
866 996
867 868
867 1187
868 1364
869 411
869 870
870 1272
871 712
871 872
872 851
873 39
873 874
874 663
875 876
875 1133
876 543
877 209
877 878
878 1028
879 880
879 1275
880 952
881 882
881 1592
882 1335
883 884
883 1197
884 1372
885 886
885 1587
886 1414
887 465
887 888
888 1016
889 890
889 1451
890 948
891 197
891 892
892 218
893 303
893 894
894 1253
895 896
895 1222
896 766
897 898
897 1125
898 224
899 276
899 900
900 1516
901 453
901 902
902 443
903 751
903 904
904 1082
905 906
905 1383
906 489
907 908
907 1033
908 1562
909 910
909 1411
910 987
911 912
911 1157
912 569
913 412
913 914
914 887
915 916
915 1199
916 999
917 367
917 918
918 274
919 920
919 1379
920 777
921 922
921 1025
922 638
923 924
923 1425
924 1565
925 182
925 926
926 44
927 415
927 928
928 362
929 930
929 1021
930 1489
931 932
931 1165
932 1209
933 934
933 1307
934 607
935 675
935 936
936 478
937 401
937 938
938 54
939 354
939 940
940 605
941 612
941 942
942 1316
943 944
943 1373
944 1132
945 34
945 946
946 124
947 940
947 948
948 755
949 950
949 1019
950 534
951 599
951 952
952 979
953 954
953 982
954 1153
955 287
955 956
956 1036
957 171
957 958
958 233
959 790
959 960
960 488
961 239
961 962
962 1198
963 906
963 964
964 1495
965 966
965 1391
966 1221
967 531
967 968
968 1560
969 619
969 970
970 6
971 183
971 972
972 955
973 455
973 974
974 377
975 9
975 976
976 1260
977 978
977 1381
978 792
979 666
979 980
980 449
981 555
981 982
982 1244
983 984
983 1098
984 306
985 986
985 1018
986 358
987 988
987 1548
988 100
989 383
989 990
990 1570
991 275
991 992
992 742
993 892
993 994
994 796
995 658
995 996
996 1419
997 897
997 998
998 857
999 683
999 1000
1000 812
1001 931
1001 1002
1002 698
1003 1004
1003 1279
1004 1218
1005 621
1005 1006
1006 884
1007 1008
1007 1467
1008 726
1009 1010
1009 1559
1010 380
1011 527
1011 1012
1012 1088
1013 131
1013 1014
1014 566
1015 1016
1015 1057
1016 264
1017 1018
1017 1200
1018 188
1019 297
1019 1020
1020 1431
1021 284
1021 1022
1022 1134
1023 1024
1023 1522
1024 924
1025 717
1025 1026
1026 1444
1027 436
1027 1028
1028 1161
1029 853
1029 1030
1030 157
1031 1032
1031 1313
1032 842
1033 1034
1033 1604
1034 881
1035 1036
1035 1421
1036 320
1037 1038
1037 1237
1038 568
1039 1040
1039 1394
1040 1535
1041 1042
1041 1193
1042 424
1043 1044
1043 1069
1044 984
1045 1046
1045 1280
1046 428
1047 1048
1047 1534
1048 1247
1049 1050
1049 1355
1050 382
1051 102
1051 1052
1052 168
1053 1054
1053 1449
1054 526
1055 883
1055 1056
1056 823
1057 1058
1057 1178
1058 1291
1059 913
1059 1060
1060 734
1061 270
1061 1062
1062 762
1063 161
1063 1064
1064 1377
1065 626
1065 1066
1066 652
1067 240
1067 1068
1068 1396
1069 655
1069 1070
1070 378
1071 958
1071 1072
1072 992
1073 787
1073 1074
1074 451
1075 35
1075 1076
1076 94
1077 110
1077 1078
1078 8
1079 909
1079 1080
1080 1048
1081 665
1081 1082
1082 1002
1083 1084
1083 1388
1084 764
1085 1086
1085 1265
1086 261
1087 1088
1087 1579
1088 674
1089 350
1089 1090
1090 775
1091 1092
1091 1298
1092 140
1093 365
1093 1094
1094 74
1095 548
1095 1096
1096 1611
1097 813
1097 1098
1098 1413
1099 1100
1099 1605
1100 122
1101 190
1101 1102
1102 1544
1103 1104
1103 1238
1104 810
1105 395
1105 1106
1106 78
1107 786
1107 1108
1108 1061
1109 439
1109 1110
1110 1274
1111 357
1111 1112
1112 495
1113 1114
1113 1195
1114 620
1115 1116
1115 1481
1116 1410
1117 1078
1117 1118
1118 1328
1119 23
1119 1120
1120 1476
1121 1122
1121 1504
1122 376
1123 1124
1123 1337
1124 633
1125 1126
1125 1258
1126 1137
1127 494
1127 1128
1128 1524
1129 289
1129 1130
1130 1112
1131 695
1131 1132
1132 294
1133 757
1133 1134
1134 1354
1135 513
1135 1136
1136 128
1137 31
1137 1138
1138 172
1139 1140
1139 1341
1140 1432
1141 769
1141 1142
1142 200
1143 1144
1143 1526
1144 682
1145 187
1145 1146
1146 132
1147 1148
1147 1287
1148 778
1149 1150
1149 1202
1150 870
1151 342
1151 1152
1152 706
1153 1154
1153 1531
1154 637
1155 1049
1155 1156
1156 753
1157 434
1157 1158
1158 600
1159 1160
1159 1232
1160 5
1161 784
1161 1162
1162 152
1163 864
1163 1164
1164 1452
1165 71
1165 1166
1166 1465
1167 334
1167 1168
1168 781
1169 1170
1169 1213
1170 3
1171 1172
1171 1308
1172 656
1173 882
1173 1174
1174 1014
1175 1176
1175 1186
1176 852
1177 255
1177 1178
1178 622
1179 28
1179 1180
1180 64
1181 51
1181 1182
1182 445
1183 1184
1183 1515
1184 692
1185 403
1185 1186
1186 42
1187 118
1187 1188
1188 590
1189 1126
1189 1190
1190 59
1191 126
1191 1192
1192 1194
1193 739
1193 1194
1194 1015
1195 361
1195 1196
1196 517
1197 213
1197 1198
1198 1409
1199 143
1199 1200
1200 307
1201 905
1201 1202
1202 459
1203 1204
1203 1437
1204 728
1205 386
1205 1206
1206 615
1207 95
1207 1208
1208 352
1209 1210
1209 1492
1210 1340
1211 1212
1211 1349
1212 169
1213 1214
1213 1293
1214 1035
1215 1216
1215 1219
1216 472
1217 1218
1217 1288
1218 186
1219 1220
1219 1463
1220 1501
1221 1222
1221 1474
1222 1114
1223 151
1223 1224
1224 1009
1225 1226
1225 1285
1226 474
1227 181
1227 1228
1228 899
1229 1230
1229 1407
1230 990
1231 1211
1231 1232
1232 1136
1233 167
1233 1234
1234 346
1235 247
1235 1236
1236 1106
1237 1238
1237 1369
1238 256
1239 1123
1239 1240
1240 373
1241 84
1241 1242
1242 220
1243 725
1243 1244
1244 623
1245 1080
1245 1246
1246 14
1247 648
1247 1248
1248 789
1249 914
1249 1250
1250 640
1251 822
1251 1252
1252 464
1253 591
1253 1254
1254 528
1255 1256
1255 1597
1256 1572
1257 547
1257 1258
1258 1488
1259 421
1259 1260
1260 604
1261 1083
1261 1262
1262 1554
1263 1264
1263 1302
1264 444
1265 460
1265 1266
1266 650
1267 805
1267 1268
1268 974
1269 936
1269 1270
1270 1139
1271 1022
1271 1272
1272 482
1273 139
1273 1274
1274 1529
1275 174
1275 1276
1276 1594
1277 668
1277 1278
1278 1418
1279 117
1279 1280
1280 1332
1281 313
1281 1282
1282 1503
1283 1284
1283 1609
1284 1356
1285 1286
1285 1523
1286 322
1287 697
1287 1288
1288 1439
1289 185
1289 1290
1290 1358
1291 520
1291 1292
1292 1458
1293 1097
1293 1294
1294 763
1295 371
1295 1296
1296 838
1297 639
1297 1298
1298 156
1299 840
1299 1300
1300 939
1301 423
1301 1302
1302 1550
1303 29
1303 1304
1304 1566
1305 581
1305 1306
1306 1435
1307 323
1307 1308
1308 194
1309 1310
1309 1518
1310 246
1311 802
1311 1312
1312 746
1313 317
1313 1314
1314 1
1315 41
1315 1316
1316 198
1317 111
1317 1318
1318 572
1319 767
1319 1320
1320 560
1321 1060
1321 1322
1322 328
1323 1324
1323 1613
1324 1040
1325 553
1325 1326
1326 950
1327 144
1327 1328
1328 370
1329 1228
1329 1330
1330 1386
1331 179
1331 1332
1332 1363
1333 505
1333 1334
1334 896
1335 1336
1335 1549
1336 121
1337 673
1337 1338
1338 48
1339 839
1339 1340
1340 558
1341 1342
1341 1546
1342 1168
1343 467
1343 1344
1344 770
1345 85
1345 1346
1346 694
1347 1185
1347 1348
1348 268
1349 1155
1349 1350
1350 498
1351 779
1351 1352
1352 1248
1353 1214
1353 1354
1354 1365
1355 1356
1355 1557
1356 442
1357 55
1357 1358
1358 248
1359 937
1359 1360
1360 397
1361 475
1361 1362
1362 296
1363 337
1363 1364
1364 772
1365 588
1365 1366
1366 406
1367 1339
1367 1368
1368 833
1369 1067
1369 1370
1370 872
1371 903
1371 1372
1372 928
1373 816
1373 1374
1374 326
1375 1289
1375 1376
1376 1448
1377 601
1377 1378
1378 926
1379 863
1379 1380
1380 1397
1381 1382
1381 1569
1382 760
1383 1384
1383 1487
1384 1483
1385 1386
1385 1401
1386 1044
1387 687
1387 1388
1388 147
1389 1299
1389 1390
1390 293
1391 1163
1391 1392
1392 282
1393 68
1393 1394
1394 809
1395 841
1395 1396
1396 1004
1397 730
1397 1398
1398 288
1399 713
1399 1400
1400 825
1401 671
1401 1402
1402 404
1403 1115
1403 1404
1404 576
1405 501
1405 1406
1406 1070
1407 1408
1407 1537
1408 302
1409 1410
1409 1461
1410 551
1411 907
1411 1412
1412 1348
1413 119
1413 1414
1414 1424
1415 201
1415 1416
1416 744
1417 440
1417 1418
1418 330
1419 298
1419 1420
1420 976
1421 1403
1421 1422
1422 145
1423 112
1423 1424
1424 133
1425 609
1425 1426
1426 1610
1427 391
1427 1428
1428 343
1429 32
1429 1430
1430 123
1431 1322
1431 1432
1432 1094
1433 709
1433 1434
1434 1096
1435 1190
1435 1436
1436 1192
1437 1257
1437 1438
1438 57
1439 1056
1439 1440
1440 793
1441 593
1441 1442
1442 1485
1443 507
1443 1444
1444 1062
1445 485
1445 1446
1446 135
1447 748
1447 1448
1448 1574
1449 577
1449 1450
1450 10
1451 836
1451 1452
1452 1205
1453 1454
1453 1471
1454 1532
1455 271
1455 1456
1456 848
1457 1203
1457 1458
1458 1542
1459 473
1459 1460
1460 360
1461 563
1461 1462
1462 799
1463 545
1463 1464
1464 1032
1465 929
1465 1466
1466 80
1467 1079
1467 1468
1468 184
1469 1223
1469 1470
1470 13
1471 277
1471 1472
1472 1338
1473 997
1473 1474
1474 959
1475 627
1475 1476
1476 608
1477 10
1477 1478
1478 880
1479 843
1479 1480
1480 316
1481 1387
1481 1482
1482 417
1483 1234
1483 1484
1484 73
1485 782
1485 1486
1486 1536
1487 1488
1487 1603
1488 89
1489 1268
1489 1490
1490 1436
1491 260
1491 1492
1492 221
1493 219
1493 1494
1494 966
1495 1154
1495 1496
1496 1162
1497 129
1497 1498
1498 758
1499 618
1499 1500
1500 1415
1501 318
1501 1502
1502 1558
1503 308
1503 1504
1504 1159
1505 33
1505 1506
1506 1399
1507 99
1507 1508
1508 542
1509 537
1509 1510
1510 441
1511 1512
1511 1585
1512 1174
1513 1121
1513 1514
1514 1175
1515 1445
1515 1516
1516 69
1517 258
1517 1518
1518 375
1519 1376
1519 1520
1520 828
1521 1522
1521 1533
1522 724
1523 641
1523 1524
1524 1146
1525 295
1525 1526
1526 1422
1527 791
1527 1528
1528 1075
1529 587
1529 1530
1530 1309
1531 1311
1531 1532
1532 595
1533 1528
1533 1534
1534 1301
1535 690
1535 1536
1536 254
1537 1071
1537 1538
1538 1374
1539 351
1539 1540
1540 195
1541 402
1541 1542
1542 1158
1543 265
1543 1544
1544 1412
1545 1475
1545 1546
1546 1482
1547 1317
1547 1548
1548 1095
1549 546
1549 1550
1550 1111
1551 266
1551 1552
1552 968
1553 819
1553 1554
1554 630
1555 983
1555 1556
1556 1108
1557 1527
1557 1558
1558 1336
1559 865
1559 1560
1560 338
1561 901
1561 1562
1562 846
1563 81
1563 1564
1564 82
1565 1277
1565 1566
1566 556
1567 874
1567 1568
1568 1166
1569 904
1569 1570
1570 427
1571 715
1571 1572
1572 850
1573 462
1573 1574
1574 492
1575 1343
1575 1576
1576 847
1577 585
1577 1578
1578 1428
1579 879
1579 1580
1580 1167
1581 708
1581 1582
1582 1350
1583 1567
1583 1584
1584 384
1585 416
1585 1586
1586 1140
1587 669
1587 1588
1588 159
1589 1037
1589 1590
1590 508
1591 1053
1591 1592
1592 125
1593 77
1593 1594
1594 432
1595 693
1595 1596
1596 1264
1597 49
1597 1598
1598 1206
1599 206
1599 1600
1600 1564
1601 433
1601 1602
1602 52
1603 1469
1603 1604
1604 18
1605 957
1605 1606
1606 861
1607 1545
1607 1608
1608 1072
1609 299
1609 1610
1610 941
1611 1204
1611 1612
1612 253
1613 281
1613 1614
1614 61
