0 523
0 1377
3 562
3 1333
4 635
4 795
6 1106
5 1194
7 10
7 859
8 1089
8 1289
10 718
9 329
11 1026
11 1102
13 933
13 1016
15 764
15 1607
17 685
17 1294
19 300
19 481
21 338
21 672
23 24
23 1015
24 924
25 26
25 138
26 185
27 28
27 1401
28 408
29 30
29 305
30 16
31 32
31 207
32 662
33 34
33 1295
34 1612
35 36
35 920
36 1578
37 38
37 229
38 439
39 40
39 602
40 1521
41 42
41 1321
42 231
43 44
43 1459
44 633
45 46
45 59
46 1220
47 48
47 444
48 208
49 50
49 762
50 1492
51 52
51 1169
52 1442
53 54
53 165
54 442
55 56
55 1243
56 776
57 58
57 669
58 150
59 60
59 918
60 666
61 62
61 1221
62 1285
63 64
63 423
64 1092
65 66
65 1254
66 883
67 68
67 311
68 1079
69 70
69 1172
70 620
71 72
71 768
72 21
73 74
73 1347
74 1601
75 76
75 467
76 1097
77 78
77 116
78 395
79 80
79 631
80 1392
81 82
81 1048
82 58
83 84
83 636
84 253
85 86
85 1173
86 1156
87 88
87 1519
88 215
89 90
89 557
90 6
91 92
91 153
92 1046
93 94
93 1262
94 430
95 96
95 1419
96 454
97 98
97 675
98 27
99 100
99 1268
100 1111
101 102
101 533
102 1380
103 104
103 486
104 18
105 106
105 759
106 885
107 108
107 479
108 1546
109 110
109 1019
110 1236
111 112
111 403
112 1397
113 114
113 735
114 942
115 116
115 489
116 1449
117 118
117 1329
118 142
119 120
119 971
120 1415
121 122
121 1497
122 280
123 124
123 181
124 586
125 126
125 1461
126 134
127 128
127 1422
128 615
129 130
129 531
130 389
131 132
131 1159
132 404
133 134
133 921
134 564
135 136
135 987
136 878
137 138
137 421
138 1297
139 140
139 1495
140 1585
141 142
141 1609
142 1388
143 144
143 889
144 1558
145 146
145 641
146 1504
147 148
147 1058
148 1384
149 150
149 917
150 1224
151 152
151 1238
152 188
153 121
153 154
154 1207
155 23
155 156
156 801
157 158
157 1475
158 782
159 160
159 1163
160 1269
161 162
161 495
162 1068
163 164
163 356
164 128
165 166
165 871
166 176
167 168
167 797
168 200
169 170
169 1603
170 241
171 172
171 459
172 1119
173 174
173 1370
174 742
175 176
175 391
176 82
177 178
177 438
178 308
179 180
179 1215
180 969
181 182
181 1529
182 754
183 184
183 258
184 1544
185 186
185 841
186 1372
187 188
187 203
188 1600
189 190
189 518
190 1476
191 192
191 1007
192 124
193 194
193 1065
194 175
195 196
195 598
196 366
197 141
197 198
198 499
199 200
199 1522
200 1448
201 202
201 723
202 806
203 204
203 296
204 1509
205 206
205 1511
206 343
207 208
207 816
208 184
209 210
209 926
210 360
211 212
211 1555
212 1201
213 214
213 537
214 753
215 216
215 783
216 364
217 218
217 1543
218 26
219 220
219 1134
220 292
221 204
221 222
222 186
223 224
223 235
224 73
225 226
225 1017
226 898
227 228
227 1418
228 458
229 230
229 1261
230 834
231 232
231 808
232 1463
233 234
233 295
234 17
235 236
235 539
236 844
237 238
237 361
238 1368
239 240
239 1316
240 246
241 242
241 291
242 1245
243 244
243 1014
244 1158
245 246
245 1257
246 1142
247 248
247 561
248 815
249 250
249 985
250 1259
251 192
251 252
252 614
253 254
253 372
254 1290
255 256
255 761
256 1381
257 258
257 1559
258 995
259 260
259 1171
260 546
261 262
261 1108
262 680
263 264
263 875
264 418
265 266
265 1281
266 1160
267 81
267 268
268 996
269 270
269 1196
270 667
271 74
271 272
272 1330
273 274
273 1498
274 56
275 276
275 325
276 656
277 155
277 278
278 684
279 280
279 1188
280 1593
281 282
281 302
282 1526
283 284
283 975
284 244
285 286
285 340
286 1416
287 288
287 1264
288 490
289 290
289 927
290 429
291 205
291 292
292 1430
293 294
293 832
294 1441
295 296
295 1563
296 1591
297 298
297 420
298 1182
299 30
299 300
300 427
301 302
301 1378
302 1165
303 161
303 304
304 760
305 306
305 1272
306 1124
307 308
307 639
308 1074
309 310
309 949
310 31
311 223
311 312
312 500
313 256
313 314
314 1166
315 316
315 516
316 1051
317 318
317 337
318 901
319 309
319 320
320 433
321 322
321 1580
322 784
323 324
323 1175
324 757
325 326
325 1393
326 47
327 201
327 328
328 1035
329 330
329 541
330 655
331 332
331 1362
332 1286
333 334
333 1523
334 440
335 336
335 1500
336 1481
337 338
337 852
338 638
339 340
339 1589
340 824
341 342
341 530
342 239
343 344
343 683
344 434
345 346
345 464
346 484
347 348
347 849
348 1395
349 301
349 350
350 1131
351 352
351 412
352 897
353 354
353 1284
354 1122
355 263
355 356
356 640
357 358
357 623
358 1366
359 360
359 1583
360 278
361 251
361 362
362 191
363 364
363 552
364 1610
365 366
365 1426
366 772
367 139
367 368
368 44
369 370
369 1139
370 676
371 372
371 1565
372 970
373 374
373 733
374 1602
375 376
375 1301
376 869
377 378
377 1435
378 1465
379 380
379 1001
380 1414
381 382
381 730
382 1226
383 384
383 895
384 728
385 386
385 1027
386 374
387 273
387 388
388 890
389 390
389 1302
390 570
391 114
391 392
392 872
393 394
393 1072
394 1094
395 349
395 396
396 896
397 41
397 398
398 466
399 400
399 661
400 5
401 402
401 1545
402 237
403 404
403 449
404 805
405 406
405 1135
406 1090
407 408
407 847
408 1512
409 410
409 1433
410 629
411 412
411 1251
412 813
413 117
413 414
414 1551
415 416
415 769
416 1263
417 418
417 1553
418 1573
419 420
419 707
420 814
421 422
421 437
422 740
423 424
423 575
424 380
425 159
425 426
426 1462
427 428
427 1348
428 934
429 9
429 430
430 744
431 227
431 432
432 1594
433 434
433 456
434 66
435 261
435 436
436 1410
437 97
437 438
438 1126
439 440
439 1205
440 828
441 149
441 442
442 837
443 444
443 1133
444 470
445 446
445 1453
446 1587
447 448
447 1590
448 910
449 123
449 450
450 77
451 216
451 452
452 36
453 454
453 998
454 1170
455 456
455 1167
456 1548
457 458
457 771
458 1138
459 413
459 460
460 46
461 243
461 462
462 84
463 464
463 1067
464 1271
465 466
465 887
466 1527
467 468
467 907
468 9
469 470
469 1536
470 1202
471 472
471 1446
472 190
473 4
473 474
474 1228
475 476
475 906
476 990
477 478
477 993
478 152
479 480
479 703
480 628
481 482
481 1144
482 1568
483 113
483 484
484 1312
485 486
485 1060
486 154
487 488
487 809
488 14
489 490
489 543
490 350
491 492
491 1149
492 758
493 494
493 1250
494 766
495 496
495 1423
496 1574
497 498
497 1457
498 1120
499 283
499 500
500 1225
501 502
501 1229
502 622
503 504
503 1203
504 603
505 131
505 506
506 1103
507 508
507 1470
508 982
509 144
509 510
510 1538
511 75
511 512
512 1080
513 514
513 1473
514 1123
515 516
515 1128
516 1560
517 202
517 518
518 373
519 520
519 1460
520 1099
521 522
521 932
522 591
523 524
523 807
524 571
525 526
525 988
526 698
527 528
527 793
528 234
529 530
529 1359
530 645
531 347
531 532
532 32
533 534
533 1117
534 1218
535 288
535 536
536 1510
537 538
537 1187
538 358
539 540
539 1005
540 954
541 542
541 1177
542 1436
543 544
543 579
544 1325
545 546
545 697
546 1278
547 475
547 548
548 1104
549 550
549 802
550 1576
551 111
551 552
552 1107
553 554
553 1341
554 842
555 556
555 1499
556 91
557 558
557 642
558 619
559 174
559 560
560 2
561 562
561 1447
562 577
563 564
563 1195
564 69
565 566
565 873
566 989
567 387
567 568
568 284
569 312
569 570
570 1021
571 63
571 572
572 559
573 99
573 574
574 1530
575 51
575 576
576 179
577 365
577 578
578 12
579 265
579 580
580 867
581 582
581 649
582 1
583 584
583 1314
584 654
585 586
585 725
586 25
587 453
587 588
588 1168
589 369
589 590
590 1010
591 592
591 599
592 461
593 594
593 1339
594 1191
595 285
595 596
596 1567
597 598
597 1305
598 170
599 271
599 600
600 1440
601 602
601 1379
602 447
603 101
603 604
604 956
605 606
605 611
606 71
607 608
607 948
608 178
609 573
609 610
610 716
611 307
611 612
612 240
613 614
613 791
614 554
615 616
615 1597
616 961
617 618
617 983
618 230
619 620
619 822
620 1332
621 622
621 710
622 54
623 342
623 624
624 1288
625 86
625 626
626 1549
627 550
627 628
628 946
629 630
629 786
630 904
631 519
631 632
632 405
633 634
633 653
634 1517
635 92
635 636
636 1424
637 617
637 638
638 1248
639 416
639 640
640 126
641 276
641 642
642 1162
643 199
643 644
644 862
645 646
645 1192
646 146
647 648
647 804
648 448
649 650
649 739
650 1008
651 652
651 687
652 1052
653 654
653 1296
654 732
655 656
655 964
656 957
657 658
657 1420
658 1376
659 385
659 660
660 326
661 662
661 1212
662 658
663 664
663 737
664 952
665 666
665 1503
666 746
667 610
667 668
668 1496
669 55
669 670
670 843
671 672
671 1276
672 794
673 674
673 1293
674 861
675 676
675 839
676 748
677 678
677 1572
678 955
679 680
679 1427
680 936
681 604
681 682
682 660
683 590
683 684
684 756
685 686
685 1140
686 324
687 688
687 765
688 1308
689 690
689 1011
690 197
691 692
691 741
692 1451
693 694
693 1479
694 182
695 696
695 1283
696 209
697 547
697 698
698 1562
699 700
699 1045
700 693
701 120
701 702
702 469
703 503
703 704
704 115
705 706
705 1554
706 1235
707 708
707 1148
708 260
709 710
709 1547
710 643
711 545
711 712
712 1239
713 505
713 714
714 431
715 716
715 911
716 1540
717 147
717 718
718 435
719 720
719 1324
720 1431
721 462
721 722
722 1292
723 724
723 1454
724 70
725 726
725 937
726 482
727 728
727 1310
728 1354
729 386
729 730
730 1382
731 224
731 732
732 671
733 734
733 1371
734 52
735 594
735 736
736 451
737 738
737 1353
738 133
739 740
739 1028
740 1584
741 701
741 742
742 627
743 247
743 744
744 1036
745 473
745 746
746 1429
747 682
747 748
748 870
749 281
749 750
750 1214
751 15
751 752
752 306
753 754
753 827
754 410
755 721
755 756
756 1450
757 758
757 1350
758 24
759 402
759 760
760 477
761 762
761 1336
762 474
763 376
763 764
764 1154
765 766
765 1265
766 1129
767 768
767 1216
768 1391
769 259
769 770
770 544
771 772
771 1569
772 22
773 774
773 1004
774 830
775 597
775 776
776 72
777 595
777 778
778 743
779 609
779 780
780 382
781 782
781 1507
782 1468
783 110
783 784
784 1208
785 786
785 1367
786 958
787 125
787 788
788 1234
789 790
789 1337
790 334
791 792
791 1231
792 979
793 794
793 1095
794 1258
795 219
795 796
796 1346
797 798
797 1291
798 525
799 445
799 800
800 1025
801 802
801 1043
802 1566
803 804
803 944
804 1374
805 157
805 806
806 49
807 808
807 823
808 463
809 323
809 810
810 536
811 812
811 1402
812 1210
813 814
813 915
814 529
815 816
815 820
816 1452
817 583
817 818
818 100
819 820
819 1185
820 1141
821 38
821 822
822 966
823 137
823 824
824 1179
825 826
825 1164
826 485
827 377
827 828
828 428
829 830
829 1345
830 1534
831 832
831 1399
832 1428
833 834
833 1209
834 222
835 162
835 836
836 538
837 189
837 838
838 1598
839 840
839 1267
840 953
841 566
841 842
842 540
843 457
843 844
844 702
845 846
845 1477
846 20
847 848
847 1157
848 606
849 33
849 850
850 1252
851 852
851 908
852 734
853 854
853 1298
854 1484
855 856
855 1151
856 426
857 119
857 858
858 401
859 339
859 860
860 322
861 298
861 862
862 668
863 494
863 864
864 600
865 502
865 866
866 1038
867 688
867 868
868 881
869 870
869 1487
870 694
871 872
871 1327
872 34
873 613
873 874
874 166
875 876
875 991
876 796
877 289
877 878
878 102
879 880
879 1608
880 618
881 882
881 1186
882 578
883 90
883 884
884 332
885 886
885 1150
886 1542
887 888
887 1076
888 803
889 890
889 1101
890 1100
891 535
891 892
892 696
893 894
893 1464
894 736
895 83
895 896
896 607
897 601
897 898
898 1130
899 129
899 900
900 884
901 902
901 1232
902 630
903 242
903 904
904 612
905 95
905 906
906 1561
907 375
907 908
908 1042
909 211
909 910
910 344
911 912
911 1541
912 130
913 558
913 914
914 752
915 504
915 916
916 1335
917 918
917 1417
918 1070
919 920
919 1077
920 1114
921 319
921 922
922 293
923 274
923 924
924 1304
925 926
925 1480
926 729
927 928
927 999
928 508
929 270
929 930
930 28
931 932
931 984
932 1020
933 934
933 1502
934 1198
935 936
935 1409
936 158
937 57
937 938
938 214
939 363
939 940
940 346
941 107
941 942
942 1064
943 287
943 944
944 1516
945 946
945 1081
946 1118
947 511
947 948
948 1318
949 163
949 950
950 61
951 952
951 1456
952 94
953 954
953 1592
954 299
955 956
955 1299
956 1356
957 621
957 958
958 976
959 441
959 960
960 891
961 962
961 1059
962 1282
963 964
963 1515
964 1237
965 507
965 966
966 674
967 968
967 1255
968 315
969 522
969 970
970 1338
971 972
971 1425
972 1550
973 929
973 974
974 1030
975 195
975 976
976 864
977 616
977 978
978 1041
979 588
979 980
980 1062
981 931
981 982
982 517
983 551
983 984
984 1069
985 727
985 986
986 1390
987 858
987 988
988 1033
989 156
989 990
990 145
991 709
991 992
992 1230
993 198
993 994
994 514
995 996
995 1334
996 1595
997 7
997 998
998 1084
999 193
999 1000
1000 894
1001 1002
1001 1493
1002 136
1003 39
1003 1004
1004 977
1005 905
1005 1006
1006 1227
1007 1008
1007 1439
1008 1604
1009 328
1009 1010
1010 353
1011 1012
1011 1413
1012 980
1013 468
1013 1014
1014 316
1015 1016
1015 1040
1016 488
1017 422
1017 1018
1018 286
1019 1020
1019 1147
1020 1552
1021 1022
1021 1443
1022 868
1023 1024
1023 1352
1024 726
1025 304
1025 1026
1026 1437
1027 919
1027 1028
1028 576
1029 465
1029 1030
1030 384
1031 1032
1031 1411
1032 183
1033 1034
1033 1535
1034 331
1035 879
1035 1036
1036 1614
1037 1038
1037 1513
1038 1328
1039 778
1039 1040
1040 506
1041 252
1041 1042
1042 498
1043 1002
1043 1044
1044 840
1045 1003
1045 1046
1046 1146
1047 1048
1047 1096
1048 1466
1049 1050
1049 1112
1050 886
1051 294
1051 1052
1052 1486
1053 1054
1053 1412
1054 1514
1055 1047
1055 1056
1056 560
1057 785
1057 1058
1058 542
1059 267
1059 1060
1060 774
1061 745
1061 1062
1062 510
1063 909
1063 1064
1064 1403
1065 945
1065 1066
1066 706
1067 3
1067 1068
1068 1506
1069 1070
1069 1183
1070 1217
1071 1072
1071 1421
1072 1489
1073 1074
1073 1369
1074 1006
1075 947
1075 1076
1076 169
1077 673
1077 1078
1078 279
1079 526
1079 1080
1080 646
1081 112
1081 1082
1082 1098
1083 679
1083 1084
1084 1315
1085 821
1085 1086
1086 1034
1087 359
1087 1088
1088 825
1089 553
1089 1090
1090 392
1091 5
1091 1092
1092 644
1093 336
1093 1094
1094 1274
1095 963
1095 1096
1096 225
1097 355
1097 1098
1098 348
1099 930
1099 1100
1100 357
1101 711
1101 1102
1102 48
1103 528
1103 1104
1104 218
1105 330
1105 1106
1106 272
1107 151
1107 1108
1108 406
1109 370
1109 1110
1110 103
1111 266
1111 1112
1112 670
1113 264
1113 1114
1114 916
1115 1116
1115 1277
1116 568
1117 1118
1117 1373
1118 1024
1119 1120
1119 1349
1120 1256
1121 1122
1121 1537
1122 972
1123 548
1123 1124
1124 381
1125 943
1125 1126
1126 1088
1127 835
1127 1128
1128 282
1129 1130
1129 1309
1130 341
1131 476
1131 1132
1132 432
1133 1134
1133 1307
1134 409
1135 1136
1135 1247
1136 318
1137 1138
1137 1405
1138 880
1139 699
1139 1140
1140 974
1141 1142
1141 1303
1142 780
1143 959
1143 1144
1144 763
1145 368
1145 1146
1146 398
1147 581
1147 1148
1148 632
1149 527
1149 1150
1150 1386
1151 1152
1151 1508
1152 846
1153 863
1153 1154
1154 501
1155 1156
1155 1485
1156 1383
1157 731
1157 1158
1158 1596
1159 855
1159 1160
1160 1253
1161 520
1161 1162
1162 80
1163 1164
1163 1358
1164 800
1165 371
1165 1166
1166 1588
1167 417
1167 1168
1168 180
1169 704
1169 1170
1170 1093
1171 1172
1171 1445
1172 140
1173 362
1173 1174
1174 1491
1175 678
1175 1176
1176 532
1177 352
1177 1178
1178 472
1179 1180
1179 1533
1180 960
1181 967
1181 1182
1182 1197
1183 1184
1183 1365
1184 700
1185 1186
1185 1575
1186 722
1187 37
1187 1188
1188 187
1189 1063
1189 1190
1190 1049
1191 1105
1191 1192
1192 1211
1193 1113
1193 1194
1194 749
1195 455
1195 1196
1196 443
1197 1198
1197 1444
1198 1000
1199 1200
1199 1385
1200 798
1201 569
1201 1202
1202 492
1203 997
1203 1204
1204 64
1205 172
1205 1206
1206 196
1207 1208
1207 1270
1208 1056
1209 555
1209 1210
1210 1206
1211 677
1211 1212
1212 108
1213 45
1213 1214
1214 478
1215 585
1215 1216
1216 290
1217 751
1217 1218
1218 792
1219 1220
1219 1525
1220 62
1221 194
1221 1222
1222 1482
1223 1219
1223 1224
1224 549
1225 1226
1225 1531
1226 1582
1227 1228
1227 1364
1228 755
1229 1230
1229 1340
1230 394
1231 1232
1231 1375
1232 1127
1233 563
1233 1234
1234 1190
1235 913
1235 1236
1236 686
1237 587
1237 1238
1238 1273
1239 127
1239 1240
1240 1178
1241 1242
1241 1539
1242 799
1243 493
1243 1244
1244 419
1245 902
1245 1246
1246 986
1247 829
1247 1248
1248 1501
1249 1023
1249 1250
1250 1155
1251 1249
1251 1252
1252 221
1253 1254
1253 1455
1254 1300
1255 1018
1255 1256
1256 856
1257 925
1257 1258
1258 1050
1259 973
1259 1260
1260 1110
1261 1262
1261 1579
1262 1311
1263 143
1263 1264
1264 1223
1265 379
1265 1266
1266 1323
1267 213
1267 1268
1268 941
1269 1022
1269 1270
1270 624
1271 1272
1271 1518
1272 399
1273 206
1273 1274
1274 255
1275 1137
1275 1276
1276 773
1277 327
1277 1278
1278 321
1279 1280
1279 1357
1280 1586
1281 689
1281 1282
1282 1246
1283 1284
1283 1319
1284 132
1285 900
1285 1286
1286 812
1287 690
1287 1288
1288 1174
1289 715
1289 1290
1290 65
1291 397
1291 1292
1292 148
1293 695
1293 1294
1294 407
1295 781
1295 1296
1296 1355
1297 556
1297 1298
1298 1505
1299 310
1299 1300
1300 882
1301 1083
1301 1302
1302 393
1303 978
1303 1304
1304 317
1305 1306
1305 1343
1306 994
1307 634
1307 1308
1308 853
1309 1310
1309 1611
1310 708
1311 19
1311 1312
1312 790
1313 233
1313 1314
1314 167
1315 1145
1315 1316
1316 770
1317 647
1317 1318
1318 1082
1319 831
1319 1320
1320 76
1321 515
1321 1322
1322 496
1323 367
1323 1324
1324 1181
1325 893
1325 1326
1326 1204
1327 738
1327 1328
1328 104
1329 1115
1329 1330
1330 1478
1331 1326
1331 1332
1332 220
1333 1078
1333 1334
1334 1361
1335 851
1335 1336
1336 608
1337 1013
1337 1338
1338 747
1339 651
1339 1340
1340 951
1341 1075
1341 1342
1342 877
1343 712
1343 1344
1344 903
1345 320
1345 1346
1346 1213
1347 817
1347 1348
1348 1152
1349 164
1349 1350
1350 354
1351 333
1351 1352
1352 593
1353 713
1353 1354
1354 40
1355 1356
1355 1613
1356 1398
1357 691
1357 1358
1358 1055
1359 509
1359 1360
1360 860
1361 888
1361 1362
1362 1116
1363 1054
1363 1364
1364 1488
1365 775
1365 1366
1366 1360
1367 565
1367 1368
1368 383
1369 1275
1369 1370
1370 262
1371 874
1371 1372
1372 1389
1373 1242
1373 1374
1374 450
1375 625
1375 1376
1376 88
1377 605
1377 1378
1378 177
1379 135
1379 1380
1380 400
1381 168
1381 1382
1382 648
1383 850
1383 1384
1384 13
1385 1071
1385 1386
1386 534
1387 1388
1387 1471
1388 1394
1389 914
1389 1390
1390 866
1391 788
1391 1392
1392 106
1393 351
1393 1394
1394 173
1395 212
1395 1396
1396 1012
1397 857
1397 1398
1398 414
1399 524
1399 1400
1400 1363
1401 992
1401 1402
1402 452
1403 1091
1403 1404
1404 1136
1405 705
1405 1406
1406 1404
1407 11
1407 1408
1408 388
1409 1410
1409 1483
1410 962
1411 497
1411 1412
1412 109
1413 1031
1413 1414
1414 1143
1415 1400
1415 1416
1416 1009
1417 1418
1417 1467
1418 1387
1419 659
1419 1420
1420 8
1421 67
1421 1422
1422 171
1423 1279
1423 1424
1424 692
1425 789
1425 1426
1426 819
1427 1073
1427 1428
1428 1044
1429 1430
1429 1432
1430 940
1431 1432
1431 1605
1432 1581
1433 1434
1433 1490
1434 848
1435 574
1435 1436
1436 471
1437 1066
1437 1438
1438 1260
1439 68
1439 1440
1440 845
1441 1442
1441 1577
1442 50
1443 1444
1443 1556
1444 826
1445 1153
1445 1446
1446 1474
1447 1342
1447 1448
1448 650
1449 681
1449 1450
1450 1438
1451 378
1451 1452
1452 1472
1453 777
1453 1454
1454 1057
1455 717
1455 1456
1456 1532
1457 1121
1457 1458
1458 965
1459 1351
1459 1460
1460 1233
1461 415
1461 1462
1462 580
1463 105
1463 1464
1464 160
1465 226
1465 1466
1466 396
1467 1468
1467 1524
1468 480
1469 719
1469 1470
1470 1085
1471 249
1471 1472
1472 950
1473 1053
1473 1474
1474 876
1475 922
1475 1476
1476 60
1477 254
1477 1478
1478 838
1479 1244
1479 1480
1480 1396
1481 521
1481 1482
1482 245
1483 833
1483 1484
1484 1280
1485 1313
1485 1486
1486 268
1487 248
1487 1488
1488 810
1489 85
1489 1490
1490 78
1491 724
1491 1492
1492 1086
1493 1037
1493 1494
1494 269
1495 589
1495 1496
1496 811
1497 1184
1497 1498
1498 1606
1499 1125
1499 1500
1500 87
1501 1331
1501 1502
1502 210
1503 345
1503 1504
1504 1176
1505 750
1505 1506
1506 1132
1507 513
1507 1508
1508 277
1509 232
1509 1510
1510 865
1511 818
1511 1512
1512 664
1513 779
1513 1514
1514 1564
1515 424
1515 1516
1516 53
1517 297
1517 1518
1518 1317
1519 981
1519 1520
1520 1458
1521 1522
1521 1599
1522 968
1523 411
1523 1524
1524 1557
1525 491
1525 1526
1526 122
1527 714
1527 1528
1528 1222
1529 1266
1529 1530
1530 665
1531 93
1531 1532
1532 250
1533 1189
1533 1534
1534 567
1535 98
1535 1536
1536 1240
1537 1538
1537 1571
1538 626
1539 1199
1539 1540
1540 390
1541 1039
1541 1542
1542 236
1543 1032
1543 1544
1544 923
1545 1087
1545 1546
1546 487
1547 1029
1547 1548
1548 1061
1549 892
1549 1550
1550 652
1551 96
1551 1552
1552 1434
1553 657
1553 1554
1554 767
1555 935
1555 1556
1556 29
1557 79
1557 1558
1558 938
1559 1241
1559 1560
1560 939
1561 899
1561 1562
1562 854
1563 637
1563 1564
1564 42
1565 1180
1565 1566
1566 118
1567 928
1567 1568
1568 228
1569 1193
1569 1570
1570 596
1571 787
1571 1572
1572 1520
1573 1306
1573 1574
1574 582
1575 483
1575 1576
1576 1528
1577 720
1577 1578
1578 1344
1579 43
1579 1580
1580 1494
1581 1109
1581 1582
1582 460
1583 663
1583 1584
1584 217
1585 912
1585 1586
1586 572
1587 1570
1587 1588
1588 1322
1589 257
1589 1590
1590 1287
1591 1320
1591 1592
1592 89
1593 436
1593 1594
1594 6
1595 1406
1595 1596
1596 314
1597 584
1597 1598
1598 1408
1599 1161
1599 1600
1600 1200
1601 592
1601 1602
1602 512
1603 425
1603 1604
1604 446
1605 1407
1605 1606
1606 35
1607 1469
1607 1608
1608 238
1609 303
1609 1610
1610 836
1611 275
1611 1612
1612 313
1613 335
1613 1614
1614 10
