0 261
0 1393
2 647
2 1395
3 620
3 863
4 1125
4 1437
5 635
6 1502
7 153
7 279
9 697
9 780
11 178
10 735
10 1492
12 1460
15 243
15 979
17 164
17 1423
19 169
19 308
21 117
21 691
23 24
23 653
24 619
25 26
25 599
26 85
27 28
27 702
28 82
29 30
29 209
30 726
31 32
31 1449
32 856
33 34
33 851
34 1103
35 36
35 859
36 1575
37 38
37 484
38 422
39 40
39 322
40 474
41 42
41 823
42 108
43 44
43 359
44 810
45 46
45 1412
46 272
47 48
47 1268
48 150
49 50
49 346
50 174
51 52
51 313
52 1330
53 54
53 1349
54 70
55 56
55 781
56 339
57 58
57 1271
58 1338
59 60
59 674
60 312
61 62
61 1294
62 199
63 64
63 825
64 84
65 66
65 967
66 266
67 68
67 729
68 1334
69 70
69 1384
70 228
71 72
71 77
72 194
73 74
73 528
74 907
75 76
75 699
76 1274
77 78
77 215
78 172
79 80
79 307
80 335
81 82
81 1259
82 406
83 84
83 1333
84 48
85 86
85 1497
86 1064
87 88
87 1235
88 59
89 90
89 1190
90 644
91 79
91 92
92 321
93 94
93 415
94 639
95 96
95 1285
96 1458
97 98
97 490
98 1046
99 100
99 423
100 797
101 102
101 808
102 340
103 104
103 1197
104 212
105 106
105 424
106 114
107 108
107 1419
108 1570
109 110
109 902
110 1270
111 112
111 289
112 54
113 114
113 315
114 818
115 116
115 1345
116 577
117 118
117 1037
118 830
119 120
119 1131
120 970
121 122
121 991
122 703
123 124
123 220
124 1194
125 126
125 355
126 100
127 128
127 1480
128 260
129 45
129 130
130 1166
131 132
131 621
132 216
133 134
133 367
134 167
135 136
135 1464
136 504
137 138
137 1495
138 519
139 140
139 1045
140 994
141 142
141 676
142 1550
143 144
143 1341
144 790
145 146
145 207
146 531
147 148
147 409
148 324
149 150
149 1603
150 996
151 152
151 1277
152 314
153 154
153 783
154 1325
155 156
155 905
156 421
157 158
157 965
158 446
159 160
159 725
160 1296
161 162
161 259
162 404
163 164
163 1557
164 18
165 166
165 416
166 1230
167 168
167 520
168 1090
169 170
169 1478
170 1552
171 172
171 1573
172 1535
173 65
173 174
174 656
175 176
175 1420
176 344
177 178
177 975
178 1204
179 180
179 1186
180 218
181 182
181 341
182 1005
183 184
183 1284
184 444
185 186
185 1357
186 719
187 188
187 877
188 1056
189 190
189 648
190 1206
191 192
191 196
192 395
193 194
193 545
194 116
195 47
195 196
196 163
197 6
197 198
198 1143
199 200
199 430
200 398
201 202
201 1017
202 933
203 204
203 941
204 179
205 206
205 958
206 747
207 208
207 1373
208 831
209 210
209 1140
210 649
211 212
211 1380
212 42
213 214
213 1453
214 305
215 216
215 350
216 850
217 218
217 1610
218 1397
219 220
219 768
220 325
221 222
221 616
222 688
223 224
223 679
224 1252
225 226
225 627
226 820
227 228
227 1383
228 572
229 230
229 921
230 1440
231 232
231 537
232 1511
233 234
233 1128
234 742
235 236
235 1405
236 1136
237 238
237 843
238 1291
239 240
239 988
240 1396
241 34
241 242
242 1612
243 244
243 1297
244 233
245 75
245 246
246 1208
247 248
247 1435
248 1385
249 250
249 659
250 1454
251 252
251 1027
252 1099
253 254
253 813
254 995
255 134
255 256
256 1562
257 258
257 722
258 1596
259 232
259 260
260 1122
261 262
261 1209
262 1219
263 264
263 558
264 938
265 266
265 1411
266 1582
267 268
267 403
268 912
269 270
269 1370
270 1182
271 272
271 1015
272 460
273 274
273 1275
274 1160
275 276
275 667
276 1563
277 278
277 372
278 1298
279 201
279 280
280 338
281 282
281 1111
282 183
283 284
283 1553
284 610
285 286
285 685
286 1546
287 288
287 749
288 816
289 290
289 552
290 1451
291 292
291 1356
292 892
293 195
293 294
294 336
295 296
295 1076
296 1564
297 298
297 1605
298 651
299 300
299 916
300 144
301 302
301 1318
302 1009
303 304
303 1461
304 373
305 208
305 306
306 90
307 308
307 581
308 1362
309 310
309 1116
310 426
311 312
311 1520
312 1426
313 314
313 1471
314 1150
315 316
315 1598
316 60
317 318
317 1479
318 1153
319 69
319 320
320 709
321 322
321 437
322 721
323 324
323 1258
324 940
325 248
325 326
326 1514
327 328
327 1145
328 1134
329 317
329 330
330 419
331 35
331 332
332 614
333 334
333 936
334 241
335 336
335 799
336 1477
337 338
337 1207
338 1300
339 340
339 1382
340 399
341 342
341 899
342 276
343 344
343 1110
344 1363
345 346
345 1107
346 739
347 131
347 348
348 574
349 350
349 771
350 888
351 265
351 352
352 776
353 354
353 1608
354 1203
355 43
355 356
356 1177
357 165
357 358
358 39
359 360
359 1137
360 147
361 362
361 815
362 442
363 364
363 1049
364 800
365 301
365 366
366 50
367 368
367 1489
368 1404
369 370
369 1614
370 1538
371 372
371 1159
372 1526
373 374
373 1422
374 898
375 376
375 665
376 1531
377 93
377 378
378 1536
379 380
379 1187
380 236
381 366
381 382
382 822
383 384
383 1585
384 49
385 386
385 1602
386 788
387 388
387 1335
388 1372
389 390
389 925
390 1305
391 392
391 434
392 1233
393 145
393 394
394 1087
395 396
395 1609
396 1066
397 398
397 1337
398 326
399 400
399 1280
400 104
401 402
401 1083
402 479
403 404
403 607
404 718
405 406
405 755
406 1036
407 408
407 488
408 1006
409 410
409 753
410 1239
411 412
411 914
412 76
413 46
413 414
414 1462
415 416
415 1551
416 1541
417 328
417 418
418 1600
419 420
419 1369
420 1114
421 369
421 422
422 311
423 171
423 424
424 678
425 426
425 1594
426 1604
427 309
427 428
428 56
429 430
429 1199
430 1097
431 217
431 432
432 1075
433 434
433 495
434 1032
435 436
435 1433
436 710
437 438
437 1243
438 908
439 440
439 523
440 884
441 442
441 1014
442 1406
443 444
443 1503
444 242
445 246
445 446
446 332
447 448
447 927
448 14
449 450
449 1311
450 1455
451 452
451 864
452 1004
453 454
453 764
454 598
455 456
455 1109
456 950
457 458
457 956
458 1038
459 329
459 460
460 1173
461 462
461 766
462 626
463 464
463 1226
464 148
465 466
465 1254
466 288
467 468
467 591
468 1088
469 155
469 470
470 1092
471 470
471 472
472 493
473 271
473 474
474 1540
475 476
475 777
476 1457
477 478
477 1427
478 1198
479 463
479 480
480 782
481 482
481 1545
482 94
483 484
483 876
484 1316
485 486
485 1328
486 1162
487 488
487 508
488 1319
489 490
489 924
490 1010
491 492
491 862
492 382
493 494
493 969
494 269
495 496
495 1279
496 841
497 498
497 759
498 562
499 203
499 500
500 760
501 435
501 502
502 1587
503 504
503 1057
504 1354
505 506
505 1214
506 89
507 508
507 727
508 1095
509 510
509 1544
510 803
511 481
511 512
512 234
513 514
513 565
514 959
515 516
515 957
516 1402
517 414
517 518
518 1476
519 520
519 875
520 1329
521 522
521 1282
522 1390
523 283
523 524
524 491
525 526
525 550
526 960
527 528
527 1205
528 1416
529 427
529 530
530 750
531 532
531 1141
532 1324
533 534
533 930
534 482
535 536
535 1392
536 518
537 538
537 566
538 342
539 540
539 1491
540 499
541 542
541 1554
542 200
543 102
543 544
544 1513
545 546
545 593
546 204
547 83
547 548
548 738
549 327
549 550
550 277
551 552
551 931
552 879
553 554
553 683
554 182
555 251
555 556
556 1518
557 125
557 558
558 1292
559 191
559 560
560 827
561 516
561 562
562 295
563 564
563 1521
564 942
565 31
565 566
566 497
567 101
567 568
568 650
569 262
569 570
570 387
571 572
571 1391
572 784
573 574
573 974
574 1133
575 564
575 576
576 535
577 525
577 578
578 1364
579 580
579 1163
580 737
581 582
581 1472
582 903
583 584
583 1317
584 1403
585 111
585 586
586 870
587 467
587 588
588 798
589 590
589 989
590 840
591 592
591 767
592 1106
593 594
593 765
594 1431
595 596
595 1483
596 928
597 472
597 598
598 1257
599 527
599 600
600 1068
601 602
601 1527
602 1061
603 347
603 604
604 184
605 606
605 643
606 890
607 157
607 608
608 282
609 610
609 1263
610 990
611 127
611 612
612 1247
613 614
613 973
614 652
615 29
615 616
616 1367
617 618
617 833
618 814
619 620
619 732
620 1533
621 622
621 1293
622 852
623 624
623 871
624 597
625 626
625 1517
626 452
627 4
627 628
628 1020
629 630
629 1054
630 255
631 632
631 880
632 19
633 349
633 634
634 1428
635 636
635 1213
636 944
637 638
637 1232
638 514
639 640
639 1201
640 662
641 175
641 642
642 640
643 633
643 644
644 1072
645 64
645 646
646 498
647 318
647 648
648 1267
649 515
649 650
650 1250
651 652
651 1142
652 773
653 654
653 1359
654 213
655 475
655 656
656 1144
657 658
657 1146
658 320
659 503
659 660
660 1246
661 662
661 1185
662 1350
663 664
663 819
664 1467
665 507
665 666
666 72
667 107
667 668
668 1523
669 670
669 1231
670 1079
671 625
671 672
672 306
673 674
673 1400
674 754
675 676
675 1469
676 1158
677 678
677 1161
678 730
679 563
679 680
680 36
681 682
681 984
682 1542
683 351
683 684
684 292
685 91
685 686
686 1013
687 688
687 805
688 532
689 397
689 690
690 1172
691 692
691 807
692 1591
693 689
693 694
694 413
695 690
695 696
696 480
697 698
697 1353
698 806
699 389
699 700
700 1456
701 702
701 1401
702 1315
703 641
703 704
704 58
705 245
705 706
706 189
707 708
707 1041
708 1399
709 136
709 710
710 897
711 67
711 712
712 198
713 714
713 1224
714 105
715 73
715 716
716 1123
717 119
717 718
718 361
719 500
719 720
720 1446
721 722
721 1312
722 792
723 724
723 1463
724 575
725 726
725 1307
726 596
727 5
727 728
728 578
729 730
729 789
730 1494
731 357
731 732
732 268
733 734
733 911
734 675
735 378
735 736
736 982
737 738
737 1547
738 298
739 547
739 740
740 517
741 742
741 1148
742 1441
743 744
743 1189
744 998
745 92
745 746
746 1001
747 748
747 920
748 1498
749 750
749 1386
750 1188
751 752
751 919
752 605
753 754
753 1548
754 202
755 756
755 857
756 284
757 758
757 873
758 473
759 181
759 760
760 1418
761 88
761 762
762 600
763 764
763 1245
764 214
765 293
765 766
766 294
767 55
767 768
768 376
769 360
769 770
770 1286
771 9
771 772
772 1033
773 476
773 774
774 1130
775 668
775 776
776 700
777 303
777 778
778 681
779 780
779 1171
780 976
781 782
781 1051
782 1346
783 751
783 784
784 1443
785 786
785 1157
786 32
787 25
787 788
788 1590
789 580
789 790
790 1170
791 24
791 792
792 428
793 701
793 794
794 151
795 629
795 796
796 1306
797 509
797 798
798 1174
799 800
799 865
800 1000
801 455
801 802
802 440
803 611
803 804
804 280
805 188
805 806
806 1417
807 808
807 1543
808 1220
809 810
809 1084
810 1452
811 62
811 812
812 11
813 814
813 1593
814 1579
815 451
815 816
816 438
817 818
817 932
818 411
819 820
819 1120
820 1030
821 585
821 822
822 1124
823 3
823 824
824 712
825 811
825 826
826 71
827 671
827 828
828 1236
829 830
829 1321
830 934
831 401
831 832
832 980
833 834
833 1376
834 968
835 804
835 836
836 964
837 447
837 838
838 1008
839 840
839 1488
840 868
841 842
841 1212
842 468
843 219
843 844
844 1516
845 846
845 1507
846 1025
847 848
847 1119
848 402
849 12
849 850
850 882
851 149
851 852
852 343
853 854
853 855
854 910
855 856
855 917
856 1366
857 17
857 858
858 1181
859 579
859 860
860 1566
861 146
861 862
862 352
863 864
863 1421
864 1475
865 185
865 866
866 1098
867 868
867 1016
868 952
869 870
869 1062
870 1490
871 872
871 1613
872 1371
873 874
873 1149
874 247
875 557
875 876
876 569
877 878
877 909
878 205
879 880
879 1154
880 1496
881 257
881 882
882 1304
883 632
883 884
884 1606
885 886
885 1052
886 1473
887 888
887 1179
888 716
889 379
889 890
890 1089
891 885
891 892
892 161
893 894
893 1078
894 526
895 853
895 896
896 1276
897 87
897 898
898 828
899 829
899 900
900 613
901 704
901 902
902 224
903 904
903 1374
904 1104
905 906
905 1043
906 634
907 778
907 908
908 441
909 115
909 910
910 748
911 779
911 912
912 431
913 664
913 914
914 576
915 553
915 916
916 583
917 253
917 918
918 570
919 331
919 920
920 1388
921 609
921 922
922 1118
923 744
923 924
924 687
925 847
925 926
926 370
927 252
927 928
928 1537
929 930
929 1021
930 756
931 615
931 932
932 981
933 740
933 934
934 16
935 496
935 936
936 560
937 938
937 947
938 812
939 940
939 1269
940 842
941 752
941 942
942 221
943 156
943 944
944 250
945 946
945 1493
946 935
947 501
947 948
948 368
949 539
949 950
950 1599
951 68
951 952
952 154
953 954
953 999
954 304
955 74
955 956
956 432
957 141
957 958
958 1023
959 960
959 1094
960 1168
961 337
961 962
962 445
963 964
963 1355
964 1466
965 966
965 1348
966 190
967 230
967 968
968 400
969 970
969 1044
970 166
971 99
971 972
972 524
973 57
973 974
974 785
975 143
975 976
976 1365
977 187
977 978
978 478
979 225
979 980
980 1561
981 237
981 982
982 1331
983 139
983 984
984 775
985 27
985 986
986 1360
987 988
987 1572
988 130
989 133
989 990
990 1574
991 81
991 992
992 832
993 994
993 1273
994 222
995 996
995 1210
996 492
997 541
997 998
998 53
999 138
999 1000
1000 1308
1001 918
1001 1002
1002 1164
1003 612
1003 1004
1004 264
1005 1006
1005 1295
1006 263
1007 1008
1007 1288
1008 258
1009 844
1009 1010
1010 417
1011 1012
1011 1175
1012 655
1013 698
1013 1014
1014 235
1015 26
1015 1016
1016 1506
1017 677
1017 1018
1018 512
1019 176
1019 1020
1020 1530
1021 433
1021 1022
1022 821
1023 186
1023 1024
1024 1248
1025 1026
1025 1505
1026 1424
1027 801
1027 1028
1028 358
1029 1030
1029 1299
1030 1012
1031 1032
1031 1438
1032 1192
1033 881
1033 1034
1034 1332
1035 1036
1035 1048
1036 362
1037 1038
1037 1290
1038 592
1039 1040
1039 1389
1040 1218
1041 229
1041 1042
1042 96
1043 319
1043 1044
1044 1029
1045 937
1045 1046
1046 22
1047 1048
1047 1309
1048 658
1049 1022
1049 1050
1050 554
1051 706
1051 1052
1052 1375
1053 1054
1053 1059
1054 1450
1055 657
1055 1056
1056 983
1057 705
1057 1058
1058 506
1059 61
1059 1060
1060 1556
1061 582
1061 1062
1062 992
1063 177
1063 1064
1064 1340
1065 787
1065 1066
1066 809
1067 80
1067 1068
1068 1215
1069 971
1069 1070
1070 210
1071 1072
1071 1342
1072 1444
1073 1074
1073 1414
1074 1532
1075 824
1075 1076
1076 682
1077 1078
1077 1272
1078 839
1079 1080
1079 1302
1080 458
1081 1082
1081 1555
1082 1519
1083 1084
1083 1327
1084 1407
1085 1086
1085 1379
1086 1101
1087 1088
1087 1474
1088 1152
1089 666
1089 1090
1090 1560
1091 297
1091 1092
1092 1050
1093 637
1093 1094
1094 1486
1095 985
1095 1096
1096 384
1097 1098
1097 1378
1098 412
1099 1100
1099 1499
1100 1156
1101 1102
1101 1117
1102 110
1103 1104
1103 1336
1104 838
1105 948
1105 1106
1106 724
1107 51
1107 1108
1108 63
1109 707
1109 1110
1110 846
1111 333
1111 1112
1112 1121
1113 906
1113 1114
1114 132
1115 226
1115 1116
1116 465
1117 922
1117 1118
1118 1253
1119 33
1119 1120
1120 623
1121 568
1121 1122
1122 28
1123 396
1123 1124
1124 672
1125 1081
1125 1126
1126 1096
1127 477
1127 1128
1128 694
1129 505
1129 1130
1130 556
1131 686
1131 1132
1132 98
1133 1070
1133 1134
1134 720
1135 513
1135 1136
1136 1470
1137 711
1137 1138
1138 1108
1139 1140
1139 1409
1140 291
1141 638
1141 1142
1142 162
1143 1144
1143 1344
1144 548
1145 1146
1145 1584
1146 450
1147 1011
1147 1148
1148 1234
1149 1150
1149 1607
1150 1522
1151 1152
1151 1227
1152 128
1153 1154
1153 1347
1154 1147
1155 723
1155 1156
1156 802
1157 1158
1157 1339
1158 878
1159 997
1159 1160
1160 381
1161 961
1161 1162
1162 860
1163 244
1163 1164
1164 986
1165 1082
1165 1166
1166 364
1167 1168
1167 1468
1168 1200
1169 1170
1169 1240
1170 374
1171 939
1171 1172
1172 589
1173 872
1173 1174
1174 713
1175 485
1175 1176
1176 1024
1177 546
1177 1178
1178 786
1179 494
1179 1180
1180 893
1181 391
1181 1182
1182 1129
1183 15
1183 1184
1184 1223
1185 1186
1185 1568
1186 696
1187 1188
1187 1351
1188 168
1189 1065
1189 1190
1190 278
1191 375
1191 1192
1192 238
1193 1073
1193 1194
1194 152
1195 193
1195 1196
1196 1028
1197 1198
1197 1289
1198 1281
1199 763
1199 1200
1200 418
1201 356
1201 1202
1202 457
1203 521
1203 1204
1204 13
1205 137
1205 1206
1206 1085
1207 949
1207 1208
1208 1508
1209 2
1209 1210
1210 1193
1211 943
1211 1212
1212 95
1213 661
1213 1214
1214 392
1215 894
1215 1216
1216 1102
1217 393
1217 1218
1218 1031
1219 1093
1219 1220
1220 1169
1221 693
1221 1222
1222 78
1223 449
1223 1224
1224 1058
1225 1226
1225 1394
1226 1155
1227 955
1227 1228
1228 542
1229 429
1229 1230
1230 1410
1231 1069
1231 1232
1232 122
1233 796
1233 1234
1234 1077
1235 987
1235 1236
1236 1222
1237 1238
1237 1487
1238 559
1239 363
1239 1240
1240 962
1241 1167
1241 1242
1242 826
1243 454
1243 1244
1244 1387
1245 587
1245 1246
1246 466
1247 1248
1247 1256
1248 118
1249 770
1249 1250
1250 561
1251 1252
1251 1320
1252 774
1253 608
1253 1254
1254 794
1255 1256
1255 1343
1256 1060
1257 869
1257 1258
1258 1264
1259 1184
1259 1260
1260 6
1261 1262
1261 1313
1262 1228
1263 1264
1263 1459
1264 30
1265 1261
1265 1266
1266 714
1267 1139
1267 1268
1268 953
1269 1270
1269 1413
1270 300
1271 946
1271 1272
1272 334
1273 1274
1273 1361
1274 316
1275 895
1275 1276
1276 1196
1277 135
1277 1278
1278 588
1279 23
1279 1280
1280 129
1281 692
1281 1282
1282 901
1283 954
1283 1284
1284 622
1285 126
1285 1286
1286 348
1287 817
1287 1288
1288 867
1289 1290
1289 1571
1290 571
1291 567
1291 1292
1292 1442
1293 1183
1293 1294
1294 594
1295 538
1295 1296
1296 741
1297 733
1297 1298
1298 642
1299 299
1299 1300
1300 1524
1301 1302
1301 1567
1302 915
1303 323
1303 1304
1304 124
1305 407
1305 1306
1306 1504
1307 603
1307 1308
1308 1500
1309 1063
1309 1310
1310 510
1311 267
1311 1312
1312 684
1313 1195
1313 1314
1314 287
1315 1126
1315 1316
1316 388
1317 758
1317 1318
1318 745
1319 1244
1319 1320
1320 534
1321 977
1321 1322
1322 624
1323 302
1323 1324
1324 408
1325 836
1325 1326
1326 1448
1327 1328
1327 1549
1328 1138
1329 1251
1329 1330
1330 761
1331 1332
1331 1510
1332 180
1333 1165
1333 1334
1334 240
1335 972
1335 1336
1336 448
1337 669
1337 1338
1338 849
1339 874
1339 1340
1340 1529
1341 1342
1341 1569
1342 1176
1343 345
1343 1344
1344 772
1345 1346
1345 1377
1346 746
1347 993
1347 1348
1348 443
1349 1350
1349 1481
1350 1597
1351 1127
1351 1352
1352 728
1353 1055
1353 1354
1354 1202
1355 227
1355 1356
1356 1238
1357 487
1357 1358
1358 354
1359 1360
1359 1581
1360 274
1361 405
1361 1362
1362 854
1363 385
1363 1364
1364 38
1365 123
1365 1366
1366 646
1367 1368
1367 1465
1368 1132
1369 769
1369 1370
1370 926
1371 1002
1371 1372
1372 106
1373 5
1373 1374
1374 1432
1375 1053
1375 1376
1376 1425
1377 1237
1377 1378
1378 602
1379 663
1379 1380
1380 791
1381 1217
1381 1382
1382 1534
1383 121
1383 1384
1384 1211
1385 795
1385 1386
1386 158
1387 1303
1387 1388
1388 40
1389 966
1389 1390
1390 1018
1391 285
1391 1392
1392 97
1393 1394
1393 1439
1394 1151
1395 439
1395 1396
1396 1580
1397 866
1397 1398
1398 1100
1399 1310
1399 1400
1400 617
1401 390
1401 1402
1402 904
1403 386
1403 1404
1404 1026
1405 86
1405 1406
1406 462
1407 1408
1407 1559
1408 436
1409 837
1409 1410
1410 20
1411 1412
1411 1501
1412 160
1413 1039
1413 1414
1414 636
1415 1416
1415 1447
1416 353
1417 1115
1417 1418
1418 290
1419 469
1419 1420
1420 1322
1421 743
1421 1422
1422 1287
1423 695
1423 1424
1424 12
1425 1426
1425 1484
1426 1512
1427 7
1427 1428
1428 330
1429 978
1429 1430
1430 1445
1431 731
1431 1432
1432 715
1433 456
1433 1434
1434 1528
1435 211
1435 1436
1436 1249
1437 551
1437 1438
1438 533
1439 1440
1439 1558
1440 21
1441 1323
1441 1442
1442 1178
1443 1444
1443 1586
1444 1260
1445 1446
1445 1595
1446 142
1447 1448
1447 1525
1448 1216
1449 1265
1449 1450
1450 10
1451 530
1451 1452
1452 590
1453 223
1453 1454
1454 1105
1455 923
1455 1456
1456 618
1457 1180
1457 1458
1458 1266
1459 1301
1459 1460
1460 630
1461 281
1461 1462
1462 112
1463 606
1463 1464
1464 584
1465 645
1465 1466
1466 1578
1467 1047
1467 1468
1468 173
1469 1470
1469 1515
1470 296
1471 945
1471 1472
1472 1601
1473 604
1473 1474
1474 536
1475 420
1475 1476
1476 1368
1477 270
1477 1478
1478 206
1479 845
1479 1480
1480 1003
1481 1255
1481 1482
1482 1242
1483 1113
1483 1484
1484 1576
1485 549
1485 1486
1486 1034
1487 275
1487 1488
1488 736
1489 1490
1489 1577
1490 394
1491 1229
1491 1492
1492 887
1493 489
1493 1494
1494 380
1495 377
1495 1496
1496 544
1497 1091
1497 1498
1498 951
1499 1500
1499 1565
1500 37
1501 159
1501 1502
1502 522
1503 1191
1503 1504
1504 1358
1505 1040
1505 1506
1506 1278
1507 555
1507 1508
1508 680
1509 670
1509 1510
1510 1436
1511 254
1511 1512
1512 1
1513 1514
1513 1539
1514 239
1515 273
1515 1516
1516 886
1517 1283
1517 1518
1518 256
1519 1434
1519 1520
1520 834
1521 249
1521 1522
1522 835
1523 673
1523 1524
1524 1007
1525 459
1525 1526
1526 573
1527 654
1527 1528
1528 1225
1529 1074
1529 1530
1530 8
1531 383
1531 1532
1532 52
1533 197
1533 1534
1534 425
1535 140
1535 1536
1536 1398
1537 1482
1537 1538
1538 529
1539 109
1539 1540
1540 44
1541 595
1541 1542
1542 120
1543 471
1543 1544
1544 717
1545 410
1545 1546
1546 1042
1547 1485
1547 1548
1548 483
1549 231
1549 1550
1550 762
1551 963
1551 1552
1552 1326
1553 1221
1553 1554
1554 757
1555 1381
1555 1556
1556 486
1557 1352
1557 1558
1558 1067
1559 896
1559 1560
1560 1408
1561 66
1561 1562
1562 1592
1563 1035
1563 1564
1564 1588
1565 1135
1565 1566
1566 1429
1567 601
1567 1568
1568 889
1569 453
1569 1570
1570 883
1571 1572
1571 1589
1572 631
1573 371
1573 1574
1574 365
1575 793
1575 1576
1576 848
1577 41
1577 1578
1578 170
1579 543
1579 1580
1580 660
1581 1415
1581 1582
1582 858
1583 929
1583 1584
1584 103
1585 708
1585 1586
1586 1080
1587 286
1587 1588
1588 628
1589 913
1589 1590
1590 734
1591 1086
1591 1592
1592 1112
1593 1430
1593 1594
1594 310
1595 461
1595 1596
1596 1262
1597 113
1597 1598
1598 1314
1599 192
1599 1600
1600 464
1601 891
1601 1602
1602 861
1603 1509
1603 1604
1604 586
1605 511
1605 1606
1606 11
1607 1583
1607 1608
1608 1611
1609 1241
1609 1610
1610 1019
1611 900
1611 1612
1612 502
1613 1071
1613 1614
1614 540
