0 971
0 1103
3 759
3 1531
4 470
4 618
6 216
5 1167
7 754
7 1533
8 285
8 1181
10 1502
9 396
11 1295
11 1467
13 221
13 1475
15 54
15 390
17 800
17 1314
19 494
19 1515
21 423
21 826
23 24
23 69
24 152
25 26
25 741
26 235
27 28
27 951
28 1156
29 30
29 886
30 1214
31 32
31 1249
32 1460
33 34
33 1609
34 13
35 36
35 148
36 506
37 38
37 455
38 446
39 40
39 981
40 108
41 42
41 1518
42 190
43 44
43 987
44 1323
45 46
45 1089
46 1110
47 48
47 401
48 547
49 50
49 1313
50 178
51 52
51 587
52 1304
53 54
53 950
54 1124
55 56
55 109
56 1154
57 58
57 309
58 824
59 60
59 1285
60 75
61 62
61 1612
62 430
63 64
63 1319
64 948
65 66
65 1289
66 344
67 68
67 540
68 6
69 70
69 1263
70 1562
71 58
71 72
72 128
73 74
73 1559
74 1428
75 76
75 1317
76 621
77 78
77 1293
78 1561
79 80
79 295
80 1120
81 82
81 599
82 373
83 84
83 525
84 428
85 86
85 793
86 1413
87 88
87 853
88 1601
89 90
89 571
90 467
91 92
91 1339
92 1175
93 94
93 120
94 1389
95 96
95 910
96 100
97 98
97 220
98 686
99 27
99 100
100 522
101 102
101 230
102 852
103 28
103 104
104 1000
105 106
105 859
106 560
107 108
107 782
108 1054
109 110
109 195
110 643
111 112
111 661
112 1235
113 114
113 1272
114 1278
115 73
115 116
116 712
117 118
117 575
118 339
119 120
119 1377
120 1607
121 122
121 231
122 1584
123 124
123 1033
124 1100
125 126
125 1482
126 1361
127 128
127 405
128 1086
129 130
129 1343
130 164
131 132
131 1386
132 652
133 26
133 134
134 214
135 136
135 191
136 456
137 138
137 923
138 767
139 140
139 1127
140 448
141 142
141 1057
142 1352
143 144
143 1441
144 819
145 146
145 601
146 834
147 148
147 1548
148 1145
149 150
149 1487
150 932
151 152
151 1021
152 131
153 154
153 223
154 1431
155 156
155 1590
156 694
157 158
157 1398
158 298
159 160
159 435
160 1376
161 162
161 252
162 594
163 164
163 318
164 161
165 166
165 919
166 714
167 168
167 1312
168 1326
169 170
169 1013
170 1500
171 172
171 1217
172 19
173 174
173 477
174 670
175 176
175 1071
176 718
177 31
177 178
178 1346
179 180
179 365
180 264
181 182
181 813
182 1442
183 184
183 1370
184 1279
185 105
185 186
186 576
187 188
187 752
188 1334
189 190
189 728
190 976
191 192
191 1126
192 504
193 194
193 310
194 1614
195 185
195 196
196 907
197 198
197 867
198 1038
199 200
199 779
200 636
201 202
201 1187
202 538
203 204
203 730
204 624
205 206
205 977
206 663
207 208
207 1081
208 466
209 210
209 673
210 516
211 78
211 212
212 804
213 214
213 1091
214 250
215 216
215 1238
216 1412
217 218
217 457
218 1200
219 184
219 220
220 917
221 222
221 1291
222 1050
223 63
223 224
224 1199
225 226
225 1179
226 882
227 228
227 319
228 1246
229 230
229 307
230 1053
231 232
231 357
232 864
233 139
233 234
234 902
235 236
235 1306
236 227
237 238
237 1135
238 146
239 240
239 1182
240 165
241 242
241 607
242 552
243 244
243 1274
244 1336
245 246
245 949
246 638
247 182
247 248
248 1082
249 250
249 940
250 2
251 121
251 252
252 374
253 34
253 254
254 369
255 256
255 493
256 896
257 258
257 1284
258 1462
259 260
259 1005
260 744
261 262
261 656
262 1268
263 264
263 1223
264 1568
265 266
265 1205
266 451
267 268
267 1497
268 352
269 270
269 1605
270 1073
271 272
271 1545
272 1194
273 274
273 1219
274 505
275 276
275 589
276 1390
277 278
277 781
278 38
279 280
279 496
280 1132
281 282
281 1611
282 1407
283 284
283 1473
284 841
285 286
285 924
286 704
287 208
287 288
288 1180
289 290
289 478
290 1267
291 51
291 292
292 1276
293 294
293 756
294 818
295 296
295 597
296 514
297 298
297 1588
298 1006
299 300
299 1225
300 1484
301 302
301 338
302 276
303 304
303 1337
304 118
305 175
305 306
306 1096
307 308
307 747
308 554
309 310
309 1171
310 1335
311 312
311 449
312 1254
313 314
313 372
314 1332
315 316
315 391
316 580
317 318
317 1379
318 1527
319 320
319 333
320 742
321 322
321 450
322 1432
323 324
323 660
324 1236
325 326
325 1206
326 1324
327 328
327 710
328 881
329 330
329 520
330 1456
331 219
331 332
332 1130
333 334
333 490
334 1575
335 336
335 586
336 1270
337 338
337 453
338 1521
339 340
339 379
340 1556
341 224
341 342
342 1579
343 344
343 947
344 1149
345 49
345 346
346 1310
347 348
347 1598
348 1308
349 350
349 1363
350 968
351 229
351 352
352 705
353 354
353 926
354 234
355 356
355 1164
356 134
357 358
357 1281
358 822
359 360
359 1471
360 559
361 362
361 691
362 1058
363 364
363 774
364 1351
365 366
365 511
366 884
367 368
367 612
368 572
369 370
369 549
370 376
371 372
371 1391
372 1489
373 374
373 1288
374 202
375 376
375 1481
376 400
377 378
377 1035
378 1560
379 179
379 380
380 986
381 382
381 1159
382 711
383 384
383 509
384 837
385 386
385 960
386 766
387 388
387 1468
388 530
389 390
389 1449
390 677
391 392
391 641
392 1424
393 394
393 962
394 142
395 396
395 444
396 888
397 290
397 398
398 768
399 400
399 562
400 606
401 253
401 402
402 1485
403 404
403 1439
404 699
405 406
405 942
406 1536
407 408
407 938
408 628
409 410
409 1129
410 1191
411 29
411 412
412 1367
413 414
413 1333
414 1051
415 416
415 479
416 890
417 48
417 418
418 168
419 420
419 537
420 115
421 422
421 765
422 189
423 5
423 424
424 261
425 248
425 426
426 860
427 271
427 428
428 197
429 367
429 430
430 1222
431 301
431 432
432 1102
433 434
433 1369
434 1302
435 409
435 436
436 1325
437 438
437 1077
438 510
439 440
439 680
440 1155
441 72
441 442
442 1139
443 444
443 889
444 1463
445 446
445 1495
446 1567
447 448
447 1264
448 1530
449 450
449 1011
450 312
451 353
451 452
452 294
453 454
453 623
454 1076
455 456
455 851
456 64
457 458
457 893
458 76
459 303
459 460
460 217
461 381
461 462
462 1016
463 267
463 464
464 1061
465 466
465 1563
466 1454
467 243
467 468
468 732
469 470
469 1067
470 934
471 472
471 685
472 91
473 474
473 980
474 1230
475 210
475 476
476 790
477 393
477 478
478 701
479 480
479 829
480 52
481 7
481 482
482 1541
483 484
483 489
484 1020
485 486
485 1027
486 326
487 8
487 488
488 1478
489 490
489 1157
490 791
491 41
491 492
492 1396
493 17
493 494
494 138
495 496
495 1239
496 1248
497 305
497 498
498 1113
499 500
499 1492
500 316
501 502
501 1419
502 838
503 177
503 504
504 1606
505 506
505 639
506 324
507 508
507 979
508 996
509 181
509 510
510 300
511 512
511 967
512 878
513 514
513 941
514 894
515 302
515 516
516 1535
517 518
517 1012
518 1184
519 520
519 703
520 1074
521 522
521 1488
522 1570
523 524
523 635
524 908
525 33
525 526
526 1014
527 528
527 1174
528 788
529 176
529 530
530 1375
531 532
531 1260
532 426
533 534
533 1212
534 1042
535 536
535 1309
536 906
537 482
537 538
538 1472
539 540
539 693
540 1106
541 542
541 1111
542 1596
543 544
543 1026
544 546
545 45
545 546
546 668
547 548
547 1188
548 1576
549 550
549 1044
550 244
551 15
551 552
552 808
553 137
553 554
554 1070
555 501
555 556
556 62
557 558
557 1247
558 1429
559 560
559 582
560 130
561 562
561 1372
562 1558
563 564
563 651
564 1551
565 566
565 667
566 872
567 568
567 1203
568 140
569 570
569 1315
570 1123
571 572
571 1397
572 502
573 574
573 845
574 1423
575 576
575 795
576 771
577 578
577 1464
578 789
579 580
579 985
580 1094
581 335
581 582
582 916
583 584
583 1610
584 145
585 586
585 1257
586 1234
587 588
587 1197
588 798
589 590
589 713
590 95
591 592
591 1202
592 806
593 551
593 594
594 1144
595 160
595 596
596 1430
597 439
597 598
598 1116
599 483
599 600
600 162
601 602
601 933
602 823
603 604
603 1345
604 772
605 606
605 956
606 630
607 487
607 608
608 665
609 610
609 751
610 163
611 612
611 1198
612 827
613 614
613 1207
614 611
615 413
615 616
616 592
617 297
617 618
618 422
619 472
619 620
620 166
621 503
621 622
622 1066
623 624
623 1141
624 1226
625 445
625 626
626 378
627 98
627 628
628 441
629 630
629 805
630 356
631 632
631 961
632 1503
633 314
633 634
634 260
635 299
635 636
636 797
637 535
637 638
638 669
639 640
639 1542
640 226
641 642
641 1022
642 1146
643 644
643 897
644 600
645 273
645 646
646 617
647 648
647 879
648 442
649 61
649 650
650 796
651 526
651 652
652 1577
653 420
653 654
654 1119
655 394
655 656
656 952
657 183
657 658
658 275
659 660
659 729
660 50
661 431
661 662
662 753
663 102
663 664
664 80
665 111
665 666
666 858
667 402
667 668
668 1553
669 670
669 901
670 870
671 569
671 672
672 1322
673 313
673 674
674 1030
675 676
675 773
676 995
677 678
677 792
678 616
679 481
679 680
680 1586
681 55
681 682
682 740
683 328
683 684
684 194
685 686
685 820
686 1494
687 688
687 761
688 1036
689 690
689 1320
690 330
691 692
691 1597
692 384
693 532
693 694
694 1118
695 403
695 696
696 1422
697 698
697 1414
698 6
699 700
699 1062
700 150
701 702
701 799
702 1358
703 39
703 704
704 1055
705 706
705 1321
706 46
707 153
707 708
708 1117
709 710
709 1059
710 440
711 89
711 712
712 1232
713 270
713 714
714 738
715 716
715 1233
716 1409
717 718
717 1097
718 1388
719 415
719 720
720 492
721 395
721 722
722 1259
723 408
723 724
724 1564
725 726
725 922
726 758
727 361
727 728
728 1600
729 730
729 1374
730 97
731 126
731 732
732 802
733 734
733 875
734 1490
735 736
735 1152
736 1039
737 738
737 946
738 416
739 740
739 877
740 568
741 742
741 1093
742 346
743 149
743 744
744 204
745 746
745 989
746 1608
747 485
747 748
748 1241
749 296
749 750
750 998
751 752
751 1571
752 218
753 447
753 754
754 1216
755 556
755 756
756 1362
757 293
757 758
758 468
759 187
759 760
760 454
761 716
761 762
762 1360
763 380
763 764
764 1566
765 766
765 885
766 615
767 768
767 1150
768 690
769 574
769 770
770 1114
771 772
771 1435
772 340
773 631
773 774
774 87
775 371
775 776
776 135
777 573
777 778
778 883
779 780
779 1452
780 724
781 205
781 782
782 874
783 155
783 784
784 904
785 786
785 1023
786 810
787 788
787 900
788 964
789 368
789 790
790 42
791 619
791 792
792 1453
793 498
793 794
794 1557
795 25
795 796
796 1297
797 798
797 983
798 192
799 93
799 800
800 1090
801 802
801 1080
802 1498
803 553
803 804
804 114
805 104
805 806
806 1047
807 808
807 918
808 249
809 810
809 1209
810 1565
811 812
811 1491
812 1318
813 666
813 814
814 1393
815 327
815 816
816 869
817 818
817 1215
818 1122
819 632
819 820
820 209
821 539
821 822
822 222
823 824
823 1344
824 527
825 725
825 826
826 1440
827 828
827 975
828 978
829 830
829 937
830 199
831 43
831 832
832 1520
833 834
833 1063
834 970
835 836
835 1003
836 9
837 770
837 838
838 1378
839 407
839 840
840 1158
841 647
841 842
842 410
843 844
843 1098
844 269
845 523
845 846
846 1099
847 733
847 848
848 417
849 124
849 850
850 953
851 655
851 852
852 437
853 608
853 854
854 82
855 856
855 1410
856 106
857 583
857 858
858 1327
859 317
859 860
860 1008
861 862
861 1009
862 1524
863 864
863 911
864 1466
865 866
865 1511
866 266
867 306
867 868
868 1580
869 787
869 870
870 564
871 872
871 988
872 873
873 157
873 874
874 96
875 876
875 1496
876 658
877 878
877 1411
878 158
879 277
879 880
880 515
881 414
881 882
882 1416
883 884
883 1594
884 1242
885 886
885 1107
886 715
887 347
887 888
888 1043
889 890
889 1383
890 512
891 283
891 892
892 561
893 894
893 905
894 801
895 896
895 921
896 1210
897 898
897 1474
898 362
899 900
899 1599
900 596
901 240
901 902
902 1068
903 354
903 904
904 1138
905 83
905 906
906 110
907 541
907 908
908 920
909 868
909 910
910 40
911 421
911 912
912 392
913 292
913 914
914 844
915 709
915 916
916 315
917 274
917 918
918 278
919 268
919 920
920 683
921 922
921 1399
922 1455
923 924
923 1348
924 200
925 695
925 926
926 1128
927 928
927 1079
928 1204
929 86
929 930
930 957
931 736
931 932
932 757
933 934
933 1508
934 1550
935 584
935 936
936 531
937 927
937 938
938 1148
939 940
939 1380
940 122
941 942
941 1569
942 999
943 588
943 944
944 720
945 85
945 946
946 1483
947 913
947 948
948 912
949 950
949 1243
950 256
951 831
951 952
952 59
953 954
953 1296
954 366
955 627
955 956
956 370
957 92
957 958
958 90
959 960
959 1101
960 1256
961 375
961 962
962 1543
963 286
963 964
964 475
965 966
965 1445
966 215
967 968
967 1403
968 429
969 970
969 1392
970 734
971 507
971 972
972 1305
973 974
973 1186
974 1208
975 976
975 1427
976 644
977 745
977 978
978 232
979 980
979 1151
980 1459
981 171
981 982
982 1446
983 9
983 984
984 397
985 471
985 986
986 856
987 144
987 988
988 382
989 387
989 990
990 107
991 265
991 992
992 1546
993 994
993 1595
994 133
995 996
995 1517
996 1402
997 998
997 1421
998 726
999 1000
999 1519
1000 280
1001 213
1001 1002
1002 1461
1003 263
1003 1004
1004 174
1005 609
1005 1006
1006 1048
1007 931
1007 1008
1008 406
1009 1010
1009 1408
1010 997
1011 1012
1011 1220
1012 246
1013 915
1013 1014
1014 443
1015 1016
1015 1585
1016 650
1017 1018
1017 1032
1018 258
1019 590
1019 1020
1020 760
1021 1022
1021 1349
1022 1060
1023 935
1023 1024
1024 32
1025 1026
1025 1447
1026 1088
1027 1028
1027 1457
1028 1300
1029 343
1029 1030
1030 954
1031 1032
1031 1301
1032 342
1033 708
1033 1034
1034 1572
1035 833
1035 1036
1036 1056
1037 746
1037 1038
1038 279
1039 973
1039 1040
1040 1153
1041 99
1041 1042
1042 383
1043 662
1043 1044
1044 1028
1045 348
1045 1046
1046 702
1047 1048
1047 1510
1048 698
1049 807
1049 1050
1050 828
1051 1017
1051 1052
1052 1394
1053 614
1053 1054
1054 508
1055 282
1055 1056
1056 1004
1057 1058
1057 1355
1058 180
1059 259
1059 1060
1060 1469
1061 1062
1061 1255
1062 132
1063 1064
1063 1555
1064 1512
1065 304
1065 1066
1066 1582
1067 519
1067 1068
1068 855
1069 488
1069 1070
1070 521
1071 117
1071 1072
1072 65
1073 955
1073 1074
1074 780
1075 1007
1075 1076
1076 30
1077 262
1077 1078
1078 484
1079 233
1079 1080
1080 1504
1081 325
1081 1082
1082 1368
1083 1084
1083 1183
1084 1382
1085 659
1085 1086
1086 1404
1087 81
1087 1088
1088 1486
1089 1090
1089 1604
1090 958
1091 1092
1091 1265
1092 1075
1093 777
1093 1094
1094 836
1095 1096
1095 1513
1096 737
1097 257
1097 1098
1098 129
1099 839
1099 1100
1100 1229
1101 1102
1101 1299
1102 735
1103 1104
1103 1509
1104 1136
1105 1106
1105 1501
1106 1176
1107 311
1107 1108
1108 928
1109 1110
1109 1592
1110 1316
1111 1112
1111 1364
1112 1365
1113 433
1113 1114
1114 654
1115 1116
1115 1534
1116 350
1117 565
1117 1118
1118 22
1119 386
1119 1120
1120 605
1121 44
1121 1122
1122 812
1123 945
1123 1124
1124 1448
1125 1041
1125 1126
1126 847
1127 721
1127 1128
1128 434
1129 251
1129 1130
1130 355
1131 534
1131 1132
1132 1140
1133 1134
1133 1549
1134 68
1135 1136
1135 1165
1136 1065
1137 739
1137 1138
1138 696
1139 1024
1139 1140
1140 990
1141 719
1141 1142
1142 943
1143 610
1143 1144
1144 418
1145 687
1145 1146
1146 1450
1147 1085
1147 1148
1148 1168
1149 848
1149 1150
1150 1142
1151 291
1151 1152
1152 1131
1153 518
1153 1154
1154 323
1155 1156
1155 1381
1156 67
1157 675
1157 1158
1158 1499
1159 1160
1159 1373
1160 349
1161 1162
1161 1547
1162 1338
1163 1164
1163 1401
1164 1166
1165 613
1165 1166
1166 871
1167 1168
1167 1366
1168 1417
1169 169
1169 1170
1170 1359
1171 47
1171 1172
1172 1052
1173 1087
1173 1174
1174 1458
1175 593
1175 1176
1176 974
1177 972
1177 1178
1178 1029
1179 1180
1179 1574
1180 840
1181 1182
1181 1529
1182 1438
1183 1169
1183 1184
1184 876
1185 1186
1185 1591
1186 1420
1187 1188
1187 1451
1188 436
1189 835
1189 1190
1190 811
1191 748
1191 1192
1192 1193
1193 411
1193 1194
1194 238
1195 1196
1195 1613
1196 657
1197 1198
1197 1347
1198 1400
1199 464
1199 1200
1200 203
1201 1143
1201 1202
1202 332
1203 1190
1203 1204
1204 706
1205 861
1205 1206
1206 700
1207 775
1207 1208
1208 36
1209 237
1209 1210
1210 1538
1211 1212
1211 1387
1212 817
1213 388
1213 1214
1214 1554
1215 1216
1215 1573
1216 56
1217 545
1217 1218
1218 1286
1219 497
1219 1220
1220 1371
1221 239
1221 1222
1222 247
1223 891
1223 1224
1224 984
1225 389
1225 1226
1226 156
1227 1095
1227 1228
1228 101
1229 622
1229 1230
1230 188
1231 1232
1231 1479
1232 424
1233 602
1233 1234
1234 404
1235 1137
1235 1236
1236 1340
1237 1238
1237 1433
1238 1292
1239 321
1239 1240
1240 640
1241 465
1241 1242
1242 1018
1243 776
1243 1244
1244 1405
1245 23
1245 1246
1246 1395
1247 331
1247 1248
1248 287
1249 849
1249 1250
1250 438
1251 517
1251 1252
1252 1262
1253 887
1253 1254
1254 1072
1255 84
1255 1256
1256 1224
1257 212
1257 1258
1258 1250
1259 543
1259 1260
1260 925
1261 116
1261 1262
1262 452
1263 14
1263 1264
1264 53
1265 1031
1265 1266
1266 1112
1267 749
1267 1268
1268 909
1269 1040
1269 1270
1270 1350
1271 1272
1271 1470
1272 1069
1273 1221
1273 1274
1274 228
1275 653
1275 1276
1276 843
1277 1251
1277 1278
1278 1330
1279 1178
1279 1280
1280 1522
1281 1282
1281 1587
1282 533
1283 959
1283 1284
1284 993
1285 16
1285 1286
1286 1034
1287 461
1287 1288
1288 755
1289 377
1289 1290
1290 604
1291 1245
1291 1292
1292 1418
1293 1163
1293 1294
1294 577
1295 1296
1295 1341
1296 486
1297 3
1297 1298
1298 1010
1299 727
1299 1300
1300 207
1301 1302
1301 1425
1302 692
1303 689
1303 1304
1304 1537
1305 1253
1305 1306
1306 119
1307 1064
1307 1308
1308 71
1309 141
1309 1310
1310 963
1311 1312
1311 1384
1312 113
1313 914
1313 1314
1314 939
1315 1316
1315 1385
1316 1406
1317 1318
1317 1436
1318 1046
1319 1283
1319 1320
1320 60
1321 1231
1321 1322
1322 5
1323 1147
1323 1324
1324 633
1325 1326
1325 1540
1326 784
1327 1328
1327 1493
1328 288
1329 21
1329 1330
1330 1516
1331 825
1331 1332
1332 398
1333 94
1333 1334
1334 1514
1335 341
1335 1336
1336 992
1337 809
1337 1338
1338 1252
1339 1213
1339 1340
1340 578
1341 1342
1341 1357
1342 198
1343 1344
1343 1353
1344 778
1345 1346
1345 1444
1346 821
1347 671
1347 1348
1348 743
1349 57
1349 1350
1350 629
1351 529
1351 1352
1352 1266
1353 1331
1353 1354
1354 154
1355 1356
1355 1593
1356 432
1357 1189
1357 1358
1358 642
1359 646
1359 1360
1360 684
1361 225
1361 1362
1362 1578
1363 1364
1363 1505
1364 462
1365 1237
1365 1366
1366 536
1367 544
1367 1368
1368 10
1369 469
1369 1370
1370 637
1371 591
1371 1372
1372 1269
1373 929
1373 1374
1374 1583
1375 37
1375 1376
1376 1037
1377 284
1377 1378
1378 966
1379 857
1379 1380
1380 898
1381 1025
1381 1382
1382 991
1383 1161
1383 1384
1384 645
1385 1001
1385 1386
1386 123
1387 1287
1387 1388
1388 1133
1389 903
1389 1390
1390 1342
1391 1083
1391 1392
1392 241
1393 982
1393 1394
1394 1
1395 1396
1395 1552
1396 1328
1397 1228
1397 1398
1398 682
1399 1104
1399 1400
1400 830
1401 649
1401 1402
1402 764
1403 1404
1403 1465
1404 474
1405 524
1405 1406
1406 1019
1407 1192
1407 1408
1408 672
1409 936
1409 1410
1410 1045
1411 412
1411 1412
1412 1480
1413 186
1413 1414
1414 500
1415 1195
1415 1416
1416 1218
1417 473
1417 1418
1418 783
1419 1170
1419 1420
1420 846
1421 1105
1421 1422
1422 1602
1423 581
1423 1424
1424 1172
1425 359
1425 1426
1426 854
1427 558
1427 1428
1428 334
1429 320
1429 1430
1430 688
1431 863
1431 1432
1432 1443
1433 360
1433 1434
1434 1298
1435 151
1435 1436
1436 1049
1437 1438
1437 1539
1438 1329
1439 499
1439 1440
1440 585
1441 427
1441 1442
1442 1303
1443 336
1443 1444
1444 786
1445 1121
1445 1446
1446 1523
1447 722
1447 1448
1448 1426
1449 419
1449 1450
1450 1244
1451 1196
1451 1452
1452 345
1453 1280
1453 1454
1454 528
1455 865
1455 1456
1456 548
1457 1125
1457 1458
1458 255
1459 385
1459 1460
1460 603
1461 1134
1461 1462
1462 750
1463 1173
1463 1464
1464 1162
1465 1185
1465 1466
1466 763
1467 1275
1467 1468
1468 1506
1469 598
1469 1470
1470 1290
1471 463
1471 1472
1472 329
1473 563
1473 1474
1474 930
1475 12
1475 1476
1476 676
1477 11
1477 1478
1478 308
1479 74
1479 1480
1480 136
1481 363
1481 1482
1482 1507
1483 731
1483 1484
1484 674
1485 1160
1485 1486
1486 147
1487 1177
1487 1488
1488 1258
1489 785
1489 1490
1490 595
1491 1273
1491 1492
1492 112
1493 567
1493 1494
1494 816
1495 1115
1495 1496
1496 1356
1497 679
1497 1498
1498 10
1499 850
1499 1500
1500 620
1501 66
1501 1502
1502 399
1503 125
1503 1504
1504 272
1505 994
1505 1506
1506 895
1507 1311
1507 1508
1508 196
1509 337
1509 1510
1510 1240
1511 1512
1511 1528
1512 794
1513 625
1513 1514
1514 880
1515 322
1515 1516
1516 242
1517 79
1517 1518
1518 236
1519 832
1519 1520
1520 1581
1521 24
1521 1522
1522 35
1523 944
1523 1524
1524 167
1525 281
1525 1526
1526 364
1527 211
1527 1528
1528 1354
1529 143
1529 1530
1530 1078
1531 769
1531 1532
1532 70
1533 459
1533 1534
1534 1476
1535 648
1535 1536
1536 103
1537 1434
1537 1538
1538 425
1539 1277
1539 1540
1540 88
1541 1201
1541 1542
1542 4
1543 1015
1543 1544
1544 634
1545 1546
1545 1603
1546 170
1547 717
1547 1548
1548 1109
1549 555
1549 1550
1550 815
1551 1307
1551 1552
1552 1271
1553 127
1553 1554
1554 664
1555 1084
1555 1556
1556 172
1557 480
1557 1558
1558 1108
1559 1415
1559 1560
1560 697
1561 626
1561 1562
1562 550
1563 557
1563 1564
1564 476
1565 1294
1565 1566
1566 566
1567 289
1567 1568
1568 254
1569 159
1569 1570
1570 1532
1571 707
1571 1572
1572 18
1573 1574
1573 1589
1574 842
1575 495
1575 1576
1576 862
1577 1002
1577 1578
1578 723
1579 762
1579 1580
1580 814
1581 1261
1581 1582
1582 866
1583 1526
1583 1584
1584 1544
1585 513
1585 1586
1586 1282
1587 570
1587 1588
1588 77
1589 965
1589 1590
1590 542
1591 201
1591 1592
1592 491
1593 1227
1593 1594
1594 245
1595 351
1595 1596
1596 206
1597 969
1597 1598
1598 681
1599 803
1599 1600
1600 1437
1601 458
1601 1602
1602 20
1603 460
1603 1604
1604 1211
1605 579
1605 1606
1606 358
1607 1092
1607 1608
1608 892
1609 1477
1609 1610
1610 1525
1611 173
1611 1612
1612 193
1613 899
1613 1614
1614 678
