0 265
0 485
1 605
1 1229
3 402
3 1494
4 26
4 1122
5 982
6 682
9 779
9 1589
10 499
10 1199
12 251
11 182
13 505
13 1347
15 1433
15 1585
17 298
17 1017
19 339
19 1523
21 455
21 1037
23 24
23 977
24 612
25 26
25 947
26 826
27 28
27 1576
28 604
29 30
29 962
30 830
31 32
31 587
32 107
33 34
33 1136
34 1132
35 36
35 1245
36 1066
37 38
37 79
38 93
39 40
39 297
40 602
41 42
41 119
42 337
43 44
43 563
44 100
45 46
45 1463
46 1213
47 11
47 48
48 773
49 50
49 490
50 642
51 52
51 1087
52 742
53 54
53 837
54 489
55 56
55 699
56 1163
57 1
57 58
58 1308
59 60
59 681
60 1252
61 62
61 1016
62 1546
63 64
63 531
64 1378
65 66
65 906
66 732
67 68
67 325
68 238
69 70
69 1583
70 1207
71 72
71 424
72 6
73 74
73 406
74 220
75 76
75 855
76 910
77 73
77 78
78 996
79 80
79 1125
80 362
81 82
81 501
82 332
83 84
83 720
84 138
85 86
85 470
86 584
87 88
87 1146
88 462
89 90
89 1039
90 1460
91 92
91 817
92 803
93 94
93 580
94 245
95 96
95 787
96 1278
97 98
97 104
98 1329
99 100
99 1065
100 34
101 102
101 1057
102 129
103 104
103 843
104 39
105 106
105 976
106 641
107 108
107 1493
108 439
109 110
109 581
110 1603
111 112
111 1239
112 336
113 114
113 1121
114 845
115 116
115 911
116 266
117 118
117 870
118 383
119 108
119 120
120 1147
121 42
121 122
122 1120
123 124
123 1480
124 652
125 126
125 577
126 1512
127 128
127 530
128 743
129 130
129 957
130 1397
131 132
131 847
132 274
133 134
133 813
134 1261
135 136
135 952
136 1498
137 138
137 1393
138 1464
139 140
139 618
140 1474
141 142
141 963
142 1594
143 144
143 431
144 278
145 146
145 948
146 1323
147 148
147 988
148 171
149 150
149 185
150 1040
151 122
151 152
152 1182
153 154
153 316
154 124
155 156
155 1564
156 658
157 158
157 475
158 756
159 160
159 386
160 76
161 110
161 162
162 1430
163 164
163 819
164 1326
165 166
165 675
166 1458
167 168
167 201
168 971
169 170
169 797
170 726
171 172
171 1048
172 798
173 174
173 1582
174 452
175 176
175 509
176 1304
177 178
177 965
178 150
179 180
179 1009
180 1395
181 97
181 182
182 89
183 184
183 680
184 160
185 186
185 747
186 148
187 24
187 188
188 1291
189 190
189 1355
190 539
191 192
191 1375
192 902
193 194
193 513
194 1573
195 178
195 196
196 811
197 198
197 1402
198 168
199 81
199 200
200 407
201 202
201 1224
202 1177
203 204
203 209
204 1500
205 206
205 1350
206 1270
207 63
207 208
208 1021
209 210
209 1003
210 364
211 212
211 321
212 600
213 214
213 1092
214 598
215 216
215 1332
216 22
217 218
217 1314
218 219
219 220
219 1268
220 1112
221 222
221 593
222 741
223 164
223 224
224 730
225 226
225 423
226 697
227 228
227 1601
228 1470
229 230
229 497
230 1587
231 232
231 891
232 1030
233 234
233 267
234 646
235 236
235 438
236 248
237 238
237 1562
238 314
239 153
239 240
240 872
241 242
241 821
242 1591
243 244
243 427
244 1426
245 246
245 323
246 1154
247 248
247 895
248 1436
249 250
249 1443
250 1490
251 252
251 1190
252 413
253 254
253 1388
254 736
255 217
255 256
256 1220
257 258
257 421
258 1013
259 260
259 708
260 664
261 262
261 880
262 552
263 264
263 1320
264 1076
265 266
265 809
266 262
267 47
267 268
268 788
269 270
269 1019
270 1248
271 272
271 1059
272 7
273 165
273 274
274 1502
275 276
275 1345
276 418
277 278
277 1002
278 176
279 65
279 280
280 905
281 282
281 709
282 698
283 284
283 1074
284 83
285 286
285 1417
286 167
287 288
287 1063
288 425
289 290
289 816
290 1343
291 292
291 1368
292 547
293 294
293 353
294 892
295 296
295 1349
296 327
297 298
297 796
298 54
299 300
299 1309
300 184
301 302
301 1312
302 1518
303 304
303 929
304 729
305 306
305 937
306 36
307 113
307 308
308 1014
309 310
309 657
310 382
311 312
311 467
312 198
313 314
313 737
314 614
315 316
315 432
316 549
317 318
317 917
318 764
319 320
319 1089
320 449
321 322
321 926
322 695
323 324
323 761
324 568
325 326
325 1611
326 1398
327 230
327 328
328 82
329 330
329 1208
330 1105
331 332
331 861
332 1038
333 334
333 1539
334 578
335 315
335 336
336 116
337 105
337 338
338 132
339 340
339 1189
340 818
341 342
341 770
342 228
343 344
343 974
344 387
345 137
345 346
346 272
347 85
347 348
348 204
349 67
349 350
350 1327
351 352
351 1529
352 1086
353 354
353 561
354 550
355 347
355 356
356 634
357 358
357 491
358 524
359 360
359 1466
360 1096
361 362
361 727
362 1399
363 364
363 1062
364 516
365 366
365 1330
366 464
367 368
367 597
368 481
369 370
369 907
370 1064
371 227
371 372
372 673
373 374
373 901
374 1469
375 376
375 528
376 1172
377 378
377 921
378 684
379 170
379 380
380 1088
381 382
381 442
382 570
383 159
383 384
384 299
385 386
385 609
386 560
387 66
387 388
388 1107
389 390
389 1233
390 294
391 392
391 1365
392 346
393 394
393 1149
394 1028
395 380
395 396
396 1214
397 398
397 1590
398 2
399 400
399 1195
400 1428
401 402
401 511
402 566
403 404
403 981
404 666
405 109
405 406
406 1187
407 408
407 854
408 541
409 271
409 410
410 268
411 412
411 1504
412 56
413 120
413 414
414 1128
415 416
415 1521
416 1491
417 291
417 418
418 1230
419 420
419 1101
420 173
421 377
421 422
422 1175
423 424
423 810
424 1577
425 112
425 426
426 662
427 319
427 428
428 1465
429 430
429 1077
430 555
431 189
431 432
432 1093
433 434
433 454
434 312
435 436
435 1563
436 482
437 438
437 1331
438 893
439 440
439 1607
440 142
441 229
441 442
442 651
443 444
443 973
444 914
445 61
445 446
446 1090
447 408
447 448
448 254
449 450
449 1100
450 140
451 452
451 672
452 244
453 365
453 454
454 808
455 456
455 1318
456 802
457 458
457 863
458 154
459 177
459 460
460 836
461 462
461 1325
462 416
463 464
463 795
464 1174
465 466
465 537
466 592
467 468
467 1471
468 1488
469 470
469 471
470 601
471 99
471 472
472 1284
473 393
473 474
474 899
475 476
475 823
476 1572
477 478
477 1069
478 1444
479 480
479 1235
480 448
481 482
481 1110
482 960
483 461
483 484
484 1356
485 486
485 1211
486 1453
487 488
487 1168
488 1292
489 490
489 1556
490 898
491 492
491 715
492 1604
493 494
493 1184
494 1608
495 259
495 496
496 943
497 57
497 498
498 1560
499 225
499 500
500 273
501 502
501 1595
502 1140
503 504
503 558
504 1522
505 506
505 1234
506 1114
507 322
507 508
508 253
509 510
509 1133
510 329
511 149
511 512
512 1348
513 9
513 514
514 1414
515 516
515 776
516 1396
517 518
517 805
518 264
519 520
519 1203
520 1558
521 522
521 1167
522 1264
523 524
523 1246
524 1276
525 237
525 526
526 310
527 528
527 1253
528 158
529 530
529 1421
530 1339
531 532
531 999
532 731
533 405
533 534
534 186
535 536
535 571
536 428
537 538
537 1600
538 256
539 540
539 1410
540 1259
541 542
541 714
542 196
543 544
543 615
544 1497
545 546
545 1419
546 500
547 548
547 1164
548 62
549 550
549 1204
550 20
551 552
551 557
552 27
553 197
553 554
554 656
555 117
555 556
556 498
557 207
557 558
558 80
559 560
559 1319
560 688
561 280
561 562
562 1285
563 564
563 1383
564 344
565 275
565 566
566 1271
567 451
567 568
568 14
569 357
569 570
570 628
571 572
571 733
572 527
573 134
573 574
574 1260
575 494
575 576
576 296
577 578
577 1357
578 1000
579 580
579 876
580 106
581 582
581 1477
582 1099
583 584
583 1084
584 644
585 586
585 1369
586 250
587 588
587 1537
588 1588
589 590
589 987
590 1452
591 59
591 592
592 1176
593 12
593 594
594 705
595 350
595 596
596 503
597 598
597 1001
598 1058
599 600
599 1231
600 394
601 602
601 1217
602 1047
603 604
603 1360
604 206
605 606
605 1425
606 234
607 15
607 608
608 84
609 572
609 610
610 1015
611 612
611 1216
612 286
613 302
613 614
614 986
615 125
615 616
616 576
617 618
617 1437
618 166
619 620
619 1554
620 1362
621 622
621 1575
622 781
623 529
623 624
624 874
625 289
625 626
626 1370
627 628
627 671
628 1298
629 630
629 1434
630 719
631 632
631 1288
632 515
633 634
633 1078
634 674
635 636
635 1212
636 417
637 523
637 638
638 1570
639 640
639 862
640 1046
641 642
641 1549
642 1202
643 644
643 1097
644 1225
645 466
645 646
646 1170
647 648
647 975
648 1540
649 141
649 650
650 508
651 372
651 652
652 49
653 654
653 1517
654 994
655 610
655 656
656 3
657 459
657 658
658 840
659 25
659 660
660 589
661 169
661 662
662 1242
663 664
663 1363
664 1552
665 205
665 666
666 972
667 627
667 668
668 980
669 670
669 1275
670 1386
671 672
671 827
672 794
673 674
673 1053
674 885
675 624
675 676
676 276
677 574
677 678
678 4
679 680
679 969
680 487
681 521
681 682
682 318
683 684
683 991
684 395
685 686
685 1129
686 118
687 638
687 688
688 800
689 331
689 690
690 6
691 692
691 1487
692 1606
693 694
693 1011
694 1533
695 696
695 940
696 1467
697 188
697 698
698 564
699 700
699 868
700 886
701 702
701 725
702 8
703 704
703 1505
704 43
705 706
705 1367
706 1272
707 355
707 708
708 1289
709 710
709 858
710 1450
711 389
711 712
712 1328
713 714
713 890
714 599
715 716
715 1411
716 723
717 718
717 1431
718 655
719 281
719 720
720 582
721 304
721 722
722 330
723 724
723 1155
724 1256
725 419
725 726
726 846
727 728
727 1479
728 1361
729 730
729 998
730 645
731 732
731 1139
732 932
733 734
733 1584
734 12
735 736
735 1462
736 903
737 738
737 941
738 760
739 649
739 740
740 16
741 633
741 742
742 183
743 669
743 744
744 692
745 650
745 746
746 214
747 748
747 769
748 144
749 750
749 989
750 1251
751 752
751 1085
752 96
753 68
753 754
754 924
755 292
755 756
756 478
757 758
757 1103
758 1359
759 277
759 760
760 5
761 762
761 1153
762 472
763 764
763 1130
764 1614
765 575
765 766
766 1083
767 401
767 768
768 611
769 770
769 1091
770 156
771 307
771 772
772 1079
773 774
773 1400
774 50
775 92
775 776
776 311
777 778
777 1457
778 1145
779 179
779 780
780 60
781 782
781 1178
782 1222
783 300
783 784
784 896
785 786
785 1418
786 884
787 788
787 897
788 1372
789 287
789 790
790 535
791 792
791 1538
792 1334
793 623
793 794
794 1602
795 796
795 879
796 1507
797 798
797 995
798 722
799 507
799 800
800 1449
801 802
801 1448
802 434
803 385
803 804
804 345
805 689
805 806
806 457
807 367
807 808
808 1072
809 810
809 1141
810 443
811 812
811 1055
812 1266
813 767
813 814
814 306
815 816
815 1317
816 944
817 818
817 1519
818 853
819 447
819 820
820 436
821 822
821 1475
822 573
823 313
823 824
824 801
825 826
825 1020
826 1286
827 828
827 1427
828 1406
829 830
829 1499
830 620
831 771
831 832
832 608
833 834
833 1051
834 444
835 691
835 836
836 702
837 320
837 838
838 1376
839 840
839 1551
840 1445
841 101
841 842
842 152
843 844
843 1081
844 1358
845 846
845 1180
846 878
847 848
847 1194
848 992
849 668
849 850
850 603
851 595
851 852
852 1446
853 854
853 918
854 1124
855 856
855 1384
856 942
857 111
857 858
858 48
859 223
859 860
860 208
861 862
861 1005
862 1527
863 864
863 867
864 1482
865 619
865 866
866 938
867 868
867 1481
868 13
869 870
869 1035
870 594
871 872
871 1115
872 1568
873 361
873 874
874 1423
875 295
875 876
876 1031
877 878
877 1067
878 135
879 880
879 1061
880 835
881 643
881 882
882 1109
883 147
883 884
884 78
885 410
885 886
886 1593
887 888
887 1025
888 780
889 890
889 1273
890 390
891 734
891 892
892 285
893 670
893 894
894 1134
895 896
895 1142
896 1118
897 639
897 898
898 1116
899 71
899 900
900 504
901 745
901 902
902 1534
903 904
903 1580
904 358
905 906
905 983
906 701
907 45
907 908
908 546
909 10
909 910
910 474
911 52
911 912
912 1456
913 44
913 914
914 588
915 916
915 1250
916 232
917 918
917 1506
918 1049
919 533
919 920
920 496
921 551
921 922
922 391
923 913
923 924
924 676
925 279
925 926
926 1513
927 133
927 928
928 308
929 91
929 930
930 398
931 40
931 932
932 114
933 446
933 934
934 852
935 881
935 936
936 1511
937 700
937 938
938 1526
939 11
939 940
940 778
941 942
941 1605
942 1236
943 222
943 944
944 757
945 946
945 1104
946 792
947 69
947 948
948 1581
949 553
949 950
950 450
951 282
951 952
952 706
953 922
953 954
954 1296
955 956
955 1553
956 1439
957 958
957 1223
958 1258
959 785
959 960
960 1060
961 488
961 962
962 88
963 721
963 964
964 1022
965 75
965 966
966 1032
967 968
967 1135
968 1586
969 685
969 970
970 677
971 972
971 1532
972 554
973 98
973 974
974 1403
975 976
975 1018
976 822
977 978
977 1254
978 538
979 980
979 1483
980 848
981 982
981 1156
982 1232
983 335
983 984
984 1126
985 235
985 986
986 838
987 988
987 1197
988 1342
989 990
989 1267
990 195
991 435
991 992
992 647
993 994
993 1241
994 1610
995 758
995 996
996 724
997 241
997 998
998 103
999 635
999 1000
1000 1492
1001 1002
1001 1150
1002 543
1003 920
1003 1004
1004 1316
1005 993
1005 1006
1006 1302
1007 759
1007 1008
1008 1012
1009 31
1009 1010
1010 86
1011 1012
1011 1196
1012 1476
1013 933
1013 1014
1014 426
1015 495
1015 1016
1016 263
1017 1018
1017 1138
1018 728
1019 864
1019 1020
1020 1416
1021 626
1021 1022
1022 458
1023 1024
1023 1495
1024 221
1025 483
1025 1026
1026 32
1027 1028
1027 1159
1028 586
1029 1030
1029 1237
1030 1324
1031 1032
1031 1531
1032 94
1033 1034
1033 1054
1034 525
1035 1036
1035 1307
1036 851
1037 210
1037 1038
1038 1106
1039 1023
1039 1040
1040 1322
1041 369
1041 1042
1042 544
1043 403
1043 1044
1044 894
1045 707
1045 1046
1046 834
1047 371
1047 1048
1048 735
1049 1050
1049 1340
1050 64
1051 1052
1051 1082
1052 1186
1053 1054
1053 1277
1054 53
1055 191
1055 1056
1056 437
1057 1058
1057 1315
1058 934
1059 1060
1059 1451
1060 548
1061 422
1061 1062
1062 317
1063 473
1063 1064
1064 762
1065 925
1065 1066
1066 74
1067 1068
1067 1117
1068 29
1069 1070
1069 1305
1070 766
1071 409
1071 1072
1072 629
1073 591
1073 1074
1074 1435
1075 617
1075 1076
1076 343
1077 869
1077 1078
1078 199
1079 1080
1079 1409
1080 622
1081 486
1081 1082
1082 445
1083 1084
1083 1249
1084 888
1085 953
1085 1086
1086 749
1087 1088
1087 1478
1088 1404
1089 804
1089 1090
1090 958
1091 19
1091 1092
1092 654
1093 194
1093 1094
1094 340
1095 955
1095 1096
1096 236
1097 1098
1097 1597
1098 240
1099 583
1099 1100
1100 1420
1101 243
1101 1102
1102 453
1103 1007
1103 1104
1104 1377
1105 1106
1105 1391
1106 1566
1107 1010
1107 1108
1108 476
1109 224
1109 1110
1110 850
1111 1112
1111 1535
1112 954
1113 351
1113 1114
1114 1514
1115 412
1115 1116
1116 514
1117 1118
1117 1547
1118 376
1119 70
1119 1120
1120 753
1121 1122
1121 1545
1122 928
1123 1124
1123 1263
1124 1613
1125 679
1125 1126
1126 738
1127 1071
1127 1128
1128 1148
1129 1130
1129 1374
1130 261
1131 1132
1131 1459
1132 833
1133 397
1133 1134
1134 1244
1135 919
1135 1136
1136 607
1137 967
1137 1138
1138 1287
1139 936
1139 1140
1140 1557
1141 875
1141 1142
1142 1336
1143 1144
1143 1461
1144 1280
1145 38
1145 1146
1146 754
1147 1148
1147 1303
1148 877
1149 143
1149 1150
1150 1045
1151 579
1151 1152
1152 1364
1153 806
1153 1154
1154 212
1155 463
1155 1156
1156 1183
1157 1158
1157 1598
1158 1354
1159 717
1159 1160
1160 915
1161 616
1161 1162
1162 912
1163 87
1163 1164
1164 959
1165 1166
1165 1510
1166 1555
1167 1027
1167 1168
1168 765
1169 284
1169 1170
1170 825
1171 517
1171 1172
1172 1181
1173 255
1173 1174
1174 301
1175 1176
1175 1311
1176 1344
1177 1131
1177 1178
1178 1052
1179 751
1179 1180
1180 824
1181 151
1181 1182
1182 1392
1183 479
1183 1184
1184 1226
1185 399
1185 1186
1186 420
1187 115
1187 1188
1188 218
1189 233
1189 1190
1190 363
1191 518
1191 1192
1192 1346
1193 637
1193 1194
1194 831
1195 1196
1195 1407
1196 55
1197 997
1197 1198
1198 667
1199 33
1199 1200
1200 1509
1201 713
1201 1202
1202 1290
1203 1151
1203 1204
1204 290
1205 1206
1205 1454
1206 18
1207 252
1207 1208
1208 1166
1209 828
1209 1210
1210 630
1211 333
1211 1212
1212 1333
1213 370
1213 1214
1214 1486
1215 909
1215 1216
1216 1579
1217 1073
1217 1218
1218 366
1219 1220
1219 1543
1220 510
1221 585
1221 1222
1222 744
1223 653
1223 1224
1224 430
1225 946
1225 1226
1226 740
1227 341
1227 1228
1228 690
1229 534
1229 1230
1230 1473
1231 1232
1231 1542
1232 480
1233 659
1233 1234
1234 1574
1235 1236
1235 1313
1236 283
1237 41
1237 1238
1238 1536
1239 1193
1239 1240
1240 712
1241 748
1241 1242
1242 1528
1243 841
1243 1244
1244 342
1245 857
1245 1246
1246 293
1247 772
1247 1248
1248 328
1249 1080
1249 1250
1250 755
1251 506
1251 1252
1252 752
1253 1254
1253 1569
1254 484
1255 970
1255 1256
1256 842
1257 1238
1257 1258
1258 812
1259 28
1259 1260
1260 1205
1261 356
1261 1262
1262 1158
1263 1264
1263 1609
1264 814
1265 181
1265 1266
1266 1008
1267 1247
1267 1268
1268 949
1269 1171
1269 1270
1270 1380
1271 360
1271 1272
1272 1227
1273 1179
1273 1274
1274 1422
1275 1033
1275 1276
1276 1240
1277 1006
1277 1278
1278 379
1279 1123
1279 1280
1280 791
1281 215
1281 1282
1282 396
1283 359
1283 1284
1284 246
1285 77
1285 1286
1286 964
1287 349
1287 1288
1288 935
1289 1290
1289 1387
1290 904
1291 1036
1291 1292
1292 1550
1293 1137
1293 1294
1294 72
1295 718
1295 1296
1296 1050
1297 1279
1297 1298
1298 46
1299 660
1299 1300
1300 200
1301 23
1301 1302
1302 502
1303 226
1303 1304
1304 1152
1305 17
1305 1306
1306 961
1307 1308
1307 1401
1308 249
1309 1310
1309 1321
1310 378
1311 873
1311 1312
1312 130
1313 1041
1313 1314
1314 1405
1315 51
1315 1316
1316 324
1317 1243
1317 1318
1318 865
1319 793
1319 1320
1320 338
1321 1322
1321 1408
1322 433
1323 916
1323 1324
1324 1352
1325 768
1325 1326
1326 1068
1327 414
1327 1328
1328 1294
1329 927
1329 1330
1330 1301
1331 1332
1331 1424
1332 526
1333 739
1333 1334
1334 126
1335 239
1335 1336
1336 1599
1337 493
1337 1338
1338 468
1339 887
1339 1340
1340 242
1341 1342
1341 1432
1342 923
1343 596
1343 1344
1344 1489
1345 1346
1345 1455
1346 348
1347 945
1347 1348
1348 269
1349 1350
1349 1447
1350 1215
1351 1299
1351 1352
1352 270
1353 381
1353 1354
1354 860
1355 711
1355 1356
1356 58
1357 213
1357 1358
1358 192
1359 1257
1359 1360
1360 1160
1361 636
1361 1362
1362 1442
1363 1351
1363 1364
1364 799
1365 1265
1365 1366
1366 704
1367 202
1367 1368
1368 1413
1369 829
1369 1370
1370 1004
1371 777
1371 1372
1372 556
1373 889
1373 1374
1374 567
1375 492
1375 1376
1376 746
1377 352
1377 1378
1378 1390
1379 1306
1379 1380
1380 1484
1381 590
1381 1382
1382 392
1383 1075
1383 1384
1384 1209
1385 1173
1385 1386
1386 440
1387 1341
1387 1388
1388 1565
1389 203
1389 1390
1390 950
1391 844
1391 1392
1392 606
1393 1024
1393 1394
1394 1412
1395 1396
1395 1503
1396 871
1397 990
1397 1398
1398 465
1399 121
1399 1400
1400 763
1401 127
1401 1402
1402 694
1403 856
1403 1404
1404 1571
1405 632
1405 1406
1406 123
1407 790
1407 1408
1408 1381
1409 1094
1409 1410
1410 1592
1411 683
1411 1412
1412 956
1413 1335
1413 1414
1414 1578
1415 90
1415 1416
1416 1228
1417 1385
1417 1418
1418 1098
1419 519
1419 1420
1420 136
1421 1422
1421 1530
1422 163
1423 131
1423 1424
1424 859
1425 187
1425 1426
1426 1157
1427 469
1427 1428
1428 1200
1429 1430
1429 1472
1430 388
1431 939
1431 1432
1432 839
1433 716
1433 1434
1434 247
1435 783
1435 1436
1436 522
1437 1029
1437 1438
1438 161
1439 1440
1439 1567
1440 1544
1441 1169
1441 1442
1442 782
1443 686
1443 1444
1444 1441
1445 985
1445 1446
1446 1192
1447 1293
1447 1448
1448 661
1449 21
1449 1450
1450 951
1451 1452
1451 1525
1452 415
1453 565
1453 1454
1454 1281
1455 1456
1455 1485
1456 288
1457 631
1457 1458
1458 174
1459 1143
1459 1460
1460 1440
1461 1119
1461 1462
1462 1612
1463 1113
1463 1464
1464 1283
1465 820
1465 1466
1466 648
1467 750
1467 1468
1468 536
1469 1438
1469 1470
1470 640
1471 1026
1471 1472
1472 1144
1473 146
1473 1474
1474 786
1475 569
1475 1476
1476 354
1477 477
1477 1478
1478 1389
1479 155
1479 1480
1480 1102
1481 1482
1481 1496
1482 784
1483 180
1483 1484
1484 978
1485 193
1485 1486
1486 1382
1487 1188
1487 1488
1488 5
1489 696
1489 1490
1490 258
1491 1415
1491 1492
1492 512
1493 908
1493 1494
1494 984
1495 429
1495 1496
1496 1515
1497 373
1497 1498
1498 1162
1499 211
1499 1500
1500 260
1501 979
1501 1502
1502 1165
1503 1373
1503 1504
1504 1297
1505 775
1505 1506
1506 1201
1507 102
1507 1508
1508 1338
1509 411
1509 1510
1510 562
1511 1512
1511 1524
1512 172
1513 309
1513 1514
1514 368
1515 1353
1515 1516
1516 216
1517 1198
1517 1518
1518 774
1519 35
1519 1520
1520 1070
1521 128
1521 1522
1522 1516
1523 1127
1523 1524
1524 1295
1525 815
1525 1526
1526 145
1527 400
1527 1528
1528 1508
1529 175
1529 1530
1530 1501
1531 1532
1531 1541
1532 832
1533 1379
1533 1534
1534 1548
1535 257
1535 1536
1536 1056
1537 559
1537 1538
1538 883
1539 789
1539 1540
1540 162
1541 1219
1541 1542
1542 305
1543 1371
1543 1544
1544 882
1545 931
1545 1546
1546 375
1547 966
1547 1548
1548 404
1549 384
1549 1550
1550 710
1551 441
1551 1552
1552 930
1553 231
1553 1554
1554 1034
1555 1310
1555 1556
1556 1206
1557 1558
1557 1561
1558 460
1559 1269
1559 1560
1560 1394
1561 693
1561 1562
1562 374
1563 621
1563 1564
1564 1043
1565 139
1565 1566
1566 1044
1567 1568
1567 1596
1568 1468
1569 687
1569 1570
1570 1111
1571 456
1571 1572
1572 30
1573 1559
1573 1574
1574 678
1575 545
1575 1576
1576 334
1577 1274
1577 1578
1578 1108
1579 1095
1579 1580
1580 1282
1581 542
1581 1582
1582 190
1583 1185
1583 1584
1584 703
1585 1337
1585 1586
1586 613
1587 1042
1587 1588
1588 1255
1589 665
1589 1590
1590 807
1591 849
1591 1592
1592 1210
1593 866
1593 1594
1594 900
1595 625
1595 1596
1596 157
1597 303
1597 1598
1598 540
1599 1191
1599 1600
1600 1520
1601 95
1601 1602
1602 532
1603 1218
1603 1604
1604 326
1605 1300
1605 1606
1606 968
1607 37
1607 1608
1608 1262
1609 1366
1609 1610
1610 1221
1611 663
1611 1612
1612 1161
1613 1429
1613 1614
1614 520
