0 987
0 1423
2 535
2 1103
3 472
3 798
4 1024
4 1317
5 595
6 926
9 151
9 423
10 1439
10 1502
11 1295
12 706
13 722
13 1381
15 1173
15 1329
17 108
17 501
19 346
19 1153
21 231
21 1301
23 24
23 1424
24 1375
25 26
25 852
26 92
27 28
27 205
28 894
29 30
29 1605
30 847
31 32
31 369
32 1085
33 34
33 1536
34 1584
35 36
35 642
36 22
37 38
37 1397
38 439
39 40
39 778
40 1266
41 42
41 915
42 223
43 44
43 489
44 1612
45 46
45 1334
46 1160
47 48
47 572
48 1283
49 50
49 768
50 458
51 52
51 225
52 1210
53 54
53 161
54 1065
55 56
55 1043
56 150
57 58
57 623
58 78
59 60
59 357
60 1146
61 62
61 1155
62 1385
63 64
63 1465
64 1419
65 66
65 1143
66 810
67 68
67 1579
68 1442
69 70
69 560
70 50
71 72
71 711
72 819
73 53
73 74
74 704
75 76
75 1585
76 1149
77 78
77 868
78 709
79 80
79 136
80 611
81 82
81 311
82 502
83 84
83 141
84 215
85 86
85 1376
86 390
87 88
87 94
88 1443
89 90
89 1007
90 969
91 92
91 375
92 914
93 94
93 823
94 702
95 96
95 882
96 264
97 59
97 98
98 493
99 100
99 599
100 878
101 102
101 498
102 511
103 104
103 909
104 1305
105 106
105 1608
106 1048
107 108
107 459
108 554
109 110
109 553
110 1182
111 112
111 1523
112 1224
113 2
113 114
114 606
115 116
115 483
116 1185
117 118
117 656
118 1299
119 120
119 1000
120 738
121 122
121 1487
122 588
123 124
123 1077
124 655
125 126
125 1285
126 1297
127 128
127 256
128 492
129 130
129 720
130 593
131 132
131 1569
132 804
133 134
133 327
134 1011
135 136
135 866
136 1198
137 138
137 446
138 1393
139 140
139 1246
140 1508
141 142
141 574
142 1372
143 67
143 144
144 956
145 146
145 447
146 881
147 148
147 1353
148 784
149 150
149 663
150 1022
151 152
151 1445
152 1366
153 154
153 482
154 145
155 156
155 692
156 350
157 158
157 1358
158 38
159 160
159 1168
160 1546
161 72
161 162
162 1144
163 164
163 209
164 56
165 166
165 961
166 662
167 168
167 1494
168 1606
169 170
169 951
170 1380
171 172
171 1377
172 1309
173 43
173 174
174 384
175 176
175 1403
176 1413
177 178
177 583
178 288
179 180
179 245
180 120
181 182
181 744
182 255
183 184
183 563
184 862
185 186
185 767
186 106
187 188
187 1303
188 1110
189 190
189 1132
190 1201
191 192
191 379
192 339
193 194
193 965
194 180
195 196
195 431
196 806
197 198
197 1051
198 1499
199 200
199 747
200 999
201 202
201 561
202 1389
203 204
203 421
204 637
205 206
205 1511
206 1490
207 208
207 875
208 268
209 210
209 1467
210 544
211 75
211 212
212 362
213 214
213 396
214 1572
215 216
215 1188
216 620
217 218
217 943
218 538
219 220
219 429
220 1086
221 222
221 633
222 258
223 87
223 224
224 1
225 226
225 366
226 1458
227 228
227 331
228 224
229 230
229 251
230 335
231 232
231 1488
232 1200
233 234
233 337
234 340
235 236
235 801
236 295
237 79
237 238
238 609
239 240
239 716
240 564
241 242
241 1233
242 772
243 193
243 244
244 769
245 246
245 315
246 1383
247 248
247 269
248 1046
249 250
249 507
250 952
251 252
251 828
252 1340
253 254
253 1457
254 1354
255 256
255 1602
256 876
257 258
257 994
258 250
259 260
259 947
260 1023
261 262
261 1578
262 1526
263 264
263 299
264 650
265 266
265 1189
266 1008
267 268
267 728
268 1480
269 270
269 1337
270 1557
271 172
271 272
272 552
273 274
273 1167
274 301
275 64
275 276
276 34
277 278
277 1101
278 81
279 280
279 1054
280 1058
281 282
281 1270
282 1258
283 284
283 503
284 675
285 286
285 348
286 1556
287 288
287 1067
288 1178
289 290
289 1037
290 970
291 292
291 467
292 1192
293 294
293 1039
294 1401
295 296
295 1387
296 1079
297 298
297 425
298 524
299 300
299 1180
300 592
301 302
301 1161
302 242
303 304
303 567
304 1044
305 306
305 1136
306 1408
307 187
307 308
308 895
309 310
309 1594
310 49
311 312
311 673
312 1278
313 314
313 1409
314 1021
315 13
315 316
316 659
317 318
317 717
318 8
319 320
319 1279
320 1138
321 322
321 963
322 1525
323 324
323 1218
324 1484
325 326
325 1418
326 1577
327 328
327 527
328 86
329 330
329 1211
330 850
331 332
331 1517
332 341
333 121
333 334
334 1321
335 336
335 693
336 1109
337 338
337 1104
338 1041
339 340
339 1181
340 462
341 342
341 696
342 933
343 344
343 715
344 389
345 346
345 665
346 1319
347 348
347 417
348 257
349 350
349 841
350 122
351 352
351 1391
352 332
353 354
353 397
354 286
355 218
355 356
356 686
357 77
357 358
358 651
359 360
359 1544
360 157
361 362
361 861
362 1002
363 364
363 1121
364 118
365 366
365 945
366 343
367 368
367 1428
368 1294
369 370
369 797
370 705
371 55
371 372
372 41
373 374
373 1004
374 112
375 244
375 376
376 566
377 378
377 719
378 1289
379 380
379 1227
380 721
381 382
381 1374
382 774
383 384
383 1333
384 1568
385 386
385 839
386 1147
387 388
387 1411
388 1114
389 302
389 390
390 1112
391 392
391 1427
392 129
393 394
393 1038
394 826
395 396
395 1507
396 1262
397 398
397 401
398 154
399 400
399 813
400 1515
401 402
401 1209
402 1550
403 219
403 404
404 1538
405 211
405 406
406 1116
407 408
407 437
408 512
409 410
409 1537
410 948
411 412
411 1137
412 1530
413 414
413 657
414 506
415 416
415 936
416 1076
417 418
417 1213
418 610
419 420
419 955
420 139
421 422
421 879
422 1539
423 424
423 505
424 279
425 426
425 703
426 1346
427 115
427 428
428 465
429 143
429 430
430 164
431 432
431 924
432 838
433 434
433 1207
434 992
435 436
435 1179
436 648
437 438
437 975
438 479
439 96
439 440
440 228
441 442
441 1273
442 1331
443 444
443 1335
444 1156
445 372
445 446
446 858
447 448
447 1542
448 1288
449 450
449 957
450 830
451 3
451 452
452 1466
453 454
453 1263
454 476
455 456
455 701
456 1382
457 230
457 458
458 1088
459 428
459 460
460 753
461 462
461 827
462 1332
463 464
463 1304
464 276
465 303
465 466
466 1607
467 468
467 547
468 1202
469 470
469 789
470 62
471 237
471 472
472 1613
473 474
473 843
474 1566
475 476
475 1549
476 310
477 97
477 478
478 612
479 480
479 755
480 1193
481 482
481 1255
482 968
483 484
483 743
484 1454
485 486
485 1493
486 316
487 488
487 988
488 323
489 490
489 1239
490 1400
491 128
491 492
492 513
493 152
493 494
494 746
495 496
495 1133
496 1609
497 498
497 1257
498 1338
499 217
499 500
500 829
501 216
501 502
502 1071
503 504
503 525
504 1052
505 433
505 506
506 266
507 508
507 1367
508 188
509 510
509 1251
510 991
511 512
511 1027
512 1236
513 514
513 1590
514 410
515 516
515 1345
516 1505
517 518
517 775
518 1450
519 520
519 1371
520 641
521 522
521 1483
522 1532
523 524
523 1351
524 725
525 526
525 536
526 1386
527 528
527 977
528 1016
529 519
529 530
530 724
531 321
531 532
532 791
533 405
533 534
534 356
535 536
535 1050
536 869
537 538
537 1603
538 660
539 540
539 807
540 632
541 542
541 1349
542 1142
543 544
543 913
544 752
545 11
545 546
546 840
547 457
547 548
548 1464
549 550
549 1267
550 649
551 552
551 779
552 499
553 554
553 1293
554 770
555 198
555 556
556 854
557 478
557 558
558 1128
559 275
559 560
560 1237
561 562
561 1437
562 23
563 107
563 564
564 1478
565 566
565 1130
566 32
567 568
567 1417
568 666
569 197
569 570
570 464
571 336
571 572
572 776
573 574
573 803
574 997
575 104
575 576
576 985
577 578
577 980
578 1312
579 580
579 1363
580 1241
581 582
581 1459
582 685
583 403
583 584
584 376
585 586
585 833
586 597
587 588
587 931
588 1504
589 267
589 590
590 282
591 592
591 1452
592 1072
593 594
593 677
594 1460
595 232
595 596
596 1318
597 386
597 598
598 645
599 600
599 832
600 520
601 307
601 602
602 576
603 523
603 604
604 1276
605 606
605 1575
606 1197
607 378
607 608
608 1522
609 610
609 917
610 949
611 400
611 612
612 1610
613 614
613 859
614 558
615 202
615 616
616 352
617 73
617 618
618 1034
619 620
619 1235
620 1108
621 622
621 713
622 181
623 392
623 624
624 453
625 626
625 1135
626 308
627 229
627 628
628 58
629 630
629 661
630 802
631 632
631 835
632 1580
633 634
633 921
634 1414
635 636
635 1453
636 1519
637 481
637 638
638 902
639 361
639 640
640 148
641 642
641 880
642 1316
643 463
643 644
644 1528
645 646
645 1068
646 35
647 212
647 648
648 1158
649 600
649 650
650 36
651 25
651 652
652 214
653 624
653 654
654 667
655 309
655 656
656 540
657 658
657 900
658 1154
659 248
659 660
660 404
661 662
661 1221
662 959
663 326
663 664
664 1212
665 666
665 1513
666 550
667 192
667 668
668 1226
669 670
669 800
670 614
671 573
671 672
672 1083
673 674
673 889
674 873
675 676
675 984
676 730
677 678
677 799
678 1369
679 680
679 761
680 1177
681 364
681 682
682 406
683 684
683 886
684 1229
685 686
685 1552
686 494
687 688
687 1591
688 1496
689 690
689 1524
690 1342
691 317
691 692
692 1217
693 694
693 1094
694 1347
695 696
695 1510
696 765
697 698
697 1541
698 473
699 700
699 1141
700 42
701 702
701 1495
702 98
703 697
703 704
704 1404
705 706
705 1576
706 1080
707 528
707 708
708 893
709 710
709 1416
710 208
711 712
711 1126
712 1220
713 271
713 714
714 167
715 716
715 1543
716 922
717 718
717 935
718 621
719 720
719 877
720 1531
721 698
721 722
722 1091
723 724
723 773
724 543
725 541
725 726
726 1281
727 728
727 741
728 792
729 314
729 730
730 1432
731 589
731 732
732 1598
733 734
733 818
734 1134
735 736
735 1097
736 380
737 695
737 738
738 394
739 382
739 740
740 608
741 742
741 1240
742 748
743 744
743 1001
744 834
745 746
745 1171
746 824
747 204
747 748
748 1398
749 639
749 750
750 263
751 752
751 918
752 1491
753 754
753 1421
754 1124
755 293
755 756
756 415
757 758
757 759
758 100
759 760
759 1003
760 654
761 762
761 1129
762 905
763 764
763 1195
764 17
765 766
765 960
766 1438
767 768
767 1244
768 1506
769 37
769 770
770 928
771 203
771 772
772 892
773 10
773 774
774 240
775 123
775 776
776 1102
777 274
777 778
778 1205
779 537
779 780
780 318
781 14
781 782
782 1284
783 694
783 784
784 124
785 786
785 1131
786 812
787 788
787 967
788 153
789 790
789 1365
790 434
791 792
791 1261
792 1025
793 794
793 1599
794 39
795 110
795 796
796 740
797 729
797 798
798 436
799 605
799 800
800 304
801 802
801 1307
802 653
803 804
803 927
804 1012
805 806
805 1248
806 1406
807 277
807 808
808 1010
809 395
809 810
810 516
811 812
811 1053
812 247
813 407
813 814
814 1150
815 816
815 1157
816 1521
817 818
817 981
818 93
819 820
819 1056
820 1035
821 822
821 1475
822 1388
823 824
823 1339
824 85
825 442
825 826
826 432
827 259
827 828
828 163
829 788
829 830
830 1169
831 832
831 1219
832 1064
833 811
833 834
834 1225
835 391
835 836
836 1390
837 292
837 838
838 1090
839 840
839 1187
840 1282
841 176
841 842
842 5
843 627
843 844
844 757
845 846
845 1565
846 911
847 718
847 848
848 562
849 733
849 850
850 598
851 852
851 1274
852 1548
853 854
853 1396
854 206
855 496
855 856
856 1399
857 322
857 858
858 1098
859 860
859 1448
860 1018
861 862
861 1203
862 644
863 845
863 864
864 1370
865 866
865 989
866 1040
867 613
867 868
868 860
869 870
869 1075
870 1176
871 872
871 1485
872 1412
873 714
873 874
874 1364
875 171
875 876
876 196
877 785
877 878
878 1087
879 880
879 1559
880 358
881 882
881 995
882 1341
883 884
883 923
884 116
885 707
885 886
886 368
887 529
887 888
888 381
889 890
889 1473
890 1170
891 892
891 1547
892 414
893 88
893 894
894 290
895 412
895 896
896 796
897 509
897 898
898 904
899 900
899 971
900 1172
901 325
901 902
902 1573
903 904
903 932
904 870
905 238
905 906
906 174
907 908
907 979
908 822
909 910
909 1139
910 590
911 587
911 912
912 669
913 914
913 1127
914 262
915 777
915 916
916 565
917 147
917 918
918 287
919 920
919 1286
920 1540
921 922
921 1574
922 272
923 897
923 924
924 1581
925 4
925 926
926 996
927 928
927 1441
928 1300
929 930
929 1355
930 383
931 771
931 932
932 233
933 355
933 934
934 144
935 936
935 1095
936 885
937 385
937 938
938 6
939 940
939 1078
940 764
941 699
941 942
942 236
943 470
943 944
944 1230
945 946
945 1431
946 51
947 749
947 948
948 1430
949 884
949 950
950 582
951 377
951 952
952 808
953 954
953 1461
954 556
955 133
955 956
956 676
957 438
957 958
958 222
959 960
959 1290
960 1444
961 962
961 1481
962 966
963 365
963 964
964 160
965 966
965 1119
966 795
967 906
967 968
968 1563
969 970
969 1435
970 1074
971 972
971 1315
972 1164
973 937
973 974
974 916
975 169
975 976
976 1451
977 532
977 978
978 1384
979 273
979 980
980 571
981 982
981 1165
982 497
983 177
983 984
984 1026
985 448
985 986
986 1394
987 988
987 1287
988 1166
989 555
989 990
990 652
991 992
991 1562
992 137
993 855
993 994
994 760
995 700
995 996
996 1314
997 998
997 1420
998 983
999 559
999 1000
1000 557
1001 691
1001 1002
1002 974
1003 1004
1003 1596
1004 1107
1005 31
1005 1006
1006 30
1007 998
1007 1008
1008 1357
1009 1010
1009 1036
1010 140
1011 856
1011 1012
1012 452
1013 1014
1013 1330
1014 480
1015 531
1015 1016
1016 1194
1017 1018
1017 1533
1018 672
1019 1020
1019 1093
1020 1570
1021 289
1021 1022
1022 742
1023 1024
1023 1204
1024 683
1025 1026
1025 1479
1026 782
1027 1019
1027 1028
1028 816
1029 787
1029 1030
1030 320
1031 189
1031 1032
1032 681
1033 1034
1033 1447
1034 359
1035 1036
1035 1474
1036 24
1037 15
1037 1038
1038 825
1039 207
1039 1040
1040 360
1041 1042
1041 1567
1042 1298
1043 485
1043 1044
1044 213
1045 891
1045 1046
1046 890
1047 1048
1047 1553
1048 1379
1049 1050
1049 1560
1050 19
1051 793
1051 1052
1052 1407
1053 1054
1053 1292
1054 871
1055 899
1055 1056
1056 1545
1057 708
1057 1058
1058 678
1059 1060
1059 1066
1060 1096
1061 1062
1061 1099
1062 252
1063 629
1063 1064
1064 607
1065 1014
1065 1066
1066 1047
1067 726
1067 1068
1068 1254
1069 130
1069 1070
1070 1436
1071 234
1071 1072
1072 780
1073 1074
1073 1558
1074 1310
1075 1076
1075 1497
1076 284
1077 930
1077 1078
1078 1313
1079 1080
1079 1514
1080 162
1081 521
1081 1082
1082 387
1083 625
1083 1084
1084 954
1085 750
1085 1086
1086 732
1087 135
1087 1088
1088 194
1089 688
1089 1090
1090 52
1091 127
1091 1092
1092 1260
1093 973
1093 1094
1094 1323
1095 201
1095 1096
1096 60
1097 443
1097 1098
1098 1162
1099 515
1099 1100
1100 1571
1101 1102
1101 1600
1102 908
1103 353
1103 1104
1104 643
1105 1106
1105 1429
1106 419
1107 351
1107 1108
1108 1516
1109 131
1109 1110
1110 874
1111 1081
1111 1112
1112 6
1113 1114
1113 1145
1114 12
1115 491
1115 1116
1116 546
1117 111
1117 1118
1118 165
1119 591
1119 1120
1120 1148
1121 1122
1121 1486
1122 114
1123 1124
1123 1228
1124 912
1125 461
1125 1126
1126 195
1127 1128
1127 1425
1128 616
1129 313
1129 1130
1130 105
1131 1132
1131 1259
1132 102
1133 1082
1133 1134
1134 586
1135 946
1135 1136
1136 630
1137 1138
1137 1463
1138 210
1139 249
1139 1140
1140 83
1141 179
1141 1142
1142 68
1143 101
1143 1144
1144 1059
1145 727
1145 1146
1146 1327
1147 670
1147 1148
1148 684
1149 21
1149 1150
1150 484
1151 474
1151 1152
1152 1586
1153 671
1153 1154
1154 1476
1155 435
1155 1156
1156 367
1157 545
1157 1158
1158 1588
1159 1160
1159 1183
1160 424
1161 134
1161 1162
1162 548
1163 786
1163 1164
1164 849
1165 1166
1165 1611
1166 903
1167 243
1167 1168
1168 867
1169 990
1169 1170
1170 1426
1171 579
1171 1172
1172 500
1173 329
1173 1174
1174 534
1175 601
1175 1176
1176 26
1177 297
1177 1178
1178 664
1179 305
1179 1180
1180 919
1181 1182
1181 1343
1182 344
1183 445
1183 1184
1184 1030
1185 298
1185 1186
1186 1472
1187 1188
1187 1272
1188 1336
1189 1125
1189 1190
1190 220
1191 575
1191 1192
1192 851
1193 1194
1193 1587
1194 1512
1195 577
1195 1196
1196 418
1197 814
1197 1198
1198 674
1199 1200
1199 1325
1200 1184
1201 846
1201 1202
1202 618
1203 347
1203 1204
1204 901
1205 413
1205 1206
1206 604
1207 831
1207 1208
1208 638
1209 522
1209 1210
1210 226
1211 183
1211 1212
1212 1234
1213 1214
1213 1311
1214 495
1215 1216
1215 1280
1216 944
1217 978
1217 1218
1218 1468
1219 469
1219 1220
1220 615
1221 551
1221 1222
1222 1118
1223 1005
1223 1224
1224 734
1225 363
1225 1226
1226 781
1227 333
1227 1228
1228 1265
1229 710
1229 1230
1230 910
1231 762
1231 1232
1232 324
1233 1013
1233 1234
1234 12
1235 1089
1235 1236
1236 48
1237 1231
1237 1238
1238 731
1239 636
1239 1240
1240 1006
1241 668
1241 1242
1242 1434
1243 809
1243 1244
1244 1196
1245 887
1245 1246
1246 146
1247 821
1247 1248
1248 430
1249 1057
1249 1250
1250 568
1251 993
1251 1252
1252 1583
1253 422
1253 1254
1254 280
1255 471
1255 1256
1256 477
1257 1245
1257 1258
1258 940
1259 517
1259 1260
1260 1462
1261 345
1261 1262
1262 1271
1263 241
1263 1264
1264 848
1265 1069
1265 1266
1266 1028
1267 1268
1267 1361
1268 285
1269 283
1269 1270
1270 45
1271 1272
1271 1518
1272 865
1273 1274
1273 1535
1274 602
1275 972
1275 1276
1276 758
1277 63
1277 1278
1278 1216
1279 1199
1279 1280
1280 1320
1281 370
1281 1282
1282 1020
1283 518
1283 1284
1284 712
1285 113
1285 1286
1286 261
1287 1288
1287 1415
1288 920
1289 1252
1289 1290
1290 170
1291 260
1291 1292
1292 173
1293 585
1293 1294
1294 857
1295 80
1295 1296
1296 1520
1297 542
1297 1298
1298 70
1299 1300
1299 1440
1300 896
1301 1302
1301 1373
1302 1492
1303 1049
1303 1304
1304 939
1305 763
1305 1306
1306 864
1307 1111
1307 1308
1308 1009
1309 338
1309 1310
1310 836
1311 1063
1311 1312
1312 1190
1313 1314
1313 1471
1314 300
1315 27
1315 1316
1316 456
1317 328
1317 1318
1318 1092
1319 622
1319 1320
1320 872
1321 1061
1321 1322
1322 1592
1323 1324
1323 1527
1324 504
1325 441
1325 1326
1326 1073
1327 820
1327 1328
1328 1232
1329 190
1329 1330
1330 617
1331 40
1331 1332
1332 95
1333 631
1333 1334
1334 1589
1335 200
1335 1336
1336 468
1337 69
1337 1338
1338 487
1339 296
1339 1340
1340 1174
1341 837
1341 1342
1342 1352
1343 66
1343 1344
1344 28
1345 1238
1345 1346
1346 490
1347 54
1347 1348
1348 1070
1349 175
1349 1350
1350 1422
1351 103
1351 1352
1352 18
1353 1354
1353 1509
1354 934
1355 427
1355 1356
1356 440
1357 689
1357 1358
1358 1062
1359 1360
1359 1551
1360 71
1361 65
1361 1362
1362 958
1363 1208
1363 1364
1364 594
1365 1055
1365 1366
1366 805
1367 1140
1367 1368
1368 342
1369 166
1369 1370
1370 20
1371 281
1371 1372
1372 1100
1373 794
1373 1374
1374 626
1375 5
1375 1376
1376 306
1377 1223
1377 1378
1378 278
1379 581
1379 1380
1380 1084
1381 466
1381 1382
1382 950
1383 149
1383 1384
1384 270
1385 658
1385 1386
1386 408
1387 783
1387 1388
1388 1614
1389 354
1389 1390
1390 1362
1391 1159
1391 1392
1392 312
1393 1394
1393 1582
1394 1306
1395 182
1395 1396
1396 1433
1397 1324
1397 1398
1398 47
1399 745
1399 1400
1400 1249
1401 388
1401 1402
1402 570
1403 1404
1403 1593
1404 455
1405 687
1405 1406
1406 580
1407 1408
1407 1489
1408 766
1409 953
1409 1410
1410 239
1411 371
1411 1412
1412 888
1413 1414
1413 1446
1414 925
1415 1214
1415 1416
1416 119
1417 1291
1417 1418
1418 1033
1419 635
1419 1420
1420 1105
1421 569
1421 1422
1422 514
1423 929
1423 1424
1424 117
1425 941
1425 1426
1426 1308
1427 1428
1427 1455
1428 1029
1429 9
1429 1430
1430 82
1431 29
1431 1432
1432 1152
1433 426
1433 1434
1434 33
1435 1032
1435 1436
1436 1350
1437 679
1437 1438
1438 1500
1439 1440
1439 1503
1440 1469
1441 1442
1441 1561
1442 584
1443 374
1443 1444
1444 1120
1445 91
1445 1446
1446 126
1447 57
1447 1448
1448 942
1449 1113
1449 1450
1450 1395
1451 883
1451 1452
1452 1175
1453 817
1453 1454
1454 1529
1455 976
1455 1456
1456 444
1457 330
1457 1458
1458 1296
1459 1186
1459 1460
1460 409
1461 265
1461 1462
1462 1206
1463 1410
1463 1464
1464 142
1465 399
1465 1466
1466 1115
1467 460
1467 1468
1468 756
1469 1470
1469 1564
1470 186
1471 723
1471 1472
1472 842
1473 184
1473 1474
1474 640
1475 1264
1475 1476
1476 578
1477 1215
1477 1478
1478 1392
1479 1060
1479 1480
1480 898
1481 982
1481 1482
1482 1247
1483 319
1483 1484
1484 508
1485 754
1485 1486
1486 99
1487 1488
1487 1604
1488 1402
1489 11
1489 1490
1490 1250
1491 132
1491 1492
1492 138
1493 1494
1493 1501
1494 253
1495 475
1495 1496
1496 334
1497 1031
1497 1498
1498 246
1499 647
1499 1500
1500 1348
1501 1502
1501 1555
1502 815
1503 539
1503 1504
1504 1322
1505 488
1505 1506
1506 739
1507 736
1507 1508
1508 454
1509 737
1509 1510
1510 1117
1511 549
1511 1512
1512 628
1513 1017
1513 1514
1514 155
1515 1191
1515 1516
1516 1356
1517 178
1517 1518
1518 1456
1519 1163
1519 1520
1520 690
1521 89
1521 1522
1522 1042
1523 1524
1523 1597
1524 1302
1525 486
1525 1526
1526 646
1527 530
1527 1528
1528 1498
1529 1482
1529 1530
1530 450
1531 235
1531 1532
1532 1269
1533 1123
1533 1534
1534 16
1535 125
1535 1536
1536 962
1537 1326
1537 1538
1538 1344
1539 1540
1539 1595
1540 7
1541 510
1541 1542
1542 84
1543 61
1543 1544
1544 1470
1545 373
1545 1546
1546 349
1547 74
1547 1548
1548 254
1549 227
1549 1550
1550 1151
1551 1243
1551 1552
1552 986
1553 1405
1553 1554
1554 1122
1555 863
1555 1556
1556 1242
1557 76
1557 1558
1558 156
1559 1560
1559 1601
1560 199
1561 735
1561 1562
1562 1253
1563 451
1563 1564
1564 398
1565 109
1565 1566
1566 619
1567 1106
1567 1568
1568 221
1569 1360
1569 1570
1570 938
1571 526
1571 1572
1572 416
1573 393
1573 1574
1574 294
1575 44
1575 1576
1576 420
1577 1045
1577 1578
1578 634
1579 46
1579 1580
1580 411
1581 185
1581 1582
1582 1368
1583 1328
1583 1584
1584 158
1585 1277
1585 1586
1586 1534
1587 1275
1587 1588
1588 168
1589 159
1589 1590
1590 790
1591 402
1591 1592
1592 853
1593 1449
1593 1594
1594 1554
1595 603
1595 1596
1596 1256
1597 680
1597 1598
1598 1477
1599 1222
1599 1600
1600 291
1601 907
1601 1602
1602 596
1603 533
1603 1604
1604 449
1605 191
1605 1606
1606 682
1607 1378
1607 1608
1608 751
1609 1015
1609 1610
1610 964
1611 1359
1611 1612
1612 844
1613 90
1613 1614
1614 1268
