0 903
0 1301
1 973
1 1109
3 294
3 637
4 85
4 378
5 398
6 1114
9 620
9 1119
10 774
10 1263
11 1577
12 636
13 1275
13 1348
15 350
15 1159
17 199
17 1485
19 866
19 1568
21 383
21 1019
23 24
23 1435
24 1132
25 26
25 932
26 1312
27 21
27 28
28 212
29 30
29 1459
30 1566
31 32
31 1306
32 425
33 34
33 121
34 1253
35 36
35 1231
36 603
37 38
37 1309
38 1032
39 40
39 1500
40 174
41 42
41 1307
42 710
43 44
43 927
44 888
45 46
45 1193
46 1228
47 48
47 618
48 718
49 50
49 876
50 655
51 52
51 1205
52 697
53 54
53 983
54 6
55 56
55 696
56 150
57 58
57 842
58 1062
59 60
59 1497
60 1091
61 62
61 479
62 1204
63 64
63 307
64 908
65 66
65 708
66 1310
67 68
67 1199
68 972
69 70
69 1311
70 747
71 57
71 72
72 1442
73 74
73 1352
74 1009
75 76
75 570
76 590
77 23
77 78
78 422
79 80
79 912
80 464
81 11
81 82
82 1604
83 27
83 84
84 39
85 86
85 778
86 944
87 88
87 235
88 342
89 90
89 102
90 1402
91 92
91 615
92 517
93 94
93 1597
94 779
95 96
95 449
96 849
97 98
97 243
98 1436
99 100
99 1016
100 1296
101 61
101 102
102 1377
103 104
103 999
104 1042
105 106
105 1393
106 257
107 108
107 277
108 858
109 110
109 319
110 1386
111 112
111 409
112 36
113 60
113 114
114 1540
115 116
115 825
116 224
117 118
117 939
118 202
119 120
119 1510
120 1395
121 122
121 721
122 644
123 124
123 968
124 498
125 126
125 743
126 1210
127 128
127 1369
128 1514
129 130
129 810
130 574
131 132
131 1282
132 824
133 134
133 1155
134 489
135 136
135 879
136 784
137 138
137 1479
138 665
139 140
139 1024
140 1248
141 142
141 387
142 1598
143 144
143 1232
144 822
145 146
145 1584
146 1014
147 148
147 1255
148 1072
149 150
149 1349
150 1549
151 45
151 152
152 262
153 154
153 1264
154 72
155 156
155 465
156 1138
157 158
157 289
158 1244
159 160
159 359
160 1422
161 162
161 388
162 656
163 164
163 804
164 1334
165 127
165 166
166 1588
167 168
167 177
168 1196
169 170
169 472
170 254
171 172
171 1383
172 276
173 174
173 1425
174 974
175 176
175 1021
176 1098
177 178
177 1223
178 978
179 180
179 227
180 600
181 182
181 1477
182 1107
183 184
183 800
184 687
185 186
185 1302
186 1573
187 188
187 1179
188 1054
189 190
189 1141
190 980
191 192
191 755
192 786
193 194
193 925
194 1258
195 196
195 447
196 840
197 198
197 1368
198 661
199 200
199 421
200 292
201 202
201 480
202 1184
203 204
203 1339
204 887
205 99
205 206
206 898
207 208
207 345
208 948
209 69
209 210
210 530
211 212
211 1487
212 996
213 214
213 1121
214 1011
215 216
215 793
216 662
217 218
217 917
218 274
219 220
219 838
220 1188
221 110
221 222
222 248
223 224
223 1585
224 528
225 226
225 1251
226 940
227 228
227 313
228 1139
229 230
229 963
230 32
231 232
231 1095
232 418
233 103
233 234
234 229
235 236
235 305
236 312
237 238
237 1489
238 140
239 240
239 1067
240 1447
241 242
241 267
242 76
243 244
243 1055
244 210
245 234
245 246
246 1490
247 248
247 543
248 1061
249 250
249 473
250 1433
251 252
251 1464
252 920
253 254
253 562
254 330
255 256
255 1495
256 271
257 258
257 1511
258 486
259 260
259 358
260 451
261 262
261 1044
262 950
263 264
263 875
264 1280
265 266
265 695
266 474
267 268
267 1394
268 790
269 270
269 529
270 1587
271 272
271 1569
272 83
273 274
273 1245
274 902
275 276
275 1337
276 1135
277 278
277 772
278 742
279 280
279 1149
280 218
281 282
281 308
282 1384
283 284
283 1400
284 768
285 51
285 286
286 1274
287 192
287 288
288 592
289 290
289 795
290 158
291 292
291 1088
292 20
293 294
293 851
294 54
295 296
295 839
296 614
297 298
297 985
298 1358
299 300
299 365
300 704
301 302
301 924
302 610
303 304
303 1527
304 1276
305 306
305 744
306 164
307 308
307 716
308 394
309 310
309 1420
310 1494
311 135
311 312
312 1332
313 314
313 1079
314 219
315 81
315 316
316 753
317 318
317 1233
318 244
319 320
319 817
320 553
321 173
321 322
322 1074
323 324
323 1449
324 868
325 326
325 1243
326 282
327 328
327 1289
328 1180
329 157
329 330
330 678
331 332
331 883
332 161
333 334
333 1458
334 880
335 336
335 1563
336 1052
337 338
337 459
338 756
339 193
339 340
340 556
341 342
341 1327
342 476
343 344
343 961
344 1286
345 346
345 641
346 857
347 348
347 1492
348 136
349 350
349 495
350 92
351 297
351 352
352 949
353 354
353 1461
354 264
355 356
355 1247
356 992
357 207
357 358
358 419
359 360
359 1330
360 584
361 362
361 1219
362 1438
363 364
363 463
364 642
365 366
365 1419
366 301
367 368
367 417
368 1415
369 370
369 450
370 435
371 372
371 1185
372 493
373 374
373 677
374 501
375 326
375 376
376 142
377 105
377 378
378 1409
379 380
379 796
380 1057
381 97
381 382
382 981
383 384
383 886
384 855
385 386
385 516
386 1546
387 388
387 404
388 24
389 390
389 722
390 873
391 392
391 582
392 356
393 394
393 775
394 22
395 396
395 1267
396 368
397 398
397 1218
398 1070
399 400
399 1507
400 75
401 402
401 1117
402 384
403 404
403 1537
404 382
405 406
405 455
406 596
407 275
407 408
408 1557
409 410
409 657
410 765
411 412
411 423
412 505
413 249
413 414
414 338
415 416
415 841
416 1466
417 418
417 865
418 414
419 420
419 497
420 34
421 422
421 515
422 1236
423 424
423 632
424 1268
425 426
425 1136
426 976
427 94
427 428
428 608
429 430
429 877
430 1371
431 432
431 1406
432 1207
433 403
433 434
434 1170
435 436
435 832
436 310
437 438
437 829
438 856
439 440
439 1254
440 1502
441 442
441 955
442 1200
443 444
443 1249
444 1408
445 86
445 446
446 113
447 343
447 448
448 1291
449 65
449 450
450 606
451 266
451 452
452 52
453 454
453 577
454 492
455 456
455 503
456 738
457 458
457 931
458 580
459 460
459 872
460 332
461 462
461 1387
462 1157
463 464
463 625
464 1086
465 466
465 1463
466 1480
467 31
467 468
468 328
469 470
469 773
470 769
471 472
471 1113
472 1455
473 373
473 474
474 1531
475 181
475 476
476 1094
477 478
477 801
478 1134
479 480
479 1593
480 892
481 482
481 1446
482 726
483 484
483 1411
484 1060
485 230
485 486
486 90
487 488
487 930
488 290
489 490
489 947
490 1343
491 492
491 1509
492 733
493 494
493 1004
494 1428
495 56
495 496
496 1413
497 223
497 498
498 198
499 347
499 500
500 156
501 502
501 1416
502 1234
503 504
503 803
504 539
505 506
505 541
506 986
507 191
507 508
508 1216
509 508
509 510
510 688
511 512
511 629
512 1110
513 514
513 1405
514 154
515 516
515 1519
516 1195
517 518
517 975
518 587
519 520
519 597
520 268
521 522
521 676
522 1518
523 107
523 524
524 648
525 526
525 557
526 48
527 115
527 528
528 478
529 491
529 530
530 805
531 189
531 532
532 507
533 534
533 827
534 1582
535 536
535 1189
536 1190
537 405
537 538
538 1123
539 126
539 540
540 481
541 95
541 542
542 176
543 544
543 863
544 1374
545 546
545 573
546 1462
547 67
547 548
548 1208
549 550
549 929
550 1075
551 552
551 882
552 916
553 554
553 1611
554 1558
555 556
555 1491
556 591
557 558
557 623
558 1084
559 560
559 624
560 80
561 562
561 699
562 1010
563 3
563 564
564 1365
565 233
565 566
566 1542
567 151
567 568
568 104
569 570
569 1607
570 960
571 431
571 572
572 909
573 574
573 783
574 900
575 576
575 1284
576 485
577 578
577 1006
578 604
579 580
579 746
580 1272
581 582
581 1572
582 552
583 525
583 584
584 1565
585 586
585 1250
586 1160
587 588
587 1034
588 1227
589 590
589 1102
590 1456
591 592
591 914
592 1116
593 594
593 953
594 1417
595 596
595 1065
596 654
597 401
597 598
598 1266
599 209
599 600
600 1048
601 602
601 1093
602 1040
603 604
603 1320
604 64
605 606
605 1101
606 1051
607 608
607 1329
608 874
609 610
609 673
610 144
611 612
611 1541
612 410
613 614
613 1559
614 554
615 611
615 616
616 1432
617 618
617 1305
618 1005
619 1
619 620
620 1562
621 415
621 622
622 10
623 321
623 624
624 162
625 626
625 1082
626 296
627 628
627 631
628 494
629 561
629 630
630 374
631 632
631 1391
632 943
633 575
633 634
634 1169
635 327
635 636
636 78
637 638
637 969
638 982
639 640
639 1529
640 1154
641 642
641 1457
642 1168
643 644
643 1560
644 1547
645 284
645 646
646 1078
647 648
647 1187
648 188
649 650
649 1111
650 1591
651 351
651 652
652 1614
653 293
653 654
654 1288
655 340
655 656
656 1174
657 658
657 1505
658 238
659 147
659 660
660 1229
661 426
661 662
662 910
663 664
663 1303
664 206
665 666
665 942
666 1380
667 668
667 1262
668 526
669 670
669 1336
670 936
671 672
671 1421
672 781
673 291
673 674
674 1158
675 676
675 685
676 74
677 678
677 1283
678 375
679 680
679 1501
680 906
681 50
681 682
682 915
683 205
683 684
684 1517
685 430
685 686
686 1496
687 688
687 1414
688 1476
689 690
689 1211
690 1450
691 653
691 692
692 1261
693 377
693 694
694 741
695 101
695 696
696 723
697 698
697 1103
698 1444
699 700
699 1053
700 1026
701 702
701 806
702 1440
703 93
703 704
704 1356
705 171
705 706
706 7
707 708
707 1269
708 593
709 353
709 710
710 214
711 712
711 1023
712 1515
713 634
713 714
714 870
715 716
715 1596
716 484
717 399
717 718
718 184
719 468
719 720
720 1178
721 722
721 836
722 728
723 724
723 1407
724 194
725 169
725 726
726 1361
727 79
727 728
728 766
729 730
729 1175
730 346
731 298
731 732
732 1186
733 734
733 899
734 1550
735 680
735 736
736 1564
737 738
737 1373
738 1592
739 740
739 1045
740 820
741 433
741 742
742 1378
743 744
743 1483
744 119
745 746
745 1115
746 25
747 748
747 933
748 922
749 750
749 1481
750 520
751 534
751 752
752 1230
753 578
753 754
754 280
755 667
755 756
756 1590
757 758
757 1287
758 679
759 760
759 1581
760 183
761 448
761 762
762 1260
763 471
763 764
764 12
765 66
765 766
766 869
767 768
767 815
768 132
769 770
769 1183
770 1235
771 599
771 772
772 376
773 774
773 835
774 826
775 106
775 776
776 763
777 579
777 778
778 1273
779 780
779 1225
780 1031
781 782
781 1100
782 360
783 758
783 784
784 281
785 149
785 786
786 309
787 331
787 788
788 1212
789 241
789 790
790 1146
791 792
791 1092
792 706
793 729
793 794
794 1580
795 285
795 796
796 352
797 798
797 1431
798 1544
799 800
799 1475
800 1099
801 802
801 1293
802 535
803 804
803 1017
804 1333
805 68
805 806
806 551
807 808
807 1237
808 160
809 810
809 889
810 861
811 627
811 812
812 14
813 814
813 828
814 232
815 816
815 833
816 586
817 789
817 818
818 834
819 295
819 820
820 1028
821 134
821 822
822 82
823 824
823 848
824 122
825 826
825 1325
826 1338
827 828
827 884
828 897
829 830
829 1331
830 585
831 832
831 1027
832 1036
833 393
833 834
834 1018
835 159
835 836
836 1437
837 838
837 1043
838 42
839 601
839 840
840 146
841 842
841 945
842 1240
843 844
843 1506
844 1265
845 537
845 846
846 965
847 607
847 848
848 1161
849 760
849 850
850 402
851 341
851 852
852 1313
853 145
853 854
854 1528
855 170
855 856
856 71
857 858
857 1202
858 1064
859 412
859 860
860 1328
861 862
861 1220
862 724
863 864
863 895
864 1445
865 395
865 866
866 200
867 407
867 868
868 272
869 870
869 1363
870 1290
871 872
871 951
872 1314
873 874
873 959
874 666
875 876
875 1526
876 1118
877 878
877 977
878 941
879 461
879 880
880 938
881 882
881 1270
882 1020
883 811
883 884
884 411
885 886
885 1058
886 112
887 609
887 888
888 1173
889 757
889 890
890 354
891 339
891 892
892 776
893 894
893 979
894 1308
895 896
895 1448
896 337
897 323
897 898
898 1434
899 457
899 900
900 514
901 204
901 902
902 278
903 511
903 904
904 466
905 379
905 906
906 946
907 908
907 1603
908 84
909 910
909 1300
910 100
911 799
911 912
912 1203
913 222
913 914
914 1085
915 916
915 1106
916 288
917 918
917 1013
918 367
919 408
919 920
920 798
921 922
921 1571
922 175
923 424
923 924
924 852
925 926
925 1007
926 314
927 928
927 966
928 304
929 930
929 970
930 567
931 475
931 932
932 694
933 934
933 1535
934 669
935 512
935 936
936 524
937 452
937 938
938 1214
939 221
939 940
940 588
941 942
941 1201
942 306
943 651
943 944
944 1156
945 771
945 946
946 385
947 569
947 948
948 896
949 256
949 950
950 548
951 133
951 952
952 1152
953 269
953 954
954 605
955 59
955 956
956 1555
957 958
957 1131
958 1164
959 362
959 960
960 681
961 441
961 962
962 1513
963 117
963 964
964 1277
965 878
965 966
966 1388
967 968
967 1599
968 1392
969 355
969 970
970 635
971 972
971 1473
972 559
973 239
973 974
974 714
975 675
975 976
976 645
977 978
977 1209
978 670
979 980
979 1359
980 1025
981 982
981 1323
982 128
983 777
983 984
984 62
985 986
985 1059
986 1217
987 988
987 991
988 1066
989 549
989 990
990 1194
991 660
991 992
992 630
993 49
993 994
994 386
995 996
995 1197
996 213
997 647
997 998
998 1221
999 197
999 1000
1000 843
1001 831
1001 1002
1002 416
1003 286
1003 1004
1004 1609
1005 1006
1005 1390
1006 1355
1007 37
1007 1008
1008 995
1009 124
1009 1010
1010 830
1011 1012
1011 1508
1012 302
1013 299
1013 1014
1014 108
1015 703
1015 1016
1016 265
1017 1018
1017 1133
1018 245
1019 372
1019 1020
1020 782
1021 1022
1021 1153
1022 1112
1023 923
1023 1024
1024 1602
1025 767
1025 1026
1026 287
1027 1028
1027 1595
1028 1140
1029 1030
1029 1226
1030 1035
1031 442
1031 1032
1032 1608
1033 429
1033 1034
1034 1335
1035 715
1035 1036
1036 1182
1037 1038
1037 1548
1038 954
1039 1040
1039 1478
1040 46
1041 691
1041 1042
1042 558
1043 98
1043 1044
1044 928
1045 787
1045 1046
1046 1379
1047 1048
1047 1340
1048 165
1049 1050
1049 1071
1050 348
1051 807
1051 1052
1052 1144
1053 1054
1053 1389
1054 1370
1055 1056
1055 1429
1056 438
1057 717
1057 1058
1058 1346
1059 357
1059 1060
1060 1259
1061 1062
1061 1324
1062 1397
1063 131
1063 1064
1064 261
1065 369
1065 1066
1066 502
1067 237
1067 1068
1068 663
1069 363
1069 1070
1070 990
1071 847
1071 1072
1072 819
1073 821
1073 1074
1074 406
1075 1076
1075 1504
1076 1570
1077 322
1077 1078
1078 1076
1079 730
1079 1080
1080 300
1081 788
1081 1082
1082 1499
1083 1084
1083 1427
1084 488
1085 87
1085 1086
1086 1418
1087 1088
1087 1583
1088 506
1089 1090
1089 1321
1090 1551
1091 1092
1091 1403
1092 1298
1093 700
1093 1094
1094 860
1095 1001
1095 1096
1096 1122
1097 263
1097 1098
1098 335
1099 1100
1099 1454
1100 964
1101 571
1101 1102
1102 420
1103 791
1103 1104
1104 616
1105 1106
1105 1364
1106 8
1107 734
1107 1108
1108 1576
1109 693
1109 1110
1110 143
1111 1112
1111 1351
1112 702
1113 712
1113 1114
1114 1125
1115 527
1115 1116
1116 19
1117 1118
1117 1424
1118 1278
1119 217
1119 1120
1120 1589
1121 1122
1121 1524
1122 812
1123 692
1123 1124
1124 1532
1125 854
1125 1126
1126 460
1127 163
1127 1128
1128 1003
1129 1130
1129 1150
1130 247
1131 389
1131 1132
1132 602
1133 594
1133 1134
1134 1601
1135 643
1135 1136
1136 993
1137 668
1137 1138
1138 1578
1139 1140
1139 1143
1140 153
1141 989
1141 1142
1142 1539
1143 303
1143 1144
1144 1126
1145 808
1145 1146
1146 682
1147 333
1147 1148
1148 1452
1149 349
1149 1150
1150 317
1151 802
1151 1152
1152 1322
1153 1154
1153 1381
1154 180
1155 91
1155 1156
1156 1257
1157 458
1157 1158
1158 890
1159 434
1159 1160
1160 318
1161 439
1161 1162
1162 1238
1163 195
1163 1164
1164 750
1165 583
1165 1166
1166 1533
1167 1168
1167 1465
1168 1080
1169 1170
1169 1241
1170 522
1171 270
1171 1172
1172 2
1173 1174
1173 1594
1174 560
1175 1176
1175 1326
1176 701
1177 962
1177 1178
1178 226
1179 853
1179 1180
1180 13
1181 1182
1181 1430
1182 1252
1183 63
1183 1184
1184 364
1185 111
1185 1186
1186 658
1187 818
1187 1188
1188 428
1189 649
1189 1190
1190 823
1191 752
1191 1192
1192 1366
1193 1194
1193 1271
1194 626
1195 1196
1195 1224
1196 1022
1197 622
1197 1198
1198 1167
1199 1200
1199 1294
1200 1137
1201 1202
1201 1281
1202 1039
1203 454
1203 1204
1204 918
1205 1083
1205 1206
1206 709
1207 536
1207 1208
1208 754
1209 891
1209 1210
1210 901
1211 785
1211 1212
1212 1142
1213 1214
1213 1372
1214 1104
1215 1047
1215 1216
1216 1516
1217 572
1217 1218
1218 1120
1219 1220
1219 1605
1220 1147
1221 684
1221 1222
1222 988
1223 513
1223 1224
1224 444
1225 1130
1225 1226
1226 467
1227 566
1227 1228
1228 1362
1229 770
1229 1230
1230 1610
1231 1232
1231 1317
1232 225
1233 885
1233 1234
1234 1342
1235 1127
1235 1236
1236 646
1237 1206
1237 1238
1238 1145
1239 396
1239 1240
1240 690
1241 1129
1241 1242
1242 518
1243 446
1243 1244
1244 1012
1245 17
1245 1246
1246 167
1247 1248
1247 1297
1248 794
1249 246
1249 1250
1250 1213
1251 148
1251 1252
1252 994
1253 1171
1253 1254
1254 43
1255 190
1255 1256
1256 987
1257 53
1257 1258
1258 612
1259 325
1259 1260
1260 1148
1261 809
1261 1262
1262 443
1263 711
1263 1264
1264 366
1265 550
1265 1266
1266 88
1267 1268
1267 1536
1268 1077
1269 273
1269 1270
1270 1575
1271 1272
1271 1469
1272 1239
1273 1274
1273 1523
1274 814
1275 436
1275 1276
1276 334
1277 564
1277 1278
1278 1050
1279 1280
1279 1543
1280 6
1281 1282
1281 1399
1282 344
1283 1284
1283 1318
1284 1503
1285 867
1285 1286
1286 523
1287 371
1287 1288
1288 509
1289 1290
1289 1453
1290 1443
1291 967
1291 1292
1292 1382
1293 911
1293 1294
1294 141
1295 1296
1295 1410
1296 546
1297 1037
1297 1298
1298 864
1299 1300
1299 1520
1300 532
1301 1049
1301 1302
1302 1460
1303 55
1303 1304
1304 542
1305 871
1305 1306
1306 984
1307 595
1307 1308
1308 576
1309 1151
1309 1310
1310 1038
1311 707
1311 1312
1312 211
1313 253
1313 1314
1314 1441
1315 1285
1315 1316
1316 11
1317 1318
1317 1345
1318 659
1319 745
1319 1320
1320 894
1321 761
1321 1322
1322 1073
1323 1046
1323 1324
1324 780
1325 413
1325 1326
1326 380
1327 533
1327 1328
1328 1512
1329 469
1329 1330
1330 739
1331 705
1331 1332
1332 30
1333 400
1333 1334
1334 1552
1335 519
1335 1336
1336 397
1337 33
1337 1338
1338 203
1339 231
1339 1340
1340 1081
1341 1000
1341 1342
1342 456
1343 737
1343 1344
1344 38
1345 1346
1345 1439
1346 639
1347 1181
1347 1348
1348 1096
1349 727
1349 1350
1350 862
1351 538
1351 1352
1352 123
1353 1354
1353 1525
1354 208
1355 759
1355 1356
1356 598
1357 547
1357 1358
1358 1553
1359 1353
1359 1360
1360 720
1361 166
1361 1362
1362 686
1363 73
1363 1364
1364 182
1365 28
1365 1366
1366 58
1367 1029
1367 1368
1368 731
1369 96
1369 1370
1370 1002
1371 490
1371 1372
1372 1162
1373 913
1373 1374
1374 1347
1375 671
1375 1376
1376 792
1377 613
1377 1378
1378 220
1379 1069
1379 1380
1380 242
1381 919
1381 1382
1382 178
1383 29
1383 1384
1384 482
1385 186
1385 1386
1386 837
1387 477
1387 1388
1388 545
1389 619
1389 1390
1390 311
1391 70
1391 1392
1392 589
1393 35
1393 1394
1394 937
1395 236
1395 1396
1396 18
1397 336
1397 1398
1398 16
1399 329
1399 1400
1400 971
1401 1402
1401 1606
1402 735
1403 1357
1403 1404
1404 1354
1405 1375
1405 1406
1406 957
1407 846
1407 1408
1408 216
1409 565
1409 1410
1410 1545
1411 9
1411 1412
1412 844
1413 44
1413 1414
1414 260
1415 1416
1415 1556
1416 1344
1417 881
1417 1418
1418 1538
1419 1420
1419 1493
1420 390
1421 453
1421 1422
1422 1295
1423 813
1423 1424
1424 1256
1425 437
1425 1426
1426 1613
1427 483
1427 1428
1428 581
1429 1430
1429 1561
1430 719
1431 521
1431 1432
1432 1554
1433 934
1433 1434
1434 114
1435 187
1435 1436
1436 283
1437 89
1437 1438
1438 41
1439 1165
1439 1440
1440 196
1441 1128
1441 1442
1442 252
1443 650
1443 1444
1444 1292
1445 1401
1445 1446
1446 664
1447 621
1447 1448
1448 215
1449 683
1449 1450
1450 440
1451 320
1451 1452
1452 816
1453 1319
1453 1454
1454 504
1455 674
1455 1456
1456 1468
1457 1315
1457 1458
1458 921
1459 907
1459 1460
1460 845
1461 201
1461 1462
1462 1360
1463 1299
1463 1464
1464 762
1465 905
1465 1466
1466 1108
1467 324
1467 1468
1468 652
1469 1008
1469 1470
1470 904
1471 1056
1471 1472
1472 1172
1473 392
1473 1474
1474 1486
1475 185
1475 1476
1476 118
1477 952
1477 1478
1478 1030
1479 499
1479 1480
1480 179
1481 228
1481 1482
1482 1398
1483 137
1483 1484
1484 1166
1485 381
1485 1486
1486 958
1487 555
1487 1488
1488 740
1489 563
1489 1490
1490 749
1491 689
1491 1492
1492 1316
1493 751
1493 1494
1494 1471
1495 1089
1495 1496
1496 1124
1497 1041
1497 1498
1498 850
1499 1412
1499 1500
1500 797
1501 1470
1501 1502
1502 540
1503 713
1503 1504
1504 496
1505 1506
1505 1586
1506 427
1507 279
1507 1508
1508 1177
1509 129
1509 1510
1510 1105
1511 956
1511 1512
1512 568
1513 1484
1513 1514
1514 12
1515 15
1515 1516
1516 1222
1517 1090
1517 1518
1518 1522
1519 109
1519 1520
1520 859
1521 316
1521 1522
1522 926
1523 1087
1523 1524
1524 544
1525 617
1525 1526
1526 462
1527 470
1527 1528
1528 672
1529 315
1529 1530
1530 628
1531 1304
1531 1532
1532 251
1533 250
1533 1534
1534 391
1535 1163
1535 1536
1536 125
1537 748
1537 1538
1538 138
1539 1097
1539 1540
1540 1474
1541 1423
1541 1542
1542 736
1543 1544
1543 1567
1544 5
1545 725
1545 1546
1546 1192
1547 1548
1547 1600
1548 130
1549 1451
1549 1550
1550 1521
1551 1242
1551 1552
1552 152
1553 1554
1553 1612
1554 698
1555 47
1555 1556
1556 640
1557 172
1557 1558
1558 1376
1559 361
1559 1560
1560 633
1561 1279
1561 1562
1562 1246
1563 1385
1563 1564
1564 1534
1565 764
1565 1566
1566 1396
1567 893
1567 1568
1568 1574
1569 1341
1569 1570
1570 1063
1571 4
1571 1572
1572 1176
1573 1467
1573 1574
1574 1482
1575 1068
1575 1576
1576 120
1577 1350
1577 1578
1578 638
1579 258
1579 1580
1580 168
1581 255
1581 1582
1582 26
1583 997
1583 1584
1584 1215
1585 531
1585 1586
1586 155
1587 432
1587 1588
1588 1191
1589 1579
1589 1590
1590 1498
1591 1488
1591 1592
1592 1404
1593 1033
1593 1594
1594 935
1595 445
1595 1596
1596 1426
1597 240
1597 1598
1598 1472
1599 487
1599 1600
1600 732
1601 1367
1601 1602
1602 998
1603 1015
1603 1604
1604 1530
1605 259
1605 1606
1606 139
1607 1198
1607 1608
1608 370
1609 500
1609 1610
1610 510
1611 116
1611 1612
1612 40
1613 77
1613 1614
1614 5
