0 1032
0 1595
2 187
2 1152
3 521
3 1369
4 182
4 1480
5 92
6 1550
9 189
9 641
10 17
10 1331
12 309
11 471
13 341
13 1194
15 1059
15 1191
17 379
17 1375
19 221
19 239
21 202
21 912
23 24
23 509
24 159
25 26
25 1286
26 559
27 28
27 1421
28 1582
29 30
29 1439
30 924
31 32
31 642
32 646
33 34
33 245
34 5
35 36
35 237
36 393
37 38
37 1376
38 917
39 40
39 82
40 682
41 42
41 345
42 238
43 44
43 1609
44 575
45 46
45 1277
46 484
47 48
47 1366
48 1536
49 50
49 860
50 1090
51 52
51 565
52 430
53 54
53 846
54 564
55 56
55 894
56 839
57 58
57 293
58 1002
59 60
59 734
60 1266
61 62
61 541
62 1190
63 64
63 1021
64 1444
65 66
65 1097
66 1563
67 68
67 368
68 1573
69 70
69 813
70 764
71 72
71 1427
72 1583
73 74
73 469
74 397
75 76
75 1023
76 976
77 78
77 957
78 608
79 80
79 834
80 584
81 82
81 501
82 286
83 84
83 133
84 1531
85 86
85 1116
86 788
87 88
87 822
88 856
89 90
89 867
90 776
91 92
91 1250
92 536
93 94
93 1165
94 671
95 96
95 1431
96 689
97 98
97 449
98 313
99 100
99 337
100 886
101 102
101 225
102 852
103 104
103 1133
104 676
105 106
105 751
106 328
107 90
107 108
108 892
109 110
109 1241
110 122
111 112
111 1104
112 124
113 114
113 497
114 1457
115 116
115 539
116 325
117 118
117 750
118 91
119 120
119 447
120 1282
121 122
121 1258
122 198
123 124
123 1484
124 804
125 126
125 327
126 1363
127 128
127 640
128 1370
129 130
129 343
130 1339
131 132
131 247
132 1534
133 134
133 1017
134 746
135 136
135 752
136 1317
137 138
137 460
138 306
139 140
139 607
140 1453
141 142
141 620
142 943
143 144
143 417
144 1532
145 146
145 400
146 54
147 148
147 937
148 981
149 150
149 1156
150 833
151 152
151 1415
152 50
153 154
153 637
154 1025
155 156
155 219
156 1261
157 158
157 1299
158 334
159 160
159 690
160 1242
161 162
161 510
162 1028
163 164
163 1475
164 372
165 166
165 1253
166 877
167 168
167 1079
168 1535
169 170
169 1075
170 520
171 172
171 733
172 428
173 174
173 1174
174 390
175 176
175 695
176 1467
177 178
177 200
178 654
179 167
179 180
180 601
181 182
181 517
182 574
183 184
183 1173
184 629
185 186
185 1179
186 272
187 188
187 1161
188 1290
189 190
189 331
190 580
191 38
191 192
192 394
193 194
193 895
194 538
195 196
195 798
196 1386
197 198
197 279
198 1298
199 200
199 503
200 1454
201 202
201 615
202 376
203 204
203 923
204 56
205 206
205 255
206 1198
207 208
207 688
208 613
209 199
209 210
210 1343
211 212
211 1455
212 1538
213 2
213 214
214 844
215 216
215 719
216 49
217 218
217 1554
218 1510
219 220
219 730
220 1406
221 222
221 374
222 445
223 224
223 1091
224 783
225 226
225 1495
226 1185
227 228
227 1391
228 1323
229 230
229 1450
230 1074
231 232
231 314
232 1052
233 234
233 335
234 382
235 236
235 1541
236 1465
237 238
237 1359
238 556
239 240
239 1254
240 22
241 242
241 281
242 60
243 244
243 729
244 96
245 211
245 246
246 1281
247 248
247 591
248 908
249 250
249 781
250 137
251 252
251 1245
252 476
253 254
253 1188
254 1064
255 256
255 800
256 1505
257 258
257 403
258 274
259 260
259 911
260 1088
261 262
261 603
262 554
263 115
263 264
264 624
265 266
265 1513
266 1086
267 268
267 1093
268 454
269 270
269 1481
270 1471
271 272
271 1382
272 929
273 274
273 631
274 253
275 276
275 1169
276 52
277 160
277 278
278 336
279 280
279 511
280 1441
281 282
281 1584
282 489
283 284
283 1045
284 1562
285 286
285 1012
286 36
287 288
287 931
288 1384
289 290
289 420
290 999
291 292
291 1548
292 437
293 83
293 294
294 166
295 181
295 296
296 1436
297 298
297 1089
298 1578
299 227
299 300
300 1050
301 302
301 405
302 474
303 304
303 849
304 185
305 306
305 973
306 418
307 308
307 340
308 964
309 310
309 365
310 1478
311 105
311 312
312 743
313 314
313 1069
314 1426
315 316
315 779
316 240
317 318
317 1087
318 572
319 320
319 638
320 464
321 322
321 1197
322 1274
323 324
323 1357
324 934
325 131
325 326
326 1166
327 328
327 1433
328 1422
329 330
329 1400
330 1592
331 332
331 583
332 101
333 334
333 504
334 944
335 336
335 1509
336 524
337 338
337 1614
338 290
339 180
339 340
340 830
341 342
341 1569
342 46
343 3
343 344
344 525
345 346
345 1537
346 700
347 348
347 1278
348 1311
349 350
349 635
350 799
351 352
351 936
352 1108
353 354
353 1451
354 1568
355 356
355 1452
356 412
357 358
357 845
358 872
359 165
359 360
360 477
361 362
361 1177
362 366
363 305
363 364
364 1217
365 366
365 451
366 1528
367 368
367 1407
368 697
369 161
369 370
370 64
371 372
371 1479
372 1073
373 228
373 374
374 513
375 376
375 1148
376 748
377 378
377 698
378 342
379 11
379 380
380 57
381 382
381 585
382 273
383 384
383 1279
384 824
385 386
385 1294
386 1328
387 388
387 1071
388 941
389 24
389 390
390 1476
391 392
391 928
392 1549
393 394
393 1303
394 264
395 396
395 651
396 891
397 398
397 1545
398 1127
399 317
399 400
400 962
401 402
401 896
402 1062
403 404
403 1351
404 806
405 406
405 439
406 1438
407 408
407 945
408 1141
409 410
409 869
410 1547
411 412
411 989
412 329
413 414
413 919
414 76
415 152
415 416
416 578
417 72
417 418
418 1372
419 420
419 500
420 1225
421 422
421 1347
422 5
423 424
423 903
424 1373
425 39
425 426
426 378
427 428
427 1353
428 326
429 61
429 430
430 1004
431 432
431 897
432 821
433 434
433 817
434 277
435 436
435 1602
436 1006
437 438
437 1468
438 1042
439 440
439 1305
440 758
441 442
441 1503
442 1310
443 299
443 444
444 107
445 446
445 1215
446 284
447 448
447 666
448 563
449 450
449 731
450 1410
451 452
451 1287
452 787
453 454
453 1082
454 864
455 456
455 1308
456 1334
457 458
457 577
458 348
459 460
459 857
460 754
461 462
461 909
462 1594
463 464
463 586
464 772
465 466
465 801
466 840
467 468
467 1577
468 619
469 432
469 470
470 261
471 472
471 1019
472 1500
473 474
473 1456
474 753
475 476
475 1435
476 1314
477 301
477 478
478 1397
479 145
479 480
480 940
481 482
481 1327
482 1586
483 153
483 484
484 362
485 486
485 1001
486 488
487 488
487 593
488 1409
489 490
489 890
490 1026
491 492
491 1460
492 972
493 269
493 494
494 1392
495 68
495 496
496 31
497 498
497 1414
498 713
499 500
499 1512
500 715
501 11
501 502
502 843
503 71
503 504
504 573
505 506
505 966
506 172
507 508
507 1263
508 1183
509 74
509 510
510 360
511 512
511 1007
512 816
513 514
513 749
514 1418
515 516
515 1449
516 1270
517 518
517 1120
518 568
519 520
519 653
520 462
521 440
521 522
522 862
523 524
523 1374
524 592
525 526
525 1333
526 810
527 528
527 881
528 70
529 530
529 669
530 1231
531 532
531 1499
532 459
533 534
533 829
534 1296
535 536
535 1589
536 1202
537 538
537 657
538 948
539 25
539 540
540 1514
541 542
541 1013
542 773
543 544
543 1138
544 902
545 315
545 546
546 674
547 358
547 548
548 1170
549 550
549 986
550 386
551 552
551 599
552 89
553 554
553 1416
554 990
555 556
555 883
556 1163
557 558
557 1137
558 526
559 213
559 560
560 1540
561 562
561 1559
562 265
563 564
563 792
564 984
565 566
565 1302
566 296
567 546
567 568
568 1251
569 193
569 570
570 1443
571 572
571 1103
572 1590
573 201
573 574
574 419
575 576
575 1335
576 246
577 578
577 1601
578 738
579 580
579 1051
580 1345
581 582
581 1368
582 1283
583 584
583 1055
584 1061
585 586
585 684
586 636
587 493
587 588
588 1516
589 590
589 791
590 191
591 592
591 1604
592 918
593 594
593 693
594 534
595 123
595 596
596 310
597 598
597 1144
598 1612
599 600
599 1285
600 622
601 602
601 1552
602 492
603 113
603 604
604 77
605 606
605 1221
606 146
607 381
607 608
608 1364
609 157
609 610
610 210
611 612
611 955
612 1048
613 614
613 1600
614 882
615 616
615 1095
616 523
617 618
617 1226
618 1276
619 215
619 620
620 294
621 622
621 809
622 385
623 319
623 624
624 1579
625 576
625 626
626 254
627 628
627 1477
628 304
629 58
629 630
630 1518
631 632
631 1056
632 1502
633 452
633 634
634 1238
635 636
635 727
636 737
637 638
637 1289
638 175
639 640
639 1316
640 363
641 642
641 1315
642 1428
643 249
643 644
644 32
645 347
645 646
646 338
647 648
647 956
648 1292
649 650
649 925
650 320
651 652
651 706
652 1542
653 654
653 677
654 416
655 656
655 1342
656 1000
657 45
657 658
658 1394
659 660
659 1488
660 1085
661 367
661 662
662 426
663 502
663 664
664 1040
665 666
665 1143
666 1447
667 190
667 668
668 1186
669 499
669 670
670 866
671 250
671 672
672 514
673 163
673 674
674 793
675 676
675 1147
676 12
677 678
677 1527
678 55
679 648
679 680
680 901
681 682
681 921
682 634
683 684
683 1229
684 203
685 468
685 686
686 1284
687 688
687 1070
688 1338
689 690
689 1565
690 51
691 12
691 692
692 590
693 694
693 977
694 566
695 69
695 696
696 27
697 226
697 698
698 1150
699 643
699 700
700 904
701 424
701 702
702 922
703 652
703 704
704 1022
705 26
705 706
706 266
707 708
707 823
708 231
709 710
709 740
710 1234
711 258
711 712
712 53
713 714
713 741
714 1256
715 716
715 1564
716 614
717 718
717 1571
718 1546
719 720
719 871
720 815
721 722
721 1603
722 744
723 609
723 724
724 952
725 726
725 1213
726 232
727 728
727 951
728 230
729 675
729 730
730 950
731 732
731 1329
732 1131
733 734
733 1553
734 1094
735 736
735 1036
736 600
737 156
737 738
738 204
739 380
739 740
740 1027
741 742
741 777
742 129
743 351
743 744
744 795
745 485
745 746
746 154
747 664
747 748
748 1035
749 118
749 750
750 812
751 752
751 1244
752 349
753 754
753 1005
754 1033
755 756
755 968
756 404
757 758
757 1519
758 40
759 760
759 1129
760 422
761 762
761 905
762 1380
763 259
763 764
764 660
765 766
765 831
766 717
767 659
767 768
768 141
769 770
769 927
770 498
771 772
771 1325
772 458
773 774
773 1306
774 1112
775 776
775 1425
776 21
777 409
777 778
778 121
779 532
779 780
780 932
781 267
781 782
782 1236
783 142
783 784
784 316
785 28
785 786
786 271
787 134
787 788
788 716
789 487
789 790
790 545
791 792
791 1037
792 606
793 117
793 794
794 414
795 434
795 796
796 206
797 410
797 798
798 662
799 800
799 1501
800 4
801 645
801 802
802 35
803 375
803 804
804 1080
805 581
805 806
806 268
807 808
807 1496
808 933
809 810
809 1413
810 148
811 812
811 1593
812 425
813 814
813 1404
814 837
815 816
815 1464
816 1078
817 805
817 818
818 553
819 820
819 997
820 1102
821 822
821 1219
822 1172
823 824
823 1243
824 352
825 826
825 1265
826 295
827 828
827 887
828 544
829 830
829 1034
830 377
831 243
831 832
832 851
833 834
833 1205
834 938
835 836
835 1212
836 1216
837 486
837 838
838 308
839 756
839 840
840 1566
841 842
841 993
842 965
843 135
843 844
844 1420
845 846
845 1521
846 1142
847 848
847 1220
848 248
849 467
849 850
850 825
851 852
851 1193
852 1498
853 346
853 854
854 1379
855 842
855 856
856 910
857 168
857 858
858 906
859 303
859 860
860 196
861 855
861 862
862 1058
863 223
863 864
864 726
865 66
865 866
866 1066
867 868
867 1257
868 528
869 826
869 870
870 233
871 81
871 872
872 1497
873 289
873 874
874 1252
875 876
875 893
876 205
877 234
877 878
878 1010
879 588
879 880
880 1008
881 519
881 882
882 1350
883 884
883 1209
884 736
885 125
885 886
886 558
887 888
887 985
888 540
889 73
889 890
890 963
891 494
891 892
892 1149
893 699
893 894
894 276
895 23
895 896
896 270
897 898
897 1117
898 785
899 283
899 900
900 811
901 625
901 902
902 838
903 904
903 1469
904 1041
905 906
905 1057
906 732
907 868
907 908
908 1024
909 547
909 910
910 1522
911 802
911 912
912 1114
913 461
913 914
914 1390
915 441
915 916
916 110
917 918
917 1318
918 480
919 920
919 979
920 29
921 922
921 1201
922 686
923 924
923 995
924 974
925 665
925 926
926 1060
927 859
927 928
928 1423
929 930
929 1398
930 1506
931 932
931 1171
932 692
933 934
933 1336
934 1301
935 423
935 936
936 1408
937 742
937 938
938 768
939 940
939 1459
940 1182
941 942
941 1430
942 448
943 944
943 1434
944 658
945 835
945 946
946 1472
947 948
947 1009
948 1508
949 483
949 950
950 406
951 952
951 1049
952 775
953 954
953 1119
954 1417
955 956
955 983
956 709
957 212
957 958
958 128
959 960
959 1360
960 820
961 962
961 1529
962 1115
963 86
963 964
964 14
965 966
965 1605
966 1100
967 968
967 1504
968 712
969 970
969 1403
970 470
971 535
971 972
972 958
973 974
973 1175
974 1396
975 870
975 976
976 778
977 898
977 978
978 703
979 980
979 1271
980 119
981 982
981 1442
982 873
983 114
983 984
984 728
985 986
985 1341
986 1485
987 803
987 988
988 132
989 99
989 990
990 1580
991 992
991 1581
992 1240
993 531
993 994
994 6
995 996
995 1371
996 184
997 988
997 998
998 506
999 971
999 1000
1000 450
1001 935
1001 1002
1002 1189
1003 1004
1003 1273
1004 1530
1005 770
1005 1006
1006 548
1007 827
1007 1008
1008 687
1009 399
1009 1010
1010 318
1011 280
1011 1012
1012 401
1013 207
1013 1014
1014 44
1015 707
1015 1016
1016 913
1017 655
1017 1018
1018 292
1019 1020
1019 1196
1020 302
1021 763
1021 1022
1022 998
1023 244
1023 1024
1024 1192
1025 1026
1025 1047
1026 1224
1027 1028
1027 1053
1028 747
1029 1030
1029 1227
1030 529
1031 633
1031 1032
1032 1340
1033 1034
1033 1077
1034 192
1035 530
1035 1036
1036 84
1037 949
1037 1038
1038 1187
1039 421
1039 1040
1040 109
1041 411
1041 1042
1042 992
1043 1014
1043 1044
1044 681
1045 209
1045 1046
1046 1125
1047 395
1047 1048
1048 1297
1049 473
1049 1050
1050 75
1051 291
1051 1052
1052 260
1053 579
1053 1054
1054 567
1055 371
1055 1056
1056 355
1057 1058
1057 1067
1058 472
1059 1060
1059 1381
1060 562
1061 1062
1061 1223
1062 1239
1063 1064
1063 1105
1064 1344
1065 780
1065 1066
1066 774
1067 683
1067 1068
1068 392
1069 876
1069 1070
1070 718
1071 571
1071 1072
1072 1200
1073 407
1073 1074
1074 415
1075 1076
1075 1332
1076 282
1077 288
1077 1078
1078 1611
1079 673
1079 1080
1080 930
1081 357
1081 1082
1082 672
1083 947
1083 1084
1084 1101
1085 1003
1085 1086
1086 1561
1087 197
1087 1088
1088 602
1089 1090
1089 1233
1090 1458
1091 507
1091 1092
1092 879
1093 1094
1093 1524
1094 194
1095 555
1095 1096
1096 324
1097 1098
1097 1487
1098 1324
1099 95
1099 1100
1100 300
1101 1102
1101 1606
1102 755
1103 721
1103 1104
1104 724
1105 518
1105 1106
1106 1267
1107 311
1107 1108
1108 496
1109 33
1109 1110
1110 1466
1111 954
1111 1112
1112 1255
1113 1114
1113 1556
1114 961
1115 711
1115 1116
1116 252
1117 387
1117 1118
1118 1280
1119 1120
1119 1153
1120 959
1121 1122
1121 1304
1122 1204
1123 1124
1123 1551
1124 1230
1125 722
1125 1126
1126 138
1127 312
1127 1128
1128 1319
1129 907
1129 1130
1130 389
1131 626
1131 1132
1132 874
1133 1134
1133 1463
1134 1126
1135 705
1135 1136
1136 884
1137 1099
1137 1138
1138 1489
1139 739
1139 1140
1140 1492
1141 1098
1141 1142
1142 236
1143 1144
1143 1483
1144 241
1145 1136
1145 1146
1146 108
1147 263
1147 1148
1148 819
1149 650
1149 1150
1150 1576
1151 63
1151 1152
1152 87
1153 1154
1153 1248
1154 1092
1155 1156
1155 1405
1156 413
1157 725
1157 1158
1158 1109
1159 195
1159 1160
1160 667
1161 1162
1161 1365
1162 670
1163 790
1163 1164
1164 710
1165 257
1165 1166
1166 1218
1167 1015
1167 1168
1168 475
1169 1170
1169 1321
1170 1445
1171 537
1171 1172
1172 383
1173 627
1173 1174
1174 1517
1175 1065
1175 1176
1176 1352
1177 832
1177 1178
1178 808
1179 1011
1179 1180
1180 490
1181 953
1181 1182
1182 1268
1183 1111
1183 1184
1184 708
1185 361
1185 1186
1186 364
1187 222
1187 1188
1188 960
1189 353
1189 1190
1190 436
1191 16
1191 1192
1192 1210
1193 1194
1193 1355
1194 1043
1195 875
1195 1196
1196 863
1197 149
1197 1198
1198 1587
1199 649
1199 1200
1200 980
1201 1202
1201 1607
1202 112
1203 1204
1203 1473
1204 356
1205 1206
1205 1613
1206 307
1207 97
1207 1208
1208 597
1209 661
1209 1210
1210 836
1211 639
1211 1212
1212 322
1213 41
1213 1214
1214 975
1215 1208
1215 1216
1216 1486
1217 916
1217 1218
1218 339
1219 623
1219 1220
1220 1038
1221 696
1221 1222
1222 34
1223 453
1223 1224
1224 7
1225 217
1225 1226
1226 1507
1227 1228
1227 1361
1228 939
1229 93
1229 1230
1230 350
1231 463
1231 1232
1232 20
1233 668
1233 1234
1234 1178
1235 1030
1235 1236
1236 1610
1237 1018
1237 1238
1238 1084
1239 1240
1239 1401
1240 18
1241 720
1241 1242
1242 678
1243 1083
1243 1244
1244 333
1245 1246
1245 1437
1246 1448
1247 1248
1247 1523
1248 522
1249 1128
1249 1250
1250 1572
1251 1246
1251 1252
1252 796
1253 767
1253 1254
1254 1124
1255 373
1255 1256
1256 550
1257 628
1257 1258
1258 85
1259 611
1259 1260
1260 80
1261 62
1261 1262
1262 656
1263 761
1263 1264
1264 1515
1265 116
1265 1266
1266 1588
1267 456
1267 1268
1268 1358
1269 587
1269 1270
1270 1122
1271 765
1271 1272
1272 106
1273 1168
1273 1274
1274 396
1275 762
1275 1276
1276 1272
1277 1278
1277 1596
1278 1123
1279 1280
1279 1470
1280 1106
1281 735
1281 1282
1282 994
1283 900
1283 1284
1284 6
1285 1286
1285 1557
1286 1157
1287 67
1287 1288
1288 1388
1289 1290
1289 1293
1290 1
1291 173
1291 1292
1292 987
1293 552
1293 1294
1294 1354
1295 1154
1295 1296
1296 144
1297 616
1297 1298
1298 914
1299 136
1299 1300
1300 1232
1301 1132
1301 1302
1302 370
1303 1260
1303 1304
1304 216
1305 841
1305 1306
1306 723
1307 179
1307 1308
1308 610
1309 1310
1309 1349
1310 297
1311 442
1311 1312
1312 782
1313 139
1313 1314
1314 1262
1315 757
1315 1316
1316 251
1317 155
1317 1318
1318 1162
1319 853
1319 1320
1320 1180
1321 332
1321 1322
1322 814
1323 164
1323 1324
1324 1160
1325 1184
1325 1326
1326 1164
1327 1020
1327 1328
1328 878
1329 1247
1329 1330
1330 1016
1331 850
1331 1332
1332 680
1333 285
1333 1334
1334 1300
1335 1336
1335 1462
1336 1608
1337 663
1337 1338
1338 1411
1339 880
1339 1340
1340 942
1341 1039
1341 1342
1342 1393
1343 561
1343 1344
1344 612
1345 1346
1345 1424
1346 169
1347 1348
1347 1555
1348 978
1349 10
1349 1350
1350 694
1351 1068
1351 1352
1352 1574
1353 1354
1353 1525
1354 1118
1355 443
1355 1356
1356 1493
1357 1155
1357 1358
1358 30
1359 1291
1359 1360
1360 1377
1361 1107
1361 1362
1362 140
1363 1135
1363 1364
1364 495
1365 861
1365 1366
1366 1533
1367 481
1367 1368
1368 1491
1369 797
1369 1370
1370 1206
1371 235
1371 1372
1372 818
1373 103
1373 1374
1374 178
1375 429
1375 1376
1376 596
1377 1356
1377 1378
1378 1575
1379 1380
1379 1387
1380 1348
1381 621
1381 1382
1382 48
1383 369
1383 1384
1384 1211
1385 1386
1385 1544
1386 408
1387 766
1387 1388
1388 1140
1389 1181
1389 1390
1390 466
1391 920
1391 1392
1392 256
1393 1269
1393 1394
1394 1145
1395 391
1395 1396
1396 632
1397 1398
1397 1598
1398 1113
1399 889
1399 1400
1400 848
1401 543
1401 1402
1402 1526
1403 1404
1403 1511
1404 605
1405 551
1405 1406
1406 1326
1407 1235
1407 1408
1408 359
1409 618
1409 1410
1410 1134
1411 1159
1411 1412
1412 714
1413 1414
1413 1432
1414 685
1415 158
1415 1416
1416 760
1417 37
1417 1418
1418 120
1419 946
1419 1420
1420 1494
1421 275
1421 1422
1422 218
1423 1424
1423 1597
1424 644
1425 162
1425 1426
1426 1482
1427 9
1427 1428
1428 786
1429 455
1429 1430
1430 444
1431 1432
1431 1461
1432 1399
1433 759
1433 1434
1434 78
1435 701
1435 1436
1436 828
1437 433
1437 1438
1438 111
1439 1383
1439 1440
1440 1214
1441 15
1441 1442
1442 996
1443 1444
1443 1474
1444 1322
1445 1146
1445 1446
1446 438
1447 1139
1447 1448
1448 512
1449 1385
1449 1450
1450 1063
1451 1440
1451 1452
1452 354
1453 446
1453 1454
1454 967
1455 1337
1455 1456
1456 1367
1457 1458
1457 1599
1458 214
1459 789
1459 1460
1460 1044
1461 589
1461 1462
1462 388
1463 1203
1463 1464
1464 1031
1465 784
1465 1466
1466 1046
1467 691
1467 1468
1468 505
1469 321
1469 1470
1470 147
1471 1330
1471 1472
1472 1054
1473 1228
1473 1474
1474 242
1475 65
1475 1476
1476 704
1477 991
1477 1478
1478 224
1479 465
1479 1480
1480 427
1481 1151
1481 1482
1482 549
1483 398
1483 1484
1484 1591
1485 43
1485 1486
1486 1362
1487 515
1487 1488
1488 1072
1489 186
1489 1490
1490 208
1491 542
1491 1492
1492 570
1493 1237
1493 1494
1494 1378
1495 1195
1495 1496
1496 1259
1497 19
1497 1498
1498 1076
1499 126
1499 1500
1500 1295
1501 143
1501 1502
1502 1096
1503 970
1503 1504
1504 702
1505 560
1505 1506
1506 262
1507 151
1507 1508
1508 1346
1509 1510
1509 1585
1510 330
1511 527
1511 1512
1512 1307
1513 478
1513 1514
1514 88
1515 1199
1515 1516
1516 1539
1517 885
1517 1518
1518 479
1519 1029
1519 1520
1520 127
1521 104
1521 1522
1522 982
1523 323
1523 1524
1524 287
1525 79
1525 1526
1526 1490
1527 899
1527 1528
1528 1446
1529 174
1529 1530
1530 188
1531 533
1531 1532
1532 1176
1533 1249
1533 1534
1534 771
1535 344
1535 1536
1536 1520
1537 1395
1537 1538
1538 1389
1539 647
1539 1540
1540 457
1541 807
1541 1542
1542 679
1543 969
1543 1544
1544 769
1545 1546
1545 1570
1546 617
1547 42
1547 1548
1548 1429
1549 1081
1549 1550
1550 858
1551 1264
1551 1552
1552 59
1553 1207
1553 1554
1554 1419
1555 171
1555 1556
1556 130
1557 1543
1557 1558
1558 1320
1559 865
1559 1560
1560 582
1561 98
1561 1562
1562 1130
1563 926
1563 1564
1564 854
1565 100
1565 1566
1566 1412
1567 1288
1567 1568
1568 170
1569 557
1569 1570
1570 1309
1571 508
1571 1572
1572 491
1573 1560
1573 1574
1574 278
1575 220
1575 1576
1576 594
1577 745
1577 1578
1578 102
1579 630
1579 1580
1580 1558
1581 150
1581 1582
1582 1313
1583 604
1583 1584
1584 1275
1585 595
1585 1586
1586 1121
1587 1567
1587 1588
1588 8
1589 1402
1589 1590
1590 298
1591 94
1591 1592
1592 598
1593 384
1593 1594
1594 1222
1595 1167
1595 1596
1596 569
1597 431
1597 1598
1598 402
1599 176
1599 1600
1600 847
1601 888
1601 1602
1602 482
1603 183
1603 1604
1604 915
1605 47
1605 1606
1606 177
1607 435
1607 1608
1608 1312
1609 229
1609 1610
1610 1110
1611 516
1611 1612
1612 794
1613 13
1613 1614
1614 1158
