0 775
0 1157
2 75
2 896
3 1074
3 1244
4 150
4 745
5 390
6 866
9 309
9 645
10 11
10 1226
12 616
11 1412
13 630
13 848
15 1
15 1538
17 273
17 457
19 394
19 427
21 779
21 1056
23 24
23 1058
24 748
25 26
25 1305
26 989
27 28
27 1075
28 182
29 30
29 755
30 1003
31 32
31 1299
32 448
33 34
33 1409
34 888
35 36
35 549
36 107
37 38
37 790
38 765
39 40
39 508
40 302
41 42
41 1583
42 854
43 44
43 1494
44 400
45 46
45 272
46 76
47 48
47 1025
48 231
49 50
49 1389
50 1610
51 52
51 687
52 334
53 54
53 965
54 1518
55 56
55 1329
56 1043
57 58
57 1207
58 932
59 60
59 308
60 702
61 62
61 855
62 60
63 64
63 1061
64 1136
65 66
65 526
66 24
67 68
67 1355
68 1602
69 70
69 972
70 1376
71 72
71 1212
72 861
73 74
73 1377
74 895
75 76
75 98
76 778
77 78
77 256
78 1000
79 80
79 420
80 148
81 82
81 219
82 1509
83 84
83 1174
84 706
85 86
85 583
86 1117
87 88
87 565
88 491
89 90
89 873
90 1160
91 92
91 1442
92 108
93 94
93 365
94 1558
95 96
95 393
96 694
97 98
97 739
98 246
99 100
99 292
100 1555
101 102
101 519
102 652
103 104
103 245
104 804
105 106
105 1307
106 1581
107 108
107 453
108 1184
109 110
109 1317
110 816
111 110
111 112
112 355
113 114
113 191
114 1156
115 116
115 1209
116 488
117 118
117 127
118 10
119 120
119 1141
120 1358
121 122
121 415
122 819
123 124
123 189
124 1002
125 126
125 215
126 592
127 128
127 681
128 1330
129 130
129 798
130 1430
131 132
131 1078
132 1497
133 134
133 347
134 478
135 136
135 492
136 781
137 138
137 1167
138 1066
139 140
139 1271
140 1547
141 142
141 835
142 8
143 144
143 521
144 881
145 146
145 1095
146 1306
147 148
147 923
148 1532
149 150
149 882
150 705
151 152
151 1240
152 650
153 154
153 303
154 1042
155 156
155 534
156 1545
157 158
157 1354
158 1479
159 160
159 810
160 1568
161 162
161 223
162 1202
163 164
163 417
164 712
165 166
165 1351
166 372
167 168
167 1223
168 604
169 170
169 1362
170 1401
171 172
171 1495
172 542
173 174
173 1453
174 1416
175 176
175 187
176 622
177 178
177 1591
178 1499
179 180
179 407
180 1552
181 182
181 1127
182 192
183 184
183 1047
184 248
185 186
185 373
186 1036
187 188
187 1053
188 1219
189 190
189 675
190 1035
191 192
191 905
192 1522
193 194
193 1322
194 466
195 196
195 1121
196 1072
197 198
197 763
198 624
199 200
199 277
200 1428
201 202
201 1420
202 1150
203 204
203 1371
204 572
205 206
205 1249
206 537
207 208
207 433
208 164
209 210
209 249
210 1139
211 212
211 297
212 374
213 214
213 776
214 376
215 216
215 595
216 70
217 181
217 218
218 635
219 220
219 715
220 142
221 222
221 1303
222 1530
223 224
223 961
224 1138
225 226
225 1277
226 812
227 228
227 1134
228 1135
229 230
229 289
230 32
231 232
231 1562
232 1190
233 234
233 753
234 253
235 236
235 1385
236 1386
237 238
237 1451
238 94
239 240
239 1604
240 406
241 242
241 1263
242 135
243 244
243 323
244 1525
245 246
245 251
246 449
247 45
247 248
248 1049
249 250
249 651
250 1418
251 252
251 1012
252 165
253 254
253 1349
254 147
255 256
255 353
256 1600
257 258
257 434
258 1175
259 260
259 1179
260 1162
261 262
261 1195
262 1013
263 264
263 1318
264 1315
265 266
265 963
266 911
267 268
267 1573
268 208
269 265
269 270
270 1080
271 272
271 980
272 602
273 274
273 1612
274 865
275 276
275 915
276 388
277 278
277 1044
278 885
279 280
279 479
280 1603
281 282
281 395
282 341
283 197
283 284
284 1443
285 286
285 387
286 562
287 225
287 288
288 155
289 290
289 659
290 336
291 292
291 773
292 1314
293 294
293 1084
294 452
295 296
295 913
296 735
297 298
297 1106
298 99
299 300
299 384
300 552
301 302
301 897
302 1384
303 304
303 1189
304 1112
305 306
305 477
306 917
307 308
307 1281
308 146
309 310
309 1007
310 349
311 312
311 1529
312 54
313 271
313 314
314 180
315 316
315 679
316 1272
317 318
317 1496
318 824
319 320
319 1252
320 436
321 322
321 1208
322 316
323 324
323 821
324 1340
325 326
325 931
326 1609
327 328
327 912
328 1214
329 330
329 910
330 282
331 332
331 1293
332 627
333 334
333 608
334 366
335 336
335 692
336 1352
337 205
337 338
338 1589
339 207
339 340
340 257
341 314
341 342
342 1216
343 344
343 1191
344 713
345 346
345 815
346 747
347 348
347 1063
348 1365
349 350
349 1565
350 766
351 352
351 582
352 220
353 122
353 354
354 1038
355 356
355 1051
356 563
357 109
357 358
358 494
359 360
359 723
360 344
361 362
361 581
362 1524
363 364
363 840
364 1432
365 366
365 716
366 955
367 368
367 727
368 173
369 370
369 1132
370 599
371 372
371 1225
372 879
373 374
373 578
374 1098
375 376
375 677
376 431
377 378
377 1535
378 240
379 380
379 998
380 742
381 382
381 575
382 1124
383 73
383 384
384 1584
385 386
385 1580
386 964
387 388
387 764
388 952
389 82
389 390
390 1311
391 392
391 984
392 140
393 394
393 1387
394 1284
395 25
395 396
396 671
397 398
397 1246
398 91
399 400
399 1187
400 1364
401 402
401 807
402 880
403 404
403 1151
404 623
405 68
405 406
406 883
407 408
407 409
408 484
409 193
409 410
410 1193
411 283
411 412
412 1501
413 414
413 969
414 78
415 397
415 416
416 1379
417 399
417 418
418 1382
419 420
419 1543
420 1342
421 55
421 422
422 740
423 424
423 1283
424 446
425 426
425 1300
426 1276
427 428
427 496
428 758
429 416
429 430
430 43
431 432
431 540
432 1153
433 434
433 1221
434 924
435 436
435 1493
436 66
437 438
437 767
438 1152
439 200
439 440
440 1149
441 442
441 642
442 737
443 444
443 1213
444 1275
445 446
445 729
446 1510
447 448
447 930
448 847
449 450
449 573
450 1550
451 452
451 1251
452 447
453 216
453 454
454 1196
455 456
455 525
456 211
457 295
457 458
458 221
459 460
459 899
460 1540
461 462
461 489
462 857
463 464
463 707
464 378
465 178
465 466
466 1014
467 468
467 1519
468 1258
469 470
469 1429
470 268
471 472
471 655
472 576
473 474
473 607
474 653
475 476
475 1186
476 1217
477 281
477 478
478 243
479 113
479 480
480 925
481 482
481 863
482 214
483 484
483 1337
484 116
485 486
485 1502
486 276
487 488
487 613
488 317
489 490
489 514
490 734
491 492
491 859
492 284
493 494
493 941
494 593
495 496
495 942
496 851
497 498
497 609
498 1514
499 229
499 500
500 678
501 502
501 547
502 805
503 504
503 1067
504 1060
505 49
505 506
506 1559
507 443
507 508
508 132
509 328
509 510
510 18
511 512
511 981
512 1001
513 514
513 617
514 638
515 516
515 1158
516 1032
517 518
517 1492
518 1366
519 520
519 797
520 725
521 522
521 603
522 814
523 524
523 1498
524 1242
525 526
525 1077
526 920
527 528
527 1517
528 159
529 530
529 1247
530 1459
531 196
531 532
532 938
533 534
533 1291
534 454
535 536
535 1227
536 1541
537 538
537 585
538 843
539 254
539 540
540 1367
541 247
541 542
542 342
543 544
543 1415
544 1468
545 546
545 644
546 1004
547 548
547 1345
548 476
549 550
549 909
550 996
551 286
551 552
552 1176
553 359
553 554
554 1188
555 88
555 556
556 294
557 558
557 1601
558 1119
559 560
559 1488
560 318
561 562
561 811
562 1585
563 293
563 564
564 852
565 566
565 1287
566 628
567 568
567 1463
568 976
569 570
569 1402
570 1302
571 423
571 572
572 1146
573 574
573 1069
574 898
575 576
575 994
576 719
577 578
577 935
578 438
579 37
579 580
580 1446
581 310
581 582
582 528
583 584
583 849
584 1458
585 586
585 809
586 330
587 588
587 982
588 464
589 590
589 919
590 450
591 222
591 592
592 475
593 261
593 594
594 626
595 596
595 1019
596 414
597 598
597 784
598 100
599 600
599 1125
600 813
601 602
601 1350
602 1605
603 604
603 1469
604 1046
605 606
605 1439
606 364
607 185
607 608
608 1577
609 551
609 610
610 684
611 612
611 892
612 1516
613 614
613 995
614 1526
615 250
615 616
616 1031
617 153
617 618
618 918
619 413
619 620
620 244
621 622
621 1373
622 1028
623 260
623 624
624 354
625 171
625 626
626 685
627 327
627 628
628 151
629 630
629 833
630 124
631 467
631 632
632 676
633 401
633 634
634 992
635 227
635 636
636 1029
637 638
637 1285
638 1433
639 589
639 640
640 506
641 642
641 939
642 255
643 644
643 1273
644 1572
645 646
645 673
646 439
647 134
647 648
648 618
649 101
649 650
650 958
651 652
651 1571
652 1473
653 654
653 1161
654 1508
655 228
655 656
656 1062
657 658
657 1083
658 1133
659 660
659 783
660 1086
661 662
661 907
662 771
663 517
663 664
664 1444
665 553
665 666
666 209
667 668
667 696
668 1052
669 31
669 670
670 844
671 523
671 672
672 1500
673 674
673 1475
674 1423
675 203
675 676
676 299
677 195
677 678
678 426
679 680
679 1090
680 1229
681 682
681 999
682 288
683 536
683 684
684 697
685 664
685 686
686 1542
687 688
687 1461
688 1290
689 690
689 1041
690 52
691 692
691 1253
692 988
693 694
693 1100
694 16
695 696
695 1353
696 33
697 698
697 832
698 172
699 499
699 700
700 1140
701 660
701 702
702 1224
703 69
703 704
704 112
705 706
705 1045
706 194
707 520
707 708
708 169
709 710
709 826
710 120
711 712
711 1574
712 84
713 210
713 714
714 1220
715 93
715 716
716 149
717 718
717 1147
718 1357
719 11
719 720
720 1608
721 722
721 1206
722 1111
723 724
723 1359
724 1456
725 726
725 799
726 894
727 188
727 728
728 287
729 730
729 946
730 1304
731 325
731 732
732 1274
733 734
733 1546
734 1144
735 736
735 1164
736 788
737 738
737 1289
738 591
739 740
739 1159
740 1613
741 386
741 742
742 106
743 58
743 744
744 313
745 594
745 746
746 846
747 138
747 748
748 1588
749 750
749 1270
750 796
751 752
751 1064
752 672
753 754
753 1563
754 973
755 756
755 1343
756 1414
757 758
757 1449
758 510
759 340
759 760
760 1198
761 666
761 762
762 757
763 764
763 1101
764 275
765 766
765 774
766 1204
767 29
767 768
768 369
769 571
769 770
770 1554
771 56
771 772
772 682
773 539
773 774
774 914
775 776
775 1009
776 218
777 278
777 778
778 445
779 332
779 780
780 1110
781 782
781 1248
782 201
783 587
783 784
784 668
785 661
785 786
786 834
787 788
787 959
788 654
789 790
789 1553
790 1327
791 459
791 792
792 600
793 794
793 890
794 1123
795 89
795 796
796 953
797 798
797 1055
798 350
799 469
799 800
800 39
801 802
801 1286
802 541
803 804
803 1335
804 382
805 538
805 806
806 351
807 803
807 808
808 1017
809 810
809 1596
810 950
811 812
811 871
812 1092
813 814
813 837
814 1120
815 237
815 816
816 761
817 637
817 818
818 6
819 663
819 820
820 368
821 161
821 822
822 398
823 824
823 1561
824 1419
825 826
825 1321
826 1478
827 139
827 828
828 1235
829 674
829 830
830 1400
831 832
831 916
832 168
833 125
833 834
834 669
835 836
835 1607
836 392
837 838
837 1441
838 610
839 157
839 840
840 35
841 842
841 1070
842 418
843 844
843 1234
844 230
845 846
845 1233
846 156
847 718
847 848
848 1148
849 333
849 850
850 1455
851 324
851 852
852 1334
853 123
853 854
854 118
855 856
855 968
856 656
857 858
857 974
858 1309
859 252
859 860
860 548
861 862
861 1487
862 1048
863 858
863 864
864 1408
865 170
865 866
866 730
867 361
867 868
868 554
869 518
869 870
870 560
871 872
871 1264
872 471
873 874
873 1491
874 1082
875 795
875 876
876 1050
877 699
877 878
878 370
879 880
879 1169
880 1331
881 785
881 882
882 662
883 884
883 1116
884 212
885 474
885 886
886 1339
887 888
887 1470
888 432
889 529
889 890
890 27
891 892
891 1483
892 1344
893 894
893 1368
894 1482
895 896
895 1471
896 1071
897 177
897 898
898 71
899 900
899 1241
900 625
901 902
901 1165
902 186
903 335
903 904
904 726
905 906
905 1087
906 770
907 422
907 908
908 876
909 639
909 910
910 1599
911 912
911 1131
912 160
913 728
913 914
914 749
915 916
915 1020
916 853
917 918
917 1570
918 1424
919 619
919 920
920 1380
921 557
921 922
922 184
923 731
923 924
924 3
925 693
925 926
926 44
927 928
927 1016
928 356
929 462
929 930
930 545
931 103
931 932
932 38
933 934
933 1295
934 960
935 877
935 936
936 1023
937 357
937 938
938 1163
939 375
939 940
940 1068
941 769
941 942
942 1551
943 9
943 944
944 543
945 285
945 946
946 1450
947 948
947 1506
948 690
949 206
949 950
950 830
951 952
951 1129
952 825
953 954
953 1166
954 550
955 516
955 956
956 224
957 958
957 1211
958 646
959 266
959 960
960 1181
961 21
961 962
962 1040
963 535
963 964
964 1172
965 733
965 966
966 904
967 57
967 968
968 36
969 970
969 1205
970 312
971 972
971 1011
972 301
973 405
973 974
974 1484
975 829
975 976
976 460
977 957
977 978
978 1457
979 402
979 980
980 80
981 982
981 1279
982 463
983 121
983 984
984 1513
985 986
985 1595
986 331
987 988
987 1073
988 444
989 175
989 990
990 922
991 512
991 992
992 1486
993 827
993 994
994 79
995 996
995 1269
996 1395
997 411
997 998
998 102
999 1000
999 1410
1000 1108
1001 746
1001 1002
1002 756
1003 50
1003 1004
1004 559
1005 1006
1005 1088
1006 906
1007 1008
1007 1319
1008 1347
1009 657
1009 1010
1010 367
1011 513
1011 1012
1012 2
1013 605
1013 1014
1014 14
1015 1016
1015 1239
1016 264
1017 1018
1017 1427
1018 114
1019 403
1019 1020
1020 900
1021 451
1021 1022
1022 1556
1023 967
1023 1024
1024 979
1025 977
1025 1026
1026 1215
1027 1028
1027 1361
1028 689
1029 1030
1029 1575
1030 1462
1031 1032
1031 1103
1032 956
1033 322
1033 1034
1034 1434
1035 1036
1035 1203
1036 509
1037 96
1037 1038
1038 22
1039 615
1039 1040
1040 62
1041 51
1041 1042
1042 320
1043 927
1043 1044
1044 1266
1045 482
1045 1046
1046 1614
1047 1048
1047 1115
1048 1194
1049 1050
1049 1431
1050 752
1051 1052
1051 1578
1052 777
1053 137
1053 1054
1054 480
1055 131
1055 1056
1056 1237
1057 1058
1057 1531
1058 751
1059 744
1059 1060
1060 424
1061 408
1061 1062
1062 77
1063 1005
1063 1064
1064 1232
1065 1066
1065 1245
1066 1296
1067 1068
1067 1085
1068 326
1069 456
1069 1070
1070 700
1071 381
1071 1072
1072 1567
1073 823
1073 1074
1074 442
1075 298
1075 1076
1076 1178
1077 577
1077 1078
1078 144
1079 291
1079 1080
1080 860
1081 874
1081 1082
1082 1177
1083 233
1083 1084
1084 242
1085 943
1085 1086
1086 787
1087 937
1087 1088
1088 262
1089 83
1089 1090
1090 360
1091 1092
1091 1481
1092 1316
1093 515
1093 1094
1094 348
1095 828
1095 1096
1096 1130
1097 531
1097 1098
1098 1440
1099 708
1099 1100
1100 274
1101 717
1101 1102
1102 176
1103 1104
1103 1606
1104 236
1105 1015
1105 1106
1106 933
1107 455
1107 1108
1108 1363
1109 1110
1109 1325
1110 522
1111 1112
1111 1534
1112 15
1113 1096
1113 1114
1114 362
1115 801
1115 1116
1116 598
1117 614
1117 1118
1118 321
1119 1006
1119 1120
1120 870
1121 111
1121 1122
1122 377
1123 1065
1123 1124
1124 1054
1125 85
1125 1126
1126 136
1127 511
1127 1128
1128 1109
1129 95
1129 1130
1130 1210
1131 561
1131 1132
1132 643
1133 213
1133 1134
1134 501
1135 1136
1135 1474
1136 962
1137 1138
1137 1520
1138 504
1139 46
1139 1140
1140 1392
1141 1142
1141 1312
1142 1326
1143 319
1143 1144
1144 1582
1145 421
1145 1146
1146 750
1147 1148
1147 1381
1148 1388
1149 1059
1149 1150
1150 634
1151 667
1151 1152
1152 691
1153 990
1153 1154
1154 596
1155 234
1155 1156
1156 1511
1157 1107
1157 1158
1158 1406
1159 1160
1159 1393
1160 1143
1161 887
1161 1162
1162 166
1163 794
1163 1164
1164 1192
1165 921
1165 1166
1166 429
1167 839
1167 1168
1168 1394
1169 481
1169 1170
1170 1310
1171 28
1171 1172
1172 1265
1173 1174
1173 1467
1174 949
1175 1113
1175 1176
1176 1396
1177 1178
1177 1383
1178 198
1179 658
1179 1180
1180 199
1181 410
1181 1182
1182 884
1183 792
1183 1184
1184 500
1185 23
1185 1186
1186 1586
1187 1188
1187 1485
1188 1536
1189 567
1189 1190
1190 842
1191 263
1191 1192
1192 458
1193 1194
1193 1411
1194 1324
1195 579
1195 1196
1196 574
1197 683
1197 1198
1198 802
1199 597
1199 1200
1200 1544
1201 641
1201 1202
1202 868
1203 163
1203 1204
1204 1094
1205 67
1205 1206
1206 711
1207 533
1207 1208
1208 970
1209 1210
1209 1403
1210 1399
1211 1212
1211 1313
1212 485
1213 143
1213 1214
1214 235
1215 721
1215 1216
1216 12
1217 12
1217 1218
1218 1390
1219 1220
1219 1280
1220 856
1221 789
1221 1222
1222 845
1223 1021
1223 1224
1224 470
1225 280
1225 1226
1226 800
1227 1228
1227 1421
1228 1262
1229 806
1229 1230
1230 954
1231 4
1231 1232
1232 1398
1233 311
1233 1234
1234 296
1235 768
1235 1236
1236 1255
1237 30
1237 1238
1238 5
1239 1240
1239 1452
1240 1298
1241 47
1241 1242
1242 1539
1243 530
1243 1244
1244 647
1245 704
1245 1246
1246 338
1247 1248
1247 1505
1248 105
1249 383
1249 1250
1250 1097
1251 831
1251 1252
1252 306
1253 1236
1253 1254
1254 720
1255 1256
1255 1257
1256 404
1257 940
1257 1258
1258 588
1259 487
1259 1260
1260 304
1261 461
1261 1262
1262 1199
1263 419
1263 1264
1264 1523
1265 991
1265 1266
1266 428
1267 1268
1267 1569
1268 441
1269 358
1269 1270
1270 1489
1271 875
1271 1272
1272 346
1273 1274
1273 1437
1274 1231
1275 1276
1275 1397
1276 490
1277 1268
1277 1278
1278 714
1279 115
1279 1280
1280 903
1281 379
1281 1282
1282 1391
1283 1259
1283 1284
1284 1512
1285 74
1285 1286
1286 850
1287 1267
1287 1288
1288 498
1289 1290
1289 1611
1290 862
1291 889
1291 1292
1292 782
1293 1294
1293 1521
1294 1404
1295 145
1295 1296
1296 710
1297 945
1297 1298
1298 238
1299 586
1299 1300
1300 1438
1301 1302
1301 1466
1302 1104
1303 631
1303 1304
1304 1413
1305 1306
1305 1447
1306 41
1307 1308
1307 1560
1308 435
1309 584
1309 1310
1310 300
1311 556
1311 1312
1312 270
1313 695
1313 1314
1314 944
1315 978
1315 1316
1316 119
1317 993
1317 1318
1318 808
1319 217
1319 1320
1320 703
1321 1168
1321 1322
1322 391
1323 154
1323 1324
1324 1292
1325 709
1325 1326
1326 1182
1327 1328
1327 1375
1328 893
1329 1330
1329 1593
1330 1126
1331 63
1331 1332
1332 1238
1333 934
1333 1334
1334 1422
1335 1243
1335 1336
1336 1278
1337 1338
1337 1405
1338 793
1339 239
1339 1340
1340 1137
1341 345
1341 1342
1342 1445
1343 601
1343 1344
1344 465
1345 1297
1345 1346
1346 701
1347 686
1347 1348
1348 568
1349 26
1349 1350
1350 1564
1351 1122
1351 1352
1352 430
1353 305
1353 1354
1354 867
1355 1079
1355 1356
1356 760
1357 34
1357 1358
1358 1348
1359 985
1359 1360
1360 1081
1361 1222
1361 1362
1362 1378
1363 1033
1363 1364
1364 1254
1365 1366
1365 1490
1366 1507
1367 886
1367 1368
1368 1018
1369 385
1369 1370
1370 226
1371 42
1371 1372
1372 179
1373 141
1373 1374
1374 670
1375 633
1375 1376
1376 527
1377 117
1377 1378
1378 1057
1379 72
1379 1380
1380 841
1381 158
1381 1382
1382 20
1383 389
1383 1384
1384 1197
1385 1099
1385 1386
1386 13
1387 87
1387 1388
1388 780
1389 1250
1389 1390
1390 1114
1391 371
1391 1392
1392 352
1393 951
1393 1394
1394 754
1395 152
1395 1396
1396 1260
1397 1173
1397 1398
1398 1448
1399 1256
1399 1400
1400 566
1401 6
1401 1402
1402 741
1403 1404
1403 1587
1404 902
1405 437
1405 1406
1406 620
1407 640
1407 1408
1408 688
1409 997
1409 1410
1410 97
1411 495
1411 1412
1412 1370
1413 558
1413 1414
1414 92
1415 1102
1415 1416
1416 926
1417 1323
1417 1418
1418 698
1419 1218
1419 1420
1420 174
1421 503
1421 1422
1422 1037
1423 680
1423 1424
1424 569
1425 971
1425 1426
1426 1328
1427 1320
1427 1428
1428 838
1429 343
1429 1430
1430 1308
1431 440
1431 1432
1432 7
1433 59
1433 1434
1434 1454
1435 505
1435 1436
1436 743
1437 17
1437 1438
1438 162
1439 1440
1439 1533
1440 1154
1441 86
1441 1442
1442 1076
1443 611
1443 1444
1444 836
1445 507
1445 1446
1446 183
1447 891
1447 1448
1448 40
1449 621
1449 1450
1450 1515
1451 1452
1451 1579
1452 722
1453 1356
1453 1454
1454 425
1455 928
1455 1456
1456 1477
1457 1091
1457 1458
1458 1024
1459 1460
1459 1503
1460 267
1461 1462
1461 1590
1462 1180
1463 337
1463 1464
1464 546
1465 869
1465 1466
1466 1548
1467 1026
1467 1468
1468 1407
1469 762
1469 1470
1470 1294
1471 307
1471 1472
1472 1171
1473 363
1473 1474
1474 736
1475 936
1475 1476
1476 966
1477 929
1477 1478
1478 1549
1479 1425
1479 1480
1480 1089
1481 1435
1481 1482
1482 1464
1483 339
1483 1484
1484 1030
1485 636
1485 1486
1486 908
1487 724
1487 1488
1488 1472
1489 532
1489 1490
1490 1118
1491 1201
1491 1492
1492 1027
1493 290
1493 1494
1494 468
1495 1346
1495 1496
1496 732
1497 878
1497 1498
1498 1200
1499 204
1499 1500
1500 947
1501 497
1501 1502
1502 1261
1503 986
1503 1504
1504 1105
1505 901
1505 1506
1506 232
1507 786
1507 1508
1508 648
1509 486
1509 1510
1510 64
1511 1185
1511 1512
1512 202
1513 1228
1513 1514
1514 1170
1515 1465
1515 1516
1516 1528
1517 1504
1517 1518
1518 258
1519 580
1519 1520
1520 564
1521 1145
1521 1522
1522 126
1523 61
1523 1524
1524 1142
1525 772
1525 1526
1526 1372
1527 315
1527 1528
1528 1039
1529 473
1529 1530
1530 1476
1531 129
1531 1532
1532 544
1533 1282
1533 1534
1534 759
1535 1436
1535 1536
1536 606
1537 570
1537 1538
1538 19
1539 1540
1539 1566
1540 1288
1541 1527
1541 1542
1542 128
1543 1544
1543 1597
1544 1128
1545 65
1545 1546
1546 1592
1547 1369
1547 1548
1548 822
1549 5
1549 1550
1550 1008
1551 1426
1551 1552
1552 590
1553 241
1553 1554
1554 872
1555 1556
1555 1598
1556 948
1557 104
1557 1558
1558 738
1559 1301
1559 1560
1560 1594
1561 983
1561 1562
1562 412
1563 791
1563 1564
1564 629
1565 483
1565 1566
1566 1374
1567 167
1567 1568
1568 90
1569 1341
1569 1570
1570 396
1571 493
1571 1572
1572 632
1573 1093
1573 1574
1574 1480
1575 555
1575 1576
1576 1417
1577 1360
1577 1578
1578 1183
1579 665
1579 1580
1580 329
1581 612
1581 1582
1582 864
1583 502
1583 1584
1584 820
1585 81
1585 1586
1586 1230
1587 987
1587 1588
1588 1034
1589 1336
1589 1590
1590 53
1591 817
1591 1592
1592 472
1593 649
1593 1594
1594 130
1595 279
1595 1596
1596 48
1597 269
1597 1598
1598 818
1599 1332
1599 1600
1600 380
1601 1155
1601 1602
1602 1338
1603 259
1603 1604
1604 1333
1605 1576
1605 1606
1606 1537
1607 133
1607 1608
1608 1022
1609 1460
1609 1610
1610 975
1611 1557
1611 1612
1612 190
1613 1010
1613 1614
1614 524
