0 101
0 503
2 1335
2 1415
3 487
3 985
4 835
4 1097
5 80
6 1537
8 83
8 1053
9 925
9 1141
11 1160
10 60
10 1136
12 599
15 262
15 816
17 832
17 1186
19 486
19 926
21 58
21 896
23 24
23 889
24 969
25 26
25 204
26 772
27 28
27 1293
28 1330
29 30
29 1440
30 212
31 32
31 1349
32 264
33 34
33 308
34 1024
35 36
35 78
36 742
37 38
37 1491
38 1592
39 40
39 62
40 947
41 42
41 1556
42 998
43 44
43 1094
44 1382
45 46
45 358
46 218
47 48
47 191
48 1379
49 50
49 92
50 862
51 52
51 316
52 852
53 54
53 1342
54 1506
55 56
55 779
56 1449
57 58
57 669
58 1276
59 60
59 939
60 1279
61 62
61 1426
62 1476
63 64
63 1272
64 1336
65 66
65 1575
66 692
67 68
67 263
68 864
69 70
69 1487
70 518
71 72
71 1001
72 472
73 74
73 293
74 1168
75 76
75 670
76 42
77 78
77 1339
78 1204
79 80
79 803
80 569
81 82
81 730
82 366
83 84
83 227
84 686
85 86
85 1455
86 425
87 88
87 406
88 706
89 90
89 1118
90 282
91 92
91 959
92 69
93 94
93 1315
94 1124
95 96
95 1087
96 854
97 98
97 517
98 1166
99 100
99 407
100 1542
101 102
101 1605
102 1378
103 104
103 676
104 680
105 106
105 1474
106 1424
107 108
107 702
108 40
109 110
109 1326
110 1048
111 112
111 309
112 158
113 114
113 1083
114 863
115 116
115 453
116 1193
117 118
117 1263
118 858
119 120
119 700
120 897
121 108
121 122
122 1234
123 124
123 1490
124 1130
125 126
125 252
126 174
127 128
127 1427
128 129
129 29
129 130
130 796
131 132
131 1473
132 601
133 134
133 635
134 1196
135 136
135 1192
136 1324
137 138
137 290
138 1114
139 140
139 1448
140 627
141 142
141 416
142 473
143 144
143 957
144 1252
145 146
145 795
146 990
147 148
147 1077
148 54
149 150
149 771
150 652
151 152
151 499
152 902
153 154
153 162
154 1438
155 156
155 492
156 1611
157 158
157 338
158 1
159 160
159 1601
160 339
161 162
161 396
162 1292
163 164
163 1145
164 189
165 166
165 507
166 386
167 168
167 1286
168 646
169 170
169 1064
170 67
171 172
171 953
172 126
173 174
173 831
174 278
175 176
175 1371
176 859
177 178
177 1561
178 18
179 180
179 1501
180 112
181 182
181 928
182 1039
183 184
183 203
184 475
185 186
185 1467
186 966
187 188
187 1375
188 891
189 41
189 190
190 267
191 192
191 718
192 1226
193 194
193 1589
194 484
195 196
195 1579
196 596
197 198
197 741
198 784
199 6
199 200
200 1348
201 202
201 1395
202 395
203 204
203 1509
204 323
205 206
205 250
206 1425
207 208
207 213
208 15
209 210
209 999
210 421
211 212
211 332
212 523
213 214
213 594
214 269
215 216
215 1389
216 1306
217 185
217 218
218 1110
219 220
219 1274
220 228
221 222
221 1553
222 423
223 224
223 397
224 301
225 226
225 701
226 1139
227 228
227 807
228 460
229 230
229 479
230 1401
231 232
231 1331
232 1032
233 234
233 1354
234 1246
235 236
235 782
236 1242
237 238
237 1607
238 974
239 240
239 1567
240 427
241 104
241 242
242 1270
243 244
243 1317
244 532
245 246
245 843
246 575
247 248
247 710
248 107
249 250
249 587
250 697
251 252
251 1013
252 1576
253 254
253 1524
254 797
255 256
255 1123
256 333
257 258
257 533
258 402
259 260
259 544
260 675
261 262
261 880
262 684
263 264
263 695
264 1613
265 99
265 266
266 604
267 268
267 681
268 30
269 270
269 817
270 1369
271 272
271 633
272 1080
273 274
273 439
274 821
275 276
275 314
276 907
277 278
277 1003
278 1100
279 280
279 1257
280 317
281 282
281 1195
282 914
283 284
283 987
284 528
285 286
285 571
286 362
287 288
287 759
288 354
289 290
289 976
290 965
291 292
291 417
292 1446
293 294
293 722
294 1350
295 4
295 296
296 581
297 298
297 465
298 1507
299 225
299 300
300 298
301 187
301 302
302 369
303 304
303 1547
304 1538
305 306
305 454
306 1020
307 308
307 707
308 273
309 310
309 739
310 1484
311 312
311 413
312 1156
313 314
313 321
314 35
315 316
315 1451
316 754
317 318
317 1471
318 711
319 320
319 1041
320 592
321 322
321 539
322 1239
323 324
323 1235
324 838
325 326
325 791
326 1016
327 328
327 1060
328 1190
329 330
329 983
330 68
331 332
331 874
332 103
333 334
333 510
334 336
335 331
335 336
336 614
337 86
337 338
338 1372
339 214
339 340
340 1570
341 342
341 1387
342 161
343 315
343 344
344 1400
345 346
345 639
346 176
347 348
347 349
348 322
349 350
349 1057
350 1373
351 352
351 1126
352 98
353 354
353 478
354 364
355 356
355 693
356 1151
357 358
357 1318
358 1043
359 360
359 1059
360 334
361 70
361 362
362 134
363 364
363 393
364 940
365 366
365 632
366 608
367 368
367 1486
368 482
369 370
369 1404
370 192
371 372
371 1313
372 625
373 374
373 1219
374 570
375 376
375 721
376 751
377 378
377 390
378 1482
379 380
379 757
380 1483
381 382
381 403
382 736
383 384
383 1075
384 163
385 386
385 1577
386 887
387 145
387 388
388 724
389 180
389 390
390 1254
391 392
391 1275
392 1174
393 394
393 979
394 808
395 396
395 870
396 682
397 27
397 398
398 738
399 400
399 1365
400 1237
401 402
401 1612
402 284
403 404
403 769
404 1173
405 210
405 406
406 1602
407 408
407 634
408 777
409 410
409 624
410 178
411 412
411 534
412 600
413 414
413 970
414 488
415 416
415 1211
416 1045
417 418
417 867
418 374
419 420
419 1530
420 1008
421 422
421 1119
422 611
423 424
423 1291
424 504
425 426
425 977
426 620
427 428
427 918
428 1296
429 87
429 430
430 466
431 432
431 636
432 1250
433 434
433 877
434 1594
435 291
435 436
436 520
437 159
437 438
438 1082
439 199
439 440
440 1563
441 77
441 442
442 884
443 251
443 444
444 936
445 446
445 1535
446 150
447 448
447 1113
448 1288
449 450
449 747
450 1352
451 452
451 767
452 1320
453 454
453 1197
454 521
455 399
455 456
456 1588
457 223
457 458
458 922
459 460
459 1581
460 61
461 462
461 1076
462 28
463 177
463 464
464 1199
465 466
465 1033
466 1310
467 165
467 468
468 1035
469 470
469 776
470 535
471 472
471 1514
472 576
473 474
473 1078
474 1586
475 102
475 476
476 1445
477 237
477 478
478 735
479 480
479 1565
480 1353
481 482
481 805
482 921
483 484
483 773
484 1606
485 486
485 973
486 788
487 488
487 1523
488 860
489 105
489 490
490 1434
491 492
491 641
492 890
493 494
493 1305
494 1498
495 81
495 496
496 1393
497 498
497 1209
498 1238
499 500
499 1018
500 1414
501 274
501 502
502 1432
503 504
503 1287
504 450
505 506
505 689
506 1505
507 123
507 508
508 663
509 426
509 510
510 578
511 512
511 1155
512 1334
513 355
513 514
514 911
515 516
515 560
516 842
517 518
517 1201
518 1429
519 122
519 520
520 1540
521 522
521 1271
522 1550
523 524
523 1004
524 720
525 265
525 526
526 556
527 170
527 528
528 430
529 257
529 530
530 1222
531 532
531 563
532 1384
533 534
533 986
534 1066
535 288
535 536
536 232
537 287
537 538
538 1014
539 540
539 1161
540 378
541 542
541 1571
542 124
543 544
543 1073
544 1549
545 546
545 1169
546 994
547 548
547 1143
548 340
549 550
549 1243
550 229
551 552
551 603
552 173
553 554
553 1527
554 1140
555 217
555 556
556 400
557 558
557 574
558 856
559 560
559 1265
560 464
561 562
561 733
562 420
563 6
563 564
564 541
565 303
565 566
566 128
567 415
567 568
568 151
569 570
569 1054
570 260
571 25
571 572
572 1264
573 574
573 1443
574 580
575 576
575 931
576 841
577 555
577 578
578 1468
579 580
579 819
580 1181
581 190
581 582
582 234
583 281
583 584
584 1418
585 586
585 910
586 208
587 588
587 1251
588 470
589 384
589 590
590 48
591 567
591 592
592 135
593 207
593 594
594 219
595 596
595 785
596 1396
597 143
597 598
598 538
599 600
599 1536
600 605
601 602
601 671
602 1294
603 604
603 1367
604 1068
605 606
605 1262
606 1430
607 608
607 1403
608 888
609 610
609 715
610 1098
611 612
611 1108
612 1002
613 614
613 901
614 948
615 394
615 616
616 1502
617 181
617 618
618 713
619 620
619 1405
620 725
621 505
621 622
622 659
623 624
623 989
624 1593
625 626
625 1038
626 924
627 628
627 830
628 444
629 630
629 1374
630 1356
631 548
631 632
632 76
633 634
633 789
634 1203
635 636
635 1010
636 1558
637 638
637 927
638 653
639 272
639 640
640 792
641 166
641 642
642 923
643 644
643 1531
644 1137
645 646
645 1062
646 900
647 648
647 1345
648 1216
649 650
649 1122
650 498
651 652
651 1595
652 476
653 654
653 667
654 500
655 304
655 656
656 1568
657 300
657 658
658 39
659 660
659 1011
660 1103
661 246
661 662
662 579
663 664
663 1316
664 696
665 429
665 666
666 20
667 668
667 1005
668 905
669 380
669 670
670 1206
671 672
671 685
672 65
673 674
673 1101
674 1086
675 676
675 770
676 370
677 678
677 1230
678 1232
679 353
679 680
680 690
681 335
681 682
682 1052
683 684
683 1420
684 694
685 686
685 1493
686 1386
687 688
687 1071
688 866
689 113
689 690
690 657
691 692
691 802
692 536
693 694
693 1391
694 5
695 696
695 1128
696 748
697 698
697 1104
698 562
699 549
699 700
700 1147
701 164
701 702
702 1510
703 704
703 1225
704 56
705 621
705 706
706 75
707 708
707 1358
708 156
709 710
709 1569
710 215
711 12
711 712
712 582
713 714
713 1109
714 1598
715 716
715 967
716 1346
717 302
717 718
718 708
719 720
719 1259
720 1188
721 722
721 1302
722 295
723 146
723 724
724 1411
725 726
725 871
726 572
727 728
727 1419
728 1534
729 457
729 730
730 1608
731 732
731 915
732 8
733 734
733 1007
734 328
735 501
735 736
736 74
737 249
737 738
738 155
739 481
739 740
740 992
741 742
741 1357
742 872
743 271
743 744
744 917
745 746
745 1132
746 1488
747 329
747 748
748 1332
749 750
749 1247
750 64
751 37
751 752
752 972
753 193
753 754
754 801
755 577
755 756
756 1129
757 758
757 1091
758 106
759 622
759 760
760 94
761 762
761 1148
762 845
763 279
763 764
764 554
765 222
765 766
766 980
767 768
767 1398
768 1012
769 770
769 1208
770 1116
771 772
771 1309
772 1328
773 774
773 1381
774 961
775 776
775 1573
776 452
777 778
777 861
778 960
779 780
779 1134
780 292
781 53
781 782
782 1444
783 784
783 1557
784 1564
785 744
785 786
786 978
787 294
787 788
788 310
789 790
789 809
790 1268
791 792
791 1031
792 186
793 786
793 794
794 1070
795 796
795 929
796 645
797 798
797 1061
798 766
799 704
799 800
800 1150
801 802
801 1460
802 456
803 719
803 804
804 760
805 806
805 1578
806 1030
807 471
807 808
808 490
809 513
809 810
810 1217
811 640
811 812
812 1408
813 814
813 1107
814 1067
815 816
815 938
816 1312
817 607
817 818
818 1413
819 38
819 820
820 658
821 822
821 984
822 448
823 824
823 1213
824 72
825 826
825 855
826 597
827 828
827 1359
828 723
829 830
829 1541
830 1562
831 832
831 1224
832 236
833 543
833 834
834 96
835 836
835 1273
836 691
837 812
837 838
838 172
839 47
839 840
840 389
841 842
841 1513
842 666
843 844
843 1157
844 1452
845 109
845 846
846 672
847 848
847 1546
848 462
849 50
849 850
850 1362
851 71
851 852
852 1284
853 854
853 1311
854 844
855 441
855 856
856 930
857 307
857 858
858 1574
859 860
859 1406
860 1402
861 862
861 1341
862 868
863 509
863 864
864 834
865 866
865 1127
866 289
867 356
867 868
868 1034
869 870
869 1347
870 434
871 485
871 872
872 11
873 305
873 874
874 169
875 91
875 876
876 1409
877 459
877 878
878 651
879 793
879 880
880 1392
881 590
881 882
882 638
883 884
883 1074
884 946
885 886
885 1327
886 352
887 888
887 1517
888 800
889 514
889 890
890 489
891 892
891 975
892 1245
893 343
893 894
894 1056
895 896
895 1285
896 1376
897 566
897 898
898 318
899 900
899 1058
900 530
901 902
901 1412
902 1338
903 904
903 1295
904 240
905 906
905 1410
906 962
907 404
907 908
908 1614
909 910
909 945
910 876
911 912
911 1548
912 674
913 341
913 914
914 1138
915 916
915 1555
916 1333
917 918
917 955
918 774
919 920
919 1093
920 1441
921 922
921 1552
922 32
923 899
923 924
924 956
925 926
925 1417
926 950
927 171
927 928
928 878
929 3
929 930
930 1300
931 553
931 932
932 326
933 188
933 934
934 137
935 936
935 1383
936 1390
937 938
937 1492
938 1072
939 940
939 1307
940 1026
941 133
941 942
942 612
943 944
943 1297
944 121
945 55
945 946
946 557
947 422
947 948
948 22
949 950
949 1551
950 1554
951 893
951 952
952 206
953 825
953 954
954 848
955 463
955 956
956 778
957 93
957 958
958 798
959 643
959 960
960 1520
961 320
961 962
962 1096
963 964
963 1521
964 626
965 966
965 1233
966 428
967 197
967 968
968 613
969 179
969 970
970 45
971 283
971 972
972 1603
973 561
973 974
974 881
975 391
975 976
976 361
977 903
977 978
978 734
979 118
979 980
980 13
981 46
981 982
982 1604
983 984
983 988
984 828
985 986
985 1495
986 376
987 243
987 988
988 1269
989 990
989 1325
990 1227
991 992
991 1149
992 1539
993 994
993 1323
994 125
995 996
995 1131
996 11
997 998
997 1304
998 648
999 971
999 1000
1000 410
1001 679
1001 1002
1002 44
1003 1004
1003 1277
1004 495
1005 1006
1005 1585
1006 377
1007 853
1007 1008
1008 1478
1009 1010
1009 1399
1010 1047
1011 775
1011 1012
1012 906
1013 152
1013 1014
1014 1584
1015 623
1015 1016
1016 806
1017 24
1017 1018
1018 405
1019 1020
1019 1529
1020 1092
1021 194
1021 1022
1022 436
1023 1024
1023 1283
1024 1198
1025 149
1025 1026
1026 602
1027 1028
1027 1180
1028 1512
1029 865
1029 1030
1030 764
1031 1032
1031 1522
1032 461
1033 119
1033 1034
1034 908
1035 1036
1035 1456
1036 431
1037 1038
1037 1508
1038 5
1039 851
1039 1040
1040 90
1041 687
1041 1042
1042 1470
1043 586
1043 1044
1044 542
1045 348
1045 1046
1046 414
1047 1048
1047 1099
1048 949
1049 299
1049 1050
1050 981
1051 595
1051 1052
1052 1120
1053 826
1053 1054
1054 1480
1055 357
1055 1056
1056 1433
1057 1058
1057 1587
1058 10
1059 73
1059 1060
1060 111
1061 762
1061 1062
1062 758
1063 387
1063 1064
1064 1159
1065 731
1065 1066
1066 276
1067 371
1067 1068
1068 1319
1069 1070
1069 1089
1070 1000
1071 1025
1071 1072
1072 142
1073 1074
1073 1343
1074 1177
1075 565
1075 1076
1076 606
1077 1078
1077 1260
1078 392
1079 1080
1079 1179
1080 727
1081 1082
1081 1187
1082 7
1083 209
1083 1084
1084 894
1085 781
1085 1086
1086 494
1087 411
1087 1088
1088 198
1089 1090
1089 1158
1090 879
1091 114
1091 1092
1092 783
1093 141
1093 1094
1094 811
1095 139
1095 1096
1096 216
1097 1098
1097 1377
1098 1028
1099 110
1099 1100
1100 365
1101 201
1101 1102
1102 1021
1103 1104
1103 1366
1104 869
1105 383
1105 1106
1106 951
1107 59
1107 1108
1108 1142
1109 398
1109 1110
1110 1380
1111 280
1111 1112
1112 468
1113 1114
1113 1437
1114 1162
1115 347
1115 1116
1116 1022
1117 829
1117 1118
1118 1095
1119 665
1119 1120
1120 311
1121 559
1121 1122
1122 815
1123 144
1123 1124
1124 588
1125 756
1125 1126
1126 443
1127 661
1127 1128
1128 345
1129 451
1129 1130
1130 1370
1131 637
1131 1132
1132 1308
1133 483
1133 1134
1134 449
1135 585
1135 1136
1136 254
1137 616
1137 1138
1138 1494
1139 285
1139 1140
1140 1472
1141 1029
1141 1142
1142 1329
1143 761
1143 1144
1144 1560
1145 231
1145 1146
1146 433
1147 437
1147 1148
1148 175
1149 1150
1149 1435
1150 750
1151 1152
1151 1175
1152 958
1153 88
1153 1154
1154 839
1155 753
1155 1156
1156 19
1157 1023
1157 1158
1158 963
1159 344
1159 1160
1160 1240
1161 814
1161 1162
1162 1244
1163 337
1163 1164
1164 266
1165 1166
1165 1258
1166 628
1167 583
1167 1168
1168 1171
1169 325
1169 1170
1170 1236
1171 1046
1171 1172
1172 1580
1173 79
1173 1174
1174 1407
1175 1176
1175 1609
1176 745
1177 327
1177 1178
1178 474
1179 1180
1179 1261
1180 1081
1181 241
1181 1182
1182 678
1183 1125
1183 1184
1184 1210
1185 732
1185 1186
1186 52
1187 183
1187 1188
1188 1600
1189 1190
1189 1231
1190 1431
1191 275
1191 1192
1192 1469
1193 610
1193 1194
1194 84
1195 919
1195 1196
1196 598
1197 875
1197 1198
1198 1591
1199 346
1199 1200
1200 154
1201 182
1201 1202
1202 515
1203 1204
1203 1453
1204 883
1205 467
1205 1206
1206 996
1207 1208
1207 1528
1208 419
1209 115
1209 1210
1210 1464
1211 568
1211 1212
1212 1461
1213 1214
1213 1545
1214 440
1215 373
1215 1216
1216 540
1217 258
1217 1218
1218 401
1219 813
1219 1220
1220 1182
1221 1027
1221 1222
1222 446
1223 743
1223 1224
1224 1463
1225 1205
1225 1226
1226 1596
1227 9
1227 1228
1228 787
1229 1230
1229 1289
1230 1256
1231 297
1231 1232
1232 780
1233 1234
1233 1597
1234 714
1235 1236
1235 1457
1236 1282
1237 120
1237 1238
1238 270
1239 205
1239 1240
1240 968
1241 100
1241 1242
1242 36
1243 1189
1243 1244
1244 157
1245 200
1245 1246
1246 1496
1247 1170
1247 1248
1248 942
1249 1250
1249 1314
1250 522
1251 1079
1251 1252
1252 846
1253 1248
1253 1254
1254 21
1255 1019
1255 1256
1256 1544
1257 617
1257 1258
1258 469
1259 138
1259 1260
1260 502
1261 1146
1261 1262
1262 17
1263 1264
1263 1340
1264 1164
1265 1241
1265 1266
1266 799
1267 1255
1267 1268
1268 941
1269 1270
1269 1303
1270 202
1271 1272
1271 1299
1272 850
1273 1274
1273 1499
1274 85
1275 1163
1275 1276
1276 822
1277 1278
1277 1477
1278 1321
1279 790
1279 1280
1280 130
1281 127
1281 1282
1282 1465
1283 247
1283 1284
1284 195
1285 818
1285 1286
1286 1590
1287 1288
1287 1543
1288 66
1289 435
1289 1290
1290 153
1291 519
1291 1292
1292 1516
1293 313
1293 1294
1294 837
1295 1135
1295 1296
1296 26
1297 1015
1297 1298
1298 1153
1299 529
1299 1300
1300 944
1301 1133
1301 1302
1302 447
1303 1069
1303 1304
1304 312
1305 1051
1305 1306
1306 1200
1307 729
1307 1308
1308 1298
1309 1310
1309 1439
1310 716
1311 584
1311 1312
1312 1178
1313 1314
1313 1497
1314 618
1315 350
1315 1316
1316 1040
1317 359
1317 1318
1318 245
1319 1320
1319 1559
1320 712
1321 726
1321 1322
1322 558
1323 493
1323 1324
1324 912
1325 1229
1325 1326
1326 1363
1327 705
1327 1328
1328 14
1329 330
1329 1330
1330 1526
1331 1017
1331 1332
1332 1172
1333 524
1333 1334
1334 677
1335 375
1335 1336
1336 1436
1337 268
1337 1338
1338 1572
1339 909
1339 1340
1340 1355
1341 1115
1341 1342
1342 545
1343 1223
1343 1344
1344 63
1345 1065
1345 1346
1346 1454
1347 752
1347 1348
1348 650
1349 755
1349 1350
1350 644
1351 552
1351 1352
1352 1290
1353 1354
1353 1394
1354 630
1355 547
1355 1356
1356 351
1357 709
1357 1358
1358 1055
1359 573
1359 1360
1360 551
1361 892
1361 1362
1362 140
1363 615
1363 1364
1364 1220
1365 184
1365 1366
1366 728
1367 913
1367 1368
1368 477
1369 1088
1369 1370
1370 256
1371 239
1371 1372
1372 882
1373 895
1373 1374
1374 1084
1375 847
1375 1376
1376 438
1377 1378
1377 1525
1378 224
1379 683
1379 1380
1380 412
1381 737
1381 1382
1382 664
1383 1165
1383 1384
1384 196
1385 934
1385 1386
1386 1442
1387 1388
1387 1397
1388 408
1389 31
1389 1390
1390 432
1391 1392
1391 1533
1392 849
1393 230
1393 1394
1394 1322
1395 823
1395 1396
1396 840
1397 1368
1397 1398
1398 89
1399 1400
1399 1583
1400 1566
1401 1278
1401 1402
1402 1194
1403 1388
1403 1404
1404 898
1405 277
1405 1406
1406 1154
1407 1280
1407 1408
1408 740
1409 97
1409 1410
1410 765
1411 12
1411 1412
1412 698
1413 763
1413 1414
1414 1102
1415 1416
1415 1503
1416 1036
1417 51
1417 1418
1418 1459
1419 688
1419 1420
1420 1423
1421 699
1421 1422
1422 255
1423 95
1423 1424
1424 242
1425 506
1425 1426
1426 886
1427 647
1427 1428
1428 546
1429 629
1429 1430
1430 1144
1431 147
1431 1432
1432 342
1433 824
1433 1434
1434 656
1435 1037
1435 1436
1436 794
1437 1438
1437 1479
1438 512
1439 1221
1439 1440
1440 1121
1441 1442
1441 1475
1442 954
1443 525
1443 1444
1444 382
1445 1364
1445 1446
1446 324
1447 226
1447 1448
1448 368
1449 1228
1449 1450
1450 1416
1451 1452
1451 1485
1452 982
1453 593
1453 1454
1454 372
1455 445
1455 1456
1456 1462
1457 33
1457 1458
1458 360
1459 57
1459 1460
1460 388
1461 306
1461 1462
1462 932
1463 381
1463 1464
1464 649
1465 1361
1465 1466
1466 631
1467 673
1467 1468
1468 668
1469 167
1469 1470
1470 516
1471 296
1471 1472
1472 1466
1473 857
1473 1474
1474 526
1475 717
1475 1476
1476 1428
1477 589
1477 1478
1478 1582
1479 1106
1479 1480
1480 746
1481 885
1481 1482
1482 82
1483 132
1483 1484
1484 1006
1485 1063
1485 1486
1486 385
1487 1185
1487 1488
1488 148
1489 619
1489 1490
1490 1610
1491 49
1491 1492
1492 564
1493 1176
1493 1494
1494 1253
1495 131
1495 1496
1496 810
1497 1281
1497 1498
1498 1042
1499 1301
1499 1500
1500 1050
1501 1049
1501 1502
1502 1351
1503 1481
1503 1504
1504 833
1505 991
1505 1506
1506 804
1507 1337
1507 1508
1508 1266
1509 1009
1509 1510
1510 703
1511 642
1511 1512
1512 1183
1513 253
1513 1514
1514 496
1515 749
1515 1516
1516 136
1517 591
1517 1518
1518 116
1519 238
1519 1520
1520 1458
1521 827
1521 1522
1522 933
1523 367
1523 1524
1524 1191
1525 1519
1525 1526
1526 168
1527 248
1527 1528
1528 1385
1529 1504
1529 1530
1530 1184
1531 609
1531 1532
1532 1167
1533 1215
1533 1534
1534 1532
1535 23
1535 1536
1536 904
1537 160
1537 1538
1538 527
1539 1044
1539 1540
1540 286
1541 363
1541 1542
1542 662
1543 211
1543 1544
1544 244
1545 1489
1545 1546
1546 537
1547 2
1547 1548
1548 943
1549 1212
1549 1550
1550 508
1551 379
1551 1552
1552 937
1553 935
1553 1554
1554 424
1555 995
1555 1556
1556 531
1557 920
1557 1558
1558 1152
1559 1500
1559 1560
1560 964
1561 873
1561 1562
1562 233
1563 1249
1563 1564
1564 1090
1565 497
1565 1566
1566 1085
1567 511
1567 1568
1568 660
1569 1105
1569 1570
1570 220
1571 458
1571 1572
1572 221
1573 1111
1573 1574
1574 1214
1575 916
1575 1576
1576 1450
1577 319
1577 1578
1578 491
1579 261
1579 1580
1580 997
1581 1267
1581 1582
1582 820
1583 952
1583 1584
1584 1112
1585 1518
1585 1586
1586 16
1587 409
1587 1588
1588 1202
1589 1360
1589 1590
1590 836
1591 1117
1591 1592
1592 1511
1593 993
1593 1594
1594 480
1595 455
1595 1596
1596 768
1597 1218
1597 1598
1598 418
1599 1515
1599 1600
1600 1344
1601 550
1601 1602
1602 34
1603 442
1603 1604
1604 1422
1605 1421
1605 1606
1606 1599
1607 1447
1607 1608
1608 259
1609 117
1609 1610
1610 655
1611 1207
1611 1612
1612 43
1613 654
1613 1614
1614 235
