0 1431
0 1433
3 417
3 1113
4 663
4 1520
5 784
6 1029
7 1080
7 1294
8 9
8 292
10 691
9 904
11 62
11 927
13 534
13 1191
15 1005
15 1267
17 912
17 1493
19 1586
19 1610
21 1596
21 1614
23 24
23 822
24 402
25 26
25 77
26 12
27 28
27 673
28 1064
29 30
29 795
30 1488
31 32
31 426
32 1129
33 34
33 186
34 1290
35 36
35 497
36 1521
37 38
37 886
38 1259
39 40
39 707
40 566
41 42
41 1187
42 577
43 44
43 1572
44 189
45 46
45 1087
46 1288
47 48
47 1477
48 420
49 50
49 735
50 1192
51 52
51 1020
52 747
53 54
53 191
54 1172
55 56
55 1139
56 720
57 58
57 609
58 1507
59 60
59 1092
60 690
61 62
61 1384
62 441
63 64
63 785
64 1334
65 66
65 1321
66 944
67 68
67 1041
68 330
69 70
69 997
70 608
71 72
71 130
72 400
73 74
73 523
74 247
75 76
75 820
76 300
77 78
77 642
78 676
79 80
79 755
80 1453
81 82
81 1079
82 48
83 84
83 1126
84 596
85 86
85 603
86 919
87 88
87 1054
88 253
89 90
89 1285
90 779
91 92
91 1280
92 1052
93 94
93 575
94 237
95 96
95 462
96 1430
97 98
97 267
98 176
99 73
99 100
100 1570
101 102
101 774
102 265
103 104
103 546
104 1206
105 106
105 397
106 118
107 108
107 679
108 640
109 110
109 1245
110 1282
111 6
111 112
112 1535
113 114
113 989
114 687
115 116
115 371
116 222
117 94
117 118
118 709
119 120
119 981
120 1455
121 122
121 1605
122 1084
123 124
123 579
124 349
125 126
125 722
126 1177
127 128
127 775
128 1143
129 4
129 130
130 661
131 132
131 495
132 345
133 134
133 423
134 513
135 136
135 1066
136 204
137 138
137 1442
138 965
139 140
139 1204
140 261
141 142
141 1095
142 114
143 144
143 318
144 152
145 146
145 457
146 1250
147 8
147 148
148 1401
149 150
149 828
150 1214
151 152
151 833
152 256
153 154
153 1150
154 444
155 156
155 793
156 873
157 41
157 158
158 787
159 160
159 1444
160 1393
161 162
161 848
162 1349
163 21
163 164
164 716
165 166
165 1446
166 1310
167 168
167 1478
168 1372
169 170
169 808
170 1426
171 172
171 1102
172 743
173 174
173 424
174 610
175 176
175 1048
176 168
177 178
177 1398
178 34
179 180
179 1275
180 1262
181 182
181 697
182 344
183 184
183 353
184 155
185 186
185 288
186 416
187 188
187 749
188 464
189 190
189 1367
190 1030
191 192
191 1481
192 1468
193 194
193 1551
194 835
195 196
195 1013
196 1548
197 198
197 654
198 438
199 200
199 226
200 868
201 202
201 304
202 708
203 204
203 959
204 1387
205 206
205 1518
206 696
207 208
207 1042
208 1268
209 55
209 210
210 699
211 212
211 551
212 1344
213 214
213 646
214 780
215 216
215 227
216 398
217 218
217 1287
218 1320
219 220
219 465
220 514
221 222
221 590
222 1312
223 224
223 581
224 797
225 226
225 378
226 532
227 228
227 422
228 82
229 230
229 1319
230 60
231 232
231 1032
232 401
233 234
233 733
234 30
235 236
235 366
236 1186
237 238
237 983
238 542
239 240
239 548
240 1439
241 242
241 1509
242 1562
243 244
243 1085
244 619
245 246
245 1057
246 289
247 248
247 271
248 1502
249 250
249 1339
250 412
251 252
251 1609
252 51
253 242
253 254
254 18
255 256
255 1101
256 50
257 258
257 746
258 201
259 260
259 742
260 856
261 262
261 556
262 562
263 264
263 1350
264 1506
265 266
265 373
266 656
267 268
267 960
268 686
269 270
269 483
270 1501
271 272
271 996
272 1315
273 274
273 1269
274 1189
275 276
275 1359
276 1244
277 278
277 815
278 618
279 280
279 1611
280 340
281 282
281 1171
282 302
283 284
283 1379
284 1159
285 286
285 1424
286 698
287 288
287 1169
288 840
289 22
289 290
290 936
291 292
291 1529
292 187
293 294
293 1209
294 638
295 296
295 1438
296 1449
297 298
297 773
298 844
299 300
299 1500
300 539
301 302
301 655
302 631
303 304
303 595
304 958
305 306
305 937
306 758
307 308
307 443
308 878
309 310
309 1098
310 862
311 312
311 1437
312 500
313 314
313 368
314 230
315 269
315 316
316 1336
317 281
317 318
318 1456
319 320
319 1015
320 81
321 322
321 622
322 693
323 239
323 324
324 1270
325 326
325 701
326 737
327 169
327 328
328 173
329 330
329 1163
330 508
331 332
331 615
332 258
333 334
333 449
334 1183
335 336
335 1229
336 1132
337 133
337 338
338 1556
339 340
339 1056
340 1325
341 342
341 811
342 164
343 344
343 1510
344 1146
345 346
345 1124
346 1392
347 348
347 810
348 1091
349 350
349 1573
350 455
351 210
351 352
352 137
353 354
353 1158
354 1553
355 356
355 1088
356 1328
357 358
357 1188
358 990
359 20
359 360
360 694
361 362
361 1176
362 1242
363 364
363 1238
364 723
365 366
365 1494
366 1608
367 368
367 977
368 738
369 28
369 370
370 611
371 372
371 957
372 1190
373 374
373 520
374 1144
375 376
375 1579
376 153
377 53
377 378
378 894
379 380
379 681
380 1110
381 293
381 382
382 612
383 384
383 1009
384 933
385 386
385 418
386 950
387 388
387 1197
388 396
389 390
389 1427
390 666
391 206
391 392
392 1036
393 394
393 930
394 1004
395 396
395 917
396 882
397 398
397 1511
398 1484
399 400
399 995
400 1432
401 402
401 881
402 782
403 95
403 404
404 870
405 406
405 986
406 714
407 279
407 408
408 1425
409 410
409 576
410 1160
411 412
411 1082
412 156
413 414
413 582
414 629
415 416
415 1272
416 1366
417 418
417 1303
418 1451
419 420
419 541
420 391
421 203
421 422
422 1247
423 424
423 525
424 636
425 426
425 671
426 644
427 428
427 705
428 1498
429 430
429 1271
430 850
431 432
431 1123
432 456
433 434
433 1409
434 428
435 436
435 1304
436 1400
437 27
437 438
438 869
439 377
439 440
440 355
441 442
441 1329
442 32
443 444
443 1257
444 10
445 224
445 446
446 1454
447 448
447 1239
448 719
449 450
449 471
450 653
451 316
451 452
452 768
453 454
453 1115
454 1063
455 454
455 456
456 478
457 458
457 613
458 460
459 460
459 1381
460 250
461 421
461 462
462 476
463 464
463 1471
464 1420
465 217
465 466
466 948
467 468
467 910
468 331
469 470
469 1010
470 1162
471 472
471 1549
472 1016
473 474
473 1021
474 724
475 476
475 1181
476 78
477 478
477 1279
478 410
479 480
479 1388
480 1199
481 482
481 751
482 778
483 76
483 484
484 387
485 486
485 1293
486 79
487 488
487 1017
488 1567
489 65
489 490
490 1027
491 492
491 1369
492 1130
493 494
493 564
494 1594
495 496
495 621
496 246
497 273
497 498
498 105
499 370
499 500
500 1358
501 486
501 502
502 776
503 504
503 1094
504 924
505 506
505 739
506 509
507 508
507 1514
508 192
509 510
509 901
510 945
511 512
511 1073
512 1127
513 514
513 1341
514 1252
515 516
515 558
516 668
517 518
517 1170
518 788
519 520
519 740
520 280
521 407
521 522
522 1377
523 524
523 574
524 1419
525 123
525 526
526 1368
527 528
527 1404
528 1298
529 329
529 530
530 718
531 532
531 905
532 1296
533 534
533 1333
534 1194
535 299
535 536
536 1014
537 538
537 837
538 143
539 188
539 540
540 221
541 542
541 987
542 1103
543 544
543 1443
544 1011
545 546
545 741
546 328
547 548
547 804
548 354
549 550
549 711
550 923
551 552
551 1575
552 1286
553 554
553 907
554 392
555 432
555 556
556 1370
557 558
557 1309
558 964
559 550
559 560
560 584
561 562
561 969
562 1330
563 29
563 564
564 481
565 566
565 918
566 712
567 568
567 891
568 689
569 570
569 1164
570 1230
571 572
571 1559
572 1168
573 574
573 803
574 985
575 576
575 1142
576 512
577 578
577 1007
578 1566
579 580
579 757
580 578
581 582
581 765
582 5
583 584
583 717
584 499
585 586
585 625
586 946
587 433
587 588
588 482
589 573
589 590
590 120
591 338
591 592
592 1228
593 594
593 1499
594 472
595 596
595 1547
596 170
597 148
597 598
598 214
599 600
599 1485
600 864
601 429
601 602
602 1180
603 604
603 1597
604 1065
605 157
605 606
606 1422
607 608
607 685
608 1402
609 610
609 1445
610 896
611 612
611 688
612 496
613 614
613 627
614 458
615 616
615 1273
616 750
617 238
617 618
618 1097
619 439
619 620
620 445
621 622
621 1517
622 97
623 46
623 624
624 1266
625 364
625 626
626 44
627 628
627 1589
628 240
629 630
629 1231
630 268
631 632
631 1496
632 259
633 634
633 1043
634 1413
635 636
635 1504
636 817
637 128
637 638
638 594
639 640
639 1255
640 196
641 642
641 1295
642 195
643 103
643 644
644 1317
645 490
645 646
646 89
647 334
647 648
648 597
649 650
649 1037
650 1598
651 146
651 652
652 59
653 303
653 654
654 999
655 205
655 656
656 527
657 658
657 847
658 468
659 660
659 961
660 1591
661 662
661 1119
662 549
663 111
663 664
664 112
665 461
665 666
666 875
667 607
667 668
668 1012
669 670
669 1585
670 406
671 141
671 672
672 115
673 674
673 1137
674 1470
675 297
675 676
676 682
677 678
677 863
678 307
679 149
679 680
680 715
681 171
681 682
682 367
683 662
683 684
684 404
685 686
685 1435
686 9
687 688
687 826
688 1076
689 690
689 1034
690 16
691 684
691 692
692 830
693 694
693 1044
694 1086
695 658
695 696
696 906
697 698
697 1235
698 1024
699 700
699 1558
700 516
701 145
701 702
702 108
703 93
703 704
704 1557
705 664
705 706
706 855
707 92
707 708
708 568
709 552
709 710
710 1072
711 712
711 796
712 140
713 714
713 1489
714 1374
715 199
715 716
716 382
717 718
717 934
718 1060
719 323
719 720
720 241
721 160
721 722
722 557
723 724
723 1323
724 980
725 726
725 769
726 5
727 728
727 1311
728 1452
729 296
729 730
730 61
731 732
731 1099
732 1300
733 635
733 734
734 365
735 255
735 736
736 285
737 738
737 940
738 1474
739 485
739 740
740 842
741 277
741 742
742 278
743 744
743 1307
744 484
745 746
745 1604
746 1045
747 11
747 748
748 1071
749 750
749 1253
750 125
751 43
751 752
752 620
753 754
753 1525
754 290
755 427
755 756
756 1472
757 758
757 897
758 537
759 159
759 760
760 1346
761 657
761 762
762 386
763 467
763 764
764 1195
765 766
765 1362
766 1406
767 301
767 768
768 346
769 212
769 770
770 1461
771 121
771 772
772 1568
773 774
773 1243
774 1563
775 219
775 776
776 586
777 745
777 778
778 626
779 780
779 931
780 1070
781 24
781 782
782 555
783 784
783 801
784 517
785 786
785 1546
786 1208
787 788
787 1363
788 1530
789 790
789 1602
790 38
791 792
791 935
792 756
793 794
793 1515
794 286
795 389
795 796
796 954
797 560
797 798
798 794
799 800
799 1473
800 1218
801 275
801 802
802 284
803 325
803 804
804 953
805 185
805 806
806 836
807 390
807 808
808 789
809 810
809 1289
810 106
811 122
811 812
812 1612
813 459
813 814
814 809
815 816
815 1373
816 434
817 669
817 818
818 834
819 677
819 820
820 909
821 822
821 979
822 134
823 824
823 941
824 71
825 547
825 826
826 451
827 473
827 828
828 1354
829 830
829 1434
830 1114
831 832
831 1109
832 1411
833 414
833 834
834 96
835 836
835 1569
836 1058
837 132
837 838
838 1414
839 593
839 840
840 116
841 842
841 939
842 488
843 825
843 844
844 1441
845 846
845 963
846 524
847 848
847 1383
848 984
849 442
849 850
850 314
851 42
851 852
852 321
853 604
853 854
854 1156
855 777
855 856
856 1418
857 129
857 858
858 498
859 659
859 860
860 1264
861 101
861 862
862 25
863 553
863 864
864 1207
865 866
865 1090
866 1580
867 868
867 1106
868 951
869 812
869 870
870 1584
871 872
871 1249
872 599
873 436
873 874
874 1302
875 876
875 1463
876 1173
877 878
877 1603
878 538
879 880
879 1497
880 282
881 859
881 882
882 1592
883 435
883 884
884 228
885 886
885 1347
886 721
887 888
887 1578
888 348
889 890
889 1105
890 494
891 892
891 1265
892 651
893 399
893 894
894 194
895 337
895 896
896 1538
897 898
897 1407
898 419
899 431
899 900
900 90
901 633
901 902
902 678
903 358
903 904
904 504
905 215
905 906
906 1240
907 447
907 908
908 1028
909 672
909 910
910 767
911 912
911 1397
912 1246
913 126
913 914
914 1226
915 291
915 916
916 313
917 918
917 1519
918 932
919 475
919 920
920 342
921 922
921 1046
922 598
923 554
923 924
924 260
925 469
925 926
926 1047
927 519
927 928
928 408
929 930
929 1606
930 890
931 932
931 1457
932 606
933 727
933 934
934 867
935 135
935 936
936 1134
937 846
937 938
938 6
939 940
939 1026
940 1550
941 942
941 1277
942 245
943 385
943 944
944 327
945 453
945 946
946 966
947 298
947 948
948 770
949 759
949 950
950 887
951 952
951 1536
952 1108
953 13
953 954
954 617
955 956
955 1355
956 528
957 85
957 958
958 832
959 960
959 1533
960 393
961 938
961 962
962 357
963 964
963 1327
964 734
965 903
965 966
966 1202
967 968
967 988
968 570
969 592
969 970
970 692
971 972
971 1305
972 884
973 218
973 974
974 766
975 976
975 1459
976 208
977 978
977 1033
978 1440
979 501
979 980
980 670
981 967
981 982
982 1465
983 489
983 984
984 1161
985 986
985 1421
986 1217
987 988
987 1545
988 413
989 990
989 1491
990 710
991 220
991 992
992 175
993 994
993 1376
994 1216
995 736
995 996
996 172
997 998
997 1185
998 1049
999 305
999 1000
1000 1074
1001 1002
1001 1203
1002 1107
1003 955
1003 1004
1004 1152
1005 1006
1005 1447
1006 1258
1007 209
1007 1008
1008 154
1009 223
1009 1010
1010 361
1011 264
1011 1012
1012 1544
1013 993
1013 1014
1014 236
1015 521
1015 1016
1016 1100
1017 1018
1017 1055
1018 1564
1019 1020
1019 1211
1020 244
1021 63
1021 1022
1022 1475
1023 591
1023 1024
1024 1069
1025 1026
1025 1595
1026 229
1027 1028
1027 1111
1028 1154
1029 1030
1029 1283
1030 474
1031 975
1031 1032
1032 1361
1033 616
1033 1034
1034 1166
1035 1036
1035 1335
1036 310
1037 1038
1037 1313
1038 1236
1039 409
1039 1040
1040 72
1041 102
1041 1042
1042 1539
1043 853
1043 1044
1044 388
1045 530
1045 1046
1046 732
1047 1048
1047 1560
1048 1
1049 1050
1049 1555
1050 1260
1051 99
1051 1052
1052 466
1053 1054
1053 1503
1054 783
1055 1056
1055 1157
1056 1078
1057 252
1057 1058
1058 588
1059 911
1059 1060
1060 352
1061 124
1061 1062
1062 83
1063 762
1063 1064
1064 1224
1065 771
1065 1066
1066 31
1067 877
1067 1068
1068 515
1069 19
1069 1070
1070 1318
1071 947
1071 1072
1072 1386
1073 211
1073 1074
1074 1450
1075 1076
1075 1165
1076 380
1077 75
1077 1078
1078 535
1079 1080
1079 1526
1080 1428
1081 395
1081 1082
1082 379
1083 1035
1083 1084
1084 1340
1085 1086
1085 1523
1086 652
1087 350
1087 1088
1088 806
1089 744
1089 1090
1090 1068
1091 64
1091 1092
1092 1284
1093 813
1093 1094
1094 39
1095 605
1095 1096
1096 1153
1097 1098
1097 1337
1098 1394
1099 233
1099 1100
1100 1062
1101 66
1101 1102
1102 800
1103 58
1103 1104
1104 343
1105 181
1105 1106
1106 263
1107 477
1107 1108
1108 838
1109 119
1109 1110
1110 978
1111 1112
1111 1576
1112 1138
1113 1114
1113 1174
1114 536
1115 706
1115 1116
1116 1342
1117 1118
1117 1145
1118 913
1119 1120
1119 1201
1120 531
1121 84
1121 1122
1122 1306
1123 1019
1123 1124
1124 335
1125 1117
1125 1126
1126 88
1127 1128
1127 1221
1128 623
1129 962
1129 1130
1130 1196
1131 1089
1131 1132
1132 142
1133 1134
1133 1233
1134 968
1135 1136
1135 1417
1136 920
1137 1125
1137 1138
1138 174
1139 892
1139 1140
1140 1486
1141 533
1141 1142
1142 695
1143 545
1143 1144
1144 332
1145 1146
1145 1513
1146 1495
1147 1077
1147 1148
1148 1360
1149 177
1149 1150
1150 68
1151 1152
1151 1213
1152 479
1153 713
1153 1154
1154 700
1155 1156
1155 1405
1156 1248
1157 1158
1157 1343
1158 589
1159 139
1159 1160
1160 754
1161 1162
1161 1423
1162 753
1163 511
1163 1164
1164 632
1165 1104
1165 1166
1166 544
1167 184
1167 1168
1168 308
1169 1081
1169 1170
1170 493
1171 243
1171 1172
1172 283
1173 1174
1173 1281
1174 814
1175 819
1175 1176
1176 1149
1177 1178
1177 1436
1178 1324
1179 1180
1179 1483
1180 1008
1181 1182
1181 1577
1182 190
1183 437
1183 1184
1184 1051
1185 35
1185 1186
1186 1482
1187 879
1187 1188
1188 1000
1189 1190
1189 1479
1190 818
1191 799
1191 1192
1192 1254
1193 87
1193 1194
1194 272
1195 704
1195 1196
1196 921
1197 1198
1197 1227
1198 294
1199 37
1199 1200
1200 1276
1201 675
1201 1202
1202 630
1203 1053
1203 1204
1204 1118
1205 1206
1205 1532
1206 359
1207 1208
1207 1395
1208 1003
1209 540
1209 1210
1210 1122
1211 763
1211 1212
1212 827
1213 251
1213 1214
1214 760
1215 1216
1215 1571
1216 1480
1217 1218
1217 1607
1218 839
1219 117
1219 1220
1220 248
1221 601
1221 1222
1222 33
1223 225
1223 1224
1224 200
1225 1226
1225 1464
1226 860
1227 816
1227 1228
1228 1198
1229 7
1229 1230
1230 1364
1231 998
1231 1232
1232 781
1233 1193
1233 1234
1234 660
1235 857
1235 1236
1236 86
1237 1238
1237 1378
1238 197
1239 311
1239 1240
1240 849
1241 91
1241 1242
1242 572
1243 1244
1243 1429
1244 1410
1245 852
1245 1246
1246 1375
1247 1184
1247 1248
1248 254
1249 231
1249 1250
1250 637
1251 1252
1251 1492
1252 976
1253 1254
1253 1467
1254 922
1255 872
1255 1256
1256 1116
1257 1258
1257 1308
1258 235
1259 470
1259 1260
1260 902
1261 900
1261 1262
1262 440
1263 974
1263 1264
1264 166
1265 463
1265 1266
1266 1023
1267 885
1267 1268
1268 322
1269 1141
1269 1270
1270 503
1271 1272
1271 1561
1272 232
1273 1067
1273 1274
1274 559
1275 841
1275 1276
1276 1512
1277 899
1277 1278
1278 158
1279 1205
1279 1280
1280 565
1281 731
1281 1282
1282 1263
1283 448
1283 1284
1284 916
1285 1286
1285 1599
1286 136
1287 49
1287 1288
1288 150
1289 1096
1289 1290
1290 180
1291 1292
1291 1345
1292 880
1293 895
1293 1294
1294 491
1295 893
1295 1296
1296 1583
1297 193
1297 1298
1298 372
1299 600
1299 1300
1300 1136
1301 1001
1301 1302
1302 1332
1303 487
1303 1304
1304 1022
1305 628
1305 1306
1306 446
1307 1128
1307 1308
1308 1537
1309 518
1309 1310
1310 956
1311 942
1311 1312
1312 926
1313 1291
1313 1314
1314 1223
1315 341
1315 1316
1316 266
1317 583
1317 1318
1318 970
1319 213
1319 1320
1320 648
1321 543
1321 1322
1322 1331
1323 1324
1323 1588
1324 1112
1325 624
1325 1326
1326 1448
1327 162
1327 1328
1328 144
1329 1330
1329 1613
1330 452
1331 874
1331 1332
1332 312
1333 649
1333 1334
1334 1222
1335 703
1335 1336
1336 165
1337 17
1337 1338
1338 430
1339 333
1339 1340
1340 1382
1341 480
1341 1342
1342 356
1343 249
1343 1344
1344 1151
1345 1031
1345 1346
1346 1357
1347 183
1347 1348
1348 761
1349 326
1349 1350
1350 324
1351 823
1351 1352
1352 1385
1353 807
1353 1354
1354 883
1355 381
1355 1356
1356 403
1357 375
1357 1358
1358 1542
1359 843
1359 1360
1360 369
1361 824
1361 1362
1362 1179
1363 36
1363 1364
1364 234
1365 634
1365 1366
1366 1528
1367 1234
1367 1368
1368 1326
1369 411
1369 1370
1370 100
1371 674
1371 1372
1372 104
1373 858
1373 1374
1374 914
1375 972
1375 1376
1376 1543
1377 113
1377 1378
1378 57
1379 182
1379 1380
1380 798
1381 1025
1381 1382
1382 351
1383 319
1383 1384
1384 949
1385 151
1385 1386
1386 336
1387 107
1387 1388
1388 973
1389 1390
1389 1552
1390 374
1391 645
1391 1392
1392 376
1393 1241
1393 1394
1394 138
1395 1396
1395 1582
1396 1565
1397 505
1397 1398
1398 306
1399 1175
1399 1400
1400 510
1401 1402
1401 1574
1402 854
1403 362
1403 1404
1404 680
1405 394
1405 1406
1406 728
1407 1408
1407 1541
1408 1148
1409 725
1409 1410
1410 829
1411 1274
1411 1412
1412 40
1413 650
1413 1414
1414 702
1415 1416
1415 1476
1416 70
1417 69
1417 1418
1418 1040
1419 726
1419 1420
1420 1316
1421 730
1421 1422
1422 1490
1423 1237
1423 1424
1424 1600
1425 866
1425 1426
1426 202
1427 1061
1427 1428
1428 982
1429 898
1429 1430
1430 992
1431 131
1431 1432
1432 1412
1433 276
1433 1434
1434 54
1435 56
1435 1436
1436 2
1437 425
1437 1438
1438 1593
1439 1440
1439 1527
1440 1522
1441 929
1441 1442
1442 569
1443 871
1443 1444
1444 585
1445 1389
1445 1446
1446 928
1447 1448
1447 1587
1448 110
1449 1301
1449 1450
1450 805
1451 683
1451 1452
1452 1182
1453 23
1453 1454
1454 1458
1455 1456
1455 1462
1456 602
1457 587
1457 1458
1458 360
1459 1351
1459 1460
1460 320
1461 1140
1461 1462
1462 178
1463 295
1463 1464
1464 492
1465 1466
1465 1590
1466 952
1467 1075
1467 1468
1468 1006
1469 1232
1469 1470
1470 1390
1471 851
1471 1472
1472 1396
1473 1215
1473 1474
1474 1256
1475 339
1475 1476
1476 67
1477 1365
1477 1478
1478 571
1479 198
1479 1480
1480 1408
1481 1482
1481 1487
1482 26
1483 127
1483 1484
1484 10
1485 1486
1485 1508
1486 257
1487 821
1487 1488
1488 1338
1489 1391
1489 1490
1490 865
1491 1038
1491 1492
1492 1322
1493 507
1493 1494
1494 274
1495 109
1495 1496
1496 614
1497 1093
1497 1498
1498 309
1499 1352
1499 1500
1500 45
1501 1131
1501 1502
1502 1466
1503 876
1503 1504
1504 1083
1505 270
1505 1506
1506 502
1507 1120
1507 1508
1508 641
1509 1314
1509 1510
1510 52
1511 415
1511 1512
1512 1225
1513 1219
1513 1514
1514 315
1515 1147
1515 1516
1516 1524
1517 3
1517 1518
1518 522
1519 1297
1519 1520
1520 1353
1521 1212
1521 1522
1522 1540
1523 287
1523 1524
1524 1581
1525 1371
1525 1526
1526 1251
1527 792
1527 1528
1528 14
1529 317
1529 1530
1530 1121
1531 167
1531 1532
1532 971
1533 1399
1533 1534
1534 1059
1535 925
1535 1536
1536 1220
1537 772
1537 1538
1538 98
1539 1299
1539 1540
1540 908
1541 915
1541 1542
1542 262
1543 888
1543 1544
1544 802
1545 1039
1545 1546
1546 831
1547 15
1547 1548
1548 1416
1549 529
1549 1550
1550 47
1551 563
1551 1552
1552 845
1553 384
1553 1554
1554 1002
1555 643
1555 1556
1556 207
1557 347
1557 1558
1558 791
1559 74
1559 1560
1560 1380
1561 179
1561 1562
1562 994
1563 1516
1563 1564
1564 790
1565 1155
1565 1566
1566 526
1567 1531
1567 1568
1568 752
1569 147
1569 1570
1570 216
1571 943
1571 1572
1572 567
1573 889
1573 1574
1574 1292
1575 665
1575 1576
1576 405
1577 506
1577 1578
1578 1469
1579 748
1579 1580
1580 1018
1581 1133
1581 1582
1582 1554
1583 1505
1583 1584
1584 580
1585 639
1585 1586
1586 1178
1587 647
1587 1588
1588 383
1589 1167
1589 1590
1590 1403
1591 991
1591 1592
1592 1356
1593 450
1593 1594
1594 1415
1595 1534
1595 1596
1596 1200
1597 1348
1597 1598
1598 1261
1599 1600
1599 1601
1600 667
1601 161
1601 1602
1602 1278
1603 764
1603 1604
1604 80
1605 729
1605 1606
1606 786
1607 363
1607 1608
1608 163
1609 861
1609 1610
1610 561
1611 1135
1611 1612
1612 1050
1613 1460
1613 1614
1614 1210
