0 1217
0 1378
2 403
2 717
3 1083
3 1521
4 968
4 1425
5 1080
6 636
7 1525
7 1539
8 911
8 1277
9 889
10 1566
13 364
13 1286
15 714
15 1611
17 521
17 728
19 575
19 1398
21 493
21 1178
23 24
23 247
24 1605
25 26
25 1589
26 1056
27 28
27 1377
28 860
29 30
29 1055
30 185
31 32
31 591
32 5
33 34
33 976
34 1199
35 36
35 552
36 103
37 38
37 494
38 224
39 40
39 87
40 1590
41 42
41 308
42 10
43 44
43 779
44 484
45 46
45 318
46 1460
47 48
47 813
48 1161
49 50
49 695
50 828
51 52
51 887
52 264
53 54
53 1373
54 1224
55 14
55 56
56 685
57 58
57 689
58 1386
59 60
59 1528
60 458
61 62
61 120
62 1594
63 64
63 1463
64 642
65 66
65 265
66 1550
67 68
67 534
68 106
69 70
69 704
70 1252
71 72
71 1524
72 92
73 74
73 863
74 1368
75 76
75 390
76 31
77 78
77 677
78 696
79 80
79 1191
80 307
81 82
81 1586
82 1592
83 84
83 251
84 508
85 86
85 1453
86 807
87 88
87 929
88 1133
89 90
89 179
90 625
91 92
91 825
92 1210
93 94
93 1096
94 1520
95 96
95 229
96 541
97 98
97 1513
98 1374
99 100
99 805
100 369
101 102
101 577
102 1465
103 104
103 105
104 1222
105 106
105 1125
106 1338
107 108
107 1554
108 1614
109 110
109 157
110 232
111 112
111 168
112 1208
113 114
113 1176
114 80
115 116
115 1307
116 399
117 118
117 1557
118 1352
119 43
119 120
120 613
121 122
121 1478
122 54
123 124
123 846
124 691
125 126
125 1415
126 579
127 128
127 996
128 522
129 130
129 213
130 1612
131 132
131 735
132 360
133 134
133 443
134 918
135 136
135 380
136 330
137 138
137 234
138 1267
139 140
139 305
140 1315
141 142
141 743
142 937
143 144
143 1117
144 1316
145 146
145 840
146 990
147 148
147 921
148 354
149 150
149 207
150 1417
151 152
151 456
152 1562
153 154
153 1303
154 1244
155 156
155 814
156 16
157 158
157 321
158 1448
159 30
159 160
160 526
161 162
161 593
162 366
163 124
163 164
164 1100
165 166
165 1591
166 1032
167 168
167 243
168 1137
169 170
169 731
170 1312
171 172
171 1295
172 1026
173 174
173 1123
174 622
175 163
175 176
176 688
177 178
177 1409
178 1560
179 180
179 623
180 451
181 182
181 982
182 1326
183 184
183 855
184 902
185 186
185 334
186 170
187 188
187 913
188 1499
189 190
189 365
190 1322
191 162
191 192
192 1209
193 141
193 194
194 946
195 196
195 1223
196 698
197 127
197 198
198 1024
199 200
199 282
200 1298
201 202
201 1530
202 555
203 204
203 550
204 12
205 206
205 1193
206 1005
207 208
207 459
208 1302
209 210
209 615
210 205
211 212
211 687
212 75
213 214
213 397
214 1105
215 216
215 1076
216 18
217 218
217 683
218 164
219 220
219 244
220 848
221 222
221 1052
222 944
223 224
223 1502
224 414
225 226
225 831
226 1095
227 77
227 228
228 1333
229 230
229 1279
230 450
231 232
231 815
232 1516
233 234
233 239
234 732
235 236
235 703
236 1400
237 177
237 238
238 851
239 240
239 1446
240 692
241 242
241 1288
242 988
243 244
243 925
244 1299
245 246
245 1492
246 1466
247 133
247 248
248 734
249 182
249 250
250 722
251 252
251 1113
252 1582
253 189
253 254
254 936
255 256
255 823
256 1464
257 258
257 1216
258 546
259 260
259 697
260 572
261 262
261 411
262 1494
263 264
263 474
264 1147
265 266
265 910
266 453
267 268
267 1281
268 1243
269 270
269 429
270 44
271 175
271 272
272 1229
273 274
273 1261
274 820
275 276
275 774
276 1220
277 278
277 800
278 867
279 143
279 280
280 1292
281 282
281 485
282 628
283 284
283 1597
284 1164
285 286
285 1559
286 204
287 288
287 1577
288 995
289 290
289 401
290 1189
291 292
291 609
292 773
293 278
293 294
294 1240
295 296
295 557
296 1332
297 298
297 803
298 1246
299 115
299 300
300 1104
301 237
301 302
302 748
303 304
303 1571
304 836
305 306
305 1515
306 739
307 308
307 1171
308 1393
309 310
309 323
310 160
311 26
311 312
312 6
313 314
313 525
314 971
315 316
315 1075
316 66
317 318
317 895
318 1504
319 320
319 1025
320 1437
321 322
321 1247
322 1012
323 211
323 324
324 1429
325 39
325 326
326 1275
327 328
327 1487
328 1060
329 330
329 420
330 596
331 332
331 663
332 286
333 334
333 977
334 48
335 336
335 1458
336 1431
337 338
337 1362
338 806
339 340
339 1551
340 940
341 342
341 523
342 81
343 246
343 344
344 1414
345 27
345 346
346 754
347 348
347 741
348 356
349 350
349 932
350 766
351 352
351 578
352 1132
353 193
353 354
354 603
355 356
355 967
356 1392
357 358
357 562
358 208
359 360
359 1041
360 378
361 362
361 809
362 510
363 364
363 729
364 1358
365 366
365 1509
366 1449
367 368
367 835
368 370
369 370
369 418
370 1306
371 372
371 1459
372 250
373 374
373 381
374 1090
375 376
375 1175
376 145
377 378
377 544
378 1268
379 380
379 499
380 660
381 121
381 382
382 312
383 384
383 877
384 672
385 10
385 386
386 520
387 388
387 1021
388 1375
389 390
389 650
390 542
391 392
391 819
392 294
393 273
393 394
394 571
395 396
395 1421
396 1198
397 398
397 1475
398 1242
399 400
399 1565
400 1192
401 402
401 629
402 302
403 101
403 404
404 770
405 406
405 1131
406 1174
407 408
407 1258
408 917
409 410
409 599
410 1608
411 412
411 1404
412 1422
413 414
413 854
414 1346
415 416
415 1169
416 1457
417 418
417 939
418 712
419 420
419 1514
420 1043
421 422
421 1331
422 1402
423 29
423 424
424 1613
425 426
425 961
426 721
427 428
427 1205
428 1166
429 430
429 1462
430 486
431 432
431 1383
432 756
433 434
433 969
434 736
435 436
435 1385
436 34
437 438
437 1436
438 186
439 440
439 537
440 611
441 442
441 1119
442 1102
443 267
443 444
444 4
445 241
445 446
446 742
447 448
447 1118
448 1190
449 450
449 1595
450 1372
451 452
451 479
452 1200
453 454
453 1245
454 422
455 456
455 772
456 260
457 458
457 492
458 1116
459 460
459 1527
460 148
461 462
461 565
462 1323
463 188
463 464
464 1610
465 225
465 466
466 346
467 393
467 468
468 708
469 470
469 1228
470 1349
471 472
471 597
472 325
473 474
473 962
474 214
475 476
475 1027
476 1430
477 478
477 690
478 1053
479 463
479 480
480 1257
481 405
481 482
482 313
483 410
483 484
484 400
485 486
485 561
486 1011
487 488
487 1389
488 228
489 490
489 1186
490 348
491 492
491 1155
492 574
493 494
493 1091
494 619
495 496
495 528
496 1474
497 498
497 1067
498 810
499 500
499 1203
500 156
501 425
501 502
502 315
503 504
503 1077
504 640
505 506
505 1269
506 1399
507 119
507 508
508 433
509 510
509 694
510 938
511 512
511 1540
512 844
513 514
513 1351
514 1110
515 516
515 869
516 140
517 518
517 1441
518 576
519 520
519 1561
520 818
521 152
521 522
522 928
523 524
523 564
524 1023
525 526
525 1070
526 1360
527 253
527 528
528 1219
529 530
529 1523
530 71
531 488
531 532
532 1136
533 423
533 534
534 99
535 536
535 764
536 568
537 538
537 671
538 147
539 266
539 540
540 126
541 542
541 1148
542 178
543 544
543 684
544 985
545 245
545 546
546 1370
547 548
547 953
548 1564
549 550
549 1503
550 1585
551 552
551 1411
552 919
553 371
553 554
554 890
555 384
555 556
556 1202
557 558
557 1059
558 481
559 560
559 1143
560 1490
561 562
561 1259
562 1396
563 564
563 1081
564 36
565 301
565 566
566 880
567 568
567 1546
568 350
569 570
569 1596
570 518
571 572
571 1042
572 1058
573 529
573 574
574 174
575 165
575 576
576 740
577 482
577 578
578 1107
579 98
579 580
580 1553
581 582
581 1051
582 24
583 584
583 1511
584 83
585 586
585 1226
586 790
587 271
587 588
588 638
589 590
589 1087
590 454
591 290
591 592
592 324
593 594
593 1369
594 673
595 554
595 596
596 769
597 598
597 1325
598 235
599 600
599 606
600 352
601 351
601 602
602 886
603 604
603 634
604 1428
605 353
605 606
606 277
607 608
607 857
608 259
609 319
609 610
610 657
611 446
611 612
612 86
613 90
613 614
614 1022
615 616
615 1387
616 176
617 618
617 1215
618 676
619 620
619 1218
620 78
621 89
621 622
622 762
623 139
623 624
624 303
625 626
625 1314
626 512
627 21
627 628
628 1168
629 607
629 630
630 1572
631 632
631 1093
632 604
633 634
633 1124
634 824
635 82
635 636
636 858
637 638
637 725
638 891
639 85
639 640
640 1472
641 642
641 1382
642 32
643 549
643 644
644 1486
645 646
645 864
646 1556
647 419
647 648
648 630
649 650
649 1451
650 966
651 652
651 1563
652 812
653 391
653 654
654 1158
655 217
655 656
656 843
657 658
657 856
658 460
659 25
659 660
660 670
661 149
661 662
662 122
663 664
663 1498
664 69
665 288
665 666
666 1579
667 655
667 668
668 1293
669 670
669 975
670 158
671 672
671 1079
672 475
673 665
673 674
674 1108
675 431
675 676
676 1135
677 595
677 678
678 1350
679 680
679 1233
680 530
681 187
681 682
682 394
683 684
683 1391
684 893
685 686
685 1144
686 468
687 295
687 688
688 490
689 690
689 1017
690 539
691 3
691 692
692 778
693 694
693 794
694 1365
695 696
695 1507
696 600
697 643
697 698
698 556
699 9
699 700
700 374
701 531
701 702
702 588
703 704
703 1179
704 589
705 409
705 706
706 469
707 708
707 1534
708 504
709 543
709 710
710 516
711 712
711 1412
712 1532
713 686
713 714
714 951
715 7
715 716
716 1311
717 718
717 1290
718 1127
719 592
719 720
720 796
721 722
721 1347
722 1044
723 724
723 915
724 473
725 540
725 726
726 924
727 329
727 728
728 200
729 730
729 1030
730 118
731 732
731 926
732 1609
733 110
733 734
734 60
735 736
735 842
736 190
737 738
737 847
738 331
739 740
739 1082
740 1452
741 742
741 1483
742 448
743 261
743 744
744 258
745 746
745 1002
746 297
747 748
747 1439
748 172
749 750
749 1255
750 680
751 173
751 752
752 894
753 754
753 1185
754 1260
755 756
755 1153
756 292
757 710
757 758
758 781
759 53
759 760
760 1098
761 461
761 762
762 248
763 9
763 764
764 306
765 357
765 766
766 788
767 201
767 768
768 1018
769 62
769 770
770 644
771 209
771 772
772 150
773 774
773 1500
774 33
775 776
775 1238
776 998
777 707
777 778
778 570
779 780
779 1145
780 210
781 272
781 782
782 750
783 784
783 1543
784 1045
785 227
785 786
786 1354
787 788
787 1069
788 1088
789 627
789 790
790 514
791 706
791 792
792 93
793 129
793 794
794 1545
795 796
795 1454
796 1284
797 798
797 1575
798 1197
799 800
799 1455
800 538
801 802
801 948
802 664
803 804
803 1092
804 1084
805 806
805 1036
806 719
807 626
807 808
808 298
809 583
809 810
810 965
811 812
811 1061
812 430
813 309
813 814
814 594
815 406
815 816
816 1506
817 818
817 879
818 826
819 171
819 820
820 716
821 822
821 1211
822 1380
823 347
823 824
824 1272
825 826
825 1263
826 464
827 828
827 1062
828 871
829 830
829 1103
830 1388
831 832
831 923
832 311
833 786
833 834
834 1280
835 117
835 836
836 978
837 181
837 838
838 958
839 58
839 840
840 276
841 367
841 842
842 1505
843 844
843 1114
844 896
845 846
845 1183
846 876
847 291
847 848
848 709
849 598
849 850
850 1394
851 852
851 1128
852 42
853 854
853 947
854 1493
855 498
855 856
856 776
857 858
857 1287
858 96
859 860
859 905
860 866
861 862
861 1537
862 1057
863 91
863 864
864 1278
865 727
865 866
866 1160
867 442
867 868
868 1480
869 701
869 870
870 881
871 434
871 872
872 1334
873 838
873 874
874 1256
875 35
875 876
876 1570
877 785
877 878
878 649
879 653
879 880
880 131
881 882
881 1603
882 1541
883 675
883 884
884 472
885 349
885 886
886 166
887 888
887 909
888 1576
889 890
889 1142
890 682
891 892
891 972
892 1318
893 882
893 894
894 46
895 896
895 1353
896 270
897 142
897 898
898 196
899 900
899 1167
900 19
901 902
901 1225
902 1450
903 180
903 904
904 713
905 17
905 906
906 1526
907 536
907 908
908 74
909 832
909 910
910 1423
911 317
911 912
912 402
913 914
913 1555
914 398
915 916
915 1033
916 1016
917 918
917 933
918 1106
919 109
919 920
920 1112
921 444
921 922
922 991
923 924
923 1291
924 88
925 926
925 1139
926 753
927 327
927 928
928 548
929 930
929 1181
930 1120
931 932
931 993
932 1048
933 335
933 934
934 646
935 505
935 936
936 1473
937 233
937 938
938 888
939 940
939 1443
940 304
941 355
941 942
942 908
943 6
943 944
944 496
945 763
945 946
946 1418
947 503
947 948
948 765
949 950
949 1009
950 801
951 617
951 952
952 1536
953 954
953 1489
954 1188
955 906
955 956
956 1046
957 958
957 1371
958 404
959 582
959 960
960 215
961 962
961 1313
962 1237
963 387
963 964
964 760
965 966
965 1149
966 782
967 447
967 968
968 1231
969 970
969 1308
970 426
971 972
971 1221
972 396
973 974
973 992
974 218
975 941
975 976
976 1476
977 978
977 1501
978 679
979 980
979 1407
980 822
981 715
981 982
982 1468
983 984
983 1456
984 336
985 986
985 1342
986 257
987 868
987 988
988 1301
989 159
989 990
990 1598
991 293
991 992
992 407
993 821
993 994
994 280
995 527
995 996
996 1405
997 998
997 1335
998 920
999 1000
999 1435
1000 912
1001 930
1001 1002
1002 1600
1003 711
1003 1004
1004 377
1005 437
1005 1006
1006 322
1007 1008
1007 1491
1008 1063
1009 339
1009 1010
1010 22
1011 1012
1011 1094
1012 1432
1013 792
1013 1014
1014 328
1015 314
1015 1016
1016 1300
1017 343
1017 1018
1018 457
1019 1020
1019 1297
1020 816
1021 49
1021 1022
1022 1296
1023 1024
1023 1154
1024 986
1025 581
1025 1026
1026 749
1027 37
1027 1028
1028 1517
1029 759
1029 1030
1030 1410
1031 787
1031 1032
1032 240
1033 383
1033 1034
1034 316
1035 67
1035 1036
1036 1236
1037 705
1037 1038
1038 1064
1039 585
1039 1040
1040 1250
1041 497
1041 1042
1042 1003
1043 610
1043 1044
1044 1271
1045 1046
1045 1601
1046 980
1047 226
1047 1048
1048 1580
1049 797
1049 1050
1050 1004
1051 1052
1051 1552
1052 1345
1053 79
1053 1054
1054 808
1055 465
1055 1056
1056 845
1057 1058
1057 1195
1058 1337
1059 95
1059 1060
1060 1054
1061 979
1061 1062
1062 52
1063 1064
1063 1356
1064 70
1065 771
1065 1066
1066 476
1067 997
1067 1068
1068 1230
1069 949
1069 1070
1070 737
1071 1072
1071 1496
1072 874
1073 238
1073 1074
1074 702
1075 648
1075 1076
1076 674
1077 102
1077 1078
1078 519
1079 289
1079 1080
1080 758
1081 899
1081 1082
1082 616
1083 767
1083 1084
1084 1376
1085 1039
1085 1086
1086 768
1087 566
1087 1088
1088 602
1089 1090
1089 1266
1090 652
1091 559
1091 1092
1092 914
1093 1094
1093 1310
1094 1038
1095 1096
1095 1109
1096 222
1097 793
1097 1098
1098 1068
1099 637
1099 1100
1100 1328
1101 333
1101 1102
1102 285
1103 1104
1103 1273
1104 780
1105 1106
1105 1602
1106 1324
1107 1108
1107 1251
1108 700
1109 1110
1109 1184
1110 614
1111 231
1111 1112
1112 1482
1113 1114
1113 1265
1114 733
1115 1116
1115 1420
1116 1006
1117 1118
1117 1583
1118 645
1119 439
1119 1120
1120 1138
1121 669
1121 1122
1122 892
1123 169
1123 1124
1124 551
1125 587
1125 1126
1126 1344
1127 1128
1127 1581
1128 994
1129 255
1129 1130
1130 834
1131 667
1131 1132
1132 573
1133 777
1133 1134
1134 1424
1135 28
1135 1136
1136 440
1137 849
1137 1138
1138 268
1139 751
1139 1140
1140 435
1141 799
1141 1142
1142 563
1143 1129
1143 1144
1144 885
1145 738
1145 1146
1146 242
1147 13
1147 1148
1148 1130
1149 1078
1149 1150
1150 269
1151 61
1151 1152
1152 955
1153 23
1153 1154
1154 898
1155 220
1155 1156
1156 332
1157 1158
1157 1467
1158 1073
1159 1160
1159 1433
1160 376
1161 784
1161 1162
1162 1097
1163 1164
1163 1182
1164 1512
1165 624
1165 1166
1166 1000
1167 1168
1167 1241
1168 974
1169 1170
1169 1413
1170 1019
1171 489
1171 1172
1172 236
1173 1029
1173 1174
1174 1065
1175 445
1175 1176
1176 1470
1177 509
1177 1178
1178 1471
1179 1180
1179 1599
1180 952
1181 1163
1181 1182
1182 724
1183 883
1183 1184
1184 693
1185 281
1185 1186
1186 104
1187 373
1187 1188
1188 1034
1189 1190
1189 1343
1190 1317
1191 68
1191 1192
1192 746
1193 432
1193 1194
1194 1508
1195 1196
1195 1587
1196 338
1197 1198
1197 1442
1198 389
1199 256
1199 1200
1200 830
1201 1165
1201 1202
1202 199
1203 1196
1203 1204
1204 452
1205 337
1205 1206
1206 375
1207 934
1207 1208
1208 1340
1209 1007
1209 1210
1210 960
1211 466
1211 1212
1212 478
1213 136
1213 1214
1214 500
1215 1150
1215 1216
1216 907
1217 47
1217 1218
1218 340
1219 535
1219 1220
1220 804
1221 837
1221 1222
1222 495
1223 1173
1223 1224
1224 1141
1225 487
1225 1226
1226 1395
1227 720
1227 1228
1228 230
1229 1230
1229 1584
1230 632
1231 1159
1231 1232
1232 1072
1233 1234
1233 1533
1234 1086
1235 1236
1235 1481
1236 45
1237 1238
1237 1327
1238 153
1239 1240
1239 1359
1240 254
1241 853
1241 1242
1242 798
1243 1244
1243 1321
1244 202
1245 1246
1245 1264
1246 1156
1247 839
1247 1248
1248 274
1249 841
1249 1250
1250 1010
1251 817
1251 1252
1252 194
1253 467
1253 1254
1254 427
1255 1172
1255 1256
1256 964
1257 783
1257 1258
1258 436
1259 1260
1259 1569
1260 1408
1261 639
1261 1262
1262 1542
1263 1264
1263 1535
1264 973
1265 1239
1265 1266
1266 5
1267 1268
1267 1573
1268 1214
1269 1270
1269 1607
1270 865
1271 1272
1271 1510
1272 618
1273 501
1273 1274
1274 1606
1275 284
1275 1276
1276 1212
1277 84
1277 1278
1278 341
1279 533
1279 1280
1280 128
1281 747
1281 1282
1282 875
1283 1284
1283 1397
1284 1488
1285 65
1285 1286
1286 379
1287 1187
1287 1288
1288 1001
1289 1290
1289 1357
1290 395
1291 1292
1291 1403
1292 1151
1293 553
1293 1294
1294 647
1295 931
1295 1296
1296 386
1297 507
1297 1298
1298 927
1299 633
1299 1300
1300 827
1301 635
1301 1302
1302 1213
1303 263
1303 1304
1304 368
1305 654
1305 1306
1306 135
1307 651
1307 1308
1308 1111
1309 455
1309 1310
1310 959
1311 1312
1311 1461
1312 1
1313 57
1313 1314
1314 1194
1315 223
1315 1316
1316 730
1317 252
1317 1318
1318 11
1319 125
1319 1320
1320 20
1321 862
1321 1322
1322 385
1323 123
1323 1324
1324 310
1325 1326
1325 1479
1326 146
1327 511
1327 1328
1328 1146
1329 916
1329 1330
1330 64
1331 299
1331 1332
1332 1234
1333 1309
1333 1334
1334 757
1335 1336
1335 1406
1336 590
1337 262
1337 1338
1338 1020
1339 470
1339 1340
1340 956
1341 601
1341 1342
1342 134
1343 1344
1343 1440
1344 1447
1345 904
1345 1346
1346 424
1347 1341
1347 1348
1348 1558
1349 342
1349 1350
1350 358
1351 999
1351 1352
1352 1304
1353 480
1353 1354
1354 791
1355 1140
1355 1356
1356 1152
1357 1358
1357 1367
1358 1035
1359 829
1359 1360
1360 184
1361 59
1361 1362
1362 1040
1363 1126
1363 1364
1364 72
1365 363
1365 1366
1366 63
1367 1368
1367 1381
1368 1122
1369 861
1369 1370
1370 1320
1371 111
1371 1372
1372 1364
1373 421
1373 1374
1374 608
1375 1285
1375 1376
1376 1588
1377 811
1377 1378
1378 300
1379 191
1379 1380
1380 873
1381 415
1381 1382
1382 954
1383 903
1383 1384
1384 789
1385 950
1385 1386
1386 212
1387 1388
1387 1444
1388 296
1389 1085
1389 1390
1390 1574
1391 195
1391 1392
1392 872
1393 1394
1393 1434
1394 1568
1395 155
1395 1396
1396 1015
1397 605
1397 1398
1398 1531
1399 1276
1399 1400
1400 612
1401 372
1401 1402
1402 428
1403 1249
1403 1404
1404 621
1405 1283
1405 1406
1406 755
1407 681
1407 1408
1408 802
1409 662
1409 1410
1410 775
1411 1170
1411 1412
1412 900
1413 1031
1413 1414
1414 1099
1415 359
1415 1416
1416 726
1417 666
1417 1418
1418 1204
1419 1028
1419 1420
1420 382
1421 1422
1421 1578
1422 1484
1423 326
1423 1424
1424 1074
1425 884
1425 1426
1426 620
1427 943
1427 1428
1428 130
1429 55
1429 1430
1430 203
1431 850
1431 1432
1432 132
1433 1206
1433 1434
1434 249
1435 1071
1435 1436
1436 532
1437 1438
1437 1469
1438 580
1439 1440
1439 1593
1440 545
1441 1254
1441 1442
1442 1227
1443 1248
1443 1444
1444 113
1445 462
1445 1446
1446 1235
1447 114
1447 1448
1448 138
1449 279
1449 1450
1450 513
1451 1329
1451 1452
1452 1014
1453 981
1453 1454
1454 1121
1455 1253
1455 1456
1456 699
1457 723
1457 1458
1458 1363
1459 987
1459 1460
1460 1201
1461 15
1461 1462
1462 392
1463 154
1463 1464
1464 1544
1465 584
1465 1466
1466 878
1467 197
1467 1468
1468 515
1469 51
1469 1470
1470 413
1471 41
1471 1472
1472 1115
1473 412
1473 1474
1474 569
1475 1294
1475 1476
1476 752
1477 167
1477 1478
1478 1529
1479 192
1479 1480
1480 56
1481 1047
1481 1482
1482 477
1483 517
1483 1484
1484 745
1485 1134
1485 1486
1486 1232
1487 1066
1487 1488
1488 108
1489 1401
1489 1490
1490 1180
1491 661
1491 1492
1492 1445
1493 1494
1493 1519
1494 408
1495 1274
1495 1496
1496 833
1497 361
1497 1498
1498 659
1499 761
1499 1500
1500 718
1501 1497
1501 1502
1502 100
1503 852
1503 1504
1504 1339
1505 388
1505 1506
1506 1419
1507 1355
1507 1508
1508 1438
1509 73
1509 1510
1510 502
1511 1049
1511 1512
1512 1604
1513 1101
1513 1514
1514 935
1515 219
1515 1516
1516 1522
1517 656
1517 1518
1518 1427
1519 344
1519 1520
1520 483
1521 116
1521 1522
1522 221
1523 1336
1523 1524
1524 1207
1525 983
1525 1526
1526 1495
1527 1157
1527 1528
1528 859
1529 8
1529 1530
1530 1037
1531 1532
1531 1547
1532 547
1533 107
1533 1534
1534 151
1535 2
1535 1536
1536 1485
1537 97
1537 1538
1538 471
1539 963
1539 1540
1540 183
1541 76
1541 1542
1542 631
1543 989
1543 1544
1544 94
1545 922
1545 1546
1546 1548
1547 1162
1547 1548
1548 137
1549 345
1549 1550
1550 567
1551 901
1551 1552
1552 283
1553 50
1553 1554
1554 1416
1555 1319
1555 1556
1556 438
1557 287
1557 1558
1558 1050
1559 970
1559 1560
1560 744
1561 897
1561 1562
1562 658
1563 1477
1563 1564
1564 678
1565 1270
1565 1566
1566 1366
1567 870
1567 1568
1568 641
1569 161
1569 1570
1570 795
1571 362
1571 1572
1572 144
1573 1361
1573 1574
1574 560
1575 1289
1575 1576
1576 417
1577 558
1577 1578
1578 441
1579 1567
1579 1580
1580 1262
1581 416
1581 1582
1582 1089
1583 1538
1583 1584
1584 1518
1585 1008
1585 1586
1586 942
1587 506
1587 1588
1588 112
1589 957
1589 1590
1590 449
1591 1282
1591 1592
1592 206
1593 320
1593 1594
1594 1390
1595 1330
1595 1596
1596 38
1597 1379
1597 1598
1598 524
1599 1549
1599 1600
1600 984
1601 945
1601 1602
1602 1384
1603 668
1603 1604
1604 1177
1605 275
1605 1606
1606 1013
1607 491
1607 1608
1608 40
1609 1348
1609 1610
1610 1426
1611 1305
1611 1612
1612 198
1613 586
1613 1614
1614 216
