0 295
0 1459
1 477
1 709
3 395
3 941
4 141
4 357
6 1367
5 1009
7 379
7 1217
9 234
8 66
8 1072
10 206
13 757
13 1114
15 447
15 1149
17 108
17 1095
19 94
19 352
21 717
21 1603
23 24
23 454
24 766
25 26
25 990
26 1218
27 28
27 1599
28 628
29 30
29 610
30 953
31 32
31 518
32 908
33 34
33 919
34 504
35 36
35 1303
36 488
37 38
37 1554
38 1323
39 40
39 1067
40 1289
41 42
41 1493
42 696
43 44
43 1444
44 1172
45 46
45 1458
46 1308
47 48
47 1434
48 1210
49 50
49 1454
50 1331
51 52
51 861
52 1268
53 34
53 54
54 626
55 56
55 1077
56 1062
57 58
57 96
58 779
59 60
59 99
60 316
61 62
61 63
62 688
63 64
63 1004
64 917
65 66
65 1064
66 1456
67 68
67 1587
68 1472
69 70
69 1385
70 47
71 72
71 1397
72 591
73 74
73 981
74 246
75 76
75 1553
76 1044
77 78
77 213
78 435
79 80
79 979
80 806
81 82
81 270
82 1388
83 84
83 1263
84 236
85 68
85 86
86 1574
87 88
87 937
88 346
89 90
89 1176
90 252
91 92
91 485
92 1419
93 94
93 146
94 995
95 96
95 1175
96 1541
97 98
97 1181
98 210
99 100
99 1391
100 554
101 102
101 1251
102 27
103 104
103 313
104 745
105 106
105 1259
106 824
107 108
107 700
108 872
109 110
109 627
110 151
111 112
111 1505
112 769
113 114
113 1522
114 774
115 116
115 1487
116 286
117 118
117 1031
118 498
119 120
119 131
120 113
121 122
121 1614
122 549
123 124
123 1329
124 1073
125 126
125 451
126 639
127 128
127 257
128 910
129 130
129 1051
130 1098
131 132
131 1395
132 607
133 134
133 157
134 1221
135 136
135 1546
136 378
137 138
137 333
138 921
139 140
139 1506
140 1097
141 142
141 390
142 455
143 4
143 144
144 673
145 146
145 1039
146 483
147 148
147 801
148 463
149 150
149 1347
150 288
151 152
151 667
152 1106
153 154
153 903
154 746
155 156
155 699
156 1028
157 158
157 1491
158 950
159 160
159 1157
160 273
161 124
161 162
162 728
163 164
163 980
164 400
165 166
165 1452
166 1197
167 168
167 566
168 70
169 170
169 523
170 418
171 172
171 1200
172 1228
173 174
173 648
174 815
175 163
175 176
176 1002
177 178
177 438
178 1090
179 180
179 519
180 618
181 182
181 237
182 1498
183 184
183 888
184 1598
185 186
185 265
186 162
187 188
187 1001
188 1427
189 190
189 659
190 752
191 192
191 852
192 1118
193 194
193 1029
194 658
195 196
195 1022
196 414
197 198
197 567
198 886
199 200
199 353
200 136
201 177
201 202
202 413
203 204
203 1099
204 348
205 200
205 206
206 1104
207 208
207 853
208 500
209 210
209 343
210 948
211 212
211 623
212 1324
213 214
213 1105
214 1429
215 31
215 216
216 674
217 218
217 683
218 1440
219 5
219 220
220 1416
221 222
221 541
222 1332
223 111
223 224
224 214
225 226
225 537
226 161
227 228
227 317
228 1163
229 1
229 230
230 432
231 232
231 1003
232 595
233 234
233 1601
234 380
235 236
235 1474
236 644
237 238
237 655
238 1168
239 240
239 873
240 495
241 242
241 1211
242 858
243 244
243 620
244 968
245 246
245 1389
246 592
247 248
247 1373
248 409
249 16
249 250
250 140
251 252
251 1317
252 836
253 254
253 423
254 474
255 256
255 1092
256 130
257 258
257 361
258 322
259 260
259 1313
260 335
261 262
261 785
262 196
263 264
263 430
264 1295
265 266
265 1613
266 1170
267 268
267 1087
268 1269
269 270
269 479
270 1610
271 73
271 272
272 1202
273 274
273 1049
274 33
275 276
275 420
276 356
277 278
277 1512
278 866
279 280
279 887
280 672
281 282
281 1075
282 772
283 284
283 677
284 1326
285 117
285 286
286 1521
287 288
287 1406
288 800
289 290
289 484
290 1606
291 292
291 1595
292 608
293 294
293 1237
294 88
295 41
295 296
296 1514
297 298
297 837
298 405
299 300
299 1112
300 1352
301 153
301 302
302 1298
303 304
303 1055
304 1127
305 263
305 306
306 642
307 187
307 308
308 1333
309 310
309 321
310 337
311 312
311 403
312 1468
313 314
313 408
314 1234
315 49
315 316
316 1363
317 231
317 318
318 1530
319 320
319 1442
320 1040
321 322
321 1469
322 1412
323 324
323 1183
324 906
325 326
325 1196
326 544
327 328
327 611
328 112
329 330
329 1243
330 1315
331 332
331 1371
332 1080
333 334
333 647
334 203
335 336
335 1540
336 11
337 244
337 338
338 1362
339 340
339 388
340 584
341 281
341 342
342 1591
343 344
343 1103
344 1178
345 346
345 486
346 1517
347 348
347 631
348 547
349 350
349 1052
350 465
351 352
351 663
352 588
353 354
353 622
354 171
355 356
355 1343
356 698
357 358
357 705
358 1403
359 360
359 1490
360 909
361 362
361 999
362 1035
363 364
363 461
364 165
365 366
365 839
366 664
367 368
367 1479
368 1372
369 15
369 370
370 249
371 372
371 1529
372 998
373 374
373 1436
374 1422
375 376
375 697
376 1232
377 378
377 794
378 8
379 380
379 424
380 1046
381 382
381 1424
382 966
383 384
383 536
384 1551
385 160
385 386
386 342
387 388
387 1274
388 598
389 390
389 956
390 211
391 392
391 1013
392 973
393 127
393 394
394 809
395 396
395 1271
396 616
397 398
397 577
398 506
399 400
399 1021
400 1256
401 402
401 561
402 961
403 179
403 404
404 1413
405 406
405 789
406 226
407 408
407 1223
408 406
409 410
409 1582
410 1125
411 412
411 489
412 1249
413 414
413 1341
414 1350
415 416
415 701
416 777
417 418
417 429
418 5
419 391
419 420
420 1499
421 422
421 632
422 1393
423 30
423 424
424 472
425 91
425 426
426 736
427 428
427 803
428 924
429 430
429 657
430 1241
431 17
431 432
432 1078
433 334
433 434
434 1311
435 436
435 877
436 1534
437 438
437 693
438 1605
439 440
439 459
440 373
441 232
441 442
442 883
443 444
443 997
444 898
445 446
445 775
446 466
447 105
447 448
448 989
449 450
449 1007
450 625
451 452
451 1207
452 988
453 454
453 1244
454 1254
455 456
455 865
456 238
457 458
457 1038
458 240
459 460
459 817
460 1402
461 359
461 462
462 764
463 464
463 685
464 878
465 103
465 466
466 811
467 468
467 1015
468 397
469 470
469 1476
470 1500
471 363
471 472
472 1082
473 457
473 474
474 810
475 285
475 476
476 901
477 478
477 1369
478 1108
479 425
479 480
480 634
481 482
481 753
482 1206
483 484
483 882
484 1117
485 486
485 859
486 1457
487 488
487 1016
488 945
489 468
489 490
490 220
491 279
491 492
492 43
493 494
493 1194
494 991
495 496
495 951
496 556
497 498
497 1335
498 870
499 481
499 500
500 750
501 125
501 502
502 1408
503 394
503 504
504 1069
505 506
505 1280
506 1448
507 508
507 1287
508 892
509 197
509 510
510 201
511 61
511 512
512 1526
513 404
513 514
514 149
515 38
515 516
516 964
517 518
517 1572
518 48
519 275
519 520
520 1543
521 522
521 1266
522 82
523 524
523 535
524 1497
525 526
525 920
526 167
527 528
527 1597
528 808
529 530
529 793
530 1480
531 532
531 755
532 97
533 534
533 1027
534 311
535 536
535 617
536 116
537 538
537 706
538 762
539 540
539 1283
540 985
541 542
541 1563
542 1302
543 13
543 544
544 1180
545 139
545 546
546 830
547 548
547 1084
548 572
549 550
549 1398
550 292
551 417
551 552
552 1199
553 554
553 1124
554 894
555 556
555 1248
556 936
557 558
557 603
558 960
559 560
559 1359
560 1155
561 562
561 1465
562 1555
563 564
563 1270
564 1548
565 458
565 566
566 614
567 568
567 715
568 661
569 570
569 971
570 1380
571 572
571 1247
572 720
573 574
573 1576
574 1510
575 576
575 758
576 218
577 369
577 578
578 969
579 398
579 580
580 702
581 269
581 582
582 188
583 584
583 930
584 1296
585 586
585 1205
586 579
587 588
587 1091
588 1293
589 590
589 1161
590 1485
591 592
591 1344
592 1198
593 594
593 1121
594 1074
595 575
595 596
596 1058
597 598
597 1535
598 862
599 600
599 1409
600 899
601 602
601 1545
602 1299
603 604
603 1602
604 1328
605 138
605 606
606 1607
607 608
607 651
608 326
609 119
609 610
610 931
611 515
611 612
612 1492
613 102
613 614
614 1215
615 503
615 616
616 1537
617 618
617 1449
618 410
619 620
619 716
620 563
621 622
621 1320
622 679
623 624
623 1045
624 587
625 626
625 1096
626 1386
627 628
627 675
628 1023
629 630
629 1146
630 1478
631 632
631 1381
632 881
633 75
633 634
634 274
635 636
635 1187
636 194
637 183
637 638
638 1348
639 640
639 1461
640 786
641 642
641 1054
642 784
643 644
643 1322
644 89
645 217
645 646
646 798
647 648
647 1353
648 1037
649 176
649 650
650 832
651 590
651 652
652 1404
653 654
653 977
654 686
655 421
655 656
656 170
657 315
657 658
658 1148
659 624
659 660
660 300
661 525
661 662
662 46
663 664
663 1250
664 952
665 633
665 666
666 39
667 499
667 668
668 1285
669 670
669 719
670 1204
671 672
671 1463
672 1056
673 674
673 744
674 1070
675 37
675 676
676 1264
677 7
677 678
678 42
679 256
679 680
680 1012
681 682
681 771
682 734
683 491
683 684
684 820
685 168
685 686
686 1518
687 688
687 1556
688 756
689 543
689 690
690 594
691 332
691 692
692 191
693 494
693 694
694 996
695 696
695 1435
696 1486
697 698
697 1164
698 482
699 700
699 759
700 1033
701 702
701 1231
702 1382
703 511
703 704
704 844
705 706
705 1282
706 1462
707 708
707 1612
708 1368
709 662
709 710
710 1222
711 271
711 712
712 1509
713 185
713 714
714 172
715 415
715 716
716 320
717 434
717 718
718 258
719 720
719 1375
720 1390
721 689
721 722
722 59
723 676
723 724
724 1531
725 297
725 726
726 1504
727 728
727 733
728 1588
729 730
729 857
730 1432
731 732
731 1000
732 1384
733 178
733 734
734 1575
735 736
735 1565
736 654
737 738
737 1570
738 1482
739 740
739 1182
740 802
741 243
741 742
742 469
743 527
743 744
744 142
745 114
745 746
746 712
747 748
747 787
748 121
749 750
749 1102
750 1438
751 126
751 752
752 385
753 754
753 1425
754 1184
755 756
755 934
756 1523
757 758
757 1539
758 1053
759 635
759 760
760 521
761 512
761 762
762 1445
763 764
763 1292
764 290
765 766
765 791
766 1195
767 768
767 993
768 1171
769 444
769 770
770 938
771 772
771 1611
772 1188
773 144
773 774
774 9
775 235
775 776
776 1167
777 778
777 935
778 1501
779 576
779 780
780 1507
781 513
781 782
782 192
783 784
783 1441
784 12
785 786
785 1471
786 1346
787 366
787 788
788 907
789 443
789 790
790 1538
791 559
791 792
792 814
793 794
793 825
794 560
795 345
795 796
796 835
797 602
797 798
798 1392
799 371
799 800
800 638
801 802
801 1131
802 586
803 804
803 840
804 289
805 384
805 806
806 52
807 808
807 841
808 1594
809 318
809 810
810 879
811 812
811 891
812 522
813 392
813 814
814 593
815 816
815 889
816 548
817 818
817 1351
818 1111
819 562
819 820
820 646
821 822
821 1193
822 381
823 824
823 1019
824 1481
825 768
825 826
826 304
827 601
827 828
828 868
829 79
829 830
830 6
831 264
831 832
832 978
833 299
833 834
834 204
835 836
835 1185
836 1414
837 223
837 838
838 189
839 840
839 1525
840 355
841 842
841 1520
842 694
843 704
843 844
844 80
845 247
845 846
846 450
847 848
847 923
848 215
849 725
849 850
850 368
851 852
851 1431
852 308
853 854
853 1260
854 1169
855 856
855 1065
856 1590
857 858
857 1415
858 207
859 666
859 860
860 743
861 687
861 862
862 652
863 219
863 864
864 1278
865 283
865 866
866 770
867 868
867 954
868 1360
869 123
869 870
870 310
871 656
871 872
872 1162
873 783
873 874
874 132
875 876
875 1604
876 164
877 319
877 878
878 86
879 880
879 1580
880 739
881 882
881 1024
882 1466
883 884
883 1160
884 524
885 886
885 1291
886 876
887 888
887 1562
888 1336
889 643
889 890
890 1036
891 892
891 1340
892 1460
893 545
893 894
894 570
895 571
895 896
896 502
897 898
897 918
898 552
899 900
899 1165
900 578
901 505
901 902
902 1220
903 904
903 1071
904 1592
905 372
905 906
906 1290
907 277
907 908
908 478
909 910
909 1041
910 426
911 726
911 912
912 1122
913 78
913 914
914 1593
915 253
915 916
916 1186
917 389
917 918
918 1135
919 813
919 920
920 854
921 922
921 1246
922 1057
923 452
923 924
924 1418
925 849
925 926
926 336
927 582
927 928
928 641
929 930
929 1307
930 276
931 362
931 932
932 1358
933 934
933 1227
934 1276
935 431
935 936
936 54
937 938
937 1327
938 1330
939 940
939 1503
940 749
941 799
941 942
942 186
943 944
943 1423
944 748
945 946
945 1524
946 1050
947 193
947 948
948 946
949 564
949 950
950 804
951 599
951 952
952 1151
953 833
953 954
954 460
955 905
955 956
956 691
957 110
957 958
958 1558
959 729
959 960
960 1252
961 962
961 1225
962 422
963 761
963 964
964 120
965 966
965 1136
966 1410
967 309
967 968
968 1032
969 350
969 970
970 1066
971 28
971 972
972 1173
973 471
973 974
974 1304
975 976
975 1567
976 282
977 957
977 978
978 134
979 221
979 980
980 615
981 87
981 982
982 550
983 294
983 984
984 573
985 986
985 987
986 205
987 268
987 988
988 10
989 93
989 990
990 148
991 419
991 992
992 1239
993 994
993 1447
994 557
995 942
995 996
996 1316
997 239
997 998
998 1238
999 169
999 1000
1000 301
1001 1002
1001 1401
1002 629
1003 553
1003 1004
1004 109
1005 972
1005 1006
1006 585
1007 534
1007 1008
1008 692
1009 1010
1009 1579
1010 778
1011 1012
1011 1355
1012 456
1013 349
1013 1014
1014 100
1015 540
1015 1016
1016 962
1017 209
1017 1018
1018 158
1019 1020
1019 1147
1020 1261
1021 1022
1021 1301
1022 442
1023 826
1023 1024
1024 818
1025 58
1025 1026
1026 1128
1027 1028
1027 1439
1028 1376
1029 539
1029 1030
1030 1236
1031 1025
1031 1032
1032 1516
1033 259
1033 1034
1034 763
1035 1036
1035 1088
1036 1366
1037 1038
1037 1571
1038 1513
1039 955
1039 1040
1040 1455
1041 649
1041 1042
1042 1034
1043 242
1043 1044
1044 74
1045 609
1045 1046
1046 992
1047 805
1047 1048
1048 1378
1049 851
1049 1050
1050 1532
1051 581
1051 1052
1052 190
1053 64
1053 1054
1054 975
1055 1056
1055 1089
1056 1143
1057 1058
1057 1370
1058 440
1059 1060
1059 1365
1060 175
1061 1062
1061 1345
1062 1286
1063 107
1063 1064
1064 1483
1065 925
1065 1066
1066 1209
1067 947
1067 1068
1068 533
1069 386
1069 1070
1070 958
1071 60
1071 1072
1072 1544
1073 1006
1073 1074
1074 1030
1075 1076
1075 1120
1076 724
1077 1078
1077 1273
1078 1573
1079 681
1079 1080
1080 115
1081 1082
1081 1284
1082 847
1083 106
1083 1084
1084 412
1085 1086
1085 1394
1086 530
1087 227
1087 1088
1088 416
1089 251
1089 1090
1090 287
1091 727
1091 1092
1092 181
1093 795
1093 1094
1094 884
1095 788
1095 1096
1096 383
1097 122
1097 1098
1098 574
1099 145
1099 1100
1100 722
1101 50
1101 1102
1102 35
1103 129
1103 1104
1104 1300
1105 1106
1105 1177
1106 1107
1107 1108
1107 1153
1108 1216
1109 3
1109 1110
1110 621
1111 329
1111 1112
1112 713
1113 765
1113 1114
1114 44
1115 1116
1115 1150
1116 1047
1117 1118
1117 1528
1118 156
1119 1120
1119 1515
1120 546
1121 56
1121 1122
1122 1137
1123 401
1123 1124
1124 1496
1125 864
1125 1126
1126 150
1127 1128
1127 1451
1128 1566
1129 1130
1129 1374
1130 650
1131 1132
1131 1467
1132 1399
1133 1134
1133 1306
1134 330
1135 1043
1135 1136
1136 819
1137 339
1137 1138
1138 580
1139 224
1139 1140
1140 166
1141 1142
1141 1430
1142 850
1143 493
1143 1144
1144 1142
1145 1146
1145 1279
1146 1134
1147 1148
1147 1511
1148 344
1149 1081
1149 1150
1150 1560
1151 848
1151 1152
1152 710
1153 929
1153 1154
1154 360
1155 1061
1155 1156
1156 338
1157 280
1157 1158
1158 81
1159 983
1159 1160
1160 821
1161 1162
1161 1475
1162 528
1163 198
1163 1164
1164 1337
1165 377
1165 1166
1166 1364
1167 1168
1167 1488
1168 462
1169 944
1169 1170
1170 1138
1171 367
1171 1172
1172 296
1173 245
1173 1174
1174 340
1175 1011
1175 1176
1176 436
1177 767
1177 1178
1178 773
1179 914
1179 1180
1180 1132
1181 636
1181 1182
1182 428
1183 963
1183 1184
1184 260
1185 695
1185 1186
1186 890
1187 1188
1187 1519
1188 538
1189 473
1189 1190
1190 965
1191 195
1191 1192
1192 396
1193 1194
1193 1229
1194 375
1195 604
1195 1196
1196 45
1197 520
1197 1198
1198 630
1199 302
1199 1200
1200 514
1201 1060
1201 1202
1202 323
1203 1204
1203 1557
1204 902
1205 1206
1205 1547
1206 986
1207 703
1207 1208
1208 29
1209 1210
1209 1338
1210 1357
1211 137
1211 1212
1212 180
1213 1214
1213 1224
1214 1377
1215 85
1215 1216
1216 1230
1217 1218
1217 1411
1218 1494
1219 67
1219 1220
1220 278
1221 1222
1221 1608
1222 690
1223 721
1223 1224
1224 565
1225 897
1225 1226
1226 1010
1227 399
1227 1228
1228 856
1229 1230
1229 1305
1230 842
1231 241
1231 1232
1232 476
1233 682
1233 1234
1234 1379
1235 62
1235 1236
1236 670
1237 1238
1237 1433
1238 331
1239 72
1239 1240
1240 926
1241 445
1241 1242
1242 718
1243 490
1243 1244
1244 497
1245 293
1245 1246
1246 1569
1247 1248
1247 1309
1248 792
1249 568
1249 1250
1250 1129
1251 1252
1251 1265
1252 1318
1253 1254
1253 1319
1254 1272
1255 1115
1255 1256
1256 1437
1257 583
1257 1258
1258 781
1259 402
1259 1260
1260 55
1261 1226
1261 1262
1262 1568
1263 959
1263 1264
1264 827
1265 173
1265 1266
1266 1533
1267 1179
1267 1268
1268 36
1269 613
1269 1270
1270 133
1271 1272
1271 1561
1272 1126
1273 589
1273 1274
1274 1158
1275 1123
1275 1276
1276 967
1277 10
1277 1278
1278 1026
1279 437
1279 1280
1280 637
1281 433
1281 1282
1282 101
1283 1284
1283 1583
1284 441
1285 152
1285 1286
1286 1536
1287 1288
1287 1578
1288 1470
1289 147
1289 1290
1290 863
1291 1110
1291 1292
1292 912
1293 1042
1293 1294
1294 32
1295 532
1295 1296
1296 1152
1297 900
1297 1298
1298 382
1299 1140
1299 1300
1300 325
1301 501
1301 1302
1302 932
1303 949
1303 1304
1304 128
1305 255
1305 1306
1306 1489
1307 596
1307 1308
1308 684
1309 71
1309 1310
1310 26
1311 838
1311 1312
1312 354
1313 347
1313 1314
1314 737
1315 370
1315 1316
1316 904
1317 829
1317 1318
1318 1420
1319 1320
1319 1473
1320 261
1321 307
1321 1322
1322 291
1323 1063
1323 1324
1324 1446
1325 446
1325 1326
1326 90
1327 95
1327 1328
1328 984
1329 1109
1329 1330
1330 76
1331 807
1331 1332
1332 669
1333 1334
1333 1527
1334 1116
1335 915
1335 1336
1336 940
1337 1338
1337 1585
1338 135
1339 660
1339 1340
1340 714
1341 1342
1341 1609
1342 1312
1343 77
1343 1344
1344 846
1345 1139
1345 1346
1346 678
1347 1174
1347 1348
1348 14
1349 1277
1349 1350
1350 782
1351 517
1351 1352
1352 982
1353 665
1353 1354
1354 645
1355 1017
1355 1356
1356 254
1357 1258
1357 1358
1358 1014
1359 21
1359 1360
1360 374
1361 747
1361 1362
1362 22
1363 780
1363 1364
1364 1426
1365 1366
1365 1421
1366 487
1367 605
1367 1368
1368 508
1369 922
1369 1370
1370 1550
1371 1372
1371 1450
1372 776
1373 1374
1373 1383
1374 555
1375 822
1375 1376
1376 18
1377 741
1377 1378
1378 1288
1379 742
1379 1380
1380 640
1381 411
1381 1382
1382 680
1383 358
1383 1384
1384 9
1385 449
1385 1386
1386 19
1387 711
1387 1388
1388 1294
1389 1201
1389 1390
1390 1508
1391 222
1391 1392
1392 314
1393 1154
1393 1394
1394 248
1395 305
1395 1396
1396 816
1397 1275
1397 1398
1398 558
1399 104
1399 1400
1400 1502
1401 845
1401 1402
1402 1085
1403 1133
1403 1404
1404 1325
1405 1213
1405 1406
1406 1361
1407 229
1407 1408
1408 1130
1409 569
1409 1410
1410 1141
1411 970
1411 1412
1412 53
1413 1166
1413 1414
1414 828
1415 1416
1415 1417
1416 1233
1417 1321
1417 1418
1418 976
1419 51
1419 1420
1420 202
1421 671
1421 1422
1422 974
1423 23
1423 1424
1424 480
1425 707
1425 1426
1426 516
1427 619
1427 1428
1428 312
1429 1430
1429 1577
1430 25
1431 860
1431 1432
1432 24
1433 895
1433 1434
1434 1008
1435 597
1435 1436
1436 911
1437 939
1437 1438
1438 1262
1439 272
1439 1440
1440 1145
1441 40
1441 1442
1442 1059
1443 943
1443 1444
1444 92
1445 1446
1445 1564
1446 2
1447 1281
1447 1448
1448 867
1449 855
1449 1450
1450 933
1451 893
1451 1452
1452 834
1453 551
1453 1454
1454 1387
1455 1189
1455 1456
1456 1349
1457 427
1457 1458
1458 387
1459 1453
1459 1460
1460 1086
1461 913
1461 1462
1462 83
1463 267
1463 1464
1464 1255
1465 393
1465 1466
1466 1314
1467 407
1467 1468
1468 1400
1469 529
1469 1470
1470 812
1471 823
1471 1472
1472 230
1473 509
1473 1474
1474 1484
1475 875
1475 1476
1476 754
1477 324
1477 1478
1478 1240
1479 467
1479 1480
1480 896
1481 735
1481 1482
1482 208
1483 1119
1483 1484
1484 1214
1485 1208
1485 1486
1486 1192
1487 65
1487 1488
1488 1018
1489 1113
1489 1490
1490 730
1491 228
1491 1492
1492 262
1493 365
1493 1494
1494 284
1495 885
1495 1496
1496 1584
1497 364
1497 1498
1498 496
1499 448
1499 1500
1500 843
1501 182
1501 1502
1502 1048
1503 1101
1503 1504
1504 376
1505 869
1505 1506
1506 327
1507 668
1507 1508
1508 84
1509 464
1509 1510
1510 212
1511 57
1511 1512
1512 1407
1513 1159
1513 1514
1514 994
1515 1005
1515 1516
1516 1339
1517 928
1517 1518
1518 266
1519 1093
1519 1520
1520 723
1521 1020
1521 1522
1522 708
1523 199
1523 1524
1524 1342
1525 1526
1525 1559
1526 1464
1527 1356
1527 1528
1528 732
1529 1253
1529 1530
1530 797
1531 453
1531 1532
1532 612
1533 1534
1533 1542
1534 216
1535 1354
1535 1536
1536 118
1537 1538
1537 1552
1538 1596
1539 1079
1539 1540
1540 1144
1541 155
1541 1542
1542 653
1543 916
1543 1544
1544 328
1545 600
1545 1546
1546 1094
1547 1083
1547 1548
1548 831
1549 6
1549 1550
1550 475
1551 470
1551 1552
1552 1396
1553 796
1553 1554
1554 439
1555 510
1555 1556
1556 250
1557 531
1557 1558
1558 507
1559 1245
1559 1560
1560 233
1561 927
1561 1562
1562 298
1563 751
1563 1564
1564 738
1565 1566
1565 1589
1566 1586
1567 1191
1567 1568
1568 306
1569 874
1569 1570
1570 1076
1571 303
1571 1572
1572 1405
1573 790
1573 1574
1574 1156
1575 1549
1575 1576
1576 1297
1577 871
1577 1578
1578 740
1579 159
1579 1580
1580 1219
1581 1477
1581 1582
1582 1310
1583 1495
1583 1584
1584 1203
1585 341
1585 1586
1586 1428
1587 351
1587 1588
1588 1334
1589 731
1589 1590
1590 542
1591 1592
1591 1600
1592 98
1593 1443
1593 1594
1594 1212
1595 760
1595 1596
1596 880
1597 606
1597 1598
1598 1242
1599 225
1599 1600
1600 1257
1601 492
1601 1602
1602 174
1603 1581
1603 1604
1604 1068
1605 1267
1605 1606
1606 20
1607 69
1607 1608
1608 154
1609 1235
1609 1610
1610 526
1611 143
1611 1612
1612 1190
1613 1100
1613 1614
1614 184
