0 3
0 239
2 753
2 1323
3 6
3 847
4 440
4 613
6 906
5 81
7 508
7 1359
9 1058
8 190
8 1177
10 840
13 873
13 1516
15 1372
15 1581
17 1013
17 1368
19 793
19 971
21 154
21 409
23 24
23 954
24 420
25 26
25 649
26 1445
27 28
27 891
28 122
29 30
29 86
30 694
31 32
31 1325
32 1469
33 34
33 1554
34 1094
35 36
35 802
36 80
37 38
37 1345
38 50
39 40
39 103
40 992
41 42
41 1209
42 433
43 44
43 712
44 1305
45 46
45 1413
46 543
47 48
47 776
48 594
49 50
49 1199
50 1249
51 52
51 457
52 1084
53 54
53 844
54 520
55 56
55 1205
56 108
57 58
57 621
58 115
59 60
59 1495
60 1235
61 62
61 1299
62 932
63 64
63 463
64 1085
65 66
65 302
66 799
67 68
67 684
68 738
69 70
69 875
70 229
71 72
71 1141
72 750
73 74
73 181
74 716
75 76
75 200
76 1114
77 78
77 1208
78 718
79 80
79 1611
80 1150
81 82
81 1414
82 1145
83 84
83 1379
84 825
85 84
85 86
86 612
87 88
87 1248
88 426
89 90
89 1409
90 26
91 92
91 443
92 504
93 94
93 780
94 74
95 96
95 605
96 1192
97 98
97 1019
98 868
99 15
99 100
100 1202
101 102
101 714
102 748
103 78
103 104
104 1427
105 106
105 625
106 98
107 108
107 1588
108 442
109 110
109 1117
110 1212
111 112
111 810
112 1352
113 114
113 288
114 394
115 116
115 263
116 396
117 118
117 711
118 1030
119 120
119 867
120 1596
121 122
121 293
122 1048
123 124
123 1123
124 220
125 126
125 1562
126 1604
127 128
127 845
128 639
129 130
129 1535
130 1527
131 132
131 1376
132 437
133 134
133 1303
134 146
135 136
135 1153
136 688
137 138
137 786
138 212
139 37
139 140
140 1500
141 142
141 309
142 1417
143 42
143 144
144 525
145 146
145 1029
146 1456
147 148
147 746
148 47
149 150
149 1425
150 1587
151 152
151 468
152 1180
153 154
153 1097
154 316
155 156
155 159
156 1300
157 158
157 1119
158 105
159 160
159 1111
160 1468
161 162
161 1502
162 1346
163 164
163 1383
164 96
165 57
165 166
166 509
167 168
167 561
168 119
169 170
169 1275
170 431
171 172
171 324
172 1402
173 174
173 1057
174 164
175 176
175 745
176 1533
177 178
177 1081
178 100
179 49
179 180
180 257
181 182
181 1284
182 1255
183 184
183 672
184 418
185 186
185 1391
186 14
187 188
187 713
188 910
189 190
189 1049
190 352
191 192
191 1191
192 184
193 194
193 553
194 823
195 196
195 234
196 666
197 198
197 278
198 1590
199 200
199 353
200 351
201 202
201 1158
202 1438
203 204
203 213
204 583
205 206
205 259
206 319
207 41
207 208
208 1214
209 210
209 997
210 152
211 212
211 1509
212 1134
213 214
213 681
214 72
215 162
215 216
216 432
217 218
217 1175
218 472
219 220
219 1420
220 1436
221 222
221 1269
222 747
223 224
223 1525
224 999
225 226
225 1289
226 1046
227 228
227 830
228 647
229 230
229 1178
230 255
231 232
231 1453
232 218
233 234
233 1124
234 1592
235 236
235 853
236 1006
237 238
237 444
238 1003
239 240
239 1121
240 121
241 242
241 1429
242 1556
243 64
243 244
244 478
245 246
245 380
246 1254
247 18
247 248
248 689
249 250
249 1388
250 1327
251 252
251 417
252 214
253 254
253 1135
254 490
255 256
255 983
256 1287
257 258
257 552
258 1168
259 260
259 1210
260 814
261 111
261 262
262 333
263 264
263 879
264 1580
265 266
265 604
266 1424
267 268
267 1358
268 374
269 270
269 1571
270 620
271 272
271 829
272 833
273 274
273 322
274 565
275 276
275 974
276 928
277 278
277 623
278 653
279 280
279 652
280 936
281 282
281 1008
282 1167
283 284
283 546
284 1598
285 286
285 640
286 805
287 288
287 1004
288 1060
289 290
289 479
290 32
291 91
291 292
292 521
293 294
293 719
294 607
295 296
295 1474
296 466
297 298
297 813
298 53
299 300
299 480
300 258
301 302
301 589
302 1443
303 304
303 707
304 586
305 177
305 306
306 1281
307 308
307 416
308 964
309 310
309 1563
310 919
311 312
311 657
312 1570
313 314
313 969
314 1540
315 316
315 804
316 1034
317 318
317 1041
318 1494
319 320
319 1279
320 630
321 7
321 322
322 1526
323 324
323 1371
324 1045
325 326
325 1441
326 499
327 328
327 1225
328 575
329 330
329 429
330 151
331 303
331 332
332 697
333 287
333 334
334 1272
335 336
335 1291
336 915
337 338
337 861
338 758
339 340
339 1069
340 1491
341 342
341 1137
342 902
343 71
343 344
344 1282
345 346
345 893
346 577
347 191
347 348
348 1028
349 350
349 1407
350 1186
351 352
351 1591
352 1233
353 354
353 1317
354 526
355 356
355 1557
356 736
357 317
357 358
358 927
359 360
359 1093
360 1083
361 362
361 1294
362 1510
363 364
363 1488
364 1264
365 366
365 534
366 1206
367 368
367 1363
368 838
369 370
369 1221
370 308
371 372
371 821
372 918
373 374
373 803
374 1042
375 376
375 1087
376 1422
377 378
377 837
378 461
379 380
379 1479
380 516
381 224
381 382
382 1582
383 384
383 557
384 731
385 386
385 549
386 1089
387 388
387 677
388 1152
389 291
389 390
390 1511
391 392
391 441
392 102
393 123
393 394
394 896
395 396
395 678
396 1020
397 142
397 398
398 1027
399 400
399 921
400 705
401 402
401 1483
402 199
403 404
403 576
404 1308
405 406
405 737
406 1076
407 340
407 408
408 1452
409 410
409 1276
410 1194
411 412
411 1449
412 554
413 69
413 414
414 892
415 416
415 1160
416 11
417 418
417 1521
418 782
419 420
419 1375
420 907
421 285
421 422
422 1450
423 424
423 1369
424 1365
425 90
425 426
426 890
427 428
427 1421
428 256
429 145
429 430
430 816
431 43
431 432
432 476
433 363
433 434
434 281
435 201
435 436
436 878
437 438
437 1462
438 1240
439 225
439 440
440 315
441 442
441 1108
442 344
443 444
443 617
444 511
445 446
445 1458
446 1256
447 448
447 715
448 775
449 450
449 1231
450 407
451 452
451 904
452 1148
453 148
453 454
454 1170
455 456
455 794
456 550
457 458
457 1337
458 459
459 460
459 733
460 760
461 328
461 462
462 1412
463 464
463 1349
464 13
465 466
465 1304
466 846
467 468
467 539
468 320
469 399
469 470
470 1286
471 472
471 1243
472 1007
473 33
473 474
474 186
475 476
475 548
476 674
477 301
477 478
478 662
479 480
479 1283
480 958
481 482
481 1477
482 155
483 484
483 501
484 766
485 222
485 486
486 1470
487 454
487 488
488 366
489 490
489 945
490 1403
491 93
491 492
492 1408
493 228
493 494
494 428
495 496
495 1377
496 326
497 88
497 498
498 564
499 500
499 1018
500 514
501 345
501 502
502 1394
503 504
503 1444
504 470
505 506
505 1341
506 858
507 508
507 1055
508 725
509 510
509 1271
510 1529
511 512
511 743
512 728
513 514
513 1583
514 1593
515 367
515 516
516 116
517 294
517 518
518 914
519 520
519 1560
520 118
521 522
521 1068
522 633
523 524
523 1107
524 1273
525 526
525 1133
526 196
527 528
527 1513
528 392
529 430
529 530
530 1608
531 524
531 532
532 1044
533 534
533 637
534 1090
535 536
535 787
536 460
537 434
537 538
538 1564
539 449
539 540
540 475
541 130
541 542
542 826
543 544
543 1002
544 284
545 546
545 1440
546 493
547 548
547 1517
548 249
549 550
549 1336
550 1508
551 552
551 1140
552 839
553 341
553 554
554 744
555 233
555 556
556 978
557 558
557 1515
558 1321
559 48
559 560
560 465
561 562
561 933
562 832
563 564
563 1575
564 1132
565 566
565 949
566 676
567 551
567 568
568 1201
569 570
569 835
570 1446
571 143
571 572
572 458
573 65
573 574
574 1182
575 462
575 576
576 1242
577 578
577 641
578 1144
579 252
579 580
580 574
581 133
581 582
582 1356
583 584
583 723
584 1519
585 586
585 1589
586 376
587 588
587 1157
588 924
589 590
589 1573
590 1520
591 592
591 863
592 680
593 594
593 1309
594 1350
595 596
595 1011
596 1139
597 371
597 598
598 207
599 45
599 600
600 970
601 602
601 1467
602 161
603 8
603 604
604 611
605 606
605 622
606 1126
607 450
607 608
608 578
609 610
609 883
610 486
611 612
611 897
612 1340
613 136
613 614
614 1576
615 203
615 616
616 1103
617 618
617 1373
618 400
619 620
619 1485
620 1387
621 622
621 757
622 1292
623 624
623 1173
624 58
625 137
625 626
626 664
627 61
627 628
628 975
629 630
629 952
630 36
631 261
631 632
632 1190
633 634
633 701
634 312
635 339
635 636
636 139
637 635
637 638
638 1244
639 640
639 1353
640 1232
641 642
641 779
642 34
643 185
643 644
644 767
645 600
645 646
646 474
647 648
647 1465
648 773
649 375
649 650
650 311
651 627
651 652
652 884
653 66
653 654
654 1238
655 55
655 656
656 219
657 531
657 658
658 453
659 660
659 1419
660 1466
661 297
661 662
662 740
663 664
663 874
664 1104
665 176
665 666
666 1014
667 338
667 668
668 1082
669 598
669 670
670 268
671 672
671 1437
672 886
673 335
673 674
674 1200
675 676
675 988
676 882
677 678
677 1061
678 403
679 680
679 1021
680 1430
681 165
681 682
682 946
683 684
683 911
684 140
685 599
685 686
686 1434
687 688
687 828
688 1125
689 690
689 1448
690 35
691 321
691 692
692 749
693 541
693 694
694 147
695 332
695 696
696 1544
697 698
697 1183
698 1262
699 659
699 700
700 382
701 30
701 702
702 696
703 687
703 704
704 1268
705 669
705 706
706 670
707 708
707 1367
708 570
709 710
709 961
710 806
711 712
711 751
712 87
713 714
713 1320
714 849
715 79
715 716
716 1390
717 665
717 718
718 957
719 358
719 720
720 68
721 722
721 1310
722 798
723 619
723 724
724 1129
725 726
725 1073
726 1071
727 537
727 728
728 180
729 730
729 1385
730 1131
731 209
731 732
732 1504
733 170
733 734
734 994
735 483
735 736
736 1612
737 738
737 1274
738 1156
739 740
739 955
740 1080
741 533
741 742
742 1197
743 305
743 744
744 1151
745 746
745 1555
746 912
747 748
747 1542
748 1050
749 750
749 851
750 1498
751 235
751 752
752 1236
753 197
753 754
754 464
755 756
755 966
756 899
757 389
757 758
758 572
759 489
759 760
760 22
761 762
761 1052
762 634
763 638
763 764
764 296
765 427
765 766
766 1307
767 768
767 1545
768 1146
769 770
769 1343
770 1411
771 481
771 772
772 1522
773 529
773 774
774 1164
775 388
775 776
776 898
777 231
777 778
778 1484
779 780
779 951
780 836
781 135
781 782
782 492
783 519
783 784
784 706
785 618
785 786
786 629
787 788
787 1503
788 92
789 104
789 790
790 1338
791 379
791 792
792 264
793 794
793 811
794 616
795 60
795 796
796 1077
797 523
797 798
798 1418
799 800
799 985
800 1293
801 802
801 935
802 356
803 251
803 804
804 24
805 99
805 806
806 1316
807 265
807 808
808 1252
809 810
809 937
810 580
811 812
811 894
812 286
813 814
813 1266
814 544
815 232
815 816
816 245
817 818
817 1217
818 603
819 347
819 820
820 1330
821 822
821 1285
822 1138
823 824
823 1079
824 20
825 826
825 831
826 498
827 601
827 828
828 655
829 141
829 830
830 337
831 226
831 832
832 1270
833 834
833 1566
834 300
835 756
835 836
836 482
837 838
837 1595
838 438
839 530
839 840
840 362
841 52
841 842
842 930
843 844
843 1039
844 10
845 703
845 846
846 456
847 827
847 848
848 584
849 850
849 1022
850 556
851 754
851 852
852 1584
853 163
853 854
854 785
855 769
855 856
856 822
857 858
857 1265
858 512
859 132
859 860
860 608
861 862
861 913
862 850
863 150
863 864
864 986
865 364
865 866
866 10
867 85
867 868
868 864
869 439
869 870
870 632
871 872
871 1586
872 336
873 874
873 931
874 1401
875 876
875 967
876 646
877 878
877 1166
878 1064
879 880
879 1439
880 1357
881 882
881 943
882 522
883 884
883 1259
884 77
885 886
885 1351
886 1032
887 888
887 1489
888 1568
889 690
889 890
890 934
891 892
891 1169
892 173
893 894
893 1585
894 901
895 313
895 896
896 266
897 898
897 993
898 1364
899 31
899 900
900 314
901 902
901 1239
902 67
903 755
903 904
904 976
905 182
905 906
906 473
907 156
907 908
908 925
909 75
909 910
910 110
911 555
911 912
912 5
913 693
913 914
914 410
915 916
915 1577
916 12
917 918
917 1481
918 421
919 920
919 1384
920 397
921 535
921 922
922 1100
923 149
923 924
924 89
925 926
925 1603
926 276
927 928
927 1143
928 242
929 360
929 930
930 202
931 198
931 932
932 1392
933 39
933 934
934 708
935 936
935 1234
936 487
937 729
937 938
938 887
939 940
939 1099
940 982
941 795
941 942
942 567
943 419
943 944
944 1072
945 946
945 1207
946 614
947 484
947 948
948 1594
949 950
949 1328
950 956
951 952
951 1378
952 1326
953 545
953 954
954 217
955 956
955 1431
956 497
957 958
957 1195
958 1423
959 960
959 1613
960 1405
961 373
961 962
962 979
963 964
963 1101
964 506
965 797
965 966
966 1374
967 968
967 1333
968 1506
969 970
969 973
970 280
971 972
971 1229
972 1280
973 885
973 974
974 558
975 976
975 1095
976 327
977 369
977 978
978 1600
979 54
979 980
980 406
981 982
981 1486
982 1473
983 717
983 984
984 273
985 986
985 1062
986 1000
987 735
987 988
988 1174
989 741
989 990
990 547
991 282
991 992
992 500
993 994
993 1553
994 1490
995 783
995 996
996 721
997 987
997 998
998 1406
999 1000
999 1404
1000 562
1001 1002
1001 1066
1002 1012
1003 1004
1003 1426
1004 517
1005 19
1005 1006
1006 784
1007 942
1007 1008
1008 485
1009 1010
1009 1290
1010 1198
1011 424
1011 1012
1012 1543
1013 23
1013 1014
1014 1497
1015 174
1015 1016
1016 948
1017 109
1017 1018
1018 597
1019 582
1019 1020
1020 1070
1021 383
1021 1022
1022 1257
1023 1024
1023 1492
1024 16
1025 1026
1025 1277
1026 515
1027 1028
1027 1136
1028 542
1029 1030
1029 1043
1030 1224
1031 624
1031 1032
1032 962
1033 283
1033 1034
1034 260
1035 51
1035 1036
1036 346
1037 275
1037 1038
1038 610
1039 9
1039 1040
1040 1432
1041 585
1041 1042
1042 660
1043 477
1043 1044
1044 307
1045 1046
1045 1597
1046 107
1047 1048
1047 1127
1048 848
1049 393
1049 1050
1050 1223
1051 254
1051 1052
1052 1548
1053 502
1053 1054
1054 370
1055 25
1055 1056
1056 1459
1057 675
1057 1058
1058 205
1059 563
1059 1060
1060 183
1061 581
1061 1062
1062 175
1063 298
1063 1064
1064 1482
1065 1059
1065 1066
1066 46
1067 965
1067 1068
1068 778
1069 588
1069 1070
1070 248
1071 310
1071 1072
1072 865
1073 230
1073 1074
1074 645
1075 349
1075 1076
1076 538
1077 739
1077 1078
1078 126
1079 1080
1079 1118
1080 1306
1081 800
1081 1082
1082 763
1083 1084
1083 1116
1084 648
1085 452
1085 1086
1086 436
1087 923
1087 1088
1088 1528
1089 1090
1089 1196
1090 866
1091 1092
1091 1245
1092 1056
1093 981
1093 1094
1094 518
1095 953
1095 1096
1096 411
1097 451
1097 1098
1098 1518
1099 877
1099 1100
1100 1092
1101 1036
1101 1102
1102 390
1103 1104
1103 1106
1104 488
1105 127
1105 1106
1106 59
1107 679
1107 1108
1108 112
1109 1040
1109 1110
1110 722
1111 661
1111 1112
1112 272
1113 808
1113 1114
1114 686
1115 1065
1115 1116
1116 880
1117 1115
1117 1118
1118 1204
1119 1120
1119 1538
1120 926
1121 977
1121 1122
1122 857
1123 989
1123 1124
1124 1602
1125 1126
1125 1347
1126 6
1127 134
1127 1128
1128 1228
1129 1130
1129 1505
1130 1179
1131 395
1131 1132
1132 1370
1133 1098
1133 1134
1134 354
1135 1136
1135 1315
1136 824
1137 596
1137 1138
1138 238
1139 70
1139 1140
1140 447
1141 1113
1141 1142
1142 227
1143 972
1143 1144
1144 106
1145 192
1145 1146
1146 211
1147 304
1147 1148
1148 888
1149 809
1149 1150
1150 95
1151 540
1151 1152
1152 592
1153 189
1153 1154
1154 871
1155 359
1155 1156
1156 876
1157 325
1157 1158
1158 566
1159 869
1159 1160
1160 1051
1161 683
1161 1162
1162 1475
1163 1026
1163 1164
1164 1010
1165 355
1165 1166
1166 920
1167 1168
1167 1344
1168 1172
1169 709
1169 1170
1170 1230
1171 28
1171 1172
1172 1416
1173 691
1173 1174
1174 1105
1175 663
1175 1176
1176 1472
1177 944
1177 1178
1178 1047
1179 1180
1179 1250
1180 1288
1181 323
1181 1182
1182 772
1183 422
1183 1184
1184 1220
1185 881
1185 1186
1186 950
1187 1188
1187 1319
1188 448
1189 1190
1189 1389
1190 938
1191 372
1191 1192
1192 770
1193 153
1193 1194
1194 405
1195 1196
1195 1552
1196 1342
1197 368
1197 1198
1198 246
1199 1200
1199 1393
1200 536
1201 812
1201 1202
1202 1246
1203 1204
1203 1278
1204 940
1205 17
1205 1206
1206 1362
1207 781
1207 1208
1208 221
1209 361
1209 1210
1210 157
1211 1212
1211 1609
1212 244
1213 1214
1213 1471
1214 1298
1215 1216
1215 1539
1216 144
1217 27
1217 1218
1218 1023
1219 593
1219 1220
1220 1396
1221 777
1221 1222
1222 215
1223 1224
1223 1435
1224 1001
1225 240
1225 1226
1226 5
1227 872
1227 1228
1228 996
1229 579
1229 1230
1230 768
1231 1031
1231 1232
1232 1189
1233 414
1233 1234
1234 1514
1235 171
1235 1236
1236 1331
1237 510
1237 1238
1238 860
1239 292
1239 1240
1240 1
1241 343
1241 1242
1242 76
1243 1244
1243 1311
1244 435
1245 415
1245 1246
1246 1216
1247 384
1247 1248
1248 1366
1249 1005
1249 1250
1250 856
1251 909
1251 1252
1252 941
1253 774
1253 1254
1254 1078
1255 1256
1255 1335
1256 742
1257 73
1257 1258
1258 692
1259 527
1259 1260
1260 1610
1261 425
1261 1262
1262 790
1263 1264
1263 1530
1264 178
1265 1088
1265 1266
1266 158
1267 1268
1267 1607
1268 1009
1269 187
1269 1270
1270 702
1271 289
1271 1272
1272 1302
1273 695
1273 1274
1274 820
1275 1276
1275 1567
1276 1332
1277 131
1277 1278
1278 963
1279 4
1279 1280
1280 789
1281 1226
1281 1282
1282 1110
1283 423
1283 1284
1284 569
1285 1035
1285 1286
1286 1296
1287 125
1287 1288
1288 44
1289 990
1289 1290
1290 1324
1291 1219
1291 1292
1292 862
1293 1211
1293 1294
1294 609
1295 1130
1295 1296
1296 859
1297 82
1297 1298
1298 1476
1299 166
1299 1300
1300 169
1301 1302
1301 1447
1302 236
1303 895
1303 1304
1304 606
1305 295
1305 1306
1306 980
1307 1171
1307 1308
1308 124
1309 602
1309 1310
1310 1348
1311 644
1311 1312
1312 1536
1313 1314
1313 1354
1314 1360
1315 9
1315 1316
1316 889
1317 1247
1317 1318
1318 998
1319 1320
1319 1455
1320 631
1321 1213
1321 1322
1322 21
1323 469
1323 1324
1324 1507
1325 1260
1325 1326
1326 1112
1327 274
1327 1328
1328 1222
1329 408
1329 1330
1330 698
1331 1142
1331 1332
1332 1086
1333 1334
1333 1579
1334 658
1335 1336
1335 1380
1336 791
1337 1251
1337 1338
1338 1460
1339 667
1339 1340
1340 1313
1341 1185
1341 1342
1342 730
1343 1344
1343 1599
1344 732
1345 193
1345 1346
1346 1318
1347 960
1347 1348
1348 386
1349 1154
1349 1350
1350 1016
1351 651
1351 1352
1352 1033
1353 929
1353 1354
1354 704
1355 1356
1355 1463
1356 1512
1357 331
1357 1358
1358 306
1359 1360
1359 1537
1360 1578
1361 1037
1361 1362
1362 1496
1363 391
1363 1364
1364 1253
1365 759
1365 1366
1366 528
1367 357
1367 1368
1368 1572
1369 587
1369 1370
1370 656
1371 903
1371 1372
1372 1547
1373 271
1373 1374
1374 237
1375 1376
1375 1461
1376 279
1377 413
1377 1378
1378 377
1379 1258
1379 1380
1380 1193
1381 1241
1381 1382
1382 720
1383 1384
1383 1410
1384 1464
1385 1067
1385 1386
1386 922
1387 1388
1387 1493
1388 1534
1389 726
1389 1390
1390 1398
1391 223
1391 1392
1392 318
1393 854
1393 1394
1394 262
1395 1295
1395 1396
1396 1524
1397 513
1397 1398
1398 195
1399 1181
1399 1400
1400 120
1401 939
1401 1402
1402 1074
1403 1025
1403 1404
1404 172
1405 685
1405 1406
1406 1322
1407 796
1407 1408
1408 1015
1409 269
1409 1410
1410 1361
1411 1334
1411 1412
1412 1382
1413 571
1413 1414
1414 381
1415 467
1415 1416
1416 1218
1417 1418
1417 1605
1418 342
1419 299
1419 1420
1420 764
1421 1187
1421 1422
1422 455
1423 852
1423 1424
1424 1314
1425 1426
1425 1541
1426 1215
1427 1329
1427 1428
1428 654
1429 40
1429 1430
1430 968
1431 1339
1431 1432
1432 1569
1433 870
1433 1434
1434 650
1435 591
1435 1436
1436 208
1437 1159
1437 1438
1438 210
1439 595
1439 1440
1440 117
1441 959
1441 1442
1442 505
1443 1444
1443 1558
1444 628
1445 29
1445 1446
1446 642
1447 1053
1447 1448
1448 1400
1449 1091
1449 1450
1450 1161
1451 253
1451 1452
1452 243
1453 1149
1453 1454
1454 734
1455 101
1455 1456
1456 1451
1457 495
1457 1458
1458 1263
1459 1460
1459 1546
1460 348
1461 636
1461 1462
1462 1122
1463 1464
1463 1574
1464 1381
1465 1433
1465 1466
1466 446
1467 128
1467 1468
1468 1549
1469 1470
1469 1614
1470 404
1471 1355
1471 1472
1472 905
1473 113
1473 1474
1474 114
1475 792
1475 1476
1476 626
1477 1415
1477 1478
1478 38
1479 1147
1479 1480
1480 815
1481 1155
1481 1482
1482 1297
1483 1484
1483 1601
1484 1096
1485 1017
1485 1486
1486 471
1487 385
1487 1488
1488 1163
1489 494
1489 1490
1490 250
1491 97
1491 1492
1492 188
1493 1494
1493 1561
1494 206
1495 807
1495 1496
1496 1428
1497 559
1497 1498
1498 398
1499 590
1499 1500
1500 700
1501 491
1501 1502
1502 788
1503 129
1503 1504
1504 699
1505 819
1505 1506
1506 1606
1507 247
1507 1508
1508 916
1509 56
1509 1510
1510 350
1511 378
1511 1512
1512 1499
1513 1514
1513 1531
1514 1176
1515 507
1515 1516
1516 568
1517 818
1517 1518
1518 1386
1519 1520
1519 1523
1520 1109
1521 496
1521 1522
1522 801
1523 1395
1523 1524
1524 710
1525 917
1525 1526
1526 1054
1527 270
1527 1528
1528 995
1529 204
1529 1530
1530 1312
1531 843
1531 1532
1532 1162
1533 1397
1533 1534
1534 1267
1535 277
1535 1536
1536 160
1537 1237
1537 1538
1538 1478
1539 62
1539 1540
1540 1120
1541 401
1541 1542
1542 668
1543 1227
1543 1544
1544 834
1545 771
1545 1546
1546 330
1547 94
1547 1548
1548 167
1549 947
1549 1550
1550 241
1551 765
1551 1552
1552 673
1553 445
1553 1554
1554 762
1555 1442
1555 1556
1556 1184
1557 63
1557 1558
1558 724
1559 503
1559 1560
1560 290
1561 1501
1561 1562
1562 908
1563 387
1563 1564
1564 334
1565 1063
1565 1566
1566 1261
1567 727
1567 1568
1568 1550
1569 991
1569 1570
1570 1038
1571 1165
1571 1572
1572 179
1573 1457
1573 1574
1574 671
1575 402
1575 1576
1576 842
1577 1128
1577 1578
1578 560
1579 615
1579 1580
1580 138
1581 1102
1581 1582
1582 1532
1583 1399
1583 1584
1584 194
1585 817
1585 1586
1586 573
1587 168
1587 1588
1588 1301
1589 1551
1589 1590
1590 761
1591 643
1591 1592
1592 984
1593 841
1593 1594
1594 682
1595 83
1595 1596
1596 1188
1597 1203
1597 1598
1598 532
1599 1565
1599 1600
1600 365
1601 329
1601 1602
1602 267
1603 1075
1603 1604
1604 216
1605 1480
1605 1606
1606 1454
1607 855
1607 1608
1608 900
1609 1559
1609 1610
1610 1487
1611 752
1611 1612
1612 1024
1613 2
1613 1614
1614 412
