0 1471
0 1497
2 207
2 227
3 950
3 1295
5 1579
4 1075
4 1612
6 1079
8 99
8 1300
9 795
9 840
10 329
10 1542
11 1074
12 1594
15 433
15 1529
17 178
17 973
19 147
19 576
21 804
21 1042
23 24
23 1419
24 1382
25 26
25 1307
26 975
27 28
27 455
28 168
29 30
29 1041
30 1545
31 32
31 245
32 21
33 34
33 373
34 626
35 36
35 756
36 960
37 38
37 253
38 1072
39 40
39 550
40 1191
41 42
41 527
42 547
43 44
43 1395
44 256
45 46
45 678
46 1175
47 48
47 737
48 292
49 25
49 50
50 240
51 52
51 515
52 368
53 27
53 54
54 313
55 56
55 136
56 177
57 58
57 137
58 114
59 60
59 79
60 1358
61 62
61 340
62 615
63 64
63 339
64 297
65 66
65 563
66 1374
67 68
67 419
68 1533
69 70
69 226
70 1038
71 72
71 627
72 494
73 74
73 666
74 1067
75 76
75 1339
76 1036
77 78
77 535
78 1581
79 80
79 572
80 496
81 82
81 1555
82 725
83 84
83 1091
84 372
85 86
85 206
86 1258
87 88
87 1367
88 210
89 90
89 1498
90 1405
91 92
91 1482
92 892
93 94
93 676
94 1524
95 96
95 784
96 679
97 98
97 365
98 1408
99 100
99 347
100 11
101 102
101 472
102 1209
103 104
103 383
104 12
105 106
105 1277
106 40
107 50
107 108
108 506
109 110
109 230
110 700
111 112
111 364
112 918
113 114
113 1010
114 404
115 116
115 941
116 815
117 118
117 1039
118 54
119 120
119 1566
120 944
121 122
121 284
122 475
123 124
123 326
124 523
125 126
125 1285
126 612
127 128
127 1376
128 616
129 130
129 487
130 302
131 105
131 132
132 1090
133 17
133 134
134 1093
135 136
135 1342
136 1349
137 138
137 685
138 688
139 140
139 333
140 971
141 142
141 895
142 908
143 144
143 413
144 1102
145 146
145 408
146 1582
147 148
147 261
148 1314
149 150
149 1078
150 600
151 152
151 493
152 1416
153 154
153 1557
154 325
155 156
155 1534
156 11
157 158
157 558
158 1056
159 160
159 1444
160 1473
161 162
161 765
162 479
163 164
163 1424
164 190
165 62
165 166
166 1590
167 168
167 1252
168 818
169 170
169 794
170 1380
171 172
171 857
172 753
173 174
173 923
174 1371
175 176
175 369
176 1262
177 178
177 1140
178 1464
179 180
179 281
180 878
181 182
181 513
182 268
183 184
183 846
184 1455
185 186
185 187
186 388
187 188
187 1046
188 68
189 190
189 1569
190 1131
191 192
191 717
192 940
193 194
193 780
194 1028
195 196
195 639
196 406
197 198
197 1306
198 387
199 200
199 1413
200 1347
201 202
201 958
202 751
203 204
203 296
204 610
205 206
205 970
206 648
207 208
207 453
208 1147
209 210
209 889
210 845
211 212
211 987
212 374
213 214
213 951
214 403
215 216
215 483
216 1192
217 115
217 218
218 830
219 220
219 1608
220 1470
221 222
221 1443
222 502
223 224
223 1245
224 1169
225 226
225 1373
226 140
227 52
227 228
228 861
229 230
229 1525
230 1404
231 232
231 531
232 219
233 234
233 1164
234 1200
235 236
235 1287
236 1592
237 238
237 919
238 1021
239 73
239 240
240 273
241 242
241 1281
242 93
243 244
243 599
244 521
245 71
245 246
246 498
247 248
247 769
248 382
249 250
249 1599
250 473
251 252
251 694
252 735
253 254
253 257
254 318
255 256
255 1155
256 145
257 258
257 427
258 476
259 201
259 260
260 1602
261 262
261 1269
262 1308
263 264
263 398
264 910
265 266
265 986
266 135
267 268
267 1203
268 802
269 270
269 1167
270 1518
271 272
271 1023
272 1170
273 274
273 1532
274 194
275 276
275 810
276 320
277 278
277 928
278 1387
279 280
279 695
280 745
281 228
281 282
282 1468
283 284
283 555
284 1490
285 286
285 1045
286 837
287 288
287 697
288 638
289 290
289 514
290 480
291 292
291 443
292 664
293 294
293 924
294 317
295 296
295 855
296 771
297 298
297 978
298 1162
299 300
299 962
300 1032
301 302
301 803
302 1361
303 304
303 787
304 309
305 306
305 1393
306 557
307 308
307 995
308 1403
309 67
309 310
310 220
311 172
311 312
312 911
313 314
313 1148
314 1536
315 316
315 712
316 113
317 318
317 674
318 1110
319 320
319 503
320 1322
321 322
321 1527
322 813
323 324
323 1483
324 1370
325 326
325 1526
326 344
327 203
327 328
328 1260
329 330
329 702
330 223
331 332
331 759
332 490
333 334
333 1337
334 395
335 323
335 336
336 358
337 338
337 1089
338 1223
339 340
339 1117
340 658
341 221
341 342
342 424
343 344
343 1098
344 826
345 346
345 723
346 407
347 348
347 399
348 1359
349 350
349 361
350 1002
351 352
351 1580
352 1324
353 354
353 1003
354 1228
355 356
355 1478
356 1568
357 358
357 997
358 279
359 360
359 659
360 548
361 362
361 1531
362 1138
363 364
363 604
364 1346
365 366
365 1312
366 645
367 368
367 1292
368 1588
369 370
369 1369
370 1548
371 372
371 952
372 852
373 374
373 1505
374 94
375 376
375 1115
376 322
377 378
377 1157
378 611
379 295
379 380
380 564
381 382
381 1199
382 1489
383 384
383 545
384 430
385 386
385 567
386 375
387 388
387 628
388 1166
389 390
389 499
390 1106
391 144
391 392
392 354
393 394
393 1006
394 48
395 396
395 1103
396 76
397 398
397 469
398 1231
399 400
399 994
400 522
401 402
401 1449
402 644
403 56
403 404
404 1100
405 406
405 1222
406 1596
407 408
407 1213
408 298
409 410
409 539
410 1315
411 412
411 983
412 859
413 414
413 1244
414 1177
415 416
415 1451
416 1009
417 371
417 418
418 289
419 231
419 420
420 930
421 225
421 422
422 660
423 424
423 642
424 528
425 426
425 1375
426 432
427 428
427 1256
428 212
429 430
429 954
430 485
431 432
431 833
432 102
433 434
433 1377
434 1431
435 436
435 1242
436 790
437 438
437 1267
438 272
439 440
439 529
440 1510
441 442
441 510
442 165
443 444
443 1573
444 393
445 47
445 446
446 1094
447 342
447 448
448 154
449 450
449 1512
450 696
451 241
451 452
452 274
453 454
453 605
454 1220
455 456
455 573
456 141
457 458
457 1585
458 304
459 460
459 1383
460 1016
461 41
461 462
462 1332
463 65
463 464
464 1472
465 466
465 1033
466 834
467 259
467 468
468 442
469 470
469 597
470 83
471 472
471 1550
472 35
473 474
473 982
474 675
475 476
475 1276
476 1480
477 116
477 478
478 1141
479 8
479 480
480 512
481 482
481 1127
482 1018
483 484
483 819
484 865
485 486
485 511
486 1394
487 164
487 488
488 34
489 45
489 490
490 1350
491 311
491 492
492 903
493 494
493 858
494 1178
495 496
495 1304
496 734
497 198
497 498
498 1069
499 500
499 839
500 123
501 502
501 871
502 814
503 504
503 1201
504 456
505 506
505 1610
506 1029
507 508
507 1386
508 874
509 510
509 1317
510 75
511 512
511 847
512 1215
513 514
513 989
514 1270
515 516
515 934
516 1218
517 518
517 1233
518 607
519 293
519 520
520 870
521 522
521 1163
522 1171
523 286
523 524
524 1398
525 526
525 927
526 159
527 411
527 528
528 561
529 239
529 530
530 1186
531 236
531 532
532 720
533 534
533 1564
534 162
535 536
535 540
536 618
537 255
537 538
538 984
539 540
539 1077
540 1116
541 542
541 998
542 980
543 544
543 1407
544 1126
545 546
545 1563
546 426
547 548
547 1001
548 1061
549 550
549 1389
550 1160
551 552
551 1035
552 3
553 554
553 948
554 1246
555 556
555 985
556 118
557 183
557 558
558 1151
559 287
559 560
560 977
561 401
561 562
562 222
563 564
563 1271
564 24
565 235
565 566
566 234
567 568
567 621
568 1198
569 570
569 743
570 80
571 572
571 657
572 1605
573 465
573 574
574 44
575 576
575 1189
576 1082
577 578
577 1000
578 1118
579 580
579 682
580 38
581 582
581 1553
582 798
583 584
583 705
584 277
585 586
585 1603
586 1034
587 588
587 1129
588 142
589 97
589 590
590 1013
591 449
591 592
592 1508
593 175
593 594
594 836
595 15
595 596
596 1492
597 598
597 1428
598 905
599 334
599 600
600 935
601 602
601 1379
602 310
603 379
603 604
604 1226
605 606
605 783
606 1255
607 608
607 1454
608 792
609 335
609 610
610 972
611 405
611 612
612 589
613 614
613 1331
614 1049
615 616
615 1017
616 1124
617 618
617 1152
618 148
619 620
619 757
620 108
621 229
621 622
622 1194
623 624
623 939
624 1266
625 587
625 626
626 242
627 628
627 631
628 1268
629 630
629 1257
630 416
631 376
631 632
632 1544
633 634
633 953
634 853
635 634
635 636
636 84
637 629
637 638
638 1168
639 583
639 640
640 1604
641 642
641 1305
642 181
643 644
643 690
644 1474
645 646
645 1050
646 1145
647 390
647 648
648 1318
649 126
649 650
650 1146
651 652
651 1500
652 1412
653 654
653 1022
654 652
655 656
655 1055
656 1011
657 598
657 658
658 936
659 660
659 1463
660 266
661 400
661 662
662 271
663 664
663 1229
664 1128
665 509
665 666
666 1607
667 260
667 668
668 740
669 670
669 1549
670 1279
671 672
671 701
672 1494
673 571
673 674
674 1584
675 676
675 1154
676 422
677 319
677 678
678 1481
679 143
679 680
680 152
681 677
681 682
682 806
683 684
683 1111
684 1344
685 686
685 907
686 896
687 591
687 688
688 1528
689 690
689 1059
690 91
691 692
691 1509
692 417
693 655
693 694
694 1323
695 386
695 696
696 530
697 698
697 739
698 1195
699 125
699 700
700 1415
701 543
701 702
702 232
703 169
703 704
704 746
705 217
705 706
706 1519
707 595
707 708
708 1092
709 710
709 1423
710 1514
711 37
711 712
712 1263
713 613
713 714
714 1286
715 202
715 716
716 1296
717 569
717 718
718 915
719 720
719 1015
720 698
721 466
721 722
722 1320
723 724
723 843
724 176
725 692
725 726
726 1019
727 445
727 728
728 766
729 730
729 969
730 1058
731 385
731 732
732 58
733 734
733 929
734 758
735 199
735 736
736 5
737 153
737 738
738 82
739 740
739 1185
740 330
741 742
741 947
742 877
743 744
743 1427
744 1207
745 26
745 746
746 738
747 321
747 748
748 360
749 577
749 750
750 1024
751 752
751 1174
752 1025
753 57
753 754
754 635
755 756
755 1541
756 1282
757 468
757 758
758 726
759 760
759 961
760 534
761 762
761 1057
762 85
763 764
763 1190
764 1400
765 766
765 996
766 1187
767 768
767 1502
768 355
769 770
769 827
770 81
771 772
771 1507
772 668
773 774
773 1491
774 1547
775 776
775 1206
776 110
777 778
777 1064
778 838
779 780
779 1250
780 653
781 565
781 782
782 1574
783 525
783 784
784 1197
785 307
785 786
786 796
787 788
787 1365
788 603
789 650
789 790
790 120
791 139
791 792
792 13
793 794
793 1436
794 1326
795 715
795 796
796 750
797 798
797 1397
798 1356
799 800
799 1417
800 979
801 263
801 802
802 541
803 804
803 1248
804 278
805 806
805 816
806 288
807 107
807 808
808 1388
809 633
809 810
810 860
811 812
811 1517
812 363
813 74
813 814
814 1460
815 380
815 816
816 160
817 243
817 818
818 497
819 820
819 913
820 66
821 451
821 822
822 86
823 98
823 824
824 718
825 377
825 826
826 188
827 828
827 1221
828 844
829 482
829 830
830 536
831 832
831 1289
832 356
833 133
833 834
834 519
835 836
835 1153
836 556
837 18
837 838
838 1080
839 840
839 1559
840 1096
841 87
841 842
842 119
843 844
843 1475
844 308
845 425
845 846
846 1325
847 418
847 848
848 1210
849 850
849 1493
850 1062
851 625
851 852
852 730
853 854
853 1575
854 636
855 856
855 1137
856 554
857 2
857 858
858 1495
859 484
859 860
860 244
861 349
861 862
862 495
863 864
863 1293
864 683
865 866
865 909
866 991
867 868
867 967
868 850
869 870
869 966
870 474
871 489
871 872
872 1390
873 874
873 1125
874 1578
875 876
875 1212
876 396
877 163
877 878
878 1107
879 791
879 880
880 444
881 882
881 957
882 1543
883 884
883 965
884 348
885 886
885 1355
886 33
887 888
887 1054
888 1272
889 173
889 890
890 191
891 681
891 892
892 1188
893 894
893 1235
894 1506
895 896
895 1426
896 155
897 898
897 1008
898 1108
899 893
899 900
900 352
901 902
901 1283
902 742
903 904
903 1113
904 782
905 537
905 906
906 384
907 908
907 1348
908 764
909 910
909 1467
910 4
911 912
911 1577
912 452
913 914
913 1521
914 437
915 471
915 916
916 922
917 918
917 1335
918 420
919 459
919 920
920 1172
921 922
921 1301
922 1343
923 345
923 924
924 51
925 290
925 926
926 1328
927 928
927 1291
928 189
929 930
929 990
930 898
931 932
931 1457
932 667
933 211
933 934
934 1458
935 936
935 1539
936 1479
937 938
937 1237
938 28
939 713
939 940
940 477
941 89
941 942
942 646
943 854
943 944
944 1040
945 601
945 946
946 1601
947 948
947 1083
948 1589
949 283
949 950
950 252
951 952
951 1088
952 300
953 954
953 1143
954 1513
955 341
955 956
956 467
957 821
957 958
958 441
959 960
959 1053
960 1184
961 962
961 1119
962 1357
963 964
963 1081
964 156
965 966
965 1561
966 362
967 149
967 968
968 1551
969 970
969 1385
970 450
971 754
971 972
972 1562
973 331
973 974
974 1048
975 122
975 976
976 920
977 932
977 978
978 1065
979 980
979 1362
980 314
981 127
981 982
982 1501
983 984
983 1392
984 134
985 285
985 986
986 1511
987 988
987 1448
988 624
989 885
989 990
990 1572
991 992
991 1249
992 100
993 994
993 1353
994 1606
995 996
995 1095
996 1465
997 998
997 1351
998 447
999 205
999 1000
1000 1462
1001 856
1001 1002
1002 964
1003 999
1003 1004
1004 706
1005 1006
1005 1120
1006 1302
1007 533
1007 1008
1008 886
1009 617
1009 1010
1010 917
1011 69
1011 1012
1012 710
1013 436
1013 1014
1014 654
1015 463
1015 1016
1016 224
1017 1018
1017 1499
1018 586
1019 778
1019 1020
1020 1265
1021 1022
1021 1227
1022 880
1023 575
1023 1024
1024 1334
1025 1026
1025 1406
1026 111
1027 1028
1027 1101
1028 1384
1029 1030
1029 1216
1030 1598
1031 647
1031 1032
1032 246
1033 1034
1033 1587
1034 704
1035 1036
1035 1273
1036 1418
1037 90
1037 1038
1038 1224
1039 378
1039 1040
1040 736
1041 882
1041 1042
1042 440
1043 346
1043 1044
1044 823
1045 1046
1045 1173
1046 1496
1047 486
1047 1048
1048 7
1049 1050
1049 1136
1050 1254
1051 731
1051 1052
1052 446
1053 689
1053 1054
1054 801
1055 1056
1055 1425
1056 282
1057 1058
1057 1238
1058 876
1059 1060
1059 1243
1060 394
1061 55
1061 1062
1062 1522
1063 131
1063 1064
1064 294
1065 1066
1065 1142
1066 579
1067 1037
1067 1068
1068 1149
1069 1070
1069 1354
1070 36
1071 32
1071 1072
1072 138
1073 841
1073 1074
1074 438
1075 327
1075 1076
1076 60
1077 761
1077 1078
1078 367
1079 151
1079 1080
1080 1150
1081 247
1081 1082
1082 1278
1083 1084
1083 1485
1084 1396
1085 1086
1085 1560
1086 1134
1087 721
1087 1088
1088 1442
1089 866
1089 1090
1090 582
1091 1092
1091 1420
1092 64
1093 1071
1093 1094
1094 1158
1095 457
1095 1096
1096 946
1097 95
1097 1098
1098 643
1099 752
1099 1100
1100 1450
1101 708
1101 1102
1102 104
1103 1097
1103 1104
1104 744
1105 1073
1105 1106
1106 215
1107 158
1107 1108
1108 906
1109 1110
1109 1567
1110 448
1111 933
1111 1112
1112 1410
1113 1114
1113 1459
1114 1316
1115 179
1115 1116
1116 849
1117 1118
1117 1288
1118 1488
1119 337
1119 1120
1120 1437
1121 775
1121 1122
1122 1030
1123 1124
1123 1241
1124 728
1125 518
1125 1126
1126 1076
1127 517
1127 1128
1128 208
1129 88
1129 1130
1130 1565
1131 862
1131 1132
1132 776
1133 902
1133 1134
1134 204
1135 1121
1135 1136
1136 150
1137 793
1137 1138
1138 1225
1139 353
1139 1140
1140 435
1141 716
1141 1142
1142 130
1143 249
1143 1144
1144 867
1145 872
1145 1146
1146 1020
1147 1012
1147 1148
1148 875
1149 196
1149 1150
1150 942
1151 1152
1151 1321
1152 899
1153 1154
1153 1368
1154 470
1155 779
1155 1156
1156 1204
1157 729
1157 1158
1158 574
1159 552
1159 1160
1160 59
1161 1162
1161 1433
1162 109
1163 332
1163 1164
1164 370
1165 30
1165 1166
1166 1014
1167 1168
1167 1391
1168 888
1169 124
1169 1170
1170 542
1171 157
1171 1172
1172 1047
1173 1174
1173 1298
1174 588
1175 1176
1175 1179
1176 1432
1177 691
1177 1178
1178 1401
1179 1068
1179 1180
1180 392
1181 1182
1181 1600
1182 1414
1183 1184
1183 1540
1184 974
1185 1186
1185 1421
1186 1253
1187 185
1187 1188
1188 14
1189 1190
1189 1546
1190 1236
1191 1139
1191 1192
1192 1352
1193 524
1193 1194
1194 1156
1195 1112
1195 1196
1196 146
1197 1198
1197 1313
1198 774
1199 581
1199 1200
1200 508
1201 1085
1201 1202
1202 250
1203 431
1203 1204
1204 218
1205 1206
1205 1484
1206 1144
1207 121
1207 1208
1208 19
1209 1210
1209 1261
1210 680
1211 1031
1211 1212
1212 214
1213 703
1213 1214
1214 112
1215 799
1215 1216
1216 1558
1217 532
1217 1218
1218 1026
1219 1220
1219 1330
1220 488
1221 174
1221 1222
1222 237
1223 192
1223 1224
1224 1486
1225 1226
1225 1399
1226 1284
1227 894
1227 1228
1228 594
1229 43
1229 1230
1230 5
1231 593
1231 1232
1232 1214
1233 1234
1233 1447
1234 768
1235 711
1235 1236
1236 258
1237 1238
1237 1611
1238 1123
1239 357
1239 1240
1240 1299
1241 901
1241 1242
1242 828
1243 1244
1243 1297
1244 1063
1245 233
1245 1246
1246 748
1247 825
1247 1248
1248 596
1249 1250
1249 1597
1250 549
1251 1252
1251 1503
1252 881
1253 546
1253 1254
1254 1132
1255 180
1255 1256
1256 280
1257 785
1257 1258
1258 12
1259 772
1259 1260
1260 684
1261 956
1261 1262
1262 1456
1263 526
1263 1264
1264 410
1265 132
1265 1266
1266 1070
1267 747
1267 1268
1268 670
1269 807
1269 1270
1270 22
1271 429
1271 1272
1272 1329
1273 1274
1273 1452
1274 873
1275 641
1275 1276
1276 820
1277 1135
1277 1278
1278 1060
1279 1280
1279 1537
1280 732
1281 265
1281 1282
1282 1264
1283 831
1283 1284
1284 1341
1285 397
1285 1286
1286 1453
1287 1288
1287 1435
1288 1007
1289 1290
1289 1516
1290 1133
1291 1247
1291 1292
1292 931
1293 1294
1293 1609
1294 762
1295 665
1295 1296
1296 197
1297 949
1297 1298
1298 1105
1299 851
1299 1300
1300 213
1301 1302
1301 1319
1302 812
1303 275
1303 1304
1304 869
1305 1051
1305 1306
1306 193
1307 938
1307 1308
1308 170
1309 673
1309 1310
1310 585
1311 77
1311 1312
1312 1180
1313 788
1313 1314
1314 722
1315 926
1315 1316
1316 1230
1317 1318
1317 1429
1318 656
1319 63
1319 1320
1320 602
1321 343
1321 1322
1322 270
1323 699
1323 1324
1324 789
1325 707
1325 1326
1326 1440
1327 955
1327 1328
1328 832
1329 763
1329 1330
1330 1552
1331 412
1331 1332
1332 1086
1333 992
1333 1334
1334 1259
1335 42
1335 1336
1336 797
1337 1338
1337 1366
1338 1476
1339 619
1339 1340
1340 350
1341 520
1341 1342
1342 672
1343 1183
1343 1344
1344 622
1345 291
1345 1346
1346 1044
1347 1348
1347 1530
1348 182
1349 868
1349 1350
1350 1
1351 1240
1351 1352
1352 9
1353 1354
1353 1515
1354 632
1355 614
1355 1356
1356 724
1357 414
1357 1358
1358 72
1359 649
1359 1360
1360 516
1361 166
1361 1362
1362 578
1363 167
1363 1364
1364 1381
1365 1159
1365 1366
1366 200
1367 1368
1367 1409
1368 1535
1369 501
1369 1370
1370 686
1371 117
1371 1372
1372 1196
1373 1043
1373 1374
1374 811
1375 267
1375 1376
1376 1104
1377 741
1377 1378
1378 492
1379 389
1379 1380
1380 1586
1381 49
1381 1382
1382 129
1383 409
1383 1384
1384 608
1385 269
1385 1386
1386 39
1387 1333
1387 1388
1388 1232
1389 921
1389 1390
1390 454
1391 209
1391 1392
1392 1205
1393 303
1393 1394
1394 592
1395 96
1395 1396
1396 824
1397 829
1397 1398
1398 1234
1399 1400
1399 1430
1400 1219
1401 16
1401 1402
1402 70
1403 1404
1403 1504
1404 462
1405 216
1405 1406
1406 381
1407 719
1407 1408
1408 904
1409 1410
1409 1595
1410 1571
1411 822
1411 1412
1412 402
1413 1414
1413 1593
1414 6
1415 428
1415 1416
1416 1340
1417 1418
1417 1520
1418 1176
1419 1311
1419 1420
1420 651
1421 993
1421 1422
1422 1345
1423 1290
1423 1424
1424 1445
1425 809
1425 1426
1426 1193
1427 1428
1427 1469
1428 195
1429 103
1429 1430
1430 238
1431 760
1431 1432
1432 800
1433 1434
1433 1487
1434 848
1435 637
1435 1436
1436 61
1437 1303
1437 1438
1438 1027
1439 770
1439 1440
1440 106
1441 879
1441 1442
1442 630
1443 161
1443 1444
1444 1109
1445 1439
1445 1446
1446 1576
1447 669
1447 1448
1448 31
1449 755
1449 1450
1450 1084
1451 693
1451 1452
1452 623
1453 421
1453 1454
1454 1280
1455 1130
1455 1456
1456 92
1457 1161
1457 1458
1458 544
1459 1422
1459 1460
1460 620
1461 1327
1461 1462
1462 1613
1463 336
1463 1464
1464 968
1465 584
1465 1466
1466 1570
1467 1239
1467 1468
1468 981
1469 551
1469 1470
1470 566
1471 1251
1471 1472
1472 128
1473 276
1473 1474
1474 460
1475 415
1475 1476
1476 863
1477 671
1477 1478
1478 351
1479 359
1479 1480
1480 1294
1481 491
1481 1482
1482 805
1483 945
1483 1484
1484 1363
1485 883
1485 1486
1486 500
1487 439
1487 1488
1488 262
1489 661
1489 1490
1490 1364
1491 781
1491 1492
1492 749
1493 1310
1493 1494
1494 943
1495 817
1495 1496
1496 1614
1497 1275
1497 1498
1498 305
1499 505
1499 1500
1500 1438
1501 338
1501 1502
1502 186
1503 1504
1503 1583
1504 808
1505 481
1505 1506
1506 1523
1507 687
1507 1508
1508 767
1509 864
1509 1510
1510 1402
1511 559
1511 1512
1512 663
1513 6
1513 1514
1514 925
1515 773
1515 1516
1516 914
1517 315
1517 1518
1518 1066
1519 312
1519 1520
1520 1538
1521 1181
1521 1522
1522 562
1523 478
1523 1524
1524 640
1525 609
1525 1526
1526 316
1527 890
1527 1528
1528 1466
1529 887
1529 1530
1530 1477
1531 714
1531 1532
1532 1336
1533 884
1533 1534
1534 916
1535 1274
1535 1536
1536 1554
1537 1004
1537 1538
1538 504
1539 606
1539 1540
1540 988
1541 1165
1541 1542
1542 1378
1543 963
1543 1544
1544 1360
1545 301
1545 1546
1546 1202
1547 786
1547 1548
1548 391
1549 560
1549 1550
1550 590
1551 976
1551 1552
1552 1411
1553 248
1553 1554
1554 912
1555 1182
1555 1556
1556 1052
1557 1217
1557 1558
1558 1372
1559 171
1559 1560
1560 959
1561 264
1561 1562
1562 570
1563 53
1563 1564
1564 709
1565 507
1565 1566
1566 1446
1567 46
1567 1568
1568 366
1569 423
1569 1570
1570 20
1571 1005
1571 1572
1572 1208
1573 777
1573 1574
1574 568
1575 842
1575 1576
1576 538
1577 464
1577 1578
1578 1434
1579 324
1579 1580
1580 78
1581 580
1581 1582
1582 328
1583 897
1583 1584
1584 662
1585 937
1585 1586
1586 1122
1587 1338
1587 1588
1588 101
1589 1087
1589 1590
1590 733
1591 1461
1591 1592
1592 1099
1593 1441
1593 1594
1594 1556
1595 1211
1595 1596
1596 10
1597 251
1597 1598
1598 900
1599 891
1599 1600
1600 461
1601 458
1601 1602
1602 23
1603 727
1603 1604
1604 1114
1605 1591
1605 1606
1606 299
1607 184
1607 1608
1608 254
1609 306
1609 1610
1610 434
1611 29
1611 1612
1612 1309
1613 553
1613 1614
1614 835
