0 775
0 1267
1 79
1 1163
3 90
3 1180
4 183
4 235
6 811
5 1476
7 444
7 1392
9 660
8 295
8 1113
10 482
13 589
13 1343
15 465
15 521
17 602
17 611
19 685
19 1122
21 135
21 1397
23 24
23 426
24 1100
25 26
25 875
26 512
27 28
27 1049
28 9
29 30
29 232
30 120
31 32
31 973
32 5
33 34
33 998
34 1614
35 36
35 1137
36 196
37 38
37 1575
38 77
39 40
39 1387
40 401
41 42
41 1335
42 531
43 44
43 443
44 1420
45 46
45 1416
46 96
47 8
47 48
48 46
49 50
49 905
50 198
51 52
51 1160
52 934
53 54
53 446
54 61
55 56
55 1338
56 920
57 58
57 315
58 991
59 60
59 729
60 952
61 62
61 1590
62 1034
63 64
63 1613
64 1005
65 66
65 1380
66 225
67 68
67 383
68 950
69 25
69 70
70 299
71 72
71 627
72 66
73 74
73 1183
74 912
75 20
75 76
76 1064
77 78
77 441
78 1571
79 80
79 651
80 1288
81 82
81 841
82 794
83 84
83 926
84 741
85 86
85 386
86 633
87 88
87 1013
88 647
89 90
89 831
90 1540
91 92
91 879
92 440
93 94
93 1003
94 568
95 96
95 648
96 898
97 98
97 103
98 900
99 100
99 195
100 1152
101 102
101 1414
102 634
103 104
103 511
104 585
105 106
105 544
106 960
107 108
107 458
108 126
109 110
109 1041
110 455
111 112
111 992
112 460
113 114
113 1408
114 1030
115 116
115 245
116 178
117 118
117 971
118 1371
119 120
119 1194
120 346
121 122
121 1218
122 80
123 124
123 1451
124 216
125 126
125 684
126 692
127 128
127 1233
128 536
129 130
129 721
130 376
131 132
131 210
132 1072
133 134
133 612
134 1495
135 136
135 453
136 993
137 17
137 138
138 1207
139 140
139 438
140 756
141 142
141 805
142 1487
143 144
143 448
144 936
145 146
145 1327
146 620
147 148
147 501
148 1242
149 150
149 1025
150 751
151 152
151 1083
152 481
153 154
153 605
154 1336
155 156
155 1114
156 594
157 158
157 1227
158 172
159 160
159 873
160 681
161 162
161 459
162 1542
163 164
163 1583
164 628
165 105
165 166
166 730
167 168
167 332
168 966
169 109
169 170
170 649
171 172
171 179
172 236
173 174
173 1237
174 1341
175 176
175 253
176 1378
177 178
177 897
178 1370
179 180
179 933
180 1574
181 182
181 919
182 118
183 184
183 1190
184 194
185 186
185 491
186 336
187 188
187 325
188 1198
189 190
189 1159
190 1430
191 192
191 1089
192 396
193 164
193 194
194 1586
195 196
195 899
196 1442
197 198
197 221
198 1029
199 200
199 530
200 400
201 169
201 202
202 351
203 204
203 558
204 472
205 206
205 722
206 1535
207 208
207 252
208 69
209 210
209 601
210 828
211 212
211 541
212 454
213 214
213 1318
214 207
215 216
215 972
216 1418
217 218
217 1291
218 976
219 38
219 220
220 1376
221 222
221 1347
222 987
223 224
223 1127
224 1566
225 226
225 916
226 493
227 228
227 588
228 572
229 230
229 517
230 834
231 232
231 1611
232 314
233 234
233 1296
234 190
235 236
235 705
236 739
237 238
237 1250
238 1448
239 240
239 957
240 84
241 242
241 937
242 552
243 244
243 1604
244 838
245 246
245 1087
246 766
247 248
247 1410
248 242
249 250
249 1283
250 1212
251 240
251 252
252 1553
253 254
253 488
254 387
255 256
255 1473
256 810
257 258
257 645
258 522
259 260
259 918
260 156
261 262
261 1396
262 1384
263 264
263 599
264 564
265 266
265 1065
266 1468
267 268
267 1176
268 820
269 270
269 1053
270 1502
271 272
271 1146
272 1500
273 274
273 405
274 666
275 276
275 930
276 466
277 278
277 527
278 1235
279 280
279 1527
280 60
281 282
281 1111
282 801
283 284
283 595
284 1532
285 187
285 286
286 476
287 288
287 1293
288 1342
289 231
289 290
290 428
291 292
291 1297
292 1572
293 294
293 763
294 409
295 296
295 1040
296 1154
297 298
297 1547
298 1355
299 300
299 547
300 184
301 302
301 1554
302 1262
303 104
303 304
304 702
305 306
305 1228
306 18
307 308
307 983
308 424
309 310
309 1587
310 1428
311 312
311 843
312 680
313 314
313 917
314 925
315 32
315 316
316 1460
317 318
317 1422
318 238
319 320
319 399
320 1012
321 54
321 322
322 122
323 324
323 745
324 390
325 326
325 928
326 224
327 328
327 1469
328 734
329 110
329 330
330 131
331 332
331 489
332 1246
333 334
333 1015
334 1282
335 182
335 336
336 292
337 338
337 768
338 1530
339 340
339 1081
340 1193
341 19
341 342
342 1533
343 344
343 1134
344 526
345 327
345 346
346 1299
347 348
347 509
348 10
349 171
349 350
350 330
351 21
351 352
352 1174
353 354
353 1032
354 752
355 356
355 559
356 876
357 181
357 358
358 545
359 360
359 743
360 1481
361 362
361 1417
362 457
363 364
363 406
364 1524
365 366
365 1409
366 562
367 368
367 1427
368 1312
369 357
369 370
370 281
371 255
371 372
372 1344
373 374
373 732
374 569
375 376
375 747
376 154
377 378
377 965
378 1509
379 380
379 643
380 76
381 382
381 1104
382 57
383 288
383 384
384 800
385 386
385 535
386 577
387 388
387 1577
388 484
389 390
389 944
390 1192
391 392
391 1483
392 1047
393 394
393 1266
394 1359
395 396
395 415
396 1402
397 398
397 694
398 1461
399 400
399 1084
400 816
401 402
401 510
402 1112
403 404
403 1441
404 1579
405 406
405 1361
406 1325
407 408
407 711
408 417
409 410
409 1464
410 1196
411 412
411 830
412 948
413 414
413 653
414 1002
415 416
415 1405
416 100
417 404
417 418
418 537
419 301
419 420
420 1046
421 422
421 581
422 1141
423 424
423 551
424 1138
425 426
425 749
426 735
427 428
427 1479
428 1506
429 430
429 499
430 329
431 432
431 1556
432 1024
433 392
433 434
434 986
435 93
435 436
436 1436
437 438
437 483
438 222
439 440
439 1149
440 456
441 442
441 781
442 774
443 29
443 444
444 1548
445 446
445 1490
446 1324
447 448
447 764
448 324
449 450
449 1090
450 47
451 452
451 688
452 1264
453 454
453 783
454 724
455 456
455 508
456 344
457 458
457 1143
458 157
459 460
459 942
460 1458
461 462
461 679
462 1351
463 464
463 1209
464 1585
465 219
465 466
466 1588
467 468
467 1286
468 870
469 470
469 784
470 642
471 472
471 1224
472 792
473 33
473 474
474 757
475 476
475 1610
476 1168
477 478
477 1010
478 1281
479 151
479 480
480 908
481 482
481 990
482 432
483 97
483 484
484 452
485 403
485 486
486 1234
487 488
487 939
488 1131
489 490
489 1565
490 1258
491 492
491 664
492 579
493 494
493 1200
494 1078
495 496
495 1345
496 538
497 498
497 542
498 1044
499 500
499 607
500 464
501 502
501 733
502 1226
503 504
503 719
504 1028
505 380
505 506
506 1452
507 1
507 508
508 119
509 510
509 1578
510 1079
511 395
511 512
512 1400
513 514
513 1560
514 306
515 436
515 516
516 578
517 518
517 1019
518 782
519 520
519 1525
520 687
521 522
521 1381
522 938
523 524
523 978
524 1304
525 323
525 526
526 262
527 528
527 1101
528 815
529 160
529 530
530 226
531 532
531 1609
532 1326
533 534
533 754
534 682
535 536
535 1045
536 821
537 538
537 1096
538 894
539 540
539 1014
540 809
541 542
541 1249
542 760
543 544
543 635
544 353
545 546
545 1425
546 114
547 175
547 548
548 45
549 550
549 603
550 1182
551 552
551 1211
552 740
553 554
553 1115
554 833
555 556
555 915
556 367
557 377
557 558
558 467
559 560
559 1232
560 1353
561 177
561 562
562 1374
563 273
563 564
564 1568
565 566
565 1223
566 866
567 563
567 568
568 1124
569 570
569 777
570 1050
571 572
571 857
572 249
573 574
573 961
574 411
575 576
575 669
576 1216
577 578
577 968
578 655
579 277
579 580
580 996
581 582
581 706
582 1080
583 584
583 896
584 1356
585 358
585 586
586 1496
587 588
587 1117
588 1365
589 492
589 590
590 1260
591 592
591 1391
592 515
593 594
593 742
594 658
595 596
595 701
596 1358
597 598
597 1027
598 715
599 600
599 1449
600 956
601 602
601 935
602 617
603 604
603 785
604 170
605 606
605 1259
606 248
607 189
607 608
608 695
609 610
609 825
610 1534
611 335
611 612
612 78
613 614
613 1285
614 1256
615 616
615 761
616 348
617 618
617 1529
618 1274
619 620
619 748
620 1346
621 622
621 847
622 1217
623 461
623 624
624 1531
625 626
625 861
626 750
627 625
627 628
628 1208
629 91
629 630
630 1522
631 111
631 632
632 364
633 130
633 634
634 1222
635 636
635 789
636 1268
637 638
637 895
638 1107
639 640
639 1076
640 812
641 289
641 642
642 616
643 644
643 955
644 1220
645 646
645 1280
646 1340
647 648
647 880
648 186
649 650
649 1550
650 882
651 652
651 1240
652 362
653 621
653 654
654 365
655 656
655 1042
656 1508
657 658
657 1151
658 932
659 153
659 660
660 260
661 591
661 662
662 738
663 637
663 664
664 375
665 657
665 666
666 1482
667 668
667 1467
668 717
669 670
669 671
670 1602
671 672
671 1020
672 347
673 674
673 797
674 1393
675 676
675 853
676 410
677 678
677 1121
678 1221
679 407
679 680
680 125
681 473
681 682
682 1474
683 684
683 1001
684 1504
685 686
685 1470
686 1406
687 350
687 688
688 1254
689 690
689 1092
690 1562
691 213
691 692
692 316
693 694
693 849
694 67
695 677
695 696
696 1386
697 698
697 1265
698 1395
699 700
699 1301
700 1401
701 702
701 941
702 398
703 704
703 1407
704 613
705 615
705 706
706 31
707 708
707 1009
708 142
709 710
709 869
710 1320
711 49
711 712
712 340
713 714
713 1434
714 192
715 16
715 716
716 832
717 532
717 718
718 618
719 720
719 1085
720 309
721 366
721 722
722 624
723 334
723 724
724 418
725 726
725 929
726 333
727 263
727 728
728 1475
729 730
729 1275
730 372
731 732
731 877
732 1118
733 341
733 734
734 1263
735 270
735 736
736 1492
737 524
737 738
738 420
739 740
739 1564
740 51
741 742
741 878
742 646
743 425
743 744
744 1008
745 746
745 1561
746 140
747 748
747 1477
748 228
749 15
749 750
750 504
751 35
751 752
752 152
753 267
753 754
754 946
755 756
755 1239
756 244
757 758
757 1510
758 354
759 229
759 760
760 1126
761 379
761 762
762 1231
763 764
763 1333
764 1052
765 766
765 1181
766 1364
767 768
767 1507
768 479
769 215
769 770
770 1316
771 85
771 772
772 650
773 774
773 1203
774 1505
775 776
775 1367
776 1074
777 778
777 1600
778 10
779 463
779 780
780 949
781 495
781 782
782 1328
783 784
783 1199
784 1225
785 573
785 786
786 388
787 704
787 788
788 964
789 790
789 1007
790 1424
791 700
791 792
792 68
793 794
793 962
794 1120
795 583
795 796
796 1584
797 798
797 1435
798 234
799 800
799 888
800 1128
801 188
801 802
802 1060
803 576
803 804
804 287
805 806
805 1132
806 1390
807 208
807 808
808 2
809 810
809 1426
810 352
811 812
811 1170
812 480
813 814
813 1136
814 550
815 803
815 816
816 212
817 818
817 1599
818 1437
819 820
819 1022
820 162
821 223
821 822
822 1567
823 707
823 824
824 50
825 826
825 1399
826 1292
827 828
827 859
828 72
829 830
829 1215
830 1037
831 359
831 832
832 414
833 834
833 883
834 1253
835 507
835 836
836 1139
837 838
837 1295
838 1570
839 639
839 840
840 1067
841 842
841 1133
842 904
843 667
843 844
844 696
845 846
845 1372
846 1498
847 339
847 848
848 1189
849 850
849 922
850 592
851 500
851 852
852 237
853 629
853 854
854 1162
855 780
855 856
856 670
857 858
857 1257
858 676
859 445
859 860
860 710
861 862
861 1415
862 1545
863 864
863 1150
864 1306
865 866
865 1255
866 62
867 868
867 1161
868 343
869 145
869 870
870 1185
871 872
871 1541
872 1153
873 874
873 1261
874 1051
875 477
875 876
876 1314
877 211
877 878
878 520
879 41
879 880
880 1582
881 257
881 882
882 690
883 787
883 884
884 514
885 886
885 1515
886 1308
887 888
887 1543
888 1252
889 108
889 890
890 1377
891 199
891 892
892 23
893 894
893 1537
894 9
895 313
895 896
896 1558
897 848
897 898
898 308
899 731
899 900
900 1066
901 827
901 902
902 451
903 197
903 904
904 546
905 293
905 906
906 94
907 868
907 908
908 412
909 652
909 910
910 311
911 529
911 912
912 300
913 914
913 1329
914 52
915 916
915 1077
916 1033
917 918
917 1178
918 1315
919 4
919 920
920 1098
921 81
921 922
922 1202
923 865
923 924
924 317
925 86
925 926
926 247
927 855
927 928
928 686
929 519
929 930
930 75
931 726
931 932
932 596
933 934
933 943
934 516
935 936
935 989
936 980
937 697
937 938
938 1290
939 555
939 940
940 1580
941 942
941 1303
942 1071
943 835
943 944
944 421
945 566
945 946
946 1144
947 948
947 1488
948 856
949 191
949 950
950 272
951 952
951 1501
952 101
953 37
953 954
954 975
955 259
955 956
956 298
957 622
957 958
958 203
959 960
959 1457
960 1214
961 962
961 1517
962 845
963 462
963 964
964 1236
965 966
965 1497
966 786
967 429
967 968
968 1429
969 83
969 970
970 814
971 972
971 1279
972 337
973 974
973 1503
974 246
975 674
975 976
976 977
977 978
977 1272
978 478
979 312
979 980
980 1592
981 708
981 982
982 778
983 468
983 984
984 851
985 166
985 986
986 146
987 819
987 988
988 233
989 990
989 1419
990 1512
991 7
991 992
992 1277
993 885
993 994
994 1317
995 373
995 996
996 485
997 998
997 1576
998 1465
999 413
999 1000
1000 636
1001 117
1001 1002
1002 200
1003 571
1003 1004
1004 63
1005 70
1005 1006
1006 1394
1007 13
1007 1008
1008 561
1009 1010
1009 1062
1010 1357
1011 437
1011 1012
1012 1048
1013 202
1013 1014
1014 1201
1015 487
1015 1016
1016 1195
1017 1018
1017 1573
1018 798
1019 769
1019 1020
1020 3
1021 174
1021 1022
1022 1313
1023 26
1023 1024
1024 1528
1025 1026
1025 1331
1026 772
1027 1028
1027 1251
1028 788
1029 1030
1029 1511
1030 714
1031 755
1031 1032
1032 759
1033 523
1033 1034
1034 1054
1035 115
1035 1036
1036 307
1037 1038
1037 1491
1038 614
1039 1040
1039 1363
1040 397
1041 871
1041 1042
1042 822
1043 947
1043 1044
1044 447
1045 1046
1045 1459
1046 586
1047 393
1047 1048
1048 1158
1049 427
1049 1050
1050 1018
1051 1052
1051 1102
1052 540
1053 1054
1053 1219
1054 419
1055 127
1055 1056
1056 296
1057 1058
1057 1454
1058 305
1059 1060
1059 1456
1060 640
1061 378
1061 1062
1062 265
1063 284
1063 1064
1064 328
1065 744
1065 1066
1066 665
1067 723
1067 1068
1068 1366
1069 887
1069 1070
1070 1230
1071 1072
1071 1099
1072 1093
1073 1074
1073 1383
1074 218
1075 725
1075 1076
1076 852
1077 1078
1077 1167
1078 1348
1079 1080
1079 1404
1080 826
1081 283
1081 1082
1082 304
1083 1004
1083 1084
1084 58
1085 1086
1085 1398
1086 802
1087 1088
1087 1337
1088 1140
1089 133
1089 1090
1090 132
1091 44
1091 1092
1092 570
1093 141
1093 1094
1094 450
1095 1096
1095 1466
1096 808
1097 1098
1097 1375
1098 1188
1099 609
1099 1100
1100 872
1101 951
1101 1102
1102 1270
1103 355
1103 1104
1104 644
1105 1106
1105 1549
1106 251
1107 737
1107 1108
1108 431
1109 817
1109 1110
1110 864
1111 503
1111 1112
1112 884
1113 893
1113 1114
1114 204
1115 543
1115 1116
1116 371
1117 1036
1117 1118
1118 1229
1119 98
1119 1120
1120 1147
1121 703
1121 1122
1122 1403
1123 580
1123 1124
1124 276
1125 1126
1125 1169
1126 363
1127 1128
1127 1311
1128 11
1129 1130
1129 1569
1130 533
1131 1132
1131 1271
1132 1091
1133 997
1133 1134
1134 121
1135 994
1135 1136
1136 1106
1137 1138
1137 1300
1138 322
1139 1140
1139 1175
1140 1603
1141 1016
1141 1142
1142 1164
1143 661
1143 1144
1144 40
1145 1146
1145 1557
1146 370
1147 1148
1147 1462
1148 1388
1149 144
1149 1150
1150 1362
1151 839
1151 1152
1152 970
1153 1154
1153 1350
1154 874
1155 1156
1155 1519
1156 1070
1157 673
1157 1158
1158 844
1159 165
1159 1160
1160 560
1161 1162
1161 1431
1162 497
1163 435
1163 1164
1164 1309
1165 73
1165 1166
1166 1156
1167 623
1167 1168
1168 1213
1169 804
1169 1170
1170 1130
1171 954
1171 1172
1172 982
1173 1174
1173 1302
1174 1206
1175 1176
1175 1551
1176 158
1177 1178
1177 1385
1178 1205
1179 1109
1179 1180
1180 1389
1181 423
1181 1182
1182 206
1183 1184
1183 1204
1184 1606
1185 1186
1185 1494
1186 604
1187 513
1187 1188
1188 1086
1189 55
1189 1190
1190 1559
1191 1192
1191 1247
1192 505
1193 217
1193 1194
1194 1248
1195 27
1195 1196
1196 275
1197 147
1197 1198
1198 842
1199 209
1199 1200
1200 1601
1201 1202
1201 1595
1202 1412
1203 349
1203 1204
1204 1334
1205 1206
1205 1591
1206 434
1207 718
1207 1208
1208 6
1209 180
1209 1210
1210 728
1211 796
1211 1212
1212 294
1213 1214
1213 1472
1214 56
1215 767
1215 1216
1216 1125
1217 469
1217 1218
1218 1187
1219 271
1219 1220
1220 1082
1221 230
1221 1222
1222 416
1223 699
1223 1224
1224 254
1225 205
1225 1226
1226 1433
1227 43
1227 1228
1228 889
1229 712
1229 1230
1230 48
1231 837
1231 1232
1232 1142
1233 909
1233 1234
1234 698
1235 143
1235 1236
1236 286
1237 554
1237 1238
1238 422
1239 185
1239 1240
1240 1445
1241 1129
1241 1242
1242 1184
1243 1244
1243 1463
1244 1094
1245 901
1245 1246
1246 280
1247 34
1247 1248
1248 1245
1249 1250
1249 1444
1250 806
1251 829
1251 1252
1252 1322
1253 1254
1253 1516
1254 1057
1255 1256
1255 1423
1256 1063
1257 345
1257 1258
1258 590
1259 953
1259 1260
1260 1269
1261 867
1261 1262
1262 988
1263 92
1263 1264
1264 689
1265 227
1265 1266
1266 858
1267 1268
1267 1443
1268 1523
1269 1210
1269 1270
1270 326
1271 1272
1271 1489
1272 1432
1273 556
1273 1274
1274 113
1275 1165
1275 1276
1276 626
1277 1278
1277 1440
1278 374
1279 1280
1279 1373
1280 631
1281 1282
1281 1439
1282 753
1283 776
1283 1284
1284 974
1285 823
1285 1286
1286 1563
1287 173
1287 1288
1288 799
1289 979
1289 1290
1290 1360
1291 807
1291 1292
1292 1438
1293 1294
1293 1593
1294 1598
1295 790
1295 1296
1296 610
1297 368
1297 1298
1298 1110
1299 907
1299 1300
1300 290
1301 836
1301 1302
1302 1310
1303 1145
1303 1304
1304 619
1305 638
1305 1306
1306 391
1307 381
1307 1308
1308 632
1309 382
1309 1310
1310 1597
1311 321
1311 1312
1312 74
1313 319
1313 1314
1314 6
1315 931
1315 1316
1316 39
1317 220
1317 1318
1318 656
1319 863
1319 1320
1320 116
1321 565
1321 1322
1322 860
1323 150
1323 1324
1324 402
1325 892
1325 1326
1326 1339
1327 1328
1327 1411
1328 1447
1329 791
1329 1330
1330 1450
1331 574
1331 1332
1332 1273
1333 1073
1333 1334
1334 1278
1335 297
1335 1336
1336 693
1337 727
1337 1338
1338 1349
1339 1068
1339 1340
1340 167
1341 813
1341 1342
1342 1413
1343 1344
1343 1539
1344 291
1345 1035
1345 1346
1346 534
1347 1319
1347 1348
1348 854
1349 1241
1349 1350
1350 1608
1351 474
1351 1352
1352 256
1353 502
1353 1354
1354 494
1355 584
1355 1356
1356 911
1357 924
1357 1358
1358 906
1359 1360
1359 1546
1360 176
1361 137
1361 1362
1362 1119
1363 1364
1363 1513
1364 1006
1365 486
1365 1366
1366 498
1367 683
1367 1368
1368 1097
1369 967
1369 1370
1370 1026
1371 331
1371 1372
1372 1108
1373 163
1373 1374
1374 597
1375 773
1375 1376
1376 608
1377 1378
1377 1521
1378 496
1379 360
1379 1380
1380 342
1381 675
1381 1382
1382 1197
1383 567
1383 1384
1384 1484
1385 553
1385 1386
1386 310
1387 1298
1387 1388
1388 593
1389 641
1389 1390
1390 408
1391 557
1391 1392
1392 278
1393 338
1393 1394
1394 984
1395 1332
1395 1396
1396 913
1397 795
1397 1398
1398 1607
1399 1382
1399 1400
1400 506
1401 128
1401 1402
1402 102
1403 1021
1403 1404
1404 1536
1405 1406
1405 1581
1406 793
1407 1287
1407 1408
1408 1172
1409 1069
1409 1410
1410 720
1411 1412
1411 1493
1412 1095
1413 881
1413 1414
1414 548
1415 1368
1415 1416
1416 1538
1417 1177
1417 1418
1418 129
1419 1157
1419 1420
1420 903
1421 762
1421 1422
1422 1323
1423 369
1423 1424
1424 42
1425 385
1425 1426
1426 258
1427 1103
1427 1428
1428 112
1429 1430
1429 1605
1430 28
1431 663
1431 1432
1432 1307
1433 1043
1433 1434
1434 155
1435 1436
1435 1499
1436 95
1437 1023
1437 1438
1438 22
1439 598
1439 1440
1440 981
1441 475
1441 1442
1442 1038
1443 1017
1443 1444
1444 575
1445 824
1445 1446
1446 250
1447 430
1447 1448
1448 1166
1449 123
1449 1450
1450 134
1451 99
1451 1452
1452 1520
1453 87
1453 1454
1454 662
1455 1456
1455 1589
1456 1321
1457 902
1457 1458
1458 890
1459 654
1459 1460
1460 320
1461 945
1461 1462
1462 914
1463 303
1463 1464
1464 356
1465 779
1465 1466
1466 1612
1467 1039
1467 1468
1468 525
1469 361
1469 1470
1470 969
1471 124
1471 1472
1472 985
1473 1474
1473 1480
1474 746
1475 736
1475 1476
1476 1058
1477 709
1477 1478
1478 282
1479 963
1479 1480
1480 439
1481 1171
1481 1482
1482 606
1483 959
1483 1484
1484 1148
1485 659
1485 1486
1486 910
1487 36
1487 1488
1488 1552
1489 518
1489 1490
1490 850
1491 678
1491 1492
1492 168
1493 89
1493 1494
1494 214
1495 243
1495 1496
1496 5
1497 64
1497 1498
1498 318
1499 539
1499 1500
1500 1544
1501 1502
1501 1555
1502 470
1503 528
1503 1504
1504 995
1505 1135
1505 1506
1506 471
1507 600
1507 1508
1508 630
1509 1243
1509 1510
1510 65
1511 1305
1511 1512
1512 274
1513 241
1513 1514
1514 1000
1515 1061
1515 1516
1516 30
1517 1453
1517 1518
1518 53
1519 1179
1519 1520
1520 1446
1521 818
1521 1522
1522 886
1523 1524
1523 1596
1524 582
1525 201
1525 1526
1526 264
1527 758
1527 1528
1528 1478
1529 1518
1529 1530
1530 88
1531 765
1531 1532
1532 1088
1533 149
1533 1534
1534 279
1535 1526
1535 1536
1536 106
1537 940
1537 1538
1538 138
1539 1155
1539 1540
1540 1055
1541 1011
1541 1542
1542 713
1543 587
1543 1544
1544 59
1545 1123
1545 1546
1546 193
1547 1369
1547 1548
1548 1244
1549 442
1549 1550
1550 927
1551 389
1551 1552
1552 433
1553 269
1553 1554
1554 1294
1555 1455
1555 1556
1556 770
1557 549
1557 1558
1558 1105
1559 891
1559 1560
1560 862
1561 1284
1561 1562
1562 1352
1563 1421
1563 1564
1564 672
1565 136
1565 1566
1566 668
1567 490
1567 1568
1568 12
1569 771
1569 1570
1570 384
1571 1289
1571 1572
1572 1514
1573 1075
1573 1574
1574 239
1575 14
1575 1576
1576 159
1577 449
1577 1578
1578 261
1579 302
1579 1580
1580 1056
1581 921
1581 1582
1582 1186
1583 71
1583 1584
1584 958
1585 840
1585 1586
1586 82
1587 1191
1587 1588
1588 1594
1589 1471
1589 1590
1590 268
1591 1031
1591 1592
1592 24
1593 1238
1593 1594
1594 846
1595 923
1595 1596
1596 394
1597 1354
1597 1598
1598 1330
1599 1485
1599 1600
1600 1173
1601 1116
1601 1602
1602 716
1603 266
1603 1604
1604 148
1605 691
1605 1606
1606 1276
1607 1486
1607 1608
1608 285
1609 107
1609 1610
1610 139
1611 999
1611 1612
1612 1059
1613 161
1613 1614
1614 1379
