0 133
0 1045
2 1387
2 1421
3 371
3 1177
4 307
4 811
5 801
6 1501
8 630
8 1085
9 239
9 827
11 808
10 1216
10 1340
12 14
15 125
15 446
17 18
17 374
19 41
19 1121
21 111
21 1046
23 24
23 824
24 556
25 26
25 391
26 1593
27 28
27 1524
28 1181
29 30
29 1017
30 643
31 32
31 957
32 126
33 27
33 34
34 110
35 36
35 869
36 1172
37 38
37 1142
38 1507
39 40
39 415
40 67
41 42
41 1130
42 1418
43 44
43 88
44 1601
45 46
45 57
46 1453
47 48
47 940
48 1476
49 50
49 327
50 180
51 52
51 1511
52 465
53 54
53 831
54 981
55 25
55 56
56 1070
57 58
57 1339
58 537
59 60
59 626
60 236
61 62
61 557
62 94
63 64
63 369
64 387
65 66
65 1134
66 337
67 68
67 130
68 910
69 70
69 800
70 1528
71 72
71 569
72 1506
73 74
73 671
74 958
75 76
75 269
76 1096
77 78
77 825
78 756
79 80
79 1302
80 474
81 82
81 349
82 13
83 84
83 1211
84 559
85 86
85 1271
86 21
87 88
87 961
88 1433
89 90
89 289
90 1204
91 32
91 92
92 1168
93 73
93 94
94 1214
95 96
95 462
96 978
97 12
97 98
98 906
99 100
99 390
100 1224
101 102
101 1364
102 1543
103 104
103 1091
104 270
105 106
105 1158
106 812
107 108
107 1521
108 809
109 110
109 1030
110 314
111 112
111 1468
112 1164
113 114
113 1087
114 849
115 116
115 1435
116 1469
117 118
117 1319
118 736
119 120
119 1192
120 510
121 122
121 646
122 992
123 124
123 1143
124 1503
125 126
125 1114
126 995
127 128
127 1407
128 1463
129 64
129 130
130 766
131 132
131 1590
132 1574
133 134
133 1237
134 235
135 136
135 432
136 787
137 138
137 1436
138 594
139 140
139 799
140 1066
141 142
141 1133
142 529
143 144
143 320
144 822
145 146
145 1567
146 742
147 148
147 1465
148 12
149 150
149 858
150 192
151 152
151 1129
152 361
153 119
153 154
154 724
155 156
155 425
156 1213
157 158
157 1105
158 846
159 160
159 1200
160 544
161 162
161 444
162 716
163 164
163 249
164 711
165 166
165 606
166 893
167 168
167 631
168 878
169 170
169 206
170 216
171 149
171 172
172 1355
173 174
173 516
174 914
175 176
175 305
176 1406
177 171
177 178
178 1335
179 180
179 905
180 927
181 182
181 575
182 153
183 184
183 741
184 60
185 186
185 979
186 1533
187 188
187 786
188 164
189 190
189 841
190 581
191 192
191 315
192 1573
193 194
193 364
194 218
195 196
195 471
196 1236
197 198
197 983
198 949
199 200
199 221
200 934
201 202
201 468
202 330
203 204
203 1294
204 430
205 206
205 933
206 389
207 208
207 452
208 1591
209 210
209 1209
210 310
211 9
211 212
212 567
213 214
213 1019
214 818
215 216
215 745
216 730
217 218
217 1429
218 1014
219 220
219 1179
220 710
221 3
221 222
222 946
223 224
223 1609
224 1376
225 226
225 1541
226 748
227 228
227 469
228 563
229 230
229 316
230 1218
231 232
231 923
232 366
233 234
233 496
234 843
235 167
235 236
236 499
237 238
237 365
238 974
239 240
239 574
240 666
241 242
241 466
242 746
243 244
243 856
244 1086
245 87
245 246
246 1308
247 248
247 388
248 935
249 250
249 763
250 381
251 252
251 427
252 576
253 254
253 1598
254 732
255 256
255 615
256 1061
257 258
257 1071
258 173
259 260
259 1368
260 68
261 262
261 1057
262 1534
263 264
263 1140
264 679
265 266
265 1081
266 1080
267 268
267 1042
268 160
269 270
269 572
270 1385
271 272
271 649
272 689
273 274
273 1262
274 1444
275 276
275 436
276 598
277 278
277 549
278 1414
279 280
279 1397
280 230
281 282
281 758
282 483
283 284
283 1459
284 418
285 286
285 298
286 854
287 288
287 378
288 1075
289 163
289 290
290 7
291 292
291 832
292 862
293 294
293 729
294 915
295 296
295 1325
296 494
297 61
297 298
298 1329
299 300
299 1471
300 1272
301 302
301 1539
302 278
303 304
303 1099
304 921
305 62
305 306
306 1043
307 308
307 945
308 962
309 310
309 1072
310 850
311 24
311 312
312 154
313 314
313 725
314 1408
315 316
315 899
316 555
317 318
317 1415
318 1154
319 4
319 320
320 886
321 322
321 1135
322 802
323 324
323 554
324 509
325 326
325 1104
326 997
327 328
327 907
328 174
329 330
329 589
330 306
331 332
331 1509
332 604
333 334
333 1151
334 89
335 127
335 336
336 318
337 338
337 690
338 996
339 340
339 1413
340 86
341 342
341 1144
342 1291
343 344
343 1457
344 682
345 346
345 645
346 443
347 348
347 913
348 252
349 350
349 480
350 1280
351 191
351 352
352 1437
353 354
353 1580
354 280
355 356
355 1157
356 596
357 358
357 501
358 1112
359 360
359 1013
360 1006
361 362
361 1247
362 816
363 364
363 908
364 482
365 366
365 551
366 30
367 368
367 804
368 1416
369 370
369 433
370 1321
371 372
371 1399
372 718
373 374
373 513
374 1275
375 222
375 376
376 439
377 378
377 985
378 1201
379 376
379 380
380 1578
381 38
381 382
382 1386
383 384
383 619
384 1307
385 386
385 852
386 1078
387 388
387 1351
388 1139
389 390
389 587
390 1558
391 392
391 1309
392 115
393 394
393 1523
394 810
395 396
395 599
396 674
397 398
397 1259
398 151
399 400
399 1273
400 23
401 402
401 1525
402 660
403 404
403 1611
404 1241
405 379
405 406
406 512
407 408
407 1500
408 504
409 410
409 461
410 96
411 122
411 412
412 652
413 414
413 609
414 696
415 416
415 543
416 636
417 418
417 442
418 1582
419 420
419 857
420 727
421 422
421 1497
422 383
423 424
423 546
424 187
425 426
425 1297
426 770
427 428
427 963
428 1557
429 272
429 430
430 994
431 432
431 1141
432 1195
433 434
433 1447
434 1145
435 29
435 436
436 1540
437 438
437 1517
438 1276
439 440
439 473
440 1356
441 442
441 999
442 1064
443 317
443 444
444 302
445 446
445 1155
446 1561
447 210
447 448
448 354
449 450
449 1513
450 582
451 271
451 452
452 521
453 454
453 1379
454 694
455 456
455 1054
456 1269
457 458
457 866
458 1354
459 460
459 675
460 1420
461 462
461 1317
462 896
463 464
463 1332
464 148
465 466
465 930
466 840
467 468
467 541
468 775
469 470
469 1069
470 1106
471 472
471 1470
472 456
473 474
473 1427
474 738
475 476
475 871
476 242
477 331
477 478
478 411
479 480
479 829
480 11
481 482
481 1495
482 502
483 40
483 484
484 75
485 486
485 1040
486 1124
487 488
487 705
488 888
489 490
489 959
490 842
491 477
491 492
492 879
493 494
493 568
494 1572
495 496
495 1033
496 135
497 498
497 1493
498 1391
499 500
499 1008
500 1270
501 502
501 1021
502 170
503 504
503 1484
504 686
505 247
505 506
506 346
507 351
507 508
508 1285
509 109
509 510
510 1393
511 512
511 872
512 954
513 514
513 1111
514 1182
515 516
515 759
516 534
517 518
517 976
518 530
519 481
519 520
520 138
521 404
521 522
522 836
523 524
523 890
524 1152
525 526
525 1343
526 186
527 528
527 1401
528 1514
529 530
529 904
530 667
531 532
531 1253
532 901
533 534
533 1293
534 837
535 172
535 536
536 1068
537 277
537 538
538 944
539 540
539 860
540 460
541 185
541 542
542 781
543 544
543 1489
544 926
545 35
545 546
546 393
547 426
547 548
548 212
549 114
549 550
550 796
551 552
551 749
552 1208
553 554
553 797
554 859
555 556
555 789
556 238
557 558
557 1553
558 1519
559 560
559 1147
560 592
561 562
561 1498
562 1452
563 102
563 564
564 1207
565 566
565 1128
566 1466
567 568
567 1392
568 1074
569 570
569 939
570 194
571 572
571 762
572 44
573 479
573 574
574 1052
575 63
575 576
576 1336
577 578
577 1167
578 348
579 580
579 1313
580 970
581 410
581 582
582 290
583 345
583 584
584 362
585 83
585 586
586 1556
587 588
587 1120
588 193
589 515
589 590
590 485
591 592
591 1499
592 964
593 594
593 1454
594 1228
595 596
595 1023
596 1220
597 598
597 1189
598 1274
599 600
599 1316
600 1464
601 459
601 602
602 1337
603 604
603 1349
604 1254
605 606
605 1227
606 258
607 608
607 625
608 429
609 610
609 1592
610 1162
611 612
611 728
612 539
613 256
613 614
614 1050
615 616
615 891
616 618
617 618
617 943
618 1527
619 620
619 739
620 266
621 566
621 622
622 782
623 624
623 987
624 1448
625 626
625 1161
626 528
627 1
627 628
628 1118
629 422
629 630
630 214
631 632
631 1326
632 968
633 634
633 1357
634 536
635 319
635 636
636 778
637 638
637 1233
638 815
639 492
639 640
640 1002
641 642
641 701
642 1051
643 644
643 1113
644 1510
645 646
645 1589
646 267
647 648
647 713
648 1348
649 650
649 1149
650 1358
651 213
651 652
652 638
653 223
653 654
654 600
655 26
655 656
656 31
657 658
657 1377
658 403
659 614
659 660
660 106
661 662
661 1345
662 1446
663 664
663 785
664 416
665 666
665 1119
666 1122
667 668
667 1305
668 168
669 670
669 1180
670 200
671 672
671 1011
672 791
673 674
673 1338
674 518
675 508
675 676
676 1048
677 490
677 678
678 1331
679 680
679 895
680 74
681 682
681 1607
682 588
683 684
683 1424
684 735
685 184
685 686
686 36
687 688
687 765
688 601
689 161
689 690
690 284
691 658
691 692
692 1298
693 694
693 751
694 1024
695 696
695 1079
696 1482
697 698
697 897
698 542
699 209
699 700
700 616
701 123
701 702
702 684
703 431
703 704
704 651
705 706
705 1229
706 472
707 527
707 708
708 264
709 612
709 710
710 147
711 676
711 712
712 538
713 714
713 1202
714 1288
715 716
715 1442
716 458
717 718
717 1445
718 1518
719 720
719 1396
720 882
721 583
721 722
722 360
723 724
723 900
724 66
725 726
725 912
726 700
727 728
727 747
728 1265
729 730
729 1249
730 986
731 334
731 732
732 1449
733 734
733 942
734 1382
735 736
735 937
736 356
737 738
737 793
738 1566
739 740
739 1426
740 1600
741 742
741 1494
742 848
743 273
743 744
744 1562
745 746
745 806
746 1362
747 748
747 1389
748 326
749 179
749 750
750 695
751 752
751 1003
752 386
753 6
753 754
754 1088
755 717
755 756
756 347
757 493
757 758
758 1417
759 760
759 920
760 1587
761 45
761 762
762 835
763 764
763 1107
764 53
765 766
765 1039
766 813
767 768
767 973
768 1334
769 6
769 770
770 46
771 772
771 1353
772 621
773 774
773 1462
774 1342
775 776
775 1333
776 870
777 778
777 1383
778 1292
779 780
779 1188
780 924
781 367
781 782
782 22
783 558
783 784
784 503
785 786
785 1487
786 1290
787 525
787 788
788 141
789 137
789 790
790 144
791 792
791 1328
792 685
793 794
793 1440
794 1035
795 796
795 1251
796 788
797 54
797 798
798 78
799 800
799 805
800 1277
801 802
801 1381
802 406
803 755
803 804
804 50
805 617
805 806
806 71
807 808
807 1067
808 772
809 635
809 810
810 719
811 812
811 1583
812 1552
813 248
813 814
814 1205
815 11
815 816
816 1022
817 818
817 1310
818 659
819 55
819 820
820 522
821 822
821 1199
822 1156
823 824
823 1365
824 353
825 531
825 826
826 1084
827 189
827 828
828 1458
829 830
829 991
830 321
831 832
831 1575
832 1169
833 597
833 834
834 1110
835 692
835 836
836 672
837 498
837 838
838 205
839 155
839 840
840 1350
841 487
841 842
842 79
843 844
843 845
844 311
845 846
845 1352
846 790
847 227
847 848
848 880
849 519
849 850
850 1585
851 641
851 852
852 1132
853 399
853 854
854 1171
855 761
855 856
856 982
857 858
857 984
858 898
859 860
859 950
860 740
861 663
861 862
862 1183
863 864
863 1535
864 1058
865 380
865 866
866 1108
867 245
867 868
868 1303
869 128
869 870
870 195
871 872
871 1461
872 580
873 874
873 1367
874 1260
875 876
875 993
876 97
877 878
877 1025
878 644
879 880
879 1467
880 352
881 882
881 1584
882 1522
883 445
883 884
884 1223
885 886
885 887
886 1551
887 888
887 1537
888 1398
889 890
889 1089
890 794
891 847
891 892
892 448
893 622
893 894
894 844
895 228
895 896
896 1480
897 2
897 898
898 629
899 900
899 1266
900 226
901 783
901 902
902 292
903 904
903 1103
904 220
905 906
905 917
906 650
907 908
907 1565
908 99
909 830
909 910
910 668
911 912
911 1239
912 545
913 577
913 914
914 608
915 28
915 916
916 1380
917 918
917 1485
918 990
919 851
919 920
920 136
921 922
921 1240
922 37
923 919
923 924
924 15
925 926
925 1232
926 162
927 224
927 928
928 1318
929 156
929 930
930 734
931 932
931 1301
932 795
933 394
933 934
934 400
935 820
935 936
936 1235
937 938
937 1186
938 1460
939 940
939 951
940 1037
941 497
941 942
942 282
943 944
943 1423
944 476
945 833
945 946
946 743
947 948
947 1451
948 286
949 607
949 950
950 637
951 952
951 1323
952 355
953 954
953 1244
954 1056
955 328
955 956
956 1126
957 958
957 1173
958 706
959 931
959 960
960 526
961 962
961 1531
962 1505
963 611
963 964
964 488
965 803
965 966
966 562
967 491
967 968
968 654
969 421
969 970
970 807
971 467
971 972
972 1375
973 211
973 974
974 1370
975 329
975 976
976 59
977 978
977 1153
978 520
979 707
979 980
980 246
981 982
981 1554
982 779
983 984
983 1263
984 1603
985 941
985 986
986 1568
987 988
987 1009
988 535
989 333
989 990
990 952
991 495
991 992
992 780
993 550
993 994
994 1330
995 996
995 1455
996 1020
997 259
997 998
998 1160
999 157
999 1000
1000 1250
1001 455
1001 1002
1002 1219
1003 93
1003 1004
1004 440
1005 1006
1005 1428
1006 1434
1007 703
1007 1008
1008 947
1009 691
1009 1010
1010 56
1011 279
1011 1012
1012 313
1013 1014
1013 1361
1014 176
1015 1016
1015 1479
1016 268
1017 263
1017 1018
1018 1388
1019 665
1019 1020
1020 524
1021 1022
1021 1324
1022 464
1023 726
1023 1024
1024 1610
1025 341
1025 1026
1026 715
1027 1010
1027 1028
1028 1178
1029 1030
1029 1190
1030 754
1031 373
1031 1032
1032 1544
1033 693
1033 1034
1034 103
1035 1036
1035 1529
1036 640
1037 1038
1037 1312
1038 100
1039 181
1039 1040
1040 1547
1041 773
1041 1042
1042 1284
1043 821
1043 1044
1044 1243
1045 965
1045 1046
1046 112
1047 911
1047 1048
1048 1602
1049 972
1049 1050
1050 375
1051 1052
1051 1256
1052 1115
1053 225
1053 1054
1054 875
1055 1056
1055 1577
1056 132
1057 1058
1057 1095
1058 1299
1059 1060
1059 1221
1060 560
1061 1062
1061 1411
1062 1366
1063 401
1063 1064
1064 90
1065 385
1065 1066
1066 382
1067 1041
1067 1068
1068 196
1069 1070
1069 1477
1070 1488
1071 281
1071 1072
1072 955
1073 1074
1073 1117
1074 65
1075 1055
1075 1076
1076 80
1077 215
1077 1078
1078 241
1079 451
1079 1080
1080 350
1081 257
1081 1082
1082 5
1083 573
1083 1084
1084 1053
1085 254
1085 1086
1086 774
1087 5
1087 1088
1088 720
1089 865
1089 1090
1090 1372
1091 165
1091 1092
1092 540
1093 1094
1093 1203
1094 702
1095 1096
1095 1425
1096 1094
1097 988
1097 1098
1098 463
1099 134
1099 1100
1100 1369
1101 1102
1101 1371
1102 595
1103 484
1103 1104
1104 938
1105 301
1105 1106
1106 1136
1107 1108
1107 1373
1108 229
1109 1110
1109 1419
1110 1576
1111 322
1111 1112
1112 1474
1113 453
1113 1114
1114 1044
1115 1116
1115 1187
1116 1579
1117 117
1117 1118
1118 922
1119 1120
1119 1402
1120 478
1121 118
1121 1122
1122 1159
1123 1100
1123 1124
1124 1222
1125 294
1125 1126
1126 1560
1127 397
1127 1128
1128 647
1129 1130
1129 1545
1130 396
1131 107
1131 1132
1132 1431
1133 234
1133 1134
1134 798
1135 697
1135 1136
1136 610
1137 475
1137 1138
1138 662
1139 769
1139 1140
1140 251
1141 85
1141 1142
1142 450
1143 1144
1143 1597
1144 613
1145 124
1145 1146
1146 1320
1147 1036
1147 1148
1148 447
1149 823
1149 1150
1150 771
1151 1152
1151 1515
1152 344
1153 1154
1153 1613
1154 1031
1155 757
1155 1156
1156 1245
1157 325
1157 1158
1158 95
1159 777
1159 1160
1160 16
1161 731
1161 1162
1162 92
1163 275
1163 1164
1164 1148
1165 1166
1165 1549
1166 1606
1167 571
1167 1168
1168 81
1169 655
1169 1170
1170 570
1171 182
1171 1172
1172 372
1173 437
1173 1174
1174 409
1175 398
1175 1176
1176 363
1177 653
1177 1178
1178 101
1179 1150
1179 1180
1180 274
1181 470
1181 1182
1182 1516
1183 323
1183 1184
1184 1450
1185 633
1185 1186
1186 1409
1187 1049
1187 1188
1188 733
1189 1190
1189 1596
1190 203
1191 867
1191 1192
1192 417
1193 883
1193 1194
1194 1258
1195 861
1195 1196
1196 868
1197 152
1197 1198
1198 1125
1199 889
1199 1200
1200 276
1201 1191
1201 1202
1202 1443
1203 108
1203 1204
1204 324
1205 244
1205 1206
1206 1059
1207 1208
1207 1304
1208 1278
1209 853
1209 1210
1210 1374
1211 593
1211 1212
1212 561
1213 1214
1213 1261
1214 975
1215 547
1215 1216
1216 624
1217 1146
1217 1218
1218 1492
1219 634
1219 1220
1220 894
1221 1222
1221 1384
1222 1268
1223 1224
1223 1504
1224 1279
1225 1093
1225 1226
1226 699
1227 1228
1227 1403
1228 1508
1229 1102
1229 1230
1230 76
1231 683
1231 1232
1232 1027
1233 768
1233 1234
1234 925
1235 178
1235 1236
1236 578
1237 839
1237 1238
1238 47
1239 989
1239 1240
1240 296
1241 1242
1241 1412
1242 1062
1243 309
1243 1244
1244 1438
1245 1238
1245 1246
1246 998
1247 175
1247 1248
1248 17
1249 876
1249 1250
1250 1090
1251 291
1251 1252
1252 1101
1253 909
1253 1254
1254 140
1255 299
1255 1256
1256 507
1257 1065
1257 1258
1258 1546
1259 285
1259 1260
1260 1016
1261 139
1261 1262
1262 342
1263 721
1263 1264
1264 828
1265 967
1265 1266
1266 1315
1267 357
1267 1268
1268 1098
1269 424
1269 1270
1270 1394
1271 533
1271 1272
1272 52
1273 873
1273 1274
1274 714
1275 1276
1275 1472
1276 1594
1277 287
1277 1278
1278 338
1279 1267
1279 1280
1280 956
1281 564
1281 1282
1282 1496
1283 435
1283 1284
1284 817
1285 1034
1285 1286
1286 834
1287 1288
1287 1347
1288 240
1289 1290
1289 1571
1290 340
1291 677
1291 1292
1292 1060
1293 505
1293 1294
1294 971
1295 48
1295 1296
1296 82
1297 1298
1297 1341
1298 1550
1299 1196
1299 1300
1300 664
1301 297
1301 1302
1302 602
1303 1217
1303 1304
1304 159
1305 1176
1305 1306
1306 1512
1307 1308
1307 1569
1308 486
1309 1127
1309 1310
1310 1257
1311 1312
1311 1538
1312 1028
1313 1225
1313 1314
1314 231
1315 1316
1315 1432
1316 1005
1317 33
1317 1318
1318 500
1319 261
1319 1320
1320 1491
1321 565
1321 1322
1322 202
1323 1255
1323 1324
1324 648
1325 1326
1325 1559
1326 656
1327 1001
1327 1328
1328 585
1329 51
1329 1330
1330 412
1331 953
1331 1332
1332 1526
1333 343
1333 1334
1334 1116
1335 1336
1335 1588
1336 414
1337 1231
1337 1338
1338 1210
1339 392
1339 1340
1340 814
1341 1063
1341 1342
1342 552
1343 253
1343 1344
1344 395
1345 753
1345 1346
1346 708
1347 767
1347 1348
1348 260
1349 980
1349 1350
1350 1000
1351 183
1351 1352
1352 1395
1353 359
1353 1354
1354 712
1355 1356
1355 1563
1356 304
1357 1358
1357 1439
1358 1184
1359 428
1359 1360
1360 884
1361 1215
1361 1362
1362 1608
1363 929
1363 1364
1364 70
1365 49
1365 1366
1366 131
1367 1029
1367 1368
1368 150
1369 1322
1369 1370
1370 438
1371 8
1371 1372
1372 34
1373 1185
1373 1374
1374 776
1375 1295
1375 1376
1376 1344
1377 1137
1377 1378
1378 948
1379 553
1379 1380
1380 1248
1381 177
1381 1382
1382 590
1383 723
1383 1384
1384 336
1385 1198
1385 1386
1386 514
1387 199
1387 1388
1388 243
1389 255
1389 1390
1390 1570
1391 207
1391 1392
1392 1193
1393 1170
1393 1394
1394 1456
1395 673
1395 1396
1396 960
1397 1398
1397 1605
1398 1038
1399 295
1399 1400
1400 43
1401 143
1401 1402
1402 1197
1403 265
1403 1404
1404 19
1405 1404
1405 1406
1406 620
1407 1289
1407 1408
1408 669
1409 423
1409 1410
1410 1212
1411 1047
1411 1412
1412 639
1413 1414
1413 1555
1414 1163
1415 441
1415 1416
1416 1475
1417 1311
1417 1418
1418 262
1419 1082
1419 1420
1420 10
1421 1422
1421 1614
1422 1481
1423 233
1423 1424
1424 405
1425 969
1425 1426
1426 129
1427 1018
1427 1428
1428 902
1429 760
1429 1430
1430 1410
1431 219
1431 1432
1432 1287
1433 293
1433 1434
1434 1194
1435 1165
1435 1436
1436 1174
1437 1015
1437 1438
1438 1360
1439 232
1439 1440
1440 39
1441 1226
1441 1442
1442 384
1443 517
1443 1444
1444 670
1445 605
1445 1446
1446 1076
1447 826
1447 1448
1448 1300
1449 1097
1449 1450
1450 84
1451 1026
1451 1452
1452 584
1453 881
1453 1454
1454 303
1455 166
1455 1456
1456 402
1457 1109
1457 1458
1458 709
1459 1175
1459 1460
1460 1502
1461 750
1461 1462
1462 704
1463 511
1463 1464
1464 20
1465 368
1465 1466
1466 1564
1467 1468
1467 1599
1468 1306
1469 420
1469 1470
1470 208
1471 591
1471 1472
1472 204
1473 1474
1473 1478
1474 928
1475 169
1475 1476
1476 1234
1477 1314
1477 1478
1478 744
1479 1480
1479 1612
1480 1473
1481 146
1481 1482
1482 104
1483 523
1483 1484
1484 1405
1485 283
1485 1486
1486 142
1487 877
1487 1488
1488 1490
1489 548
1489 1490
1490 1281
1491 1004
1491 1492
1492 1138
1493 1494
1493 1595
1494 1283
1495 201
1495 1496
1496 1092
1497 1498
1497 1542
1498 784
1499 58
1499 1500
1500 1581
1501 932
1501 1502
1502 300
1503 1441
1503 1504
1504 864
1505 1506
1505 1532
1506 1206
1507 1508
1507 1548
1508 632
1509 1230
1509 1510
1510 603
1511 579
1511 1512
1512 42
1513 335
1513 1514
1514 1286
1515 764
1515 1516
1516 1242
1517 903
1517 1518
1518 332
1519 69
1519 1520
1520 1400
1521 977
1521 1522
1522 586
1523 370
1523 1524
1524 628
1525 197
1525 1526
1526 916
1527 407
1527 1528
1528 98
1529 217
1529 1530
1530 1282
1531 863
1531 1532
1532 737
1533 413
1533 1534
1534 678
1535 688
1535 1536
1536 722
1537 855
1537 1538
1538 681
1539 145
1539 1540
1540 1483
1541 1073
1541 1542
1542 449
1543 1422
1543 1544
1544 1296
1545 506
1545 1546
1546 680
1547 1264
1547 1548
1548 1530
1549 657
1549 1550
1550 1520
1551 113
1551 1552
1552 1246
1553 198
1553 1554
1554 1604
1555 77
1555 1556
1556 91
1557 1327
1557 1558
1558 105
1559 434
1559 1560
1560 966
1561 1346
1561 1562
1562 454
1563 1166
1563 1564
1564 408
1565 1007
1565 1566
1566 190
1567 116
1567 1568
1568 120
1569 918
1569 1570
1570 358
1571 1363
1571 1572
1572 1378
1573 250
1573 1574
1574 188
1575 1077
1575 1576
1576 457
1577 698
1577 1578
1578 1486
1579 308
1579 1580
1580 1586
1581 532
1581 1582
1582 892
1583 237
1583 1584
1584 1252
1585 72
1585 1586
1586 874
1587 158
1587 1588
1588 1430
1589 1131
1589 1590
1590 1032
1591 288
1591 1592
1592 792
1593 1012
1593 1594
1594 1390
1595 339
1595 1596
1596 885
1597 687
1597 1598
1598 121
1599 1359
1599 1600
1600 1123
1601 838
1601 1602
1602 752
1603 819
1603 1604
1604 623
1605 377
1605 1606
1606 642
1607 627
1607 1608
1608 312
1609 489
1609 1610
1610 1536
1611 661
1611 1612
1612 936
1613 1083
1613 1614
1614 419
