0 1321
0 1508
1 368
1 474
3 331
3 889
4 565
4 926
6 342
5 223
7 588
7 1530
9 1450
8 268
8 287
10 974
13 574
13 607
15 410
15 822
17 562
17 1063
19 407
19 1221
21 152
21 661
23 24
23 1493
24 1391
25 26
25 1222
26 874
27 28
27 1209
28 902
29 30
29 951
30 1307
31 32
31 1052
32 1136
33 34
33 1476
34 750
35 36
35 794
36 1035
37 38
37 345
38 1198
39 40
39 738
40 635
41 42
41 573
42 1400
43 44
43 273
44 595
45 31
45 46
46 82
47 48
47 438
48 501
49 50
49 707
50 1405
51 52
51 856
52 1137
53 54
53 781
54 311
55 56
55 735
56 783
57 58
57 445
58 171
59 60
59 871
60 1545
61 62
61 688
62 1094
63 64
63 307
64 854
65 66
65 1541
66 764
67 68
67 1337
68 396
69 70
69 988
70 1350
71 6
71 72
72 397
73 74
73 471
74 992
75 76
75 1365
76 133
77 78
77 404
78 276
79 80
79 1177
80 1110
81 82
81 1366
82 1459
83 84
83 279
84 630
85 86
85 1083
86 1173
87 88
87 1475
88 600
89 90
89 217
90 140
91 92
91 697
92 246
93 94
93 1140
94 908
95 96
95 720
96 1516
97 98
97 1338
98 153
99 100
99 1458
100 1146
101 102
101 761
102 1040
103 104
103 728
104 10
105 106
105 1471
106 526
107 108
107 1171
108 1600
109 110
109 611
110 1496
111 112
111 879
112 1426
113 114
113 271
114 392
115 116
115 1388
116 1469
117 118
117 891
118 1122
119 120
119 771
120 1212
121 122
121 1603
122 158
123 124
123 1271
124 352
125 126
125 488
126 1495
127 128
127 1564
128 961
129 130
129 200
130 1278
131 132
131 1077
132 286
133 134
133 990
134 816
135 136
135 829
136 1165
137 138
137 233
138 690
139 42
139 140
140 820
141 142
141 629
142 622
143 144
143 199
144 1379
145 146
145 489
146 1369
147 148
147 1483
148 1296
149 150
149 709
150 417
151 152
151 985
152 819
153 154
153 1088
154 1502
155 156
155 994
156 1135
157 158
157 1555
158 1265
159 160
159 796
160 174
161 162
161 1144
162 1386
163 164
163 310
164 1356
165 166
165 332
166 1010
167 168
167 531
168 862
169 170
169 1529
170 815
171 172
171 1032
172 1390
173 174
173 1401
174 1255
175 176
175 1527
176 1513
177 178
177 737
178 88
179 180
179 1485
180 444
181 182
181 1531
182 1124
183 184
183 224
184 365
185 186
185 1299
186 1536
187 45
187 188
188 701
189 190
189 487
190 8
191 192
191 991
192 424
193 194
193 1108
194 666
195 196
195 523
196 640
197 198
197 797
198 518
199 200
199 1484
200 1324
201 128
201 202
202 1179
203 204
203 1594
204 1000
205 206
205 249
206 1012
207 208
207 387
208 190
209 210
209 792
210 1435
211 212
211 849
212 691
213 214
213 519
214 184
215 216
215 341
216 1084
217 218
217 1017
218 729
219 220
219 413
220 348
221 222
221 426
222 808
223 25
223 224
224 686
225 226
225 1318
226 548
227 228
227 1155
228 754
229 230
229 1443
230 14
231 179
231 232
232 1092
233 234
233 1312
234 1470
235 236
235 732
236 906
237 238
237 1217
238 453
239 103
239 240
240 1326
241 242
241 422
242 194
243 244
243 805
244 38
245 246
245 1211
246 904
247 248
247 1289
248 1253
249 250
249 1125
250 261
251 252
251 695
252 1004
253 100
253 254
254 266
255 256
255 1007
256 455
257 258
257 837
258 132
259 105
259 260
260 1331
261 262
261 665
262 168
263 264
263 1025
264 671
265 266
265 903
266 1120
267 268
267 855
268 412
269 270
269 1103
270 118
271 272
271 1567
272 1047
273 274
273 1141
274 743
275 276
275 725
276 115
277 278
277 463
278 1218
279 91
279 280
280 71
281 282
281 699
282 955
283 284
283 1237
284 1461
285 286
285 399
286 1001
287 288
287 371
288 722
289 290
289 473
290 537
291 292
291 731
292 835
293 294
293 724
294 1123
295 296
295 1314
296 1444
297 298
297 1543
298 144
299 60
299 300
300 911
301 302
301 309
302 1598
303 304
303 979
304 1147
305 306
305 881
306 713
307 308
307 760
308 850
309 310
309 491
310 942
311 312
311 587
312 1162
313 314
313 1413
314 464
315 316
315 1535
316 576
317 318
317 1327
318 612
319 320
319 631
320 841
321 322
321 793
322 1197
323 269
323 324
324 1246
325 225
325 326
326 483
327 328
327 980
328 300
329 330
329 989
330 1036
331 332
331 785
332 534
333 334
333 1571
334 922
335 336
335 1117
336 757
337 338
337 1442
338 1588
339 340
339 998
340 1539
341 342
341 561
342 343
343 344
343 632
344 804
345 78
345 346
346 570
347 348
347 734
348 1398
349 350
349 421
350 1151
351 352
351 954
352 912
353 354
353 481
354 458
355 356
355 766
356 400
357 358
357 1263
358 1422
359 360
359 393
360 918
361 362
361 527
362 469
363 364
363 1283
364 1249
365 366
365 958
366 162
367 135
367 368
368 765
369 370
369 1334
370 1500
371 239
371 372
372 360
373 374
373 839
374 228
375 376
375 1306
376 439
377 378
377 1585
378 198
379 326
379 380
380 1474
381 382
381 1468
382 420
383 216
383 384
384 1355
385 386
385 1419
386 1113
387 388
387 1099
388 1024
389 65
389 390
390 812
391 350
391 392
392 1242
393 394
393 1247
394 166
395 396
395 1193
396 11
397 398
397 1597
398 1200
399 384
399 400
400 240
401 402
401 505
402 1258
403 404
403 1415
404 272
405 206
405 406
406 1481
407 408
407 1097
408 1333
409 410
409 1605
410 1383
411 191
411 412
412 148
413 121
413 414
414 1287
415 416
415 863
416 1292
417 418
417 746
418 718
419 420
419 594
420 662
421 422
421 1129
422 1280
423 424
423 1269
424 227
425 426
425 549
426 204
427 428
427 653
428 1239
429 430
429 441
430 291
431 51
431 432
432 1037
433 434
433 1573
434 1373
435 436
435 967
436 1022
437 438
437 898
438 222
439 440
439 890
440 1214
441 442
441 726
442 1592
443 444
443 603
444 790
445 95
445 446
446 1437
447 30
447 448
448 508
449 450
449 977
450 844
451 452
451 1220
452 1378
453 454
453 747
454 1245
455 456
455 939
456 1460
457 458
457 1417
458 1199
459 460
459 1042
460 1175
461 462
461 1295
462 163
463 464
463 579
464 704
465 466
465 1071
466 1385
467 468
467 1089
468 1387
469 470
469 678
470 1330
471 369
471 472
472 606
473 474
473 1465
474 620
475 476
475 1053
476 1167
477 254
477 478
478 110
479 480
479 789
480 1560
481 346
481 482
482 838
483 284
483 484
484 1009
485 486
485 925
486 1322
487 488
487 693
488 568
489 490
489 1051
490 48
491 383
491 492
492 354
493 494
493 870
494 34
495 496
495 1414
496 1288
497 498
497 1238
498 1518
499 500
499 814
500 712
501 502
501 1256
502 920
503 504
503 617
504 1060
505 506
505 1259
506 714
507 508
507 615
508 337
509 109
509 510
510 938
511 403
511 512
512 1006
513 514
513 851
514 1096
515 306
515 516
516 1591
517 32
517 518
518 1114
519 363
519 520
520 1058
521 69
521 522
522 1374
523 524
523 1021
524 1325
525 526
525 1375
526 946
527 528
527 791
528 236
529 530
529 1517
530 1143
531 532
531 1466
532 68
533 534
533 535
534 155
535 536
535 1511
536 125
537 538
537 984
538 154
539 540
539 919
540 1492
541 542
541 1351
542 378
543 544
543 1537
544 983
545 457
545 546
546 1154
547 548
547 1532
548 566
549 536
549 550
550 1254
551 61
551 552
552 1236
553 214
553 554
554 150
555 556
555 1111
556 828
557 558
557 1561
558 1346
559 485
559 560
560 462
561 562
561 831
562 1046
563 564
563 1116
564 586
565 566
565 801
566 648
567 21
567 568
568 56
569 570
569 659
570 599
571 572
571 1613
572 773
573 574
573 1139
574 139
575 576
575 1360
576 149
577 578
577 821
578 1159
579 580
579 723
580 811
581 582
581 1515
582 495
583 584
583 982
584 520
585 586
585 1158
586 434
587 234
587 588
588 15
589 590
589 1219
590 748
591 323
591 592
592 830
593 146
593 594
594 517
595 596
595 676
596 798
597 547
597 598
598 126
599 600
599 1301
600 1174
601 602
601 1157
602 292
603 604
603 833
604 165
605 606
605 1257
606 253
607 608
607 788
608 1608
609 610
609 1201
610 530
611 511
611 612
612 1059
613 614
613 945
614 744
615 616
615 685
616 1181
617 618
617 823
618 625
619 559
619 620
620 46
621 622
621 1377
622 1020
623 555
623 624
624 733
625 63
625 626
626 370
627 329
627 628
628 76
629 138
629 630
630 608
631 632
631 1115
632 1505
633 634
633 973
634 915
635 636
635 1290
636 900
637 638
637 1335
638 351
639 395
639 640
640 1275
641 322
641 642
642 394
643 644
643 1261
644 264
645 4
645 646
646 108
647 648
647 1538
648 1358
649 650
649 1308
650 1302
651 652
651 1067
652 554
653 649
653 654
654 1399
655 356
655 656
656 876
657 75
657 658
658 787
659 349
659 660
660 516
661 662
661 1054
662 167
663 664
663 887
664 1610
665 666
665 1050
666 1434
667 90
667 668
668 1404
669 670
669 892
670 703
671 672
671 1578
672 362
673 313
673 674
674 1479
675 582
675 676
676 1455
677 98
677 678
678 636
679 680
679 1497
680 338
681 682
681 947
682 1449
683 684
683 858
684 861
685 686
685 913
686 1033
687 688
687 1057
688 1357
689 690
689 1105
690 1267
691 692
691 810
692 860
693 694
693 1407
694 1406
695 696
695 897
696 647
697 3
697 698
698 1572
699 577
699 700
700 1347
701 461
701 702
702 111
703 73
703 704
704 1268
705 585
705 706
706 1522
707 467
707 708
708 1501
709 710
709 1586
710 74
711 712
711 1192
712 540
713 476
713 714
714 334
715 28
715 716
716 1031
717 480
717 718
718 1294
719 475
719 720
720 981
721 319
721 722
722 390
723 145
723 724
724 1121
725 726
725 795
726 719
727 728
727 842
728 1595
729 730
729 1510
730 1348
731 187
731 732
732 1587
733 633
733 734
734 296
735 736
735 1041
736 120
737 44
737 738
738 664
739 740
739 978
740 936
741 598
741 742
742 262
743 578
743 744
744 221
745 746
745 1202
746 1393
747 748
747 1381
748 1332
749 339
749 750
750 1601
751 752
751 1433
752 1172
753 113
753 754
754 270
755 756
755 1119
756 634
757 493
757 758
758 1298
759 197
759 760
760 593
761 260
761 762
762 1580
763 764
763 964
764 419
765 766
765 1410
766 1421
767 768
767 1425
768 80
769 770
769 1303
770 127
771 43
771 772
772 751
773 650
773 774
774 298
775 499
775 776
776 705
777 778
777 1477
778 618
779 597
779 780
780 528
781 782
781 1509
782 880
783 784
783 1134
784 257
785 786
785 1131
786 1008
787 730
787 788
788 952
789 409
789 790
790 1340
791 301
791 792
792 960
793 794
793 1169
794 674
795 93
795 796
796 107
797 567
797 798
798 1394
799 800
799 1235
800 1043
801 802
801 1507
802 97
803 804
803 1323
804 416
805 37
805 806
806 1520
807 532
807 808
808 450
809 810
809 1336
810 1166
811 812
811 1015
812 1079
813 814
813 873
814 933
815 755
815 816
816 1028
817 818
817 859
818 1093
819 361
819 820
820 1343
821 299
821 822
822 521
823 824
823 1447
824 477
825 402
825 826
826 492
827 645
827 828
828 112
829 683
829 830
830 667
831 465
831 832
832 780
833 834
833 1277
834 806
835 836
835 1362
836 524
837 838
837 948
838 372
839 840
839 1190
840 800
841 842
841 1003
842 183
843 385
843 844
844 84
845 846
845 1556
846 1526
847 848
847 877
848 173
849 850
849 899
850 1138
851 157
851 852
852 694
853 854
853 1428
854 1568
855 856
855 1519
856 1408
857 858
857 1559
858 336
859 860
859 907
860 1102
861 862
861 924
862 1260
863 391
863 864
864 1320
865 70
865 866
866 692
867 507
867 868
868 826
869 799
869 870
870 641
871 872
871 1609
872 1227
873 749
873 874
874 868
875 401
875 876
876 756
877 207
877 878
878 192
879 472
879 880
880 976
881 769
881 882
882 1589
883 510
883 884
884 96
885 679
885 886
886 1264
887 241
887 888
888 1148
889 19
889 890
890 242
891 687
891 892
892 1342
893 580
893 894
894 1196
895 896
895 1498
896 470
897 898
897 1226
898 1446
899 900
899 1182
900 1384
901 581
901 902
902 953
903 904
903 1081
904 1574
905 546
905 906
906 1490
907 215
907 908
908 226
909 497
909 910
910 252
911 912
911 1349
912 1293
913 604
913 914
914 950
915 916
915 1080
916 1248
917 10
917 918
918 556
919 405
919 920
920 564
921 408
921 922
922 592
923 219
923 924
924 642
925 926
925 1133
926 1423
927 928
927 959
928 1542
929 921
929 930
930 550
931 932
931 1250
932 1550
933 605
933 934
934 893
935 658
935 936
936 1554
937 938
937 1170
938 1045
939 940
939 1533
940 1432
941 825
941 942
942 660
943 136
943 944
944 1034
945 293
945 946
946 784
947 901
947 948
948 202
949 950
949 1345
950 614
951 23
951 952
952 104
953 954
953 1205
954 1452
955 218
955 956
956 193
957 958
957 1380
958 288
959 29
959 960
960 208
961 962
961 971
962 40
963 460
963 964
964 802
965 966
965 1187
966 894
967 968
967 1525
968 447
969 670
969 970
970 18
971 972
971 1228
972 102
973 974
973 1107
974 1370
975 932
975 976
976 970
977 123
977 978
978 575
979 256
979 980
980 987
981 982
981 1354
982 1429
983 624
983 984
984 1376
985 415
985 986
986 845
987 941
987 988
988 1553
989 990
989 1233
990 1319
991 6
991 992
992 1512
993 994
993 1118
994 1106
995 59
995 996
996 1241
997 237
997 998
998 1341
999 212
999 1000
1000 47
1001 230
1001 1002
1002 22
1003 170
1003 1004
1004 1397
1005 41
1005 1006
1006 1363
1007 55
1007 1008
1008 5
1009 1010
1009 1018
1010 1014
1011 965
1011 1012
1012 87
1013 1014
1013 1448
1014 1066
1015 205
1015 1016
1016 496
1017 267
1017 1018
1018 1180
1019 52
1019 1020
1020 684
1021 26
1021 1022
1022 318
1023 188
1023 1024
1024 711
1025 425
1025 1026
1026 1472
1027 427
1027 1028
1028 656
1029 943
1029 1030
1030 494
1031 185
1031 1032
1032 651
1033 1034
1033 1409
1034 768
1035 66
1035 1036
1036 478
1037 1038
1037 1371
1038 774
1039 406
1039 1040
1040 935
1041 83
1041 1042
1042 1389
1043 423
1043 1044
1044 610
1045 818
1045 1046
1046 663
1047 563
1047 1048
1048 446
1049 1050
1049 1210
1050 437
1051 721
1051 1052
1052 137
1053 643
1053 1054
1054 1456
1055 1056
1055 1104
1056 50
1057 432
1057 1058
1058 484
1059 972
1059 1060
1060 542
1061 931
1061 1062
1062 302
1063 1030
1063 1064
1064 957
1065 1066
1065 1090
1066 176
1067 739
1067 1068
1068 1101
1069 1070
1069 1207
1070 1582
1071 882
1071 1072
1072 583
1073 525
1073 1074
1074 655
1075 1076
1075 1558
1076 1424
1077 435
1077 1078
1078 1126
1079 379
1079 1080
1080 1534
1081 49
1081 1082
1082 1130
1083 628
1083 1084
1084 934
1085 609
1085 1086
1086 175
1087 1039
1087 1088
1088 1364
1089 1086
1089 1090
1090 156
1091 335
1091 1092
1092 1486
1093 411
1093 1094
1094 1416
1095 716
1095 1096
1096 39
1097 1098
1097 1251
1098 962
1099 1100
1099 1184
1100 1266
1101 1102
1101 1328
1102 498
1103 1055
1103 1104
1104 529
1105 274
1105 1106
1106 864
1107 381
1107 1108
1108 182
1109 94
1109 1110
1110 1546
1111 213
1111 1112
1112 1234
1113 295
1113 1114
1114 742
1115 459
1115 1116
1116 143
1117 1118
1117 1569
1118 1599
1119 85
1119 1120
1120 1076
1121 99
1121 1122
1122 1026
1123 374
1123 1124
1124 698
1125 81
1125 1126
1126 1418
1127 675
1127 1128
1128 1244
1129 377
1129 1130
1130 117
1131 289
1131 1132
1132 2
1133 1134
1133 1149
1134 551
1135 1136
1135 1150
1136 304
1137 35
1137 1138
1138 1420
1139 169
1139 1140
1140 280
1141 1142
1141 1189
1142 1579
1143 1144
1143 1352
1144 180
1145 442
1145 1146
1146 1524
1147 1148
1147 1208
1148 1216
1149 827
1149 1150
1150 468
1151 479
1151 1152
1152 803
1153 834
1153 1154
1154 1109
1155 717
1155 1156
1156 668
1157 1158
1157 1188
1158 1048
1159 1160
1159 1284
1160 539
1161 466
1161 1162
1162 1128
1163 843
1163 1164
1164 1064
1165 1005
1165 1166
1166 456
1167 875
1167 1168
1168 328
1169 27
1169 1170
1170 1049
1171 1172
1171 1359
1172 852
1173 79
1173 1174
1174 999
1175 122
1175 1176
1176 1279
1177 706
1177 1178
1178 114
1179 344
1179 1180
1180 490
1181 1
1181 1182
1182 552
1183 673
1183 1184
1184 937
1185 1186
1185 1457
1186 1590
1187 591
1187 1188
1188 560
1189 1190
1189 1353
1190 1521
1191 727
1191 1192
1192 1285
1193 1082
1193 1194
1194 741
1195 1196
1195 1313
1196 376
1197 89
1197 1198
1198 914
1199 1186
1199 1200
1200 124
1201 1202
1201 1297
1202 1206
1203 1016
1203 1204
1204 1056
1205 503
1205 1206
1206 1305
1207 867
1207 1208
1208 506
1209 1210
1209 1463
1210 433
1211 923
1211 1212
1212 482
1213 251
1213 1214
1214 807
1215 993
1215 1216
1216 866
1217 681
1217 1218
1218 160
1219 514
1219 1220
1220 1068
1221 1065
1221 1222
1222 1563
1223 1224
1223 1441
1224 1023
1225 1183
1225 1226
1226 1252
1227 1228
1227 1604
1228 553
1229 758
1229 1230
1230 1614
1231 910
1231 1232
1232 220
1233 1234
1233 1445
1234 195
1235 181
1235 1236
1236 572
1237 265
1237 1238
1238 848
1239 621
1239 1240
1240 386
1241 106
1241 1242
1242 258
1243 1244
1243 1528
1244 736
1245 770
1245 1246
1246 1098
1247 67
1247 1248
1248 1078
1249 443
1249 1250
1250 388
1251 753
1251 1252
1252 1431
1253 232
1253 1254
1254 1478
1255 1256
1255 1451
1256 1074
1257 1258
1257 1427
1258 357
1259 389
1259 1260
1260 832
1261 1127
1261 1262
1262 1203
1263 616
1263 1264
1264 130
1265 297
1265 1266
1266 452
1267 969
1267 1268
1268 129
1269 1185
1269 1270
1270 359
1271 1272
1271 1281
1272 928
1273 637
1273 1274
1274 382
1275 278
1275 1276
1276 940
1277 1029
1277 1278
1278 1002
1279 927
1279 1280
1280 700
1281 929
1281 1282
1282 778
1283 245
1283 1284
1284 813
1285 92
1285 1286
1286 1310
1287 1288
1287 1395
1288 1223
1289 689
1289 1290
1290 1540
1291 619
1291 1292
1292 672
1293 878
1293 1294
1294 740
1295 883
1295 1296
1296 1282
1297 1073
1297 1298
1298 638
1299 613
1299 1300
1300 1367
1301 172
1301 1302
1302 13
1303 367
1303 1304
1304 1240
1305 1306
1305 1439
1306 905
1307 1095
1307 1308
1308 1339
1309 775
1309 1310
1310 1436
1311 243
1311 1312
1312 1547
1313 159
1313 1314
1314 244
1315 627
1315 1316
1316 1161
1317 1291
1317 1318
1318 1160
1319 333
1319 1320
1320 1191
1321 623
1321 1322
1322 963
1323 1075
1323 1324
1324 1612
1325 229
1325 1326
1326 308
1327 1328
1327 1607
1328 1304
1329 141
1329 1330
1330 680
1331 290
1331 1332
1332 161
1333 53
1333 1334
1334 1392
1335 430
1335 1336
1336 752
1337 639
1337 1338
1338 1072
1339 1340
1339 1491
1340 451
1341 840
1341 1342
1342 248
1343 1344
1343 1606
1344 930
1345 1195
1345 1346
1346 116
1347 1348
1347 1361
1348 1402
1349 1350
1349 1480
1350 589
1351 1352
1351 1570
1352 1273
1353 569
1353 1354
1354 786
1355 7
1355 1356
1356 1494
1357 77
1357 1358
1358 522
1359 1360
1359 1411
1360 763
1361 500
1361 1362
1362 201
1363 644
1363 1364
1364 398
1365 5
1365 1366
1366 544
1367 325
1367 1368
1368 285
1369 1370
1369 1473
1370 380
1371 1372
1371 1577
1372 16
1373 956
1373 1374
1374 782
1375 1091
1375 1376
1376 317
1377 327
1377 1378
1378 986
1379 1062
1379 1380
1380 884
1381 189
1381 1382
1382 1132
1383 809
1383 1384
1384 1430
1385 558
1385 1386
1386 886
1387 996
1387 1388
1388 1044
1389 281
1389 1390
1390 772
1391 512
1391 1392
1392 1204
1393 836
1393 1394
1394 1344
1395 255
1395 1396
1396 101
1397 316
1397 1398
1398 142
1399 909
1399 1400
1400 250
1401 1402
1401 1596
1402 626
1403 847
1403 1404
1404 1412
1405 1142
1405 1406
1406 895
1407 320
1407 1408
1408 767
1409 1027
1409 1410
1410 24
1411 745
1411 1412
1412 1230
1413 414
1413 1414
1414 1565
1415 872
1415 1416
1416 1488
1417 131
1417 1418
1418 1602
1419 315
1419 1420
1420 1100
1421 776
1421 1422
1422 314
1423 177
1423 1424
1424 584
1425 968
1425 1426
1426 1514
1427 545
1427 1428
1428 779
1429 428
1429 1430
1430 1454
1431 997
1431 1432
1432 20
1433 1329
1433 1434
1434 888
1435 696
1435 1436
1436 164
1437 448
1437 1438
1438 436
1439 777
1439 1440
1440 1548
1441 340
1441 1442
1442 1440
1443 418
1443 1444
1444 1562
1445 1085
1445 1446
1446 885
1447 364
1447 1448
1448 557
1449 1229
1449 1450
1450 502
1451 1396
1451 1452
1452 1232
1453 817
1453 1454
1454 1276
1455 151
1455 1456
1456 196
1457 1458
1457 1503
1458 949
1459 710
1459 1460
1460 538
1461 853
1461 1462
1462 1286
1463 1464
1463 1575
1464 944
1465 275
1465 1466
1466 602
1467 247
1467 1468
1468 1215
1469 1145
1469 1470
1470 1164
1471 1168
1471 1472
1472 366
1473 1243
1473 1474
1474 347
1475 1224
1475 1476
1476 677
1477 515
1477 1478
1478 64
1479 1480
1479 1549
1480 762
1481 209
1481 1482
1482 1153
1483 303
1483 1484
1484 1311
1485 1486
1485 1523
1486 58
1487 1403
1487 1488
1488 1368
1489 429
1489 1490
1490 312
1491 263
1491 1492
1492 654
1493 305
1493 1494
1494 504
1495 330
1495 1496
1496 682
1497 36
1497 1498
1498 1584
1499 353
1499 1500
1500 846
1501 1038
1501 1502
1502 652
1503 449
1503 1504
1504 231
1505 282
1505 1506
1506 1070
1507 1489
1507 1508
1508 708
1509 1510
1509 1581
1510 1611
1511 1262
1511 1512
1512 1566
1513 1462
1513 1514
1514 1178
1515 543
1515 1516
1516 1112
1517 759
1517 1518
1518 440
1519 1309
1519 1520
1520 1231
1521 1487
1521 1522
1522 865
1523 533
1523 1524
1524 375
1525 1526
1525 1576
1526 294
1527 1270
1527 1528
1528 211
1529 1530
1529 1552
1530 186
1531 321
1531 1532
1532 86
1533 995
1533 1534
1534 1382
1535 1061
1535 1536
1536 646
1537 147
1537 1538
1538 324
1539 283
1539 1540
1540 966
1541 1504
1541 1542
1542 1152
1543 541
1543 1544
1544 601
1545 1315
1545 1546
1546 1156
1547 1300
1547 1548
1548 235
1549 1163
1549 1550
1550 1194
1551 57
1551 1552
1552 1593
1553 17
1553 1554
1554 590
1555 1556
1555 1557
1556 9
1557 1317
1557 1558
1558 259
1559 119
1559 1560
1560 1438
1561 1087
1561 1562
1562 596
1563 715
1563 1564
1564 9
1565 1176
1565 1566
1566 824
1567 1213
1567 1568
1568 12
1569 373
1569 1570
1570 657
1571 1011
1571 1572
1572 1464
1573 1467
1573 1574
1574 72
1575 277
1575 1576
1576 1551
1577 1069
1577 1578
1578 1499
1579 62
1579 1580
1580 896
1581 513
1581 1582
1582 203
1583 1453
1583 1584
1584 178
1585 1225
1585 1586
1586 1274
1587 358
1587 1588
1588 702
1589 509
1589 1590
1590 454
1591 1316
1591 1592
1592 54
1593 1583
1593 1594
1594 571
1595 1544
1595 1596
1596 1272
1597 1506
1597 1598
1598 134
1599 431
1599 1600
1600 1013
1601 1372
1601 1602
1602 917
1603 857
1603 1604
1604 238
1605 486
1605 1606
1606 975
1607 355
1607 1608
1608 916
1609 869
1609 1610
1610 33
1611 1019
1611 1612
1612 1482
1613 669
1613 1614
1614 210
