0 78
0 1573
3 218
3 805
4 223
4 343
6 496
5 444
7 333
7 1207
8 291
8 301
9 863
10 153
11 295
11 577
13 10
13 240
15 371
15 1129
17 162
17 479
19 1102
19 1134
21 700
21 836
23 24
23 311
24 185
25 26
25 1609
26 1142
27 28
27 108
28 1480
29 21
29 30
30 1352
31 32
31 463
32 118
33 34
33 523
34 482
35 36
35 797
36 1614
37 38
37 1231
38 928
39 40
39 375
40 1384
41 42
41 1094
42 1240
43 44
43 1586
44 796
45 46
45 261
46 1431
47 48
47 1136
48 1513
49 50
49 366
50 1238
51 52
51 451
52 695
53 54
53 1587
54 449
55 56
55 1531
56 755
57 58
57 1393
58 161
59 60
59 1305
60 62
61 62
61 236
62 1285
63 64
63 77
64 1294
65 66
65 1301
66 1062
67 68
67 677
68 1590
69 70
69 439
70 967
71 72
71 1049
72 282
73 74
73 927
74 1592
75 76
75 913
76 1132
77 78
77 593
78 634
79 80
79 711
80 1338
81 82
81 648
82 288
83 84
83 1496
84 1028
85 86
85 1228
86 1598
87 88
87 241
88 942
89 90
89 563
90 152
91 92
91 215
92 4
93 94
93 771
94 1181
95 96
95 723
96 409
97 98
97 922
98 1380
99 100
99 693
100 997
101 102
101 1568
102 420
103 104
103 904
104 760
105 65
105 106
106 1588
107 108
107 535
108 368
109 110
109 374
110 1262
111 112
111 594
112 418
113 114
113 1514
114 1548
115 116
115 1202
116 383
117 118
117 1439
118 588
119 120
119 1491
120 1350
121 122
121 1447
122 761
123 124
123 382
124 385
125 126
125 1511
126 1364
127 51
127 128
128 314
129 130
129 973
130 827
131 132
131 640
132 19
133 134
133 492
134 738
135 136
135 277
136 1152
137 138
137 813
138 1117
139 140
139 612
140 828
141 142
141 1053
142 1535
143 144
143 1174
144 134
145 146
145 1442
146 965
147 148
147 362
148 415
149 150
149 1385
150 364
151 152
151 1330
152 327
153 154
153 714
154 998
155 156
155 911
156 567
157 158
157 340
158 432
159 160
159 898
160 64
161 162
161 1490
162 324
163 164
163 921
164 219
165 166
165 462
166 1216
167 168
167 1402
168 1528
169 170
169 476
170 257
171 172
171 393
172 691
173 52
173 174
174 1283
175 176
175 1135
176 1051
177 178
177 315
178 1567
179 180
179 1405
180 520
181 182
181 1034
182 752
183 184
183 497
184 107
185 186
185 705
186 516
187 188
187 859
188 684
189 190
189 923
190 730
191 192
191 1315
192 32
193 194
193 791
194 662
195 196
195 263
196 1144
197 198
197 1564
198 996
199 200
199 1365
200 1444
201 11
201 202
202 530
203 204
203 1376
204 128
205 206
205 1254
206 1026
207 208
207 619
208 1155
209 210
209 1555
210 281
211 82
211 212
212 1280
213 214
213 467
214 706
215 216
215 861
216 1032
217 59
217 218
218 1505
219 220
219 776
220 120
221 222
221 457
222 762
223 224
223 1146
224 194
225 226
225 803
226 1244
227 228
227 1189
228 823
229 230
229 958
230 1455
231 232
231 837
232 323
233 234
233 830
234 405
235 236
235 256
236 845
237 238
237 1279
238 1570
239 240
239 273
240 790
241 242
241 1516
242 1008
243 244
243 572
244 1608
245 246
245 1241
246 565
247 81
247 248
248 1494
249 234
249 250
250 806
251 252
251 1344
252 144
253 119
253 254
254 622
255 256
255 505
256 1314
257 258
257 378
258 570
259 260
259 1497
260 80
261 262
261 1443
262 708
263 245
263 264
264 925
265 266
265 1272
266 1427
267 268
267 688
268 751
269 270
269 886
270 380
271 201
271 272
272 1036
273 274
273 1593
274 1351
275 276
275 419
276 359
277 278
277 1201
278 1002
279 280
279 445
280 140
281 282
281 1041
282 66
283 284
283 657
284 874
285 286
285 1253
286 884
287 288
287 1309
288 654
289 290
289 1419
290 328
291 292
291 1269
292 905
293 294
293 763
294 1108
295 296
295 1009
296 412
297 159
297 298
298 1112
299 300
299 1571
300 487
301 302
301 703
302 794
303 304
303 1076
304 1070
305 306
305 817
306 84
307 308
307 1463
308 1234
309 310
309 1604
310 963
311 312
311 1346
312 542
313 314
313 1273
314 1466
315 316
315 1261
316 1239
317 318
317 749
318 310
319 320
319 423
320 675
321 322
321 882
322 166
323 324
323 818
324 932
325 326
325 401
326 1040
327 328
327 1549
328 978
329 330
329 483
330 452
331 332
331 558
332 1437
333 313
333 334
334 1260
335 336
335 458
336 1392
337 338
337 649
338 172
339 340
339 1027
340 269
341 342
341 937
342 250
343 344
343 1019
344 1368
345 346
345 907
346 1550
347 348
347 1141
348 1542
349 350
349 370
350 1277
351 352
351 369
352 1059
353 354
353 895
354 372
355 356
355 1425
356 893
357 358
357 1015
358 243
359 360
359 720
360 1422
361 362
361 1225
362 1406
363 364
363 575
364 1220
365 366
365 607
366 933
367 368
367 1415
368 825
369 370
369 1529
370 664
371 39
371 372
372 1061
373 374
373 403
374 347
375 376
375 735
376 1421
377 378
377 679
378 24
379 380
379 901
380 1310
381 382
381 704
382 1452
383 384
383 1518
384 606
385 386
385 1482
386 358
387 388
387 595
388 1600
389 390
389 1565
390 1323
391 180
391 392
392 623
393 129
393 394
394 1312
395 208
395 396
396 436
397 398
397 1173
398 1602
399 400
399 847
400 1137
401 402
401 833
402 1143
403 377
403 404
404 631
405 276
405 406
406 266
407 408
407 620
408 888
409 410
409 1524
410 1341
411 412
411 1257
412 1082
413 414
413 814
414 974
415 416
415 539
416 181
417 418
417 1058
418 987
419 420
419 559
420 656
421 422
421 549
422 510
423 424
423 1093
424 143
425 237
425 426
426 336
427 351
427 428
428 1367
429 430
429 1286
430 914
431 432
431 809
432 1
433 434
433 514
434 1124
435 156
435 436
436 1096
437 193
437 438
438 902
439 440
439 977
440 686
441 360
441 442
442 1256
443 421
443 444
444 1560
445 446
445 894
446 406
447 448
447 1209
448 831
449 450
449 873
450 846
451 452
451 579
452 1020
453 454
453 1337
454 1597
455 456
455 1495
456 1556
457 458
457 471
458 204
459 247
459 460
460 892
461 462
461 1179
462 1203
463 464
463 1339
464 1121
465 466
465 1011
466 1069
467 468
467 1153
468 871
469 9
469 470
470 322
471 472
471 989
472 909
473 474
473 1125
474 279
475 476
475 1055
476 509
477 202
477 478
478 1154
479 480
479 1114
480 1050
481 123
481 482
482 446
483 334
483 484
484 952
485 486
485 731
486 1089
487 396
487 488
488 296
489 490
489 498
490 646
491 492
491 947
492 1196
493 13
493 494
494 1362
495 496
495 1373
496 1150
497 498
497 879
498 1321
499 500
499 781
500 865
501 502
501 1243
502 1127
503 504
503 856
504 102
505 506
505 561
506 211
507 508
507 1331
508 890
509 510
509 891
510 426
511 512
511 810
512 1303
513 514
513 1227
514 792
515 238
515 516
516 1332
517 518
517 1512
518 972
519 441
519 520
520 304
521 522
521 1525
522 980
523 524
523 1369
524 994
525 526
525 819
526 200
527 528
527 1018
528 1464
529 530
529 728
530 267
531 532
531 1591
532 988
533 453
533 534
534 860
535 357
535 536
536 76
537 485
537 538
538 435
539 540
539 1120
540 843
541 542
541 1543
542 429
543 7
543 544
544 111
545 165
545 546
546 28
547 213
547 548
548 1013
549 550
549 1521
550 1489
551 552
551 1407
552 793
553 465
553 554
554 203
555 556
555 858
556 1334
557 558
557 645
558 862
559 560
559 1436
560 1288
561 433
561 562
562 610
563 564
563 938
564 246
565 150
565 566
566 934
567 536
567 568
568 434
569 570
569 727
570 512
571 69
571 572
572 408
573 574
573 753
574 1328
575 576
575 939
576 1052
577 578
577 969
578 192
579 580
579 1010
580 136
581 337
581 582
582 692
583 55
583 584
584 1287
585 586
585 1249
586 1499
587 588
587 1545
588 1413
589 590
589 979
590 1584
591 461
591 592
592 583
593 594
593 1430
594 8
595 569
595 596
596 38
597 287
597 598
598 707
599 600
599 1507
600 46
601 91
601 602
602 392
603 604
603 917
604 1554
605 606
605 920
606 1366
607 608
607 853
608 1074
609 610
609 1177
610 1547
611 612
611 1440
612 484
613 345
613 614
614 851
615 616
615 829
616 332
617 618
617 949
618 663
619 620
619 1007
620 1186
621 622
621 991
622 683
623 624
623 1012
624 822
625 305
625 626
626 910
627 628
627 951
628 1522
629 233
629 630
630 1266
631 632
631 1379
632 785
633 10
633 634
634 1278
635 495
635 636
636 54
637 638
637 1223
638 1424
639 79
639 640
640 1476
641 473
641 642
642 1539
643 644
643 744
644 212
645 601
645 646
646 674
647 648
647 1397
648 68
649 650
649 1047
650 1403
651 300
651 652
652 1304
653 654
653 935
654 278
655 316
655 656
656 820
657 89
657 658
658 34
659 353
659 660
660 954
661 662
661 1579
662 1292
663 210
663 664
664 1006
665 127
665 666
666 1170
667 668
667 957
668 816
669 643
669 670
670 653
671 672
671 1248
672 270
673 674
673 1400
674 114
675 676
675 1333
676 1171
677 678
677 748
678 864
679 191
679 680
680 61
681 682
681 1381
682 1003
683 684
683 1184
684 1168
685 289
685 686
686 1578
687 688
687 1461
688 650
689 690
689 1435
690 1552
691 692
691 1038
692 985
693 694
693 1383
694 178
695 696
695 1537
696 1607
697 137
697 698
698 545
699 700
699 1319
700 173
701 702
701 1492
702 508
703 704
703 1263
704 742
705 671
705 706
706 1172
707 708
707 1169
708 1386
709 571
709 710
710 1030
711 712
711 745
712 190
713 714
713 1409
714 302
715 716
715 1445
716 869
717 718
717 1326
718 580
719 71
719 720
720 889
721 722
721 1398
722 174
723 724
723 1458
724 67
725 726
725 1219
726 1054
727 728
727 1275
728 1589
729 730
729 732
730 103
731 207
731 732
732 835
733 734
733 1533
734 242
735 736
735 931
736 154
737 738
737 1133
738 490
739 740
739 857
740 131
741 742
741 811
742 1534
743 744
743 983
744 96
745 614
745 746
746 460
747 748
747 1389
748 184
749 603
749 750
750 1188
751 752
751 1449
752 1594
753 754
753 1345
754 943
755 756
755 1175
756 976
757 758
757 919
758 286
759 411
759 760
760 6
761 762
761 1363
762 1498
763 109
763 764
764 750
765 766
765 1361
766 1215
767 768
767 1187
768 1242
769 770
769 995
770 474
771 715
771 772
772 22
773 774
773 1267
774 800
775 373
775 776
776 142
777 778
777 807
778 272
779 329
779 780
780 264
781 171
781 782
782 1520
783 754
783 784
784 944
785 346
785 786
786 870
787 75
787 788
788 900
789 790
789 867
790 268
791 792
791 1348
792 275
793 685
793 794
794 1295
795 431
795 796
796 306
797 115
797 798
798 1066
799 800
799 1408
800 488
801 802
801 993
802 33
803 641
803 804
804 970
805 367
805 806
806 30
807 808
807 812
808 1374
809 526
809 810
810 1546
811 455
811 812
812 537
813 814
813 1214
814 721
815 816
815 1603
816 104
817 389
817 818
818 1302
819 820
819 930
820 1448
821 145
821 822
822 44
823 252
823 824
824 280
825 611
825 826
826 146
827 828
827 1265
828 1580
829 613
829 830
830 1329
831 832
831 834
832 600
833 834
833 1297
834 83
835 709
835 836
836 940
837 838
837 975
838 1087
839 169
839 840
840 766
841 842
841 1429
842 1558
843 466
843 844
844 1324
845 630
845 846
846 244
847 848
847 1205
848 394
849 399
849 850
850 101
851 149
851 852
852 1236
853 589
853 854
854 17
855 543
855 856
856 849
857 858
857 1025
858 1504
859 303
859 860
860 772
861 616
861 862
862 768
863 864
863 868
864 147
865 866
865 1453
866 1478
867 239
867 868
868 665
869 870
869 1486
870 450
871 292
871 872
872 176
873 740
873 874
874 1418
875 876
875 1399
876 1596
877 687
877 878
878 1250
879 757
879 880
880 348
881 331
881 882
882 1416
883 884
883 1606
884 16
885 676
885 886
886 696
887 777
887 888
888 524
889 890
889 1474
890 1414
891 892
891 1581
892 1484
893 773
893 894
894 1470
895 896
895 1217
896 1450
897 898
897 1063
898 1508
899 900
899 1601
900 1349
901 902
901 1213
902 428
903 904
903 1022
904 984
905 578
905 906
906 110
907 908
907 1457
908 1390
909 235
909 910
910 872
911 912
911 1395
912 224
913 914
913 1515
914 188
915 916
915 1107
916 554
917 918
917 1559
918 1441
919 920
919 1423
920 1111
921 922
921 1357
922 1247
923 95
923 924
924 27
925 564
925 926
926 290
927 928
927 1371
928 1237
929 615
929 930
930 1382
931 765
931 932
932 456
933 87
933 934
934 584
935 454
935 936
936 1252
937 85
937 938
938 413
939 940
939 1296
940 527
941 942
941 1340
942 1180
943 533
943 944
944 1140
945 599
945 946
946 1078
947 232
947 948
948 1198
949 307
949 950
950 642
951 164
951 952
952 1156
953 499
953 954
954 214
955 249
955 956
956 788
957 958
957 1343
958 1221
959 299
959 960
960 924
961 962
961 1195
962 341
963 701
963 964
964 624
965 966
965 1165
966 1599
967 758
967 968
968 767
969 970
969 1577
970 553
971 124
971 972
972 1072
973 974
973 1131
974 391
975 976
975 1105
976 88
977 978
977 1354
978 1394
979 980
979 1299
980 635
981 531
981 982
982 990
983 984
983 1557
984 880
985 122
985 986
986 632
987 988
987 1355
988 1438
989 339
989 990
990 1103
991 63
991 992
992 1157
993 994
993 1467
994 344
995 254
995 996
996 160
997 998
997 1611
998 416
999 1000
999 1300
1000 1199
1001 189
1001 1002
1002 644
1003 220
1003 1004
1004 36
1005 638
1005 1006
1006 182
1007 1008
1007 1271
1008 92
1009 591
1009 1010
1010 227
1011 1012
1011 1477
1012 1091
1013 513
1013 1014
1014 132
1015 1016
1015 1039
1016 764
1017 258
1017 1018
1018 950
1019 381
1019 1020
1020 1092
1021 779
1021 1022
1022 655
1023 379
1023 1024
1024 318
1025 1026
1025 1563
1026 504
1027 1028
1027 1191
1028 14
1029 1030
1029 1574
1030 1322
1031 139
1031 1032
1032 90
1033 680
1033 1034
1034 1281
1035 609
1035 1036
1036 618
1037 741
1037 1038
1038 1218
1039 670
1039 1040
1040 228
1041 626
1041 1042
1042 515
1043 916
1043 1044
1044 507
1045 1024
1045 1046
1046 652
1047 747
1047 1048
1048 231
1049 1050
1049 1541
1050 746
1051 722
1051 1052
1052 658
1053 699
1053 1054
1054 1004
1055 1056
1055 1359
1056 521
1057 1058
1057 1387
1058 877
1059 23
1059 1060
1060 1434
1061 1062
1061 1178
1062 70
1063 1057
1063 1064
1064 953
1065 493
1065 1066
1066 222
1067 1068
1067 1401
1068 840
1069 982
1069 1070
1070 1206
1071 1072
1071 1313
1072 1426
1073 551
1073 1074
1074 960
1075 550
1075 1076
1076 1246
1077 906
1077 1078
1078 106
1079 597
1079 1080
1080 133
1081 826
1081 1082
1082 702
1083 1084
1083 1595
1084 1222
1085 669
1085 1086
1086 636
1087 1088
1087 1204
1088 468
1089 961
1089 1090
1090 121
1091 402
1091 1092
1092 42
1093 1094
1093 1451
1094 737
1095 427
1095 1096
1096 168
1097 1098
1097 1575
1098 100
1099 31
1099 1100
1100 1501
1101 1102
1101 1106
1102 718
1103 1104
1103 1456
1104 330
1105 321
1105 1106
1106 20
1107 1108
1107 1583
1108 440
1109 1110
1109 1270
1110 1151
1111 97
1111 1112
1112 1454
1113 1114
1113 1446
1114 948
1115 1116
1115 1193
1116 1544
1117 209
1117 1118
1118 1043
1119 547
1119 1120
1120 72
1121 1122
1121 1582
1122 294
1123 177
1123 1124
1124 1378
1125 361
1125 1126
1126 1475
1127 878
1127 1128
1128 628
1129 1130
1129 1391
1130 1569
1131 93
1131 1132
1132 1230
1133 481
1133 1134
1134 1158
1135 48
1135 1136
1136 1116
1137 425
1137 1138
1138 799
1139 775
1139 1140
1140 1160
1141 1085
1141 1142
1142 1000
1143 798
1143 1144
1144 848
1145 3
1145 1146
1146 1081
1147 352
1147 1148
1148 651
1149 1031
1149 1150
1150 1462
1151 608
1151 1152
1152 968
1153 552
1153 1154
1154 1148
1155 354
1155 1156
1156 1264
1157 1158
1157 1536
1158 712
1159 151
1159 1160
1160 824
1161 838
1161 1162
1162 312
1163 1164
1163 1532
1164 157
1165 511
1165 1166
1166 784
1167 248
1167 1168
1168 672
1169 1170
1169 1404
1170 350
1171 410
1171 1172
1172 538
1173 1083
1173 1174
1174 866
1175 736
1175 1176
1176 388
1177 1178
1177 1298
1178 283
1179 475
1179 1180
1180 602
1181 617
1181 1182
1182 205
1183 698
1183 1184
1184 356
1185 1186
1185 1473
1186 710
1187 566
1187 1188
1188 568
1189 320
1189 1190
1190 53
1191 787
1191 1192
1192 783
1193 667
1193 1194
1194 486
1195 875
1195 1196
1196 1122
1197 1183
1197 1198
1198 138
1199 478
1199 1200
1200 666
1201 1202
1201 1585
1202 697
1203 936
1203 1204
1204 719
1205 1185
1205 1206
1206 756
1207 941
1207 1208
1208 1200
1209 1064
1209 1210
1210 47
1211 404
1211 1212
1212 1080
1213 541
1213 1214
1214 587
1215 926
1215 1216
1216 6
1217 713
1217 1218
1218 1483
1219 363
1219 1220
1220 1084
1221 1097
1221 1222
1222 1318
1223 253
1223 1224
1224 528
1225 297
1225 1226
1226 529
1227 717
1227 1228
1228 1109
1229 555
1229 1230
1230 1086
1231 141
1231 1232
1232 1090
1233 1001
1233 1234
1234 1479
1235 355
1235 1236
1236 229
1237 226
1237 1238
1238 206
1239 167
1239 1240
1240 1068
1241 661
1241 1242
1242 1336
1243 999
1243 1244
1244 198
1245 962
1245 1246
1246 1551
1247 25
1247 1248
1248 1258
1249 1139
1249 1250
1250 230
1251 37
1251 1252
1252 821
1253 15
1253 1254
1254 621
1255 1256
1255 1605
1256 786
1257 1258
1257 1576
1258 804
1259 1260
1259 1530
1260 187
1261 271
1261 1262
1262 349
1263 915
1263 1264
1264 1077
1265 1182
1265 1266
1266 627
1267 1147
1267 1268
1268 2
1269 309
1269 1270
1270 1259
1271 929
1271 1272
1272 477
1273 1067
1273 1274
1274 525
1275 1276
1275 1289
1276 338
1277 384
1277 1278
1278 158
1279 815
1279 1280
1280 1472
1281 40
1281 1282
1282 1460
1283 1042
1283 1284
1284 298
1285 1190
1285 1286
1286 1562
1287 422
1287 1288
1288 964
1289 274
1289 1290
1290 1161
1291 1212
1291 1292
1292 430
1293 1294
1293 1410
1294 1610
1295 105
1295 1296
1296 557
1297 1298
1297 1317
1298 625
1299 1113
1299 1300
1300 494
1301 548
1301 1302
1302 49
1303 546
1303 1304
1304 1060
1305 574
1305 1306
1306 1162
1307 1071
1307 1308
1308 598
1309 945
1309 1310
1310 1104
1311 955
1311 1312
1312 1128
1313 1245
1313 1314
1314 1159
1315 1316
1315 1411
1316 832
1317 743
1317 1318
1318 1284
1319 1320
1319 1420
1320 903
1321 733
1321 1322
1322 491
1323 1324
1323 1487
1324 1572
1325 195
1325 1326
1326 1433
1327 1328
1327 1493
1328 1194
1329 94
1329 1330
1330 45
1331 1101
1331 1332
1332 1342
1333 1334
1333 1523
1334 562
1335 1308
1335 1336
1336 12
1337 438
1337 1338
1338 470
1339 1023
1339 1340
1340 801
1341 1226
1341 1342
1342 726
1343 1099
1343 1344
1344 678
1345 1119
1345 1346
1346 1396
1347 73
1347 1348
1348 839
1349 694
1349 1350
1350 795
1351 724
1351 1352
1352 196
1353 469
1353 1354
1354 522
1355 1356
1355 1417
1356 398
1357 135
1357 1358
1358 1291
1359 1327
1359 1360
1360 1468
1361 841
1361 1362
1362 1088
1363 1224
1363 1364
1364 1166
1365 544
1365 1366
1366 216
1367 729
1367 1368
1368 1016
1369 1370
1369 1553
1370 5
1371 417
1371 1372
1372 668
1373 1274
1373 1374
1374 251
1375 586
1375 1376
1376 1488
1377 1347
1377 1378
1378 1526
1379 1029
1379 1380
1380 844
1381 581
1381 1382
1382 376
1383 325
1383 1384
1384 1149
1385 255
1385 1386
1386 50
1387 317
1387 1388
1388 637
1389 802
1389 1390
1390 1509
1391 41
1391 1392
1392 986
1393 573
1393 1394
1394 386
1395 1033
1395 1396
1396 407
1397 448
1397 1398
1398 1167
1399 259
1399 1400
1400 342
1401 1037
1401 1402
1402 1046
1403 1005
1403 1404
1404 1044
1405 1232
1405 1406
1406 500
1407 1123
1407 1408
1408 319
1409 163
1409 1410
1410 60
1411 1138
1411 1412
1412 1255
1413 395
1413 1414
1414 1538
1415 908
1415 1416
1416 1192
1417 981
1417 1418
1418 326
1419 689
1419 1420
1420 1079
1421 1035
1421 1422
1422 682
1423 1424
1423 1527
1424 808
1425 1163
1425 1426
1426 480
1427 912
1427 1428
1428 896
1429 130
1429 1430
1430 437
1431 170
1431 1432
1432 1017
1433 293
1433 1434
1434 690
1435 503
1435 1436
1436 1561
1437 464
1437 1438
1438 1502
1439 1095
1439 1440
1440 308
1441 365
1441 1442
1442 1465
1443 155
1443 1444
1444 1045
1445 592
1445 1446
1446 179
1447 1307
1447 1448
1448 1370
1449 1176
1449 1450
1450 1268
1451 1377
1451 1452
1452 778
1453 582
1453 1454
1454 148
1455 1412
1455 1456
1456 660
1457 447
1457 1458
1458 959
1459 1282
1459 1460
1460 1320
1461 1462
1461 1517
1462 1356
1463 1251
1463 1464
1464 854
1465 1316
1465 1466
1466 1613
1467 125
1467 1468
1468 918
1469 397
1469 1470
1470 1118
1471 390
1471 1472
1472 5
1473 887
1473 1474
1474 956
1475 1048
1475 1476
1476 260
1477 1110
1477 1478
1478 1612
1479 519
1479 1480
1480 1098
1481 400
1481 1482
1482 29
1483 769
1483 1484
1484 1100
1485 117
1485 1486
1486 116
1487 265
1487 1488
1488 197
1489 885
1489 1490
1490 501
1491 1130
1491 1492
1492 175
1493 1485
1493 1494
1494 1276
1495 899
1495 1496
1496 1233
1497 1211
1497 1498
1498 673
1499 1432
1499 1500
1500 1506
1501 414
1501 1502
1502 506
1503 57
1503 1504
1504 639
1505 782
1505 1506
1506 876
1507 221
1507 1508
1508 647
1509 1126
1509 1510
1510 966
1511 1353
1511 1512
1512 780
1513 113
1513 1514
1514 734
1515 1325
1515 1516
1516 1210
1517 1115
1517 1518
1518 518
1519 629
1519 1520
1520 1229
1521 1073
1521 1522
1522 43
1523 1388
1523 1524
1524 489
1525 897
1525 1526
1526 1500
1527 443
1527 1528
1528 716
1529 1056
1529 1530
1530 1145
1531 1519
1531 1532
1532 842
1533 1360
1533 1534
1534 1510
1535 387
1535 1536
1536 1293
1537 26
1537 1538
1538 284
1539 1306
1539 1540
1540 770
1541 1311
1541 1542
1542 596
1543 225
1543 1544
1544 1021
1545 1197
1545 1546
1546 850
1547 1164
1547 1548
1548 576
1549 424
1549 1550
1550 774
1551 1469
1551 1552
1552 540
1553 217
1553 1554
1554 1014
1555 1375
1555 1556
1556 18
1557 183
1557 1558
1558 9
1559 1503
1559 1560
1560 1208
1561 852
1561 1562
1562 946
1563 35
1563 1564
1564 1566
1565 605
1565 1566
1566 335
1567 58
1567 1568
1568 262
1569 681
1569 1570
1570 517
1571 285
1571 1572
1572 534
1573 789
1573 1574
1574 633
1575 590
1575 1576
1576 459
1577 881
1577 1578
1578 1471
1579 659
1579 1580
1580 442
1581 199
1581 1582
1582 759
1583 1065
1583 1584
1584 472
1585 1481
1585 1586
1586 74
1587 725
1587 1588
1588 98
1589 992
1589 1590
1590 1290
1591 556
1591 1592
1592 532
1593 855
1593 1594
1594 1540
1595 883
1595 1596
1596 186
1597 86
1597 1598
1598 1075
1599 502
1599 1600
1600 604
1601 99
1601 1602
1602 126
1603 585
1603 1604
1604 1235
1605 971
1605 1606
1606 1358
1607 1459
1607 1608
1608 1428
1609 739
1609 1610
1610 1335
1611 56
1611 1612
1612 1372
1613 112
1613 1614
1614 560
