0 981
0 1339
1 1355
1 1386
3 96
3 664
4 760
4 1584
5 696
6 1238
7 379
7 525
9 1222
8 267
8 958
10 280
13 1087
13 1286
15 106
15 589
17 121
17 1147
19 38
19 983
21 939
21 1333
23 24
23 1292
24 930
25 26
25 1142
26 1444
27 28
27 1581
28 790
29 30
29 1070
30 1032
31 32
31 109
32 913
33 34
33 478
34 1610
35 36
35 608
36 500
37 38
37 865
38 1014
39 40
39 1151
40 320
41 42
41 55
42 997
43 44
43 631
44 646
45 46
45 1165
46 333
47 48
47 1265
48 1515
49 50
49 1092
50 1470
51 52
51 1196
52 1421
53 54
53 1305
54 1434
55 56
55 682
56 1559
57 58
57 1295
58 449
59 60
59 617
60 1098
61 62
61 389
62 406
63 64
63 651
64 635
65 66
65 1587
66 1453
67 68
67 332
68 368
69 70
69 1479
70 1220
71 72
71 403
72 1138
73 74
73 456
74 441
75 76
75 1451
76 1159
77 78
77 114
78 660
79 80
79 315
80 622
81 82
81 251
82 670
83 84
83 298
84 313
85 86
85 702
86 342
87 88
87 447
88 131
89 90
89 1513
90 866
91 92
91 1576
92 1262
93 94
93 157
94 1446
95 96
95 1005
96 67
97 98
97 634
98 996
99 100
99 1099
100 141
101 102
101 1435
102 365
103 104
103 534
104 1020
105 106
105 1393
106 1049
107 108
107 1061
108 197
109 110
109 661
110 1074
111 112
111 606
112 568
113 114
113 1371
114 807
115 116
115 1280
116 1521
117 118
117 1433
118 363
119 120
119 305
120 1412
121 122
121 1458
122 418
123 124
123 300
124 1026
125 126
125 889
126 138
127 128
127 1184
128 656
129 130
129 1567
130 590
131 132
131 1241
132 352
133 134
133 690
134 1368
135 136
135 1579
136 668
137 138
137 503
138 610
139 140
139 1530
140 929
141 142
141 1492
142 162
143 144
143 749
144 1203
145 146
145 221
146 916
147 148
147 479
148 224
149 150
149 505
150 287
151 152
151 654
152 1310
153 154
153 1609
154 398
155 156
155 1326
156 801
157 4
157 158
158 1416
159 145
159 160
160 1542
161 162
161 179
162 816
163 164
163 556
164 1040
165 166
165 1181
166 612
167 168
167 215
168 25
169 170
169 942
170 1390
171 172
171 551
172 72
173 174
173 1429
174 1443
175 176
175 1130
176 1211
177 178
177 186
178 1175
179 180
179 584
180 1572
181 182
181 599
182 211
183 184
183 1540
184 994
185 186
185 1595
186 1259
187 188
187 223
188 1422
189 190
189 1611
190 1348
191 192
191 995
192 658
193 194
193 848
194 1506
195 196
195 1551
196 852
197 198
197 1158
198 757
199 200
199 507
200 740
201 202
201 1510
202 767
203 189
203 204
204 665
205 206
205 1483
206 496
207 208
207 219
208 1571
209 210
209 979
210 1118
211 212
211 1332
212 844
213 214
213 1234
214 1574
215 56
215 216
216 640
217 218
217 1033
218 511
219 220
219 461
220 772
221 222
221 1369
222 112
223 64
223 224
224 838
225 226
225 1293
226 1164
227 228
227 1272
228 1077
229 172
229 230
230 1256
231 232
231 991
232 1522
233 234
233 951
234 536
235 236
235 1372
236 647
237 238
237 1289
238 1189
239 240
239 950
240 1548
241 242
241 276
242 1364
243 35
243 244
244 98
245 246
245 804
246 1202
247 248
247 563
248 1564
249 250
249 895
250 226
251 70
251 252
252 788
253 10
253 254
254 1366
255 163
255 256
256 440
257 258
257 953
258 1161
259 260
259 1065
260 1022
261 262
261 941
262 1552
263 264
263 948
264 133
265 266
265 384
266 900
267 268
267 885
268 565
269 95
269 270
270 1324
271 272
271 1243
272 860
273 274
273 1050
274 794
275 276
275 419
276 124
277 278
277 1069
278 248
279 280
279 1441
280 1349
281 160
281 282
282 1085
283 284
283 1252
284 274
285 286
285 539
286 719
287 288
287 1209
288 820
289 290
289 1162
290 1294
291 292
291 856
292 592
293 89
293 294
294 1109
295 296
295 1334
296 256
297 298
297 1507
298 1599
299 300
299 544
300 317
301 302
301 1231
302 1132
303 304
303 595
304 1477
305 306
305 1150
306 148
307 308
307 726
308 1028
309 217
309 310
310 336
311 312
311 392
312 326
313 314
313 731
314 662
315 316
315 1257
316 260
317 139
317 318
318 501
319 320
319 395
320 578
321 322
321 1123
322 338
323 324
323 593
324 457
325 326
325 1197
326 1146
327 78
327 328
328 1354
329 330
329 1395
330 675
331 332
331 639
332 154
333 262
333 334
334 527
335 255
335 336
336 730
337 338
337 1166
338 596
339 14
339 340
340 850
341 342
341 1423
342 310
343 344
343 444
344 655
345 346
345 366
346 898
347 348
347 437
348 194
349 350
349 739
350 1004
351 352
351 424
352 170
353 354
353 1043
354 104
355 356
355 957
356 742
357 68
357 358
358 59
359 360
359 586
360 1396
361 83
361 362
362 1464
363 364
363 1006
364 535
365 366
365 1516
366 250
367 368
367 1063
368 115
369 370
369 1411
370 1419
371 372
371 1039
372 750
373 159
373 374
374 196
375 376
375 1176
376 1442
377 378
377 787
378 643
379 380
379 1045
380 303
381 382
381 912
382 360
383 384
383 1471
384 1313
385 386
385 835
386 329
387 57
387 388
388 1362
389 390
389 851
390 1319
391 340
391 392
392 956
393 319
393 394
394 962
395 396
395 1062
396 918
397 398
397 491
398 977
399 400
399 487
400 17
401 402
401 1352
402 1456
403 191
403 404
404 1094
405 406
405 485
406 818
407 81
407 408
408 1561
409 410
409 477
410 1179
411 412
411 468
412 1528
413 414
413 1520
414 212
415 416
415 861
416 777
417 418
417 886
418 290
419 420
419 1323
420 301
421 422
421 1544
422 214
423 424
423 975
424 62
425 426
425 808
426 771
427 428
427 899
428 863
429 269
429 430
430 968
431 432
431 1367
432 516
433 434
433 1279
434 1378
435 436
435 583
436 698
437 161
437 438
438 412
439 440
439 791
440 566
441 442
441 1430
442 964
443 444
443 673
444 812
445 390
445 446
446 1452
447 448
447 548
448 618
449 66
449 450
450 615
451 173
451 452
452 152
453 454
453 1059
454 270
455 456
455 559
456 1239
457 76
457 458
458 1388
459 433
459 460
460 1232
461 462
461 1224
462 1054
463 464
463 1145
464 938
465 466
465 663
466 727
467 468
467 1269
468 1081
469 405
469 470
470 158
471 472
471 1258
472 198
473 439
473 474
474 1536
475 476
475 896
476 744
477 478
477 987
478 393
479 480
479 1556
480 1036
481 482
481 857
482 1606
483 484
483 840
484 708
485 218
485 486
486 183
487 488
487 1557
488 350
489 490
489 1573
490 1490
491 492
491 846
492 986
493 494
493 1042
494 642
495 496
495 1105
496 858
497 498
497 1038
498 466
499 500
499 1192
500 1580
501 438
501 502
502 462
503 504
503 1101
504 1058
505 506
505 1447
506 796
507 508
507 685
508 824
509 445
509 510
510 1007
511 512
511 766
512 798
513 514
513 693
514 728
515 516
515 573
516 202
517 518
517 779
518 776
519 520
519 1011
520 1481
521 1
521 522
522 711
523 188
523 524
524 448
525 526
525 1015
526 1242
527 528
527 667
528 442
529 530
529 605
530 1012
531 532
531 1274
532 1344
533 534
533 873
534 1537
535 238
535 536
536 1382
537 538
537 754
538 337
539 540
539 1613
540 616
541 542
541 1431
542 1384
543 533
543 544
544 151
545 546
545 887
546 128
547 548
547 880
548 793
549 401
549 550
550 1383
551 185
551 552
552 1261
553 27
553 554
554 1405
555 113
555 556
556 1318
557 558
557 1602
558 1174
559 233
559 560
560 1312
561 562
561 761
562 97
563 554
563 564
564 954
565 566
565 1048
566 1218
567 568
567 644
568 908
569 312
569 570
570 806
571 572
571 1089
572 821
573 8
573 574
574 240
575 576
575 845
576 1565
577 578
577 648
578 146
579 580
579 1219
580 815
581 20
581 582
582 1212
583 58
583 584
584 335
585 586
585 619
586 93
587 265
587 588
588 492
589 590
589 1124
590 572
591 592
591 1247
592 1314
593 594
593 755
594 789
595 201
595 596
596 1546
597 347
597 598
598 207
599 600
599 1503
600 1148
601 32
601 602
602 1340
603 604
603 965
604 802
605 606
605 1223
606 1406
607 608
607 1509
608 854
609 610
609 1301
610 169
611 612
611 770
612 129
613 602
613 614
614 1010
615 616
615 1183
616 935
617 618
617 1207
618 1078
619 620
619 783
620 282
621 622
621 1328
622 372
623 624
623 1052
624 293
625 626
625 1302
626 1428
627 628
627 1555
628 580
629 630
629 932
630 1266
631 632
631 1539
632 1476
633 140
633 634
634 1169
635 243
635 636
636 322
637 638
637 781
638 371
639 640
639 1409
640 28
641 48
641 642
642 1408
643 149
643 644
644 1315
645 387
645 646
646 528
647 648
647 830
648 756
649 650
649 697
650 247
651 652
651 993
652 1335
653 63
653 654
654 123
655 9
655 656
656 1436
657 399
657 658
658 1502
659 660
659 1149
660 39
661 657
661 662
662 1569
663 664
663 1357
664 1608
665 666
665 774
666 166
667 508
667 668
668 130
669 670
669 729
670 228
671 672
671 1391
672 626
673 394
673 674
674 494
675 206
675 676
676 1600
677 678
677 1282
678 1480
679 680
679 1325
680 268
681 415
681 682
682 1244
683 187
683 684
684 1127
685 686
685 1227
686 778
687 230
687 688
688 1170
689 407
689 690
690 1104
691 385
691 692
692 69
693 694
693 1317
694 421
695 627
695 696
696 1300
697 698
697 1131
698 1592
699 700
699 969
700 748
701 702
701 1287
702 841
703 704
703 1486
704 1180
705 706
705 936
706 1206
707 510
707 708
708 588
709 710
709 1604
710 302
711 443
711 712
712 314
713 714
713 1235
714 926
715 538
715 716
716 1518
717 465
717 718
718 341
719 720
719 1450
720 1504
721 400
721 722
722 470
723 724
723 786
724 242
725 726
725 839
726 1056
727 728
727 827
728 266
729 540
729 730
730 1566
731 732
731 1177
732 710
733 734
733 1140
734 677
735 203
735 736
736 299
737 738
737 1338
738 884
739 427
739 740
740 1160
741 742
741 1008
742 364
743 744
743 1100
744 1387
745 736
745 746
746 283
747 748
747 1064
748 1358
749 585
749 750
750 1086
751 752
751 1143
752 493
753 117
753 754
754 469
755 171
755 756
756 547
757 422
757 758
758 1201
759 225
759 760
760 1254
761 679
761 762
762 467
763 692
763 764
764 1448
765 766
765 1607
766 1345
767 33
767 768
768 252
769 638
769 770
770 669
771 772
771 1468
772 1474
773 774
773 1341
774 1229
775 776
775 1356
776 714
777 778
777 998
778 484
779 680
779 780
780 1496
781 782
781 1291
782 1019
783 450
783 784
784 51
785 446
785 786
786 738
787 788
787 1363
788 178
789 790
789 1425
790 1494
791 321
791 792
792 258
793 689
793 794
794 18
795 796
795 1525
796 1505
797 323
797 798
798 874
799 800
799 1303
800 1359
801 103
801 802
802 1186
803 587
803 804
804 946
805 513
805 806
806 222
807 808
807 1415
808 836
809 650
809 810
810 1141
811 541
811 812
812 1379
813 814
813 1281
814 1002
815 85
815 816
816 716
817 603
817 818
818 557
819 820
819 927
820 177
821 713
821 822
822 1612
823 824
823 1051
824 868
825 116
825 826
826 73
827 684
827 828
828 706
829 830
829 1055
830 1347
831 306
831 832
832 1198
833 373
833 834
834 1044
835 383
835 836
836 31
837 304
837 838
838 1478
839 659
839 840
840 229
841 241
841 842
842 414
843 355
843 844
844 273
845 805
845 846
846 1025
847 695
847 848
848 1031
849 850
849 883
850 402
851 205
851 852
852 630
853 799
853 854
854 1047
855 856
855 881
856 1263
857 858
857 1577
858 905
859 860
859 1549
860 1394
861 862
861 1298
862 1439
863 864
863 1308
864 396
865 411
865 866
866 11
867 868
867 1437
868 40
869 309
869 870
870 471
871 872
871 1342
872 404
873 874
873 1517
874 292
875 136
875 876
876 1593
877 878
877 982
878 1120
879 277
879 880
880 558
881 361
881 882
882 1270
883 884
883 952
884 110
885 413
885 886
886 888
887 261
887 888
888 862
889 890
889 1543
890 632
891 704
891 892
892 1596
893 37
893 894
894 1545
895 417
895 896
896 343
897 431
897 898
898 6
899 900
899 917
900 1511
901 681
901 902
902 200
903 904
903 989
904 119
905 490
905 906
906 1404
907 908
907 1327
908 82
909 910
909 1501
910 388
911 499
911 912
912 356
913 564
913 914
914 504
915 916
915 1541
916 759
917 453
917 918
918 351
919 542
919 920
920 246
921 311
921 922
922 747
923 924
923 1547
924 84
925 926
925 967
926 672
927 725
927 928
928 1217
929 930
929 944
930 52
931 607
931 932
932 454
933 934
933 1152
934 1500
935 429
935 936
936 530
937 155
937 938
938 633
939 193
939 940
940 9
941 942
941 1171
942 227
943 944
943 1588
944 945
945 907
945 946
946 1389
947 741
947 948
948 1417
949 264
949 950
950 144
951 41
951 952
952 1205
953 378
953 954
954 1129
955 552
955 956
956 1240
957 543
957 958
958 937
959 960
959 1075
960 614
961 773
961 962
962 46
963 597
963 964
964 345
965 966
965 1071
966 1024
967 968
967 1484
968 546
969 970
969 1035
970 532
971 135
971 972
972 288
973 974
973 1215
974 249
975 976
975 1297
976 281
977 879
977 978
978 1460
979 795
979 980
980 1531
981 65
981 982
982 902
983 553
983 984
984 377
985 986
985 1475
986 1376
987 988
987 1377
988 1090
989 515
989 990
990 42
991 992
991 999
992 911
993 105
993 994
994 1116
995 519
995 996
996 1276
997 54
997 998
998 1000
999 809
999 1000
1000 1420
1001 1002
1001 1489
1002 24
1003 1004
1003 1290
1004 482
1005 497
1005 1006
1006 909
1007 1008
1007 1605
1008 1253
1009 1010
1009 1550
1010 132
1011 859
1011 1012
1012 349
1013 1014
1013 1603
1014 244
1015 1016
1015 1187
1016 1360
1017 1018
1017 1194
1018 792
1019 237
1019 1020
1020 1526
1021 875
1021 1022
1022 960
1023 699
1023 1024
1024 374
1025 1026
1025 1173
1026 1060
1027 1028
1027 1053
1028 1001
1029 922
1029 1030
1030 50
1031 208
1031 1032
1032 80
1033 1034
1033 1167
1034 943
1035 150
1035 1036
1036 2
1037 1038
1037 1125
1038 75
1039 271
1039 1040
1040 416
1041 476
1041 1042
1042 182
1043 817
1043 1044
1044 231
1045 893
1045 1046
1046 666
1047 1048
1047 1097
1048 1029
1049 834
1049 1050
1050 569
1051 1037
1051 1052
1052 125
1053 624
1053 1054
1054 914
1055 653
1055 1056
1056 1137
1057 1058
1057 1331
1058 891
1059 1060
1059 1343
1060 506
1061 1062
1061 1361
1062 959
1063 1064
1063 1111
1064 600
1065 1034
1065 1066
1066 1373
1067 331
1067 1068
1068 522
1069 1070
1069 1438
1070 359
1071 1072
1071 1200
1072 1554
1073 853
1073 1074
1074 1350
1075 13
1075 1076
1076 348
1077 581
1077 1078
1078 746
1079 609
1079 1080
1080 483
1081 1082
1081 1329
1082 346
1083 882
1083 1084
1084 1021
1085 1086
1085 1560
1086 1246
1087 460
1087 1088
1088 184
1089 1090
1089 1449
1090 386
1091 451
1091 1092
1092 362
1093 1094
1093 1288
1094 474
1095 1093
1095 1096
1096 877
1097 984
1097 1098
1098 1498
1099 1100
1099 1493
1100 1533
1101 923
1101 1102
1102 1221
1103 763
1103 1104
1104 894
1105 79
1105 1106
1106 517
1107 753
1107 1108
1108 176
1109 591
1109 1110
1110 921
1111 107
1111 1112
1112 1296
1113 153
1113 1114
1114 370
1115 1116
1115 1497
1116 1586
1117 23
1117 1118
1118 1250
1119 978
1119 1120
1120 700
1121 1122
1121 1424
1122 339
1123 833
1123 1124
1124 1066
1125 521
1125 1126
1126 111
1127 1017
1127 1128
1128 1251
1129 1130
1129 1273
1130 29
1131 843
1131 1132
1132 955
1133 849
1133 1134
1134 1128
1135 1136
1135 1199
1136 769
1137 47
1137 1138
1138 410
1139 74
1139 1140
1140 1076
1141 1142
1141 1527
1142 216
1143 1136
1143 1144
1144 582
1145 1016
1145 1146
1146 1088
1147 279
1147 1148
1148 1156
1149 903
1149 1150
1150 1023
1151 1152
1151 1370
1152 272
1153 1154
1153 1598
1154 785
1155 409
1155 1156
1156 325
1157 425
1157 1158
1158 721
1159 1160
1159 1459
1160 60
1161 621
1161 1162
1162 1309
1163 108
1163 1164
1164 1413
1165 165
1165 1166
1166 294
1167 357
1167 1168
1168 254
1169 489
1169 1170
1170 118
1171 819
1171 1172
1172 641
1173 1174
1173 1398
1174 810
1175 1096
1175 1176
1176 512
1177 890
1177 1178
1178 53
1179 156
1179 1180
1180 570
1181 555
1181 1182
1182 928
1183 871
1183 1184
1184 259
1185 974
1185 1186
1186 245
1187 869
1187 1188
1188 1601
1189 1190
1189 1591
1190 620
1191 1192
1191 1299
1192 464
1193 901
1193 1194
1194 1112
1195 735
1195 1196
1196 611
1197 674
1197 1198
1198 1472
1199 1200
1199 1461
1200 1330
1201 1202
1201 1469
1202 724
1203 1204
1203 1236
1204 210
1205 1206
1205 1237
1206 636
1207 1208
1207 1214
1208 1278
1209 36
1209 1210
1210 486
1211 531
1211 1212
1212 1562
1213 167
1213 1214
1214 811
1215 1013
1215 1216
1216 1466
1217 768
1217 1218
1218 1594
1219 745
1219 1220
1220 1117
1221 990
1221 1222
1222 718
1223 813
1223 1224
1224 1307
1225 904
1225 1226
1226 180
1227 10
1227 1228
1228 1454
1229 623
1229 1230
1230 1163
1231 509
1231 1232
1232 327
1233 7
1233 1234
1234 102
1235 906
1235 1236
1236 220
1237 1238
1237 1320
1238 524
1239 375
1239 1240
1240 284
1241 1122
1241 1242
1242 239
1243 434
1243 1244
1244 291
1245 61
1245 1246
1246 328
1247 775
1247 1248
1248 720
1249 235
1249 1250
1250 278
1251 94
1251 1252
1252 1590
1253 1254
1253 1575
1254 970
1255 236
1255 1256
1256 358
1257 45
1257 1258
1258 1091
1259 436
1259 1260
1260 1432
1261 574
1261 1262
1262 832
1263 947
1263 1264
1264 577
1265 1084
1265 1266
1266 134
1267 691
1267 1268
1268 1172
1269 1115
1269 1270
1270 598
1271 629
1271 1272
1272 1225
1273 1274
1273 1485
1274 91
1275 737
1275 1276
1276 1403
1277 842
1277 1278
1278 722
1279 683
1279 1280
1280 925
1281 545
1281 1282
1282 703
1283 1230
1283 1284
1284 330
1285 931
1285 1286
1286 924
1287 1288
1287 1519
1288 21
1289 15
1289 1290
1290 1316
1291 988
1291 1292
1292 192
1293 26
1293 1294
1294 628
1295 649
1295 1296
1296 709
1297 1245
1297 1298
1298 963
1299 637
1299 1300
1300 1392
1301 829
1301 1302
1302 1009
1303 705
1303 1304
1304 1337
1305 1284
1305 1306
1306 1380
1307 537
1307 1308
1308 1182
1309 550
1309 1310
1310 1106
1311 1267
1311 1312
1312 354
1313 784
1313 1314
1314 518
1315 88
1315 1316
1316 758
1317 195
1317 1318
1318 870
1319 1057
1319 1320
1320 1018
1321 147
1321 1322
1322 992
1323 1157
1323 1324
1324 381
1325 459
1325 1326
1326 855
1327 1328
1327 1445
1328 1216
1329 765
1329 1330
1330 743
1331 562
1331 1332
1332 1210
1333 1334
1333 1402
1334 752
1335 575
1335 1336
1336 1233
1337 423
1337 1338
1338 420
1339 1073
1339 1340
1340 475
1341 571
1341 1342
1342 1401
1343 3
1343 1344
1344 426
1345 1346
1345 1491
1346 701
1347 1348
1347 1381
1348 1134
1349 1350
1349 1374
1350 318
1351 397
1351 1352
1352 289
1353 1195
1353 1354
1354 488
1355 1304
1355 1356
1356 1121
1357 980
1357 1358
1358 1226
1359 174
1359 1360
1360 263
1361 867
1361 1362
1362 168
1363 1364
1363 1563
1364 1414
1365 529
1365 1366
1366 1139
1367 814
1367 1368
1368 1410
1369 1135
1369 1370
1370 973
1371 1372
1371 1385
1372 1583
1373 1283
1373 1374
1374 1514
1375 324
1375 1376
1376 1030
1377 1378
1377 1457
1378 823
1379 1380
1379 1532
1380 514
1381 369
1381 1382
1382 1399
1383 1271
1383 1384
1384 831
1385 1079
1385 1386
1386 1523
1387 549
1387 1388
1388 966
1389 175
1389 1390
1390 1462
1391 143
1391 1392
1392 1248
1393 1155
1393 1394
1394 5
1395 473
1395 1396
1396 6
1397 380
1397 1398
1398 1178
1399 864
1399 1400
1400 5
1401 803
1401 1402
1402 1455
1403 688
1403 1404
1404 1495
1405 1153
1405 1406
1406 1041
1407 34
1407 1408
1408 1114
1409 1191
1409 1410
1410 1582
1411 1080
1411 1412
1412 44
1413 142
1413 1414
1414 828
1415 561
1415 1416
1416 919
1417 897
1417 1418
1418 316
1419 604
1419 1420
1420 1204
1421 971
1421 1422
1422 1538
1423 826
1423 1424
1424 1407
1425 86
1425 1426
1426 16
1427 253
1427 1428
1428 594
1429 1375
1429 1430
1430 295
1431 432
1431 1432
1432 734
1433 1193
1433 1434
1434 1126
1435 12
1435 1436
1436 676
1437 1438
1437 1463
1438 972
1439 22
1439 1440
1440 876
1441 1264
1441 1442
1442 1144
1443 825
1443 1444
1444 344
1445 232
1445 1446
1446 576
1447 762
1447 1448
1448 100
1449 797
1449 1450
1450 1154
1451 481
1451 1452
1452 43
1453 1454
1453 1578
1454 872
1455 1185
1455 1456
1456 1553
1457 652
1457 1458
1458 1110
1459 1460
1459 1585
1460 122
1461 1462
1461 1465
1462 976
1463 495
1463 1464
1464 878
1465 257
1465 1466
1466 190
1467 1322
1467 1468
1468 526
1469 1108
1469 1470
1470 1482
1471 285
1471 1472
1472 723
1473 1113
1473 1474
1474 1488
1475 1476
1475 1597
1476 625
1477 286
1477 1478
1478 376
1479 1027
1479 1480
1480 408
1481 1482
1481 1512
1482 296
1483 1473
1483 1484
1484 1589
1485 1427
1485 1486
1486 1119
1487 1277
1487 1488
1488 892
1489 455
1489 1490
1490 601
1491 837
1491 1492
1492 910
1493 209
1493 1494
1494 732
1495 1496
1495 1534
1496 382
1497 751
1497 1498
1498 234
1499 334
1499 1500
1500 1082
1501 1502
1501 1558
1502 1346
1503 126
1503 1504
1504 1003
1505 164
1505 1506
1506 1072
1507 847
1507 1508
1508 391
1509 1353
1509 1510
1510 463
1511 92
1511 1512
1512 1190
1513 800
1513 1514
1514 1535
1515 1397
1515 1516
1516 1487
1517 367
1517 1518
1518 1570
1519 613
1519 1520
1520 940
1521 985
1521 1522
1522 275
1523 435
1523 1524
1524 472
1525 77
1525 1526
1526 90
1527 458
1527 1528
1528 520
1529 645
1529 1530
1530 717
1531 1103
1531 1532
1532 1168
1533 671
1533 1534
1534 822
1535 1188
1535 1536
1536 30
1537 1268
1537 1538
1538 1524
1539 712
1539 1540
1540 1508
1541 181
1541 1542
1542 101
1543 1107
1543 1544
1544 127
1545 687
1545 1546
1546 49
1547 949
1547 1548
1548 1418
1549 961
1549 1550
1550 1046
1551 1285
1551 1552
1552 428
1553 213
1553 1554
1554 502
1555 1529
1555 1556
1556 353
1557 87
1557 1558
1558 1133
1559 782
1559 1560
1560 560
1561 1306
1561 1562
1562 920
1563 1249
1563 1564
1564 1208
1565 733
1565 1566
1566 120
1567 707
1567 1568
1568 199
1569 1102
1569 1570
1570 678
1571 1568
1571 1572
1572 934
1573 137
1573 1574
1574 452
1575 1351
1575 1576
1576 1260
1577 1255
1577 1578
1578 1213
1579 1275
1579 1580
1580 764
1581 99
1581 1582
1582 1499
1583 1067
1583 1584
1584 1440
1585 579
1585 1586
1586 1426
1587 297
1587 1588
1588 307
1589 204
1589 1590
1590 686
1591 1095
1591 1592
1592 933
1593 1400
1593 1594
1594 1228
1595 1311
1595 1596
1596 780
1597 308
1597 1598
1598 1614
1599 1321
1599 1600
1600 480
1601 915
1601 1602
1602 715
1603 498
1603 1604
1604 1083
1605 1068
1605 1606
1606 430
1607 1365
1607 1608
1608 694
1609 1336
1609 1610
1610 567
1611 71
1611 1612
1612 523
1613 19
1613 1614
1614 1467
