0 635
0 733
3 706
3 992
4 1180
4 1374
5 1580
6 386
7 67
7 631
8 347
8 823
9 1272
10 842
11 964
11 1391
13 1108
13 1383
15 282
15 411
17 667
17 915
19 900
19 1034
21 1270
21 1474
23 24
23 1279
24 932
25 26
25 180
26 1464
27 28
27 849
28 861
29 30
29 1030
30 608
31 32
31 172
32 1233
33 34
33 430
34 502
35 36
35 1422
36 130
37 38
37 1201
38 962
39 40
39 1479
40 1408
41 42
41 150
42 642
43 44
43 605
44 1551
45 46
45 1298
46 591
47 32
47 48
48 1414
49 50
49 1240
50 1250
51 52
51 1119
52 482
53 54
53 1044
54 290
55 56
55 390
56 1304
57 58
57 703
58 979
59 60
59 981
60 578
61 62
61 1290
62 155
63 64
63 470
64 189
65 66
65 1451
66 303
67 68
67 610
68 1084
69 70
69 324
70 994
71 72
71 1327
72 1281
73 74
73 120
74 272
75 76
75 1411
76 1224
77 78
77 437
78 930
79 80
79 672
80 871
81 82
81 192
82 1421
83 84
83 1002
84 131
85 86
85 1432
86 1561
87 88
87 162
88 626
89 90
89 141
90 1526
91 92
91 821
92 68
93 94
93 775
94 1376
95 96
95 1181
96 1410
97 98
97 1333
98 1404
99 100
99 1385
100 1104
101 102
101 1359
102 969
103 104
103 1291
104 1059
105 106
105 777
106 1262
107 108
107 1040
108 1406
109 110
109 995
110 939
111 112
111 1156
112 1038
113 114
113 377
114 759
115 116
115 376
116 621
117 118
117 409
118 1043
119 120
119 773
120 1185
121 122
121 1223
122 1094
123 124
123 1285
124 1609
125 126
125 331
126 236
127 128
127 918
128 493
129 84
129 130
130 466
131 132
131 460
132 176
133 134
133 1511
134 197
135 136
135 848
136 1318
137 138
137 1525
138 941
139 140
139 525
140 1109
141 142
141 472
142 94
143 144
143 997
144 1492
145 146
145 1225
146 1607
147 148
147 1365
148 1552
149 150
149 1278
150 1287
151 99
151 152
152 935
153 154
153 465
154 158
155 156
155 419
156 1144
157 158
157 986
158 1388
159 160
159 1483
160 179
161 162
161 410
162 225
163 39
163 164
164 1560
165 166
165 382
166 218
167 168
167 1535
168 70
169 170
169 1356
170 1221
171 172
171 963
172 682
173 69
173 174
174 1542
175 176
175 1554
176 924
177 178
177 910
178 1505
179 180
179 901
180 388
181 102
181 182
182 1425
183 184
183 529
184 420
185 186
185 820
186 883
187 188
187 309
188 346
189 190
189 574
190 814
191 192
191 893
192 675
193 194
193 316
194 535
195 196
195 527
196 584
197 198
197 1001
198 1570
199 200
199 592
200 586
201 202
201 323
202 679
203 204
203 834
204 92
205 206
205 741
206 128
207 208
207 510
208 1142
209 210
209 1496
210 1386
211 212
211 489
212 81
213 214
213 671
214 746
215 216
215 625
216 238
217 218
217 353
218 768
219 220
219 1265
220 523
221 222
221 1238
222 770
223 224
223 552
224 1172
225 226
225 516
226 1072
227 228
227 815
228 4
229 230
229 415
230 653
231 232
231 295
232 45
233 234
233 989
234 1544
235 236
235 321
236 1195
237 238
237 1245
238 898
239 240
239 1079
240 740
241 242
241 1025
242 1528
243 244
243 927
244 519
245 246
245 650
246 55
247 248
247 1300
248 912
249 250
249 716
250 1063
251 252
251 269
252 450
253 254
253 423
254 246
255 256
255 697
256 454
257 258
257 1527
258 1491
259 260
259 459
260 416
261 214
261 262
262 1028
263 264
263 778
264 905
265 266
265 617
266 1120
267 268
267 1473
268 593
269 270
269 1133
270 338
271 272
271 710
272 1328
273 274
273 837
274 612
275 276
275 926
276 828
277 278
277 1037
278 1460
279 233
279 280
280 1227
281 282
281 1246
282 825
283 284
283 1081
284 720
285 286
285 1107
286 920
287 288
287 1093
288 1
289 290
289 403
290 1380
291 292
291 585
292 1371
293 294
293 371
294 1446
295 43
295 296
296 1591
297 298
297 1373
298 725
299 300
299 566
300 640
301 23
301 302
302 1478
303 304
303 1010
304 1196
305 306
305 1559
306 1548
307 308
307 1177
308 701
309 310
309 727
310 580
311 312
311 729
312 6
313 314
313 614
314 312
315 316
315 921
316 843
317 318
317 1191
318 827
319 320
319 1427
320 299
321 322
321 613
322 26
323 324
323 1555
324 1209
325 326
325 471
326 14
327 328
327 360
328 1346
329 330
329 433
330 165
331 332
331 738
332 17
333 301
333 334
334 808
335 336
335 956
336 1466
337 11
337 338
338 122
339 340
339 1423
340 293
341 342
341 1519
342 1056
343 344
343 711
344 595
345 346
345 396
346 1184
347 177
347 348
348 397
349 350
349 1453
350 235
351 352
351 645
352 1589
353 354
353 480
354 1606
355 356
355 1586
356 1602
357 340
357 358
358 1193
359 360
359 485
360 318
361 126
361 362
362 1345
363 138
363 364
364 483
365 366
365 438
366 343
367 168
367 368
368 615
369 183
369 370
370 1110
371 372
371 742
372 1151
373 80
373 374
374 763
375 376
375 1263
376 1329
377 378
377 1271
378 609
379 380
379 1324
380 294
381 147
381 382
382 769
383 384
383 478
384 322
385 140
385 386
386 579
387 388
387 1062
388 439
389 390
389 1355
390 1077
391 330
391 392
392 300
393 394
393 481
394 440
395 396
395 859
396 1092
397 398
397 652
398 783
399 400
399 1033
400 556
401 402
401 1260
402 818
403 404
403 1168
404 1352
405 283
405 406
406 810
407 408
407 1575
408 380
409 410
409 1515
410 1239
411 412
411 896
412 833
413 414
413 1032
414 546
415 416
415 1512
416 925
417 418
417 1610
418 753
419 420
419 544
420 506
421 205
421 422
422 239
423 265
423 424
424 838
425 426
425 1510
426 904
427 428
427 1137
428 794
429 171
429 430
430 547
431 432
431 1121
432 108
433 434
433 1549
434 104
435 436
435 498
436 495
437 438
437 749
438 271
439 440
439 447
440 1574
441 250
441 442
442 1302
443 444
443 987
444 254
445 223
445 446
446 1344
447 448
447 1068
448 1210
449 450
449 1105
450 1330
451 229
451 452
452 257
453 375
453 454
454 724
455 78
455 456
456 1592
457 458
457 1019
458 800
459 460
459 881
460 255
461 262
461 462
462 1564
463 464
463 721
464 114
465 466
465 942
466 136
467 468
467 643
468 153
469 215
469 470
470 699
471 251
471 472
472 899
473 105
473 474
474 728
475 333
475 476
476 311
477 478
477 873
478 1550
479 480
479 1103
480 1218
481 482
481 1447
482 1116
483 435
483 484
484 1112
485 486
485 1293
486 1042
487 329
487 488
488 894
489 490
489 887
490 1350
491 492
491 1539
492 677
493 320
493 494
494 367
495 496
495 1308
496 1100
497 498
497 990
498 1444
499 145
499 500
500 654
501 502
501 1538
502 1530
503 427
503 504
504 600
505 506
505 793
506 310
507 508
507 1049
508 1128
509 7
509 510
510 1064
511 512
511 891
512 16
513 514
513 693
514 458
515 516
515 923
516 414
517 137
517 518
518 1436
519 520
519 1071
520 484
521 511
521 522
522 832
523 524
523 809
524 106
525 457
525 526
526 1485
527 528
527 1341
528 46
529 281
529 530
530 862
531 532
531 698
532 627
533 253
533 534
534 1194
535 217
535 536
536 24
537 538
537 1431
538 1013
539 540
539 872
540 142
541 542
541 1397
542 372
543 544
543 950
544 418
545 387
545 546
546 1558
547 548
547 669
548 358
549 550
549 1171
550 540
551 552
551 911
552 1566
553 554
553 1509
554 203
555 451
555 556
556 780
557 558
557 882
558 1480
559 560
559 1322
560 21
561 562
561 1477
562 1314
563 564
563 895
564 991
565 566
565 1091
566 826
567 33
567 568
568 644
569 369
569 570
570 1597
571 572
571 1090
572 966
573 557
573 574
574 1257
575 576
575 1226
576 2
577 578
577 1576
578 594
579 580
579 928
580 732
581 582
581 1161
582 366
583 584
583 1127
584 1213
585 513
585 586
586 436
587 268
587 588
588 1296
589 590
589 1325
590 512
591 592
591 774
592 74
593 594
593 1036
594 156
595 596
595 1537
596 1429
597 598
597 1015
598 1516
599 127
599 600
600 5
601 561
601 602
602 75
603 169
603 604
604 1500
605 606
605 1563
606 148
607 608
607 1461
608 666
609 163
609 610
610 1295
611 612
611 857
612 1186
613 220
613 614
614 919
615 479
615 616
616 684
617 259
617 618
618 1058
619 475
619 620
620 704
621 42
621 622
622 1470
623 624
623 1412
624 1124
625 626
625 1051
626 22
627 628
627 680
628 1026
629 630
629 735
630 228
631 632
631 1407
632 558
633 571
633 634
634 1598
635 636
635 755
636 542
637 638
637 1141
638 616
639 640
639 1069
640 668
641 356
641 642
642 1102
643 644
643 1266
644 522
645 406
645 646
646 1362
647 648
647 1139
648 1203
649 515
649 650
650 1481
651 652
651 1169
652 28
653 654
653 1065
654 1027
655 12
655 656
656 182
657 658
657 1499
658 884
659 660
659 1381
660 90
661 662
661 902
662 758
663 664
663 954
664 116
665 38
665 666
666 496
667 668
667 1160
668 370
669 543
669 670
670 201
671 611
671 672
672 526
673 674
673 985
674 1066
675 676
675 700
676 1074
677 151
677 678
678 332
679 680
679 984
680 1136
681 499
681 682
682 879
683 684
683 743
684 1216
685 686
685 1012
686 1316
687 688
687 1613
688 115
689 284
689 690
690 1534
691 692
691 761
692 824
693 694
693 1273
694 383
695 53
695 696
696 988
697 698
697 1524
698 242
699 700
699 1543
700 760
701 702
701 1358
702 474
703 117
703 704
704 1264
705 706
705 1339
706 581
707 708
707 1523
708 1247
709 647
709 710
710 717
711 630
711 712
712 576
713 714
713 1366
714 796
715 8
715 716
716 787
717 718
717 1545
718 413
719 720
719 1125
720 1400
721 722
721 1095
722 314
723 724
723 1299
724 952
725 258
725 726
726 212
727 76
727 728
728 1476
729 730
729 999
730 856
731 588
731 732
732 766
733 118
733 734
734 877
735 452
735 736
736 980
737 738
737 1243
738 944
739 619
739 740
740 1052
741 341
741 742
742 1601
743 351
743 744
744 1288
745 746
745 1005
746 507
747 748
747 1588
748 442
749 618
749 750
750 846
751 752
751 1057
752 689
753 754
753 864
754 731
755 756
755 789
756 1375
757 758
757 955
758 784
759 15
759 760
760 56
761 531
761 762
762 88
763 764
763 1449
764 135
765 766
765 936
766 1083
767 768
767 1573
768 798
769 770
769 1082
770 425
771 607
771 772
772 1332
773 774
773 1041
774 860
775 776
775 1585
776 1475
777 778
777 953
778 1261
779 391
779 780
780 1135
781 782
781 1389
782 308
783 306
783 784
784 1076
785 786
785 1503
786 1394
787 736
787 788
788 822
789 237
789 790
790 30
791 792
791 1428
792 1248
793 224
793 794
794 874
795 210
795 796
796 261
797 798
797 1351
798 1317
799 573
799 800
800 1188
801 802
801 1253
802 624
803 713
803 804
804 623
805 57
805 806
806 252
807 808
807 811
808 1280
809 109
809 810
810 869
811 93
811 812
812 245
813 814
813 1258
814 702
815 405
815 816
816 1157
817 818
817 1003
818 968
819 820
819 1208
820 1419
821 822
821 1520
822 196
823 824
823 852
824 234
825 734
825 826
826 175
827 209
827 828
828 858
829 830
829 1335
830 520
831 549
831 832
832 946
833 834
833 1547
834 889
835 449
835 836
836 1215
837 838
837 1237
838 313
839 840
839 1306
840 676
841 659
841 842
842 1134
843 565
843 844
844 1541
845 421
845 846
846 426
847 327
847 848
848 1312
849 850
849 1297
850 797
851 771
851 852
852 1035
853 854
853 1594
854 622
855 856
855 1438
856 18
857 858
857 1387
858 48
859 103
859 860
860 970
861 363
861 862
862 878
863 149
863 864
864 276
865 866
865 1222
866 1361
867 868
867 1101
868 524
869 597
869 870
870 806
871 602
871 872
872 1166
873 836
873 874
874 692
875 350
875 876
876 929
877 590
877 878
878 1114
879 880
879 1488
880 1456
881 882
881 1581
882 975
883 352
883 884
884 1568
885 886
885 1219
886 1158
887 745
887 888
888 10
889 890
889 1378
890 1426
891 85
891 892
892 1430
893 894
893 1155
894 641
895 896
895 933
896 1187
897 898
897 1046
898 788
899 900
899 1437
900 500
901 902
901 1153
902 1521
903 686
903 904
904 398
905 906
905 1507
906 1518
907 231
907 908
908 1189
909 910
909 1053
910 291
911 912
911 1022
912 658
913 244
913 914
914 368
915 216
915 916
916 744
917 918
917 1413
918 737
919 52
919 920
920 100
921 339
921 922
922 530
923 157
923 924
924 748
925 926
925 1506
926 1138
927 687
927 928
928 620
929 930
929 1405
930 1595
931 521
931 932
932 532
933 503
933 934
934 1241
935 164
935 936
936 1441
937 670
937 938
938 1236
939 97
939 940
940 1150
941 937
941 942
942 1202
943 909
943 944
944 1323
945 946
945 1220
946 792
947 948
947 1320
948 972
949 950
949 1129
950 1167
951 952
951 1251
952 634
953 541
953 954
954 1599
955 337
955 956
956 98
957 958
957 959
958 82
959 476
959 960
960 1536
961 962
961 1269
962 1182
963 964
963 1363
964 1611
965 831
965 966
966 25
967 968
967 1073
968 1368
969 648
969 970
970 1357
971 673
971 972
972 186
973 807
973 974
974 1207
975 685
975 976
976 754
977 841
977 978
978 1584
979 949
979 980
980 211
981 982
981 1050
982 274
983 379
983 984
984 445
985 986
985 1331
986 477
987 181
987 988
988 1024
989 696
989 990
990 1165
991 992
991 1048
992 152
993 629
993 994
994 361
995 389
995 996
996 553
997 202
997 998
998 1117
999 803
999 1000
1000 514
1001 1002
1001 1372
1002 504
1003 159
1003 1004
1004 1468
1005 947
1005 1006
1006 107
1007 517
1007 1008
1008 37
1009 1010
1009 1578
1010 204
1011 47
1011 1012
1012 125
1013 277
1013 1014
1014 1020
1015 1016
1015 1605
1016 1159
1017 1018
1017 1583
1018 59
1019 1011
1019 1020
1020 408
1021 1022
1021 1529
1022 83
1023 1024
1023 1504
1024 649
1025 1026
1025 1183
1026 462
1027 20
1027 1028
1028 1164
1029 1030
1029 1401
1030 10
1031 1032
1031 1577
1032 1590
1033 365
1033 1034
1034 296
1035 1036
1035 1292
1036 582
1037 1038
1037 1487
1038 568
1039 661
1039 1040
1040 575
1041 1042
1041 1435
1042 636
1043 835
1043 1044
1044 639
1045 273
1045 1046
1046 221
1047 486
1047 1048
1048 844
1049 1050
1049 1303
1050 73
1051 77
1051 1052
1052 1310
1053 113
1053 1054
1054 863
1055 767
1055 1056
1056 804
1057 961
1057 1058
1058 453
1059 264
1059 1060
1060 270
1061 1017
1061 1062
1062 279
1063 534
1063 1064
1064 1176
1065 501
1065 1066
1066 490
1067 707
1067 1068
1068 1342
1069 1008
1069 1070
1070 886
1071 819
1071 1072
1072 1148
1073 412
1073 1074
1074 1416
1075 548
1075 1076
1076 802
1077 977
1077 1078
1078 1123
1079 993
1079 1080
1080 913
1081 1082
1081 1465
1082 280
1083 448
1083 1084
1084 628
1085 1086
1085 1230
1086 866
1087 399
1087 1088
1088 722
1089 243
1089 1090
1090 587
1091 1092
1091 1433
1092 914
1093 1094
1093 1469
1094 1006
1095 1096
1095 1315
1096 378
1097 663
1097 1098
1098 1214
1099 1100
1099 1369
1100 1390
1101 1102
1101 1111
1102 850
1103 528
1103 1104
1104 1502
1105 589
1105 1106
1106 596
1107 971
1107 1108
1108 606
1109 747
1109 1110
1110 342
1111 973
1111 1112
1112 404
1113 89
1113 1114
1114 455
1115 1116
1115 1593
1116 200
1117 1118
1117 1309
1118 1448
1119 1120
1119 1217
1120 407
1121 1122
1121 1145
1122 392
1123 562
1123 1124
1124 1014
1125 851
1125 1126
1126 232
1127 1128
1127 1501
1128 326
1129 431
1129 1130
1130 263
1131 1047
1131 1132
1132 880
1133 101
1133 1134
1134 207
1135 1136
1135 1600
1136 1424
1137 583
1137 1138
1138 840
1139 751
1139 1140
1140 1367
1141 1142
1141 1498
1142 1078
1143 345
1143 1144
1144 892
1145 443
1145 1146
1146 1442
1147 845
1147 1148
1148 830
1149 1150
1149 1417
1150 1178
1151 1152
1151 1277
1152 536
1153 1154
1153 1229
1154 1305
1155 1007
1155 1156
1156 1603
1157 469
1157 1158
1158 1098
1159 1160
1159 1321
1160 967
1161 567
1161 1162
1162 1587
1163 1164
1163 1434
1164 1396
1165 1166
1165 1337
1166 424
1167 1168
1167 1343
1168 1494
1169 885
1169 1170
1170 160
1171 304
1171 1172
1172 960
1173 1174
1173 1205
1174 1228
1175 1162
1175 1176
1176 1482
1177 27
1177 1178
1178 922
1179 429
1179 1180
1180 903
1181 50
1181 1182
1182 206
1183 488
1183 1184
1184 662
1185 1085
1185 1186
1186 1174
1187 1106
1187 1188
1188 934
1189 533
1189 1190
1190 1353
1191 213
1191 1192
1192 1557
1193 931
1193 1194
1194 637
1195 678
1195 1196
1196 174
1197 60
1197 1198
1198 446
1199 1130
1199 1200
1200 461
1201 1021
1201 1202
1202 1569
1203 867
1203 1204
1204 1086
1205 938
1205 1206
1206 1614
1207 492
1207 1208
1208 633
1209 9
1209 1210
1210 402
1211 227
1211 1212
1212 1149
1213 1214
1213 1546
1214 1454
1215 95
1215 1216
1216 154
1217 1218
1217 1467
1218 124
1219 219
1219 1220
1220 1268
1221 167
1221 1222
1222 1252
1223 855
1223 1224
1224 1070
1225 719
1225 1226
1226 166
1227 1228
1227 1274
1228 266
1229 709
1229 1230
1230 302
1231 943
1231 1232
1232 1018
1233 570
1233 1234
1234 1459
1235 139
1235 1236
1236 1455
1237 1238
1237 1457
1238 847
1239 292
1239 1240
1240 974
1241 187
1241 1242
1242 560
1243 267
1243 1244
1244 1409
1245 951
1245 1246
1246 178
1247 256
1247 1248
1248 208
1249 756
1249 1250
1250 1608
1251 191
1251 1252
1252 1596
1253 982
1253 1254
1254 1204
1255 222
1255 1256
1256 577
1257 1258
1257 1289
1258 505
1259 599
1259 1260
1260 957
1261 319
1261 1262
1262 764
1263 1264
1263 1445
1264 286
1265 393
1265 1266
1266 1458
1267 1212
1267 1268
1268 1075
1269 1270
1269 1571
1270 1514
1271 1061
1271 1272
1272 888
1273 1274
1273 1462
1274 1096
1275 799
1275 1276
1276 110
1277 1278
1277 1439
1278 1256
1279 1267
1279 1280
1280 1294
1281 1282
1281 1395
1282 1004
1283 1284
1283 1347
1284 464
1285 1286
1285 1418
1286 604
1287 765
1287 1288
1288 539
1289 1290
1289 1517
1290 184
1291 791
1291 1292
1292 564
1293 65
1293 1294
1294 1415
1295 441
1295 1296
1296 1088
1297 1284
1297 1298
1298 665
1299 444
1299 1300
1300 1450
1301 940
1301 1302
1302 691
1303 1304
1303 1313
1304 965
1305 917
1305 1306
1306 1360
1307 782
1307 1308
1308 1242
1309 694
1309 1310
1310 394
1311 1029
1311 1312
1312 5
1313 134
1313 1314
1314 1354
1315 195
1315 1316
1316 776
1317 248
1317 1318
1318 712
1319 681
1319 1320
1320 1140
1321 688
1321 1322
1322 364
1323 1039
1323 1324
1324 305
1325 601
1325 1326
1326 35
1327 1328
1327 1489
1328 646
1329 726
1329 1330
1330 1152
1331 359
1331 1332
1332 550
1333 1334
1333 1522
1334 854
1335 757
1335 1336
1336 344
1337 230
1337 1338
1338 13
1339 317
1339 1340
1340 1115
1341 695
1341 1342
1342 1054
1343 1344
1343 1472
1344 198
1345 1346
1345 1452
1346 1384
1347 1348
1347 1579
1348 829
1349 1009
1349 1350
1350 839
1351 1000
1351 1352
1352 1254
1353 72
1353 1354
1354 432
1355 1045
1355 1356
1356 739
1357 674
1357 1358
1358 906
1359 781
1359 1360
1360 468
1361 61
1361 1362
1362 62
1363 473
1363 1364
1364 1080
1365 1366
1365 1393
1366 1348
1367 1097
1367 1368
1368 730
1369 357
1369 1370
1370 718
1371 63
1371 1372
1372 945
1373 491
1373 1374
1374 1199
1375 487
1375 1376
1376 144
1377 865
1377 1378
1378 1338
1379 1089
1379 1380
1380 656
1381 395
1381 1382
1382 655
1383 1286
1383 1384
1384 1531
1385 3
1385 1386
1386 385
1387 31
1387 1388
1388 278
1389 785
1389 1390
1390 132
1391 335
1391 1392
1392 1244
1393 723
1393 1394
1394 598
1395 1173
1395 1396
1396 708
1397 71
1397 1398
1398 632
1399 285
1399 1400
1400 816
1401 1154
1401 1402
1402 161
1403 1404
1403 1533
1404 1336
1405 58
1405 1406
1406 870
1407 1067
1407 1408
1408 298
1409 1200
1409 1410
1410 1146
1411 374
1411 1412
1412 1398
1413 1414
1413 1582
1414 772
1415 241
1415 1416
1416 1198
1417 1163
1417 1418
1418 978
1419 1377
1419 1420
1420 1484
1421 1422
1421 1440
1422 1562
1423 1283
1423 1424
1424 1490
1425 194
1425 1426
1426 976
1427 983
1427 1428
1428 1192
1429 348
1429 1430
1430 9
1431 683
1431 1432
1432 373
1433 1249
1433 1434
1434 325
1435 875
1435 1436
1436 554
1437 1438
1437 1493
1438 49
1439 545
1439 1440
1440 1370
1441 1307
1441 1442
1442 456
1443 1234
1443 1444
1444 1349
1445 715
1445 1446
1446 762
1447 1319
1447 1448
1448 1190
1449 86
1449 1450
1450 185
1451 467
1451 1452
1452 1567
1453 287
1453 1454
1454 64
1455 1456
1455 1540
1456 916
1457 193
1457 1458
1458 603
1459 559
1459 1460
1460 1532
1461 1211
1461 1462
1462 657
1463 111
1463 1464
1464 36
1465 509
1465 1466
1466 362
1467 555
1467 1468
1468 508
1469 119
1469 1470
1470 1508
1471 79
1471 1472
1472 1275
1473 1471
1473 1474
1474 354
1475 381
1475 1476
1476 1282
1477 908
1477 1478
1478 1126
1479 948
1479 1480
1480 428
1481 1403
1481 1482
1482 813
1483 569
1483 1484
1484 288
1485 1023
1485 1486
1486 497
1487 434
1487 1488
1488 173
1489 349
1489 1490
1490 384
1491 247
1491 1492
1492 6
1493 1170
1493 1494
1494 812
1495 1031
1495 1496
1496 1604
1497 868
1497 1498
1498 1197
1499 876
1499 1500
1500 66
1501 146
1501 1502
1502 1326
1503 805
1503 1504
1504 463
1505 1311
1505 1506
1506 41
1507 19
1507 1508
1508 417
1509 518
1509 1510
1510 199
1511 1463
1511 1512
1512 1553
1513 1087
1513 1514
1514 790
1515 1147
1515 1516
1516 143
1517 1392
1517 1518
1518 240
1519 297
1519 1520
1520 1099
1521 1175
1521 1522
1522 249
1523 907
1523 1524
1524 795
1525 651
1525 1526
1526 40
1527 1276
1527 1528
1528 96
1529 1379
1529 1530
1530 1118
1531 1255
1531 1532
1532 188
1533 1340
1533 1534
1534 1206
1535 44
1535 1536
1536 1132
1537 660
1537 1538
1538 123
1539 1113
1539 1540
1540 664
1541 958
1541 1542
1542 801
1543 1513
1543 1544
1544 1334
1545 1259
1545 1546
1546 1143
1547 400
1547 1548
1548 29
1549 1231
1549 1550
1550 853
1551 1402
1551 1552
1552 1382
1553 537
1553 1554
1554 538
1555 1055
1555 1556
1556 1122
1557 401
1557 1558
1558 328
1559 355
1559 1560
1560 572
1561 1232
1561 1562
1562 112
1563 563
1563 1564
1564 190
1565 170
1565 1566
1566 714
1567 996
1567 1568
1568 275
1569 260
1569 1570
1570 1420
1571 133
1571 1572
1572 422
1573 129
1573 1574
1574 750
1575 54
1575 1576
1576 1497
1577 752
1577 1578
1578 1301
1579 1179
1579 1580
1580 890
1581 817
1581 1582
1582 1235
1583 1399
1583 1584
1584 307
1585 91
1585 1586
1586 551
1587 1131
1587 1588
1588 1612
1589 998
1589 1590
1590 1443
1591 334
1591 1592
1592 1556
1593 1572
1593 1594
1594 1016
1595 494
1595 1596
1596 34
1597 897
1597 1598
1598 336
1599 1364
1599 1600
1600 226
1601 51
1601 1602
1602 779
1603 1495
1603 1604
1604 1565
1605 705
1605 1606
1606 690
1607 315
1607 1608
1608 289
1609 87
1609 1610
1610 638
1611 1486
1611 1612
1612 786
1613 121
1613 1614
1614 1060
