0 385
0 1302
2 244
2 1437
3 805
3 1390
4 129
4 605
5 836
6 252
9 373
9 1505
10 1101
10 1165
11 457
12 1190
13 574
13 807
15 570
15 1490
17 269
17 567
19 733
19 828
21 819
21 1483
23 24
23 800
24 1220
25 26
25 1323
26 105
27 28
27 637
28 1230
29 30
29 592
30 296
31 32
31 146
32 1099
33 34
33 189
34 176
35 36
35 1413
36 588
37 38
37 1078
38 1360
39 40
39 1143
40 482
41 42
41 444
42 1385
43 44
43 1347
44 58
45 46
45 716
46 572
47 48
47 959
48 370
49 50
49 1304
50 1010
51 52
51 798
52 14
53 54
53 641
54 99
55 56
55 1295
56 1132
57 58
57 245
58 806
59 60
59 750
60 787
61 62
61 233
62 802
63 64
63 325
64 600
65 66
65 402
66 130
67 68
67 1383
68 689
69 70
69 234
70 62
71 72
71 902
72 1606
73 74
73 755
74 766
75 76
75 858
76 1473
77 78
77 670
78 520
79 80
79 228
80 1522
81 82
81 237
82 522
83 84
83 1276
84 488
85 86
85 1548
86 1092
87 88
87 1077
88 696
89 90
89 977
90 23
91 92
91 598
92 872
93 94
93 540
94 1406
95 96
95 1506
96 1135
97 98
97 1194
98 73
99 100
99 634
100 1338
101 95
101 102
102 74
103 104
103 1100
104 29
105 106
105 1412
106 1388
107 108
107 1263
108 50
109 110
109 823
110 1244
111 112
111 463
112 344
113 114
113 1021
114 291
115 116
115 1470
116 671
117 118
117 1573
118 629
119 120
119 359
120 1566
121 122
121 1179
122 15
123 124
123 971
124 37
125 126
125 1273
126 864
127 128
127 1604
128 1226
129 130
129 1449
130 97
131 132
131 384
132 161
133 134
133 1425
134 1008
135 136
135 553
136 778
137 138
137 550
138 416
139 140
139 1564
140 426
141 142
141 1327
142 1232
143 117
143 144
144 1353
145 146
145 282
146 1539
147 148
147 995
148 1584
149 150
149 721
150 796
151 152
151 1436
152 390
153 154
153 630
154 182
155 156
155 368
156 1087
157 158
157 1434
158 676
159 85
159 160
160 172
161 162
161 678
162 1540
163 164
163 694
164 579
165 166
165 1545
166 758
167 168
167 255
168 336
169 170
169 1109
170 77
171 172
171 481
172 124
173 174
173 1489
174 1440
175 176
175 1403
176 1282
177 178
177 430
178 554
179 180
179 1355
180 746
181 182
181 1318
182 870
183 184
183 1171
184 1438
185 186
185 1112
186 1097
187 188
187 619
188 1006
189 190
189 322
190 232
191 157
191 192
192 672
193 194
193 412
194 1062
195 196
195 1115
196 665
197 198
197 1594
198 492
199 200
199 1047
200 355
201 52
201 202
202 1312
203 204
203 387
204 127
205 2
205 206
206 912
207 193
207 208
208 1511
209 210
209 1508
210 1462
211 212
211 1482
212 1076
213 214
213 594
214 593
215 216
215 1279
216 830
217 218
217 636
218 1030
219 220
219 1053
220 76
221 222
221 353
222 156
223 224
223 343
224 268
225 226
225 821
226 1034
227 228
227 271
228 1173
229 230
229 1216
230 1568
231 232
231 816
232 538
233 234
233 1206
234 997
235 236
235 403
236 983
237 238
237 249
238 956
239 240
239 377
240 1480
241 242
241 1569
242 667
243 244
243 479
244 752
245 246
245 1151
246 862
247 248
247 1009
248 476
249 250
249 1405
250 326
251 252
251 497
252 1159
253 254
253 582
254 421
255 256
255 918
256 739
257 258
257 1542
258 1063
259 260
259 684
260 820
261 262
261 410
262 916
263 264
263 797
264 839
265 266
265 639
266 187
267 268
267 552
268 154
269 270
269 1415
270 702
271 272
271 1231
272 838
273 274
273 1023
274 1375
275 276
275 1265
276 1197
277 278
277 935
278 1114
279 280
279 475
280 238
281 282
281 1443
282 1274
283 284
283 1366
284 1518
285 286
285 928
286 13
287 288
287 1501
288 907
289 290
289 1172
290 1202
291 292
291 1145
292 1529
293 294
293 1043
294 1592
295 171
295 296
296 261
297 298
297 1474
298 867
299 300
299 1183
300 590
301 302
301 999
302 346
303 304
303 1125
304 699
305 306
305 510
306 18
307 308
307 1278
308 1498
309 165
309 310
310 468
311 312
311 1512
312 1214
313 314
313 568
314 462
315 47
315 316
316 922
317 318
317 543
318 1391
319 320
319 908
320 1123
321 322
321 555
322 1369
323 134
323 324
324 201
325 326
325 895
326 1036
327 67
327 328
328 1571
329 330
329 713
330 357
331 332
331 931
332 362
333 90
333 334
334 631
335 336
335 825
336 69
337 338
337 618
338 1046
339 340
339 1351
340 744
341 169
341 342
342 1268
343 344
343 1284
344 1345
345 4
345 346
346 340
347 348
347 1277
348 879
349 350
349 754
350 604
351 352
351 1559
352 1170
353 21
353 354
354 1082
355 356
355 890
356 569
357 6
357 358
358 564
359 360
359 1359
360 1533
361 362
361 425
362 868
363 364
363 1494
364 1358
365 366
365 760
366 1340
367 368
367 1052
368 512
369 143
369 370
370 614
371 372
371 658
372 808
373 374
373 507
374 266
375 376
375 541
376 177
377 125
377 378
378 940
379 380
379 1134
380 644
381 382
381 799
382 102
383 321
383 384
384 495
385 386
385 577
386 1372
387 388
387 1441
388 272
389 337
389 390
390 817
391 367
391 392
392 88
393 356
393 394
394 408
395 396
395 973
396 1290
397 207
397 398
398 738
399 400
399 923
400 71
401 402
401 945
402 32
403 404
403 791
404 288
405 87
405 406
406 397
407 408
407 515
408 24
409 410
409 1248
410 932
411 412
411 436
412 1328
413 414
413 709
414 731
415 416
415 963
416 1574
417 418
417 445
418 285
419 420
419 1192
420 376
421 422
421 626
422 1398
423 256
423 424
424 1485
425 426
425 435
426 6
427 173
427 428
428 938
429 430
429 1261
430 19
431 432
431 1073
432 212
433 434
433 1221
434 1387
435 369
435 436
436 427
437 319
437 438
438 654
439 440
439 1314
440 110
441 442
441 826
442 48
443 118
443 444
444 783
445 446
445 1158
446 243
447 448
447 1384
448 42
449 175
449 450
450 1610
451 452
451 786
452 1300
453 454
453 877
454 106
455 456
455 1237
456 900
457 191
457 458
458 1364
459 264
459 460
460 1448
461 462
461 1336
462 454
463 464
463 857
464 967
465 466
465 581
466 621
467 468
467 693
468 1166
469 470
469 1104
470 723
471 53
471 472
472 372
473 208
473 474
474 456
475 476
475 1272
476 304
477 478
477 1191
478 1497
479 371
479 480
480 405
481 482
481 643
482 1316
483 139
483 484
484 833
485 279
485 486
486 195
487 46
487 488
488 1332
489 490
489 978
490 882
491 492
491 1464
492 300
493 446
493 494
494 1510
495 496
495 958
496 1420
497 57
497 498
498 1299
499 407
499 500
500 1144
501 502
501 998
502 1456
503 504
503 1239
504 230
505 33
505 506
506 703
507 508
507 1293
508 61
509 417
509 510
510 1088
511 512
511 1557
512 700
513 263
513 514
514 1199
515 516
515 969
516 948
517 518
517 1111
518 861
519 16
519 520
520 730
521 301
521 522
522 276
523 524
523 1283
524 1414
525 526
525 1429
526 1113
527 528
527 652
528 620
529 530
529 837
530 210
531 219
531 532
532 715
533 534
533 1222
534 1122
535 536
535 707
536 22
537 538
537 1433
538 892
539 540
539 655
540 316
541 443
541 542
542 1324
543 227
543 544
544 642
545 546
545 1305
546 536
547 141
547 548
548 1243
549 223
549 550
550 473
551 41
551 552
552 505
553 554
553 950
554 190
555 221
555 556
556 901
557 439
557 558
558 278
559 560
559 1296
560 138
561 562
561 1578
562 866
563 366
563 564
564 1580
565 10
565 566
566 994
567 45
567 568
568 164
569 570
569 848
570 852
571 348
571 572
572 1204
573 574
573 893
574 720
575 576
575 1250
576 398
577 578
577 1195
578 1085
579 580
579 1215
580 1198
581 582
581 990
582 675
583 584
583 1039
584 448
585 441
585 586
586 544
587 588
587 603
588 1
589 311
589 590
590 422
591 592
591 711
592 1370
593 258
593 594
594 1386
595 596
595 913
596 460
597 598
597 804
598 1396
599 600
599 781
600 1330
601 602
601 1110
602 307
603 604
603 1472
604 840
605 606
605 1608
606 1162
607 608
607 1589
608 382
609 200
609 610
610 1374
611 612
611 615
612 345
613 289
613 614
614 551
615 616
615 1535
616 1029
617 618
617 673
618 178
619 620
619 1457
620 1081
621 622
621 1393
622 558
623 89
623 624
624 1614
625 626
625 1203
626 1315
627 628
627 1235
628 1547
629 630
629 708
630 498
631 453
631 632
632 1260
633 119
633 634
634 72
635 636
635 663
636 539
637 549
637 638
638 1269
639 640
639 1223
640 132
641 565
641 642
642 350
643 633
643 644
644 38
645 17
645 646
646 533
647 648
647 933
648 1560
649 70
649 650
650 609
651 652
651 757
652 1504
653 654
653 896
654 976
655 656
655 801
656 55
657 658
657 1417
658 433
659 303
659 660
660 947
661 662
661 1096
662 168
663 664
663 1334
664 151
665 666
665 1532
666 250
667 668
667 1317
668 220
669 670
669 981
670 1241
671 222
671 672
672 559
673 347
673 674
674 496
675 251
675 676
676 92
677 678
677 1350
678 936
679 680
679 775
680 302
681 682
681 1326
682 198
683 684
683 845
684 328
685 686
685 875
686 1541
687 688
687 829
688 1032
689 49
689 690
690 1428
691 692
691 1442
692 254
693 363
693 694
694 179
695 685
695 696
696 1565
697 698
697 1189
698 1537
699 386
699 700
700 116
701 364
701 702
702 1558
703 704
703 842
704 152
705 706
705 1270
706 601
707 708
707 1467
708 1281
709 485
709 710
710 1607
711 378
711 712
712 844
713 714
713 1079
714 1402
715 716
715 785
716 957
717 718
717 939
718 1322
719 720
719 1321
720 1181
721 360
721 722
722 80
723 93
723 724
724 888
725 726
725 899
726 1400
727 728
727 1027
728 26
729 730
729 1086
730 1212
731 583
731 732
732 690
733 82
733 734
734 1236
735 736
735 865
736 688
737 205
737 738
738 1292
739 239
739 740
740 1399
741 123
741 742
742 1586
743 744
743 1349
744 434
745 746
745 1038
746 506
747 748
747 1423
748 1600
749 183
749 750
750 514
751 752
751 1297
752 1590
753 754
753 1095
754 724
755 155
755 756
756 458
757 199
757 758
758 1576
759 518
759 760
760 1354
761 406
761 762
762 226
763 764
763 1233
764 293
765 766
765 1465
766 1005
767 648
767 768
768 504
769 770
769 1595
770 1357
771 772
771 1161
772 137
773 774
773 909
774 1598
775 776
775 1245
776 400
777 181
777 778
778 534
779 780
779 1022
780 1178
781 782
781 986
782 1460
783 661
783 784
784 174
785 771
785 786
786 1346
787 499
787 788
788 1234
789 531
789 790
790 167
791 792
791 921
792 777
793 794
793 1583
794 379
795 625
795 796
796 332
797 798
797 1155
798 1493
799 800
799 934
800 589
801 802
801 1050
802 516
803 617
803 804
804 566
805 806
805 1252
806 873
807 452
807 808
808 1142
809 810
809 811
810 1416
811 812
811 951
812 1049
813 814
813 1205
814 418
815 25
815 816
816 698
817 818
817 1455
818 1068
819 820
819 1381
820 1352
821 813
821 822
822 126
823 824
823 1356
824 1182
825 826
825 1581
826 247
827 530
827 828
828 1609
829 94
829 830
830 946
831 3
831 832
832 1146
833 834
833 869
834 459
835 836
835 1041
836 450
837 428
837 838
838 494
839 30
839 840
840 202
841 842
841 1286
842 1012
843 844
843 1107
844 1018
845 31
845 846
846 1452
847 257
847 848
848 1229
849 850
849 863
850 411
851 852
851 919
852 1426
853 854
853 984
854 725
855 420
855 856
856 1064
857 858
857 1149
858 737
859 525
859 860
860 597
861 862
861 943
862 647
863 859
863 864
864 1459
865 866
865 1228
866 874
867 868
867 1447
868 1002
869 870
869 1313
870 1156
871 850
871 872
872 1024
873 502
873 874
874 742
875 241
875 876
876 666
877 878
877 1058
878 40
879 880
879 903
880 898
881 767
881 882
882 1306
883 395
883 884
884 1418
885 886
885 1389
886 562
887 888
887 1251
888 1119
889 664
889 890
890 1344
891 329
891 892
892 1458
893 894
893 961
894 710
895 486
895 896
896 34
897 898
897 1378
898 964
899 478
899 900
900 153
901 674
901 902
902 1377
903 904
903 1103
904 1154
905 225
905 906
906 63
907 908
907 1486
908 992
909 910
909 1597
910 240
911 912
911 1259
912 393
913 914
913 993
914 717
915 331
915 916
916 580
917 918
917 1361
918 111
919 11
919 920
920 480
921 922
921 1257
922 1376
923 170
923 924
924 1517
925 926
925 1500
926 184
927 691
927 928
928 1217
929 930
929 1026
930 1424
931 932
931 1118
932 712
933 934
933 952
934 1108
935 822
935 936
936 122
937 938
937 1593
938 920
939 591
939 940
940 365
941 135
941 942
942 1174
943 944
943 1188
944 413
945 946
945 1139
946 1042
947 948
947 1554
948 650
949 686
949 950
950 772
951 27
951 952
952 349
953 523
953 954
954 795
955 217
955 956
956 213
957 788
957 958
958 662
959 960
959 1461
960 1184
961 962
961 1013
962 941
963 964
963 1341
964 942
965 229
965 966
966 262
967 158
967 968
968 354
969 611
969 970
970 1180
971 972
971 1463
972 1550
973 246
973 974
974 560
975 974
975 976
976 632
977 978
977 1255
978 159
979 753
979 980
980 681
981 423
981 982
982 1476
983 537
983 984
984 253
985 986
985 1431
986 196
987 988
987 1309
988 968
989 990
989 1219
990 361
991 338
991 992
992 270
993 60
993 994
994 1394
995 996
995 1129
996 1128
997 925
997 998
998 1516
999 1000
999 1475
1000 740
1001 1002
1001 1153
1002 28
1003 9
1003 1004
1004 987
1005 108
1005 1006
1006 358
1007 1008
1007 1071
1008 889
1009 477
1009 1010
1010 500
1011 761
1011 1012
1012 1137
1013 503
1013 1014
1014 1211
1015 180
1015 1016
1016 1090
1017 1018
1017 1484
1018 404
1019 334
1019 1020
1020 519
1021 1022
1021 1294
1022 1133
1023 1024
1023 1065
1024 1200
1025 145
1025 1026
1026 298
1027 1028
1027 1253
1028 100
1029 409
1029 1030
1030 1538
1031 1032
1031 1163
1032 194
1033 447
1033 1034
1034 1168
1035 1025
1035 1036
1036 793
1037 599
1037 1038
1038 1603
1039 75
1039 1040
1040 419
1041 677
1041 1042
1042 756
1043 1044
1043 1157
1044 748
1045 765
1045 1046
1046 966
1047 1048
1047 1407
1048 584
1049 1050
1049 1612
1050 231
1051 401
1051 1052
1052 144
1053 727
1053 1054
1054 774
1055 1056
1055 1404
1056 1264
1057 573
1057 1058
1058 204
1059 841
1059 1060
1060 294
1061 810
1061 1062
1062 1028
1063 1064
1063 1552
1064 1450
1065 309
1065 1066
1066 1177
1067 1068
1067 1310
1068 461
1069 1070
1069 1307
1070 751
1071 59
1071 1072
1072 784
1073 1074
1073 1121
1074 576
1075 659
1075 1076
1076 988
1077 814
1077 1078
1078 192
1079 1080
1079 1185
1080 1335
1081 881
1081 1082
1082 1368
1083 1084
1083 1591
1084 150
1085 299
1085 1086
1086 5
1087 706
1087 1088
1088 324
1089 68
1089 1090
1090 914
1091 1092
1091 1611
1092 491
1093 1094
1093 1213
1094 1410
1095 509
1095 1096
1096 215
1097 414
1097 1098
1098 56
1099 375
1099 1100
1100 759
1101 847
1101 1102
1102 608
1103 1104
1103 1339
1104 1224
1105 1106
1105 1147
1106 897
1107 927
1107 1108
1108 292
1109 1110
1109 1343
1110 1016
1111 763
1111 1112
1112 1613
1113 1114
1113 1303
1114 214
1115 773
1115 1116
1116 612
1117 911
1117 1118
1118 1549
1119 561
1119 1120
1120 320
1121 1094
1121 1122
1122 722
1123 735
1123 1124
1124 692
1125 65
1125 1126
1126 388
1127 871
1127 1128
1128 1060
1129 1130
1129 1362
1130 1098
1131 669
1131 1132
1132 1491
1133 290
1133 1134
1134 437
1135 613
1135 1136
1136 1602
1137 209
1137 1138
1138 1266
1139 513
1139 1140
1140 1084
1141 885
1141 1142
1142 1530
1143 1144
1143 1329
1144 884
1145 557
1145 1146
1146 640
1147 1148
1147 1249
1148 1102
1149 524
1149 1150
1150 1392
1151 683
1151 1152
1152 120
1153 236
1153 1154
1154 687
1155 101
1155 1156
1156 7
1157 891
1157 1158
1158 186
1159 39
1159 1160
1160 1488
1161 1162
1161 1523
1162 972
1163 1164
1163 1207
1164 747
1165 535
1165 1166
1166 1596
1167 1055
1167 1168
1168 1152
1169 779
1169 1170
1170 188
1171 1172
1171 1254
1172 1040
1173 248
1173 1174
1174 1238
1175 109
1175 1176
1176 104
1177 295
1177 1178
1178 930
1179 1180
1179 1371
1180 1054
1181 474
1181 1182
1182 283
1183 1150
1183 1184
1184 1138
1185 469
1185 1186
1186 906
1187 1070
1187 1188
1188 638
1189 1190
1189 1319
1190 508
1191 1192
1191 1325
1192 1059
1193 1194
1193 1196
1194 1507
1195 1057
1195 1196
1196 954
1197 1198
1197 1380
1198 1585
1199 511
1199 1200
1200 380
1201 1202
1201 1561
1202 1495
1203 1204
1203 1291
1204 1072
1205 989
1205 1206
1206 526
1207 1208
1207 1471
1208 714
1209 162
1209 1210
1210 606
1211 1212
1211 1444
1212 5
1213 1214
1213 1469
1214 965
1215 719
1215 1216
1216 323
1217 635
1217 1218
1218 1409
1219 1220
1219 1285
1220 1348
1221 542
1221 1222
1222 1061
1223 235
1223 1224
1224 1513
1225 484
1225 1226
1226 975
1227 831
1227 1228
1228 160
1229 1230
1229 1524
1230 1106
1231 764
1231 1232
1232 140
1233 1091
1233 1234
1234 1037
1235 843
1235 1236
1236 1478
1237 1238
1237 1509
1238 910
1239 265
1239 1240
1240 743
1241 1242
1241 1520
1242 718
1243 83
1243 1244
1244 824
1245 12
1245 1246
1246 762
1247 1248
1247 1531
1248 1004
1249 1250
1249 1577
1250 832
1251 113
1251 1252
1252 493
1253 35
1253 1254
1254 905
1255 1256
1255 1575
1256 8
1257 623
1257 1258
1258 546
1259 571
1259 1260
1260 197
1261 483
1261 1262
1262 308
1263 133
1263 1264
1264 1019
1265 121
1265 1266
1266 1453
1267 1131
1267 1268
1268 1258
1269 679
1269 1270
1270 596
1271 532
1271 1272
1272 1395
1273 327
1273 1274
1274 11
1275 277
1275 1276
1276 1044
1277 607
1277 1278
1278 991
1279 1280
1279 1499
1280 1014
1281 1035
1281 1282
1282 646
1283 275
1283 1284
1284 415
1285 335
1285 1286
1286 79
1287 595
1287 1288
1288 96
1289 267
1289 1290
1290 1130
1291 887
1291 1292
1292 1468
1293 383
1293 1294
1294 466
1295 996
1295 1296
1296 1601
1297 1271
1297 1298
1298 894
1299 1048
1299 1300
1300 705
1301 949
1301 1302
1302 1320
1303 1304
1303 1432
1304 1382
1305 467
1305 1306
1306 1120
1307 695
1307 1308
1308 306
1309 115
1309 1310
1310 660
1311 586
1311 1312
1312 1479
1313 1314
1313 1553
1314 1521
1315 1160
1315 1316
1316 136
1317 517
1317 1318
1318 789
1319 1001
1319 1320
1320 736
1321 114
1321 1322
1322 794
1323 1324
1323 1563
1324 1186
1325 851
1325 1326
1326 131
1327 937
1327 1328
1328 980
1329 374
1329 1330
1330 856
1331 979
1331 1332
1332 312
1333 1116
1333 1334
1334 1363
1335 470
1335 1336
1336 1572
1337 849
1337 1338
1338 394
1339 1340
1339 1481
1340 1514
1341 391
1341 1342
1342 211
1343 1247
1343 1344
1344 310
1345 585
1345 1346
1346 860
1347 1240
1347 1348
1348 782
1349 955
1349 1350
1350 876
1351 1352
1351 1544
1352 44
1353 982
1353 1354
1354 1546
1355 12
1355 1356
1356 449
1357 1358
1357 1599
1358 1033
1359 1298
1359 1360
1360 1492
1361 317
1361 1362
1362 1439
1363 668
1363 1364
1364 440
1365 790
1365 1366
1366 280
1367 64
1367 1368
1368 148
1369 645
1369 1370
1370 1256
1371 242
1371 1372
1372 389
1373 1374
1373 1555
1374 1246
1375 1376
1375 1421
1376 1397
1377 1378
1377 1411
1378 396
1379 91
1379 1380
1380 1536
1381 341
1381 1382
1382 1017
1383 1225
1383 1384
1384 1526
1385 472
1385 1386
1386 1056
1387 1388
1387 1408
1388 352
1389 429
1389 1390
1390 1287
1391 556
1391 1392
1392 656
1393 985
1393 1394
1394 1435
1395 1331
1395 1396
1396 883
1397 653
1397 1398
1398 880
1399 1400
1399 1570
1400 333
1401 1126
1401 1402
1402 438
1403 616
1403 1404
1404 284
1405 315
1405 1406
1406 86
1407 273
1407 1408
1408 818
1409 451
1409 1410
1410 768
1411 1412
1411 1454
1412 431
1413 917
1413 1414
1414 809
1415 1416
1415 1534
1416 578
1417 81
1417 1418
1418 602
1419 107
1419 1420
1420 1582
1421 1015
1421 1422
1422 305
1423 1424
1423 1446
1424 528
1425 330
1425 1426
1426 1466
1427 1333
1427 1428
1428 54
1429 1201
1429 1430
1430 185
1431 1075
1431 1432
1432 627
1433 1187
1433 1434
1434 103
1435 43
1435 1436
1436 1242
1437 1438
1437 1587
1438 1210
1439 1066
1439 1440
1440 84
1441 1003
1441 1442
1442 1502
1443 1444
1443 1567
1444 318
1445 1069
1445 1446
1446 547
1447 399
1447 1448
1448 780
1449 1169
1449 1450
1450 78
1451 1430
1451 1452
1452 314
1453 339
1453 1454
1454 98
1455 728
1455 1456
1456 682
1457 1458
1457 1496
1458 381
1459 1000
1459 1460
1460 878
1461 853
1461 1462
1462 297
1463 944
1463 1464
1464 1124
1465 529
1465 1466
1466 610
1467 1468
1467 1477
1468 36
1469 741
1469 1470
1470 442
1471 1105
1471 1472
1472 166
1473 1474
1473 1525
1474 855
1475 1476
1475 1515
1476 163
1477 815
1477 1478
1478 680
1479 464
1479 1480
1480 729
1481 471
1481 1482
1482 424
1483 1141
1483 1484
1484 1427
1485 1379
1485 1486
1486 490
1487 587
1487 1488
1488 1136
1489 112
1489 1490
1490 260
1491 218
1491 1492
1492 216
1493 749
1493 1494
1494 1579
1495 1045
1495 1496
1496 962
1497 1011
1497 1498
1498 224
1499 1218
1499 1500
1500 351
1501 803
1501 1502
1502 1093
1503 953
1503 1504
1504 835
1505 1445
1505 1506
1506 1337
1507 1508
1507 1543
1508 1280
1509 149
1509 1510
1510 701
1511 66
1511 1512
1512 1422
1513 51
1513 1514
1514 548
1515 545
1515 1516
1516 770
1517 1518
1517 1528
1518 128
1519 1520
1519 1562
1520 960
1521 501
1521 1522
1522 1074
1523 521
1523 1524
1524 726
1525 1275
1525 1526
1526 259
1527 624
1527 1528
1528 563
1529 776
1529 1530
1530 649
1531 1193
1531 1532
1532 854
1533 313
1533 1534
1534 622
1535 1536
1535 1588
1536 286
1537 1289
1537 1538
1538 904
1539 1540
1539 1605
1540 846
1541 1117
1541 1542
1542 812
1543 527
1543 1544
1544 924
1545 1503
1545 1546
1546 1367
1547 1342
1547 1548
1548 704
1549 697
1549 1550
1550 1262
1551 489
1551 1552
1552 1308
1553 1519
1553 1554
1554 455
1555 1451
1555 1556
1556 1227
1557 147
1557 1558
1558 20
1559 1067
1559 1560
1560 206
1561 792
1561 1562
1562 769
1563 1051
1563 1564
1564 1267
1565 1167
1565 1566
1566 1209
1567 1127
1567 1568
1568 1176
1569 651
1569 1570
1570 1175
1571 1080
1571 1572
1572 1208
1573 1373
1573 1574
1574 1148
1575 1031
1575 1576
1576 142
1577 287
1577 1578
1578 274
1579 465
1579 1580
1580 970
1581 1365
1581 1582
1582 929
1583 1401
1583 1584
1584 886
1585 734
1585 1586
1586 926
1587 1007
1587 1588
1588 1288
1589 203
1589 1590
1590 1089
1591 915
1591 1592
1592 1527
1593 1301
1593 1594
1594 342
1595 1083
1595 1596
1596 1551
1597 745
1597 1598
1598 732
1599 1419
1599 1600
1600 834
1601 1140
1601 1602
1602 1311
1603 1487
1603 1604
1604 575
1605 392
1605 1606
1606 1020
1607 1556
1607 1608
1608 628
1609 487
1609 1610
1610 432
1611 1164
1611 1612
1612 281
1613 657
1613 1614
1614 827
