0 845
0 967
3 810
3 1423
4 525
4 1612
5 367
6 692
7 198
7 1056
8 13
8 766
10 568
9 1396
11 257
11 381
13 1430
13 1466
15 454
15 469
17 511
17 764
19 512
19 1584
21 239
21 587
23 24
23 141
24 1300
25 26
25 178
26 526
27 28
27 1137
28 94
29 30
29 1151
30 620
31 32
31 1271
32 1172
33 34
33 1097
34 21
35 36
35 698
36 960
37 38
37 500
38 1551
39 40
39 1293
40 1337
41 42
41 561
42 964
43 44
43 137
44 1024
45 46
45 685
46 118
47 48
47 722
48 1548
49 50
49 1403
50 1272
51 52
51 875
52 914
53 54
53 1511
54 1214
55 56
55 1062
56 765
57 58
57 387
58 441
59 60
59 301
60 304
61 62
61 1252
62 804
63 64
63 1049
64 1298
65 66
65 231
66 778
67 68
67 868
68 756
69 70
69 1193
70 1482
71 72
71 1034
72 122
73 74
73 671
74 1066
75 76
75 932
76 1116
77 78
77 595
78 340
79 80
79 402
80 783
81 82
81 209
82 1200
83 84
83 557
84 1162
85 86
85 731
86 1228
87 88
87 129
88 1114
89 90
89 518
90 1308
91 92
91 355
92 351
93 94
93 1348
94 737
95 96
95 225
96 874
97 98
97 434
98 1596
99 100
99 1261
100 869
101 102
101 1481
102 662
103 104
103 593
104 638
105 106
105 827
106 996
107 108
107 171
108 632
109 110
109 415
110 224
111 112
111 979
112 901
113 114
113 1083
114 497
115 116
115 1341
116 1077
117 118
117 974
118 210
119 99
119 120
120 1204
121 122
121 824
122 153
123 124
123 1035
124 24
125 113
125 126
126 420
127 128
127 650
128 1101
129 130
129 830
130 1179
131 132
131 1553
132 813
133 134
133 1125
134 1005
135 136
135 1260
136 886
137 138
137 647
138 28
139 140
139 447
140 309
141 142
141 1063
142 735
143 144
143 681
144 70
145 139
145 146
146 1432
147 148
147 1145
148 276
149 150
149 430
150 816
151 152
151 223
152 510
153 154
153 1238
154 264
155 156
155 695
156 1556
157 158
157 227
158 272
159 160
159 582
160 1390
161 162
161 807
162 1567
163 164
163 677
164 1360
165 147
165 166
166 1435
167 168
167 841
168 1060
169 170
169 376
170 878
171 172
171 923
172 493
173 174
173 1470
174 1535
175 176
175 1399
176 920
177 178
177 644
178 1526
179 180
179 1385
180 1206
181 182
181 298
182 358
183 184
183 588
184 1404
185 186
185 235
186 282
187 188
187 786
188 1165
189 190
189 322
190 954
191 51
191 192
192 20
193 194
193 403
194 759
195 196
195 1561
196 462
197 151
197 198
198 78
199 200
199 586
200 1058
201 202
201 339
202 36
203 119
203 204
204 440
205 105
205 206
206 1610
207 208
207 273
208 169
209 85
209 210
210 1382
211 212
211 889
212 98
213 5
213 214
214 238
215 216
215 709
216 1555
217 218
217 1278
218 980
219 220
219 1131
220 776
221 222
221 1417
222 1463
223 224
223 1129
224 1346
225 226
225 311
226 160
227 228
227 1486
228 668
229 230
229 921
230 194
231 232
231 1250
232 673
233 234
233 879
234 651
235 236
235 1163
236 320
237 238
237 1093
238 353
239 240
239 739
240 250
241 242
241 1175
242 72
243 244
243 792
244 720
245 246
245 847
246 313
247 248
247 640
248 471
249 250
249 259
250 938
251 252
251 891
252 390
253 254
253 263
254 369
255 256
255 1149
256 887
257 258
257 1099
258 850
259 260
259 928
260 124
261 262
261 1597
262 117
263 264
263 321
264 867
265 266
265 1191
266 407
267 268
267 1057
268 50
269 270
269 1021
270 1030
271 272
271 995
272 1141
273 152
273 274
274 67
275 276
275 1202
276 498
277 278
277 948
278 1590
279 280
279 978
280 1377
281 282
281 1433
282 591
283 284
283 1587
284 106
285 286
285 1441
286 247
287 288
287 1089
288 688
289 290
289 717
290 1448
291 292
291 825
292 428
293 255
293 294
294 297
295 296
295 1128
296 251
297 298
297 436
298 1524
299 300
299 319
300 1233
301 302
301 744
302 612
303 186
303 304
304 96
305 306
305 768
306 1176
307 308
307 820
308 6
309 310
309 400
310 836
311 312
311 1499
312 1379
313 15
313 314
314 496
315 316
315 1061
316 1359
317 27
317 318
318 325
319 320
319 933
320 482
321 322
321 1158
322 575
323 219
323 324
324 1185
325 326
325 1547
326 1258
327 328
327 1444
328 999
329 330
329 745
330 110
331 332
331 1450
332 726
333 334
333 623
334 1084
335 336
335 465
336 1078
337 338
337 523
338 303
339 109
339 340
340 951
341 327
341 342
342 852
343 344
343 1110
344 675
345 346
345 808
346 295
347 348
347 461
348 1003
349 350
349 1375
350 372
351 232
351 352
352 46
353 354
353 988
354 1316
355 356
355 907
356 1330
357 213
357 358
358 1028
359 360
359 1566
360 204
361 362
361 537
362 1044
363 364
363 689
364 1040
365 159
365 366
366 444
367 368
367 832
368 274
369 182
369 370
370 1416
371 29
371 372
372 1479
373 190
373 374
374 64
375 376
375 789
376 917
377 378
377 740
378 598
379 380
379 1603
380 1420
381 133
381 382
382 1323
383 384
383 1031
384 1498
385 346
385 386
386 1326
387 388
387 1533
388 132
389 390
389 1421
390 1182
391 392
391 529
392 492
393 394
393 730
394 1090
395 396
395 519
396 480
397 398
397 1041
398 59
399 400
399 905
400 233
401 402
401 431
402 1442
403 404
403 1492
404 1406
405 406
405 919
406 672
407 408
407 679
408 812
409 410
409 577
410 1017
411 23
411 412
412 1096
413 414
413 1112
414 664
415 416
415 833
416 1454
417 418
417 527
418 782
419 217
419 420
420 156
421 422
421 721
422 1076
423 424
423 552
424 1494
425 426
425 1333
426 542
427 428
427 1598
428 474
429 430
429 1027
430 946
431 432
431 1589
432 244
433 434
433 1121
434 652
435 436
435 1592
436 92
437 438
437 769
438 1510
439 236
439 440
440 1136
441 442
441 597
442 1312
443 444
443 880
444 150
445 61
445 446
446 579
447 448
447 767
448 752
449 221
449 450
450 130
451 452
451 872
452 266
453 454
453 1369
454 324
455 456
455 1135
456 102
457 458
457 1299
458 574
459 460
459 1153
460 60
461 462
461 1213
462 856
463 354
463 464
464 754
465 466
465 881
466 1467
467 326
467 468
468 12
469 310
469 470
470 1068
471 472
471 787
472 154
473 116
473 474
474 953
475 476
475 535
476 599
477 161
477 478
478 1107
479 480
479 1295
480 308
481 482
481 1309
482 696
483 484
483 1576
484 164
485 486
485 657
486 100
487 488
487 1246
488 1289
489 490
489 1483
490 172
491 307
491 492
492 45
493 494
493 1601
494 1339
495 496
495 723
496 40
497 498
497 1115
498 516
499 121
499 500
500 1025
501 345
501 502
502 7
503 504
503 509
504 328
505 506
505 1542
506 956
507 508
507 1409
508 281
509 77
509 510
510 1405
511 270
511 512
512 669
513 514
513 1152
514 1580
515 516
515 1051
516 1070
517 449
517 518
518 702
519 520
519 957
520 1109
521 522
521 1012
522 796
523 361
523 524
524 370
525 526
525 1544
526 925
527 528
527 619
528 547
529 530
529 984
530 1340
531 477
531 532
532 1001
533 534
533 1487
534 1207
535 536
535 1257
536 844
537 538
537 897
538 600
539 540
539 712
540 1190
541 542
541 1370
542 1443
543 544
543 637
544 1227
545 544
545 546
546 718
547 548
547 684
548 888
549 419
549 550
550 1578
551 552
551 1517
552 524
553 41
553 554
554 1338
555 289
555 556
556 826
557 558
557 1081
558 252
559 472
559 560
560 576
561 562
561 961
562 1118
563 564
563 625
564 884
565 566
565 639
566 771
567 568
567 1236
568 360
569 570
569 1518
570 312
571 514
571 572
572 549
573 574
573 773
574 10
575 576
575 1095
576 467
577 508
577 578
578 158
579 580
579 1465
580 1520
581 582
581 1177
582 517
583 584
583 1019
584 799
585 586
585 936
586 412
587 588
587 1344
588 707
589 590
589 1439
590 208
591 522
591 592
592 1392
593 594
593 613
594 388
595 596
595 609
596 885
597 598
597 1356
598 267
599 600
599 1387
600 1134
601 602
601 649
602 1279
603 604
603 1411
604 760
605 385
605 606
606 746
607 608
607 943
608 842
609 610
609 1123
610 1328
611 612
611 896
612 1231
613 33
613 614
614 1127
615 616
615 935
616 1288
617 457
617 618
618 528
619 331
619 620
620 770
621 622
621 1477
622 256
623 624
623 1334
624 1282
625 601
625 626
626 1460
627 101
627 628
628 1173
629 81
629 630
630 56
631 632
631 1383
632 757
633 634
633 641
634 1139
635 636
635 687
636 1322
637 629
637 638
638 1384
639 602
639 640
640 410
641 642
641 1437
642 22
643 73
643 644
644 1325
645 646
645 1413
646 992
647 648
647 1471
648 564
649 645
649 650
650 1178
651 652
651 911
652 302
653 654
653 1283
654 437
655 656
655 1113
656 585
657 658
657 950
658 202
659 660
659 1263
660 890
661 545
661 662
662 666
663 344
663 664
664 624
665 666
665 749
666 922
667 155
667 668
668 567
669 670
669 1564
670 184
671 672
671 1319
672 220
673 189
673 674
674 1600
675 676
675 1094
676 1102
677 678
677 1074
678 762
679 608
679 680
680 539
681 84
681 682
682 426
683 305
683 684
684 1080
685 634
685 686
686 1428
687 643
687 688
688 333
689 690
689 793
690 1100
691 692
691 1541
692 1329
693 694
693 1262
694 1046
695 696
695 1307
696 584
697 698
697 1519
698 37
699 691
699 700
700 661
701 533
701 702
702 1106
703 166
703 704
704 1286
705 706
705 1148
706 408
707 708
707 1513
708 1353
709 710
709 1581
710 555
711 712
711 1047
712 882
713 334
713 714
714 592
715 167
715 716
716 894
717 718
717 840
718 5
719 521
719 720
720 772
721 65
721 722
722 743
723 127
723 724
724 314
725 157
725 726
726 17
727 621
727 728
728 682
729 730
729 1155
730 1140
731 732
731 1209
732 1285
733 383
733 734
734 404
735 736
735 1336
736 802
737 738
737 1415
738 214
739 704
739 740
740 1568
741 742
741 1122
742 828
743 362
743 744
744 170
745 746
745 801
746 258
747 748
747 1425
748 1574
749 615
749 750
750 1004
751 550
751 752
752 618
753 754
753 1506
754 642
755 212
755 756
756 1588
757 177
757 758
758 1270
759 348
759 760
760 1239
761 596
761 762
762 74
763 764
763 1395
764 866
765 766
765 1013
766 1476
767 768
767 1291
768 566
769 123
769 770
770 473
771 772
771 853
772 870
773 699
773 774
774 195
775 776
775 1087
776 1086
777 778
777 1249
778 998
779 280
779 780
780 1380
781 782
781 1033
782 683
783 784
783 1256
784 1530
785 786
785 1245
786 1321
787 80
787 788
788 1478
789 790
789 1347
790 464
791 792
791 1362
792 6
793 794
793 1505
794 18
795 796
795 1199
796 1064
797 293
797 798
798 986
799 590
799 800
800 1026
801 802
801 1069
802 1438
803 690
803 804
804 658
805 806
805 1079
806 678
807 808
807 809
808 1464
809 810
809 1485
810 851
811 812
811 1522
812 1186
813 814
813 1274
814 578
815 816
815 1119
816 794
817 540
817 818
818 1082
819 581
819 820
820 727
821 822
821 1593
822 1408
823 91
823 824
824 918
825 826
825 1183
826 846
827 828
827 1342
828 989
829 830
829 1297
830 934
831 832
831 1373
832 1055
833 834
833 899
834 1374
835 836
835 931
836 821
837 838
837 1549
838 1306
839 501
839 840
840 747
841 842
841 1543
842 1311
843 215
843 844
844 719
845 846
845 1211
846 34
847 848
847 1557
848 1071
849 850
849 1147
850 30
851 265
851 852
852 1075
853 300
853 854
854 44
855 11
855 856
856 460
857 858
857 1138
858 1523
859 246
859 860
860 316
861 862
861 1292
862 19
863 864
863 1559
864 1132
865 114
865 866
866 1327
867 753
867 868
868 504
869 870
869 1367
870 648
871 488
871 872
872 1445
873 874
873 1565
874 1539
875 546
875 876
876 1527
877 878
877 1401
878 1174
879 491
879 880
880 230
881 882
881 1509
882 1446
883 884
883 1215
884 966
885 277
885 886
886 38
887 803
887 888
888 86
889 635
889 890
890 1275
891 706
891 892
892 1008
893 143
893 894
894 714
895 418
895 896
896 1354
897 898
897 945
898 912
899 241
899 900
900 181
901 902
901 1036
902 670
903 445
903 904
904 1376
905 906
905 1085
906 944
907 234
907 908
908 253
909 910
909 1525
910 530
911 343
911 912
912 476
913 248
913 914
914 610
915 916
915 1039
916 864
917 918
917 1164
918 711
919 920
919 1103
920 104
921 815
921 922
922 1558
923 924
923 1111
924 941
925 487
925 926
926 751
927 928
927 1489
928 399
929 703
929 930
930 1218
931 932
931 983
932 384
933 75
933 934
934 379
935 168
935 936
936 1020
937 938
937 1372
938 942
939 940
939 1371
940 144
941 605
941 942
942 463
943 944
943 1607
944 146
945 532
945 946
946 196
947 948
947 1431
948 708
949 950
949 1247
950 777
951 397
951 952
952 8
953 732
953 954
954 76
955 318
955 956
956 10
957 909
957 958
958 442
959 960
959 1243
960 858
961 87
961 962
962 837
963 466
963 964
964 1496
965 617
965 966
966 1366
967 959
967 968
968 1363
969 871
969 970
970 1458
971 972
971 1389
972 1570
973 245
973 974
974 468
975 729
975 976
976 1196
977 485
977 978
978 237
979 980
979 1613
980 713
981 982
981 1303
982 857
983 984
983 1050
984 148
985 405
985 986
986 128
987 332
987 988
988 294
989 990
989 1010
990 1265
991 741
991 992
992 1414
993 317
993 994
994 616
995 996
995 1393
996 2
997 63
997 998
998 536
999 952
999 1000
1000 35
1001 329
1001 1002
1002 93
1003 962
1003 1004
1004 860
1005 817
1005 1006
1006 484
1007 506
1007 1008
1008 1133
1009 503
1009 1010
1010 483
1011 571
1011 1012
1012 1447
1013 1014
1013 1349
1014 758
1015 417
1015 1016
1016 843
1017 710
1017 1018
1018 1088
1019 1020
1019 1023
1020 674
1021 25
1021 1022
1022 1092
1023 1024
1023 1345
1024 1516
1025 1026
1025 1234
1026 192
1027 120
1027 1028
1028 163
1029 69
1029 1030
1030 1461
1031 1032
1031 1273
1032 414
1033 715
1033 1034
1034 365
1035 627
1035 1036
1036 572
1037 985
1037 1038
1038 1378
1039 1040
1039 1451
1040 663
1041 1042
1041 1412
1042 1572
1043 1044
1043 1052
1044 1422
1045 1046
1045 1259
1046 1599
1047 438
1047 1048
1048 987
1049 1050
1049 1343
1050 1124
1051 382
1051 1052
1052 306
1053 95
1053 1054
1054 1032
1055 556
1055 1056
1056 368
1057 458
1057 1058
1058 1150
1059 1060
1059 1426
1060 1473
1061 507
1061 1062
1062 607
1063 1064
1063 1317
1064 486
1065 594
1065 1066
1066 226
1067 1068
1067 1210
1068 734
1069 1070
1069 1331
1070 622
1071 559
1071 1072
1072 1269
1073 421
1073 1074
1074 1181
1075 893
1075 1076
1076 1493
1077 1078
1077 1381
1078 560
1079 271
1079 1080
1080 1456
1081 481
1081 1082
1082 1
1083 993
1083 1084
1084 149
1085 173
1085 1086
1086 1168
1087 877
1087 1088
1088 1545
1089 1090
1089 1480
1090 1504
1091 375
1091 1092
1092 659
1093 330
1093 1094
1094 908
1095 1096
1095 1226
1096 134
1097 1098
1097 1143
1098 1569
1099 1067
1099 1100
1100 665
1101 1102
1101 1302
1102 1368
1103 54
1103 1104
1104 937
1105 347
1105 1106
1106 1251
1107 515
1107 1108
1108 779
1109 1110
1109 1351
1110 969
1111 1112
1111 1585
1112 125
1113 1114
1113 1358
1114 1205
1115 216
1115 1116
1116 1546
1117 1118
1117 1161
1118 910
1119 174
1119 1120
1120 352
1121 291
1121 1122
1122 1484
1123 915
1123 1124
1124 1579
1125 949
1125 1126
1126 1268
1127 389
1127 1128
1128 1554
1129 111
1129 1130
1130 187
1131 55
1131 1132
1132 676
1133 1134
1133 1424
1134 1552
1135 701
1135 1136
1136 904
1137 262
1137 1138
1138 955
1139 1140
1139 1562
1140 283
1141 42
1141 1142
1142 570
1143 57
1143 1144
1144 107
1145 543
1145 1146
1146 1402
1147 971
1147 1148
1148 1534
1149 1150
1149 1418
1150 135
1151 975
1151 1152
1152 1449
1153 429
1153 1154
1154 655
1155 927
1155 1156
1156 79
1157 775
1157 1158
1158 49
1159 285
1159 1160
1160 243
1161 667
1161 1162
1162 562
1163 1164
1163 1591
1164 229
1165 206
1165 1166
1166 1472
1167 126
1167 1168
1168 902
1169 269
1169 1170
1170 494
1171 1172
1171 1221
1172 558
1173 947
1173 1174
1174 68
1175 903
1175 1176
1176 142
1177 1178
1177 1267
1178 427
1179 1048
1179 1180
1180 180
1181 1182
1181 1253
1182 1242
1183 1184
1183 1529
1184 424
1185 338
1185 1186
1186 892
1187 349
1187 1188
1188 1332
1189 71
1189 1190
1190 1296
1191 855
1191 1192
1192 1006
1193 350
1193 1194
1194 1144
1195 14
1195 1196
1196 818
1197 1198
1197 1284
1198 1397
1199 371
1199 1200
1200 162
1201 1202
1201 1305
1202 829
1203 489
1203 1204
1204 138
1205 680
1205 1206
1206 1222
1207 589
1207 1208
1208 450
1209 1210
1209 1469
1210 1194
1211 1212
1211 1237
1212 788
1213 1073
1213 1214
1214 1197
1215 475
1215 1216
1216 656
1217 165
1217 1218
1218 763
1219 1117
1219 1220
1220 218
1221 205
1221 1222
1222 366
1223 341
1223 1224
1224 32
1225 798
1225 1226
1226 972
1227 1198
1227 1228
1228 604
1229 1230
1229 1582
1230 1440
1231 1232
1231 1538
1232 336
1233 1234
1233 1475
1234 200
1235 736
1235 1236
1236 1586
1237 1238
1237 1244
1238 806
1239 1240
1239 1266
1240 1254
1241 1201
1241 1242
1242 199
1243 1244
1243 1491
1244 103
1245 179
1245 1246
1246 823
1247 1187
1247 1248
1248 633
1249 1065
1249 1250
1250 1189
1251 997
1251 1252
1252 335
1253 580
1253 1254
1254 290
1255 363
1255 1256
1256 748
1257 1091
1257 1258
1258 1550
1259 433
1259 1260
1260 374
1261 411
1261 1262
1262 831
1263 913
1263 1264
1264 965
1265 9
1265 1266
1266 724
1267 115
1267 1268
1268 520
1269 1212
1269 1270
1270 686
1271 1229
1271 1272
1272 1000
1273 193
1273 1274
1274 89
1275 784
1275 1276
1276 1507
1277 323
1277 1278
1278 459
1279 583
1279 1280
1280 52
1281 654
1281 1282
1282 538
1283 197
1283 1284
1284 1611
1285 1286
1285 1315
1286 797
1287 1288
1287 1595
1288 1280
1289 1059
1289 1290
1290 1232
1291 413
1291 1292
1292 1104
1293 260
1293 1294
1294 1453
1295 478
1295 1296
1296 432
1297 286
1297 1298
1298 1216
1299 1300
1299 1320
1300 834
1301 435
1301 1302
1302 822
1303 1037
1303 1304
1304 409
1305 924
1305 1306
1306 48
1307 1016
1307 1308
1308 926
1309 1310
1309 1361
1310 1490
1311 876
1311 1312
1312 1364
1313 53
1313 1314
1314 774
1315 970
1315 1316
1316 1014
1317 401
1317 1318
1318 1335
1319 1320
1319 1357
1320 1407
1321 299
1321 1322
1322 1365
1323 1188
1323 1324
1324 1007
1325 1230
1325 1326
1326 1394
1327 97
1327 1328
1328 916
1329 1330
1329 1502
1330 1220
1331 939
1331 1332
1332 725
1333 1009
1333 1334
1334 1503
1335 43
1335 1336
1336 930
1337 423
1337 1338
1338 416
1339 394
1339 1340
1340 1434
1341 1217
1341 1342
1342 261
1343 315
1343 1344
1344 183
1345 490
1345 1346
1346 249
1347 631
1347 1348
1348 1248
1349 1350
1349 1521
1350 1602
1351 1352
1351 1398
1352 1018
1353 848
1353 1354
1354 470
1355 1011
1355 1356
1356 378
1357 446
1357 1358
1358 1455
1359 1184
1359 1360
1360 800
1361 563
1361 1362
1362 279
1363 1364
1363 1501
1364 1054
1365 626
1365 1366
1366 380
1367 39
1367 1368
1368 422
1369 1370
1369 1532
1370 1120
1371 1255
1371 1372
1372 1488
1373 534
1373 1374
1374 292
1375 1159
1375 1376
1376 342
1377 859
1377 1378
1378 963
1379 406
1379 1380
1380 1508
1381 982
1381 1382
1382 750
1383 1384
1383 1537
1384 1022
1385 222
1385 1386
1386 606
1387 502
1387 1388
1388 1142
1389 565
1389 1390
1390 16
1391 1392
1391 1457
1392 958
1393 1029
1393 1394
1394 1528
1395 811
1395 1396
1396 1563
1397 991
1397 1398
1398 439
1399 781
1399 1400
1400 541
1401 1015
1401 1402
1402 1512
1403 1264
1403 1404
1404 136
1405 1281
1405 1406
1406 1225
1407 1408
1407 1410
1408 1419
1409 1157
1409 1410
1410 288
1411 1313
1411 1412
1412 660
1413 981
1413 1414
1414 275
1415 553
1415 1416
1416 554
1417 614
1417 1418
1418 1146
1419 393
1419 1420
1420 716
1421 513
1421 1422
1422 1160
1423 1219
1423 1424
1424 443
1425 1002
1425 1426
1426 973
1427 1287
1427 1428
1428 373
1429 392
1429 1430
1430 906
1431 1432
1431 1583
1432 1468
1433 603
1433 1434
1434 356
1435 31
1435 1436
1436 1223
1437 895
1437 1438
1438 1324
1439 207
1439 1440
1440 1606
1441 795
1441 1442
1442 1459
1443 1444
1443 1452
1444 1540
1445 636
1445 1446
1446 1474
1447 863
1447 1448
1448 1195
1449 1171
1449 1450
1450 201
1451 1045
1451 1452
1452 456
1453 755
1453 1454
1454 1072
1455 1436
1455 1456
1456 940
1457 1203
1457 1458
1458 452
1459 1304
1459 1460
1460 112
1461 268
1461 1462
1462 838
1463 359
1463 1464
1464 1169
1465 1156
1465 1466
1466 1038
1467 377
1467 1468
1468 990
1469 425
1469 1470
1470 82
1471 337
1471 1472
1472 1294
1473 108
1473 1474
1474 9
1475 1476
1475 1560
1476 88
1477 188
1477 1478
1478 1400
1479 839
1479 1480
1480 453
1481 1241
1481 1482
1482 1290
1483 1484
1483 1609
1484 1277
1485 3
1485 1486
1486 1130
1487 1488
1487 1605
1488 90
1489 455
1489 1490
1490 1391
1491 805
1491 1492
1492 1105
1493 62
1493 1494
1494 278
1495 814
1495 1496
1496 1594
1497 968
1497 1498
1498 693
1499 1500
1499 1515
1500 1386
1501 1355
1501 1502
1502 1314
1503 191
1503 1504
1504 296
1505 1506
1505 1531
1506 898
1507 738
1507 1508
1508 58
1509 785
1509 1510
1510 47
1511 883
1511 1512
1512 1429
1513 551
1513 1514
1514 242
1515 573
1515 1516
1516 451
1517 1108
1517 1518
1518 780
1519 1520
1519 1577
1520 228
1521 742
1521 1522
1522 1301
1523 1462
1523 1524
1524 386
1525 929
1525 1526
1526 1388
1527 1098
1527 1528
1528 548
1529 531
1529 1530
1530 694
1531 395
1531 1532
1532 865
1533 653
1533 1534
1534 1608
1535 646
1535 1536
1536 1352
1537 4
1537 1538
1538 1495
1539 1224
1539 1540
1540 790
1541 873
1541 1542
1542 364
1543 977
1543 1544
1544 66
1545 391
1545 1546
1546 976
1547 1548
1547 1604
1548 448
1549 862
1549 1550
1550 240
1551 994
1551 1552
1552 284
1553 849
1553 1554
1554 287
1555 1556
1555 1571
1556 705
1557 854
1557 1558
1558 1240
1559 791
1559 1560
1560 140
1561 761
1561 1562
1562 861
1563 398
1563 1564
1564 1192
1565 733
1565 1566
1566 697
1567 1043
1567 1568
1568 1167
1569 1536
1569 1570
1570 900
1571 700
1571 1572
1572 1208
1573 131
1573 1574
1574 1427
1575 479
1575 1576
1576 499
1577 1578
1577 1614
1578 1166
1579 1318
1579 1580
1580 1310
1581 835
1581 1582
1582 211
1583 357
1583 1584
1584 569
1585 1053
1585 1586
1586 1170
1587 1042
1587 1588
1588 254
1589 1573
1589 1590
1590 728
1591 1575
1591 1592
1592 396
1593 1500
1593 1594
1594 1350
1595 495
1595 1596
1596 1154
1597 203
1597 1598
1598 26
1599 611
1599 1600
1600 1180
1601 145
1601 1602
1602 1235
1603 505
1603 1604
1604 1514
1605 175
1605 1606
1606 630
1607 1126
1607 1608
1608 1276
1609 185
1609 1610
1610 176
1611 1497
1611 1612
1612 628
1613 819
1613 1614
1614 83
