0 479
0 673
2 1035
2 1185
3 1015
3 1031
4 57
4 539
6 427
5 1611
7 945
7 1216
9 1386
8 124
8 230
10 910
13 800
13 1461
15 607
15 1492
17 967
17 1534
19 1167
19 1168
21 248
21 1067
23 24
23 377
24 1004
25 26
25 170
26 412
27 23
27 28
28 1446
29 30
29 806
30 200
31 32
31 583
32 281
33 34
33 1016
34 626
35 36
35 1103
36 1574
37 38
37 593
38 1564
39 40
39 611
40 1062
41 42
41 1128
42 390
43 44
43 813
44 146
45 46
45 442
46 966
47 48
47 92
48 518
49 50
49 751
50 1557
51 52
51 953
52 375
53 54
53 308
54 1012
55 56
55 1236
56 1392
57 58
57 144
58 1065
59 60
59 1575
60 310
61 62
61 639
62 828
63 64
63 523
64 282
65 66
65 527
66 138
67 68
67 713
68 1387
69 70
69 1569
70 947
71 72
71 1048
72 1212
73 74
73 187
74 106
75 76
75 143
76 80
77 78
77 841
78 1417
79 47
79 80
80 840
81 82
81 157
82 1576
83 84
83 853
84 1312
85 86
85 1363
86 1404
87 88
87 488
88 559
89 90
89 125
90 135
91 92
91 667
92 1314
93 94
93 323
94 555
95 4
95 96
96 1374
97 98
97 1061
98 517
99 100
99 898
100 1075
101 102
101 1413
102 1491
103 104
103 1345
104 1511
105 106
105 1215
106 1058
107 108
107 328
108 342
109 110
109 227
110 291
111 112
111 1093
112 202
113 114
113 1549
114 1107
115 116
115 395
116 996
117 118
117 239
118 694
119 120
119 1267
120 93
121 122
121 409
122 1421
123 124
123 1313
124 9
125 35
125 126
126 1474
127 128
127 421
128 1292
129 130
129 268
130 394
131 132
131 210
132 1225
133 85
133 134
134 866
135 136
135 164
136 1076
137 138
137 1573
138 564
139 140
139 235
140 714
141 142
141 1593
142 770
143 144
143 255
144 1379
145 146
145 431
146 56
147 148
147 634
148 914
149 150
149 1223
150 1428
151 152
151 1531
152 676
153 154
153 1017
154 118
155 156
155 1133
156 1038
157 158
157 941
158 686
159 160
159 1255
160 994
161 52
161 162
162 1066
163 164
163 1319
164 1514
165 166
165 471
166 440
167 168
167 900
168 1570
169 170
169 1123
170 1177
171 172
171 839
172 822
173 174
173 1169
174 1448
175 176
175 1011
176 184
177 178
177 237
178 1609
179 180
179 669
180 468
181 182
181 665
182 1084
183 184
183 891
184 664
185 186
185 387
186 592
187 188
187 1463
188 1188
189 190
189 197
190 1112
191 192
191 410
192 406
193 194
193 711
194 1154
195 63
195 196
196 569
197 198
197 1539
198 1074
199 200
199 689
200 1244
201 202
201 1083
202 1398
203 204
203 1427
204 1298
205 206
205 1059
206 772
207 208
207 1493
208 788
209 210
209 987
210 169
211 212
211 515
212 595
213 214
213 463
214 1289
215 216
215 1033
216 447
217 218
217 916
218 464
219 220
219 913
220 133
221 222
221 526
222 1134
223 224
223 551
224 245
225 226
225 576
226 1584
227 215
227 228
228 415
229 230
229 1520
230 563
231 232
231 290
232 1556
233 234
233 883
234 466
235 236
235 247
236 204
237 238
237 999
238 598
239 240
239 1181
240 1265
241 242
241 1414
242 621
243 103
243 244
244 126
245 246
245 317
246 631
247 248
247 1405
248 189
249 250
249 1001
250 962
251 252
251 1090
252 874
253 254
253 1251
254 337
255 19
255 256
256 116
257 258
257 952
258 718
259 260
259 1199
260 842
261 262
261 521
262 1367
263 264
263 936
264 1290
265 266
265 1468
266 192
267 268
267 1321
268 330
269 270
269 1197
270 1126
271 272
271 1264
272 373
273 274
273 1510
274 372
275 276
275 475
276 1088
277 278
277 1579
278 1606
279 280
279 963
280 989
281 282
281 325
282 1513
283 60
283 284
284 260
285 286
285 705
286 602
287 288
287 850
288 993
289 290
289 1270
290 1476
291 292
291 567
292 1034
293 294
293 1462
294 173
295 209
295 296
296 1434
297 298
297 1165
298 1072
299 300
299 1305
300 1281
301 78
301 302
302 1326
303 304
303 486
304 399
305 306
305 467
306 856
307 308
307 1013
308 1047
309 310
309 732
310 1406
311 312
311 348
312 1024
313 314
313 477
314 294
315 316
315 609
316 1099
317 318
317 1141
318 1375
319 320
319 1458
320 444
321 322
321 339
322 1256
323 324
323 1431
324 1040
325 326
325 670
326 494
327 286
327 328
328 1577
329 330
329 833
330 232
331 332
331 823
332 1581
333 334
333 1515
334 166
335 336
335 653
336 872
337 64
337 338
338 534
339 206
339 340
340 903
341 342
341 443
342 1612
343 344
343 959
344 1156
345 307
345 346
346 141
347 348
347 543
348 857
349 350
349 771
350 764
351 352
351 1354
352 1106
353 51
353 354
354 939
355 147
355 356
356 1118
357 358
357 541
358 1094
359 360
359 1240
360 1008
361 362
361 1092
362 42
363 364
363 937
364 1512
365 5
365 366
366 615
367 368
367 1572
368 908
369 370
369 1595
370 490
371 104
371 372
372 434
373 374
373 1358
374 574
375 376
375 924
376 429
377 378
377 887
378 1127
379 240
379 380
380 1231
381 382
381 971
382 201
383 384
383 629
384 1206
385 386
385 613
386 1259
387 193
387 388
388 1327
389 253
389 390
390 1146
391 392
391 884
392 688
393 394
393 1095
394 1364
395 396
395 566
396 438
397 398
397 1143
398 1260
399 400
399 604
400 1523
401 402
401 969
402 693
403 404
403 561
404 277
405 406
405 677
406 492
407 408
407 1499
408 1242
409 410
409 1519
410 480
411 412
411 1272
412 1598
413 223
413 414
414 99
415 242
415 416
416 1238
417 233
417 418
418 416
419 420
419 1170
420 1538
421 422
421 1293
422 433
423 424
423 1391
424 819
425 426
425 571
426 1498
427 428
427 1553
428 719
429 430
429 940
430 1022
431 397
431 432
432 797
433 434
433 1200
434 352
435 139
435 436
436 536
437 438
437 1601
438 190
439 440
439 974
440 1351
441 53
441 442
442 1365
443 444
443 980
444 362
445 446
445 1315
446 1450
447 396
447 448
448 450
449 450
449 1202
450 376
451 419
451 452
452 1425
453 454
453 929
454 568
455 456
455 1452
456 1046
457 458
457 1104
458 175
459 460
459 1105
460 1385
461 462
461 985
462 1082
463 464
463 843
464 90
465 203
465 466
466 1080
467 468
467 623
468 185
469 470
469 1561
470 1530
471 472
471 1435
472 389
473 474
473 1528
474 790
475 219
475 476
476 11
477 478
477 649
478 1343
479 371
479 480
480 1325
481 482
481 1484
482 484
483 484
483 753
484 1308
485 61
485 486
486 9
487 488
487 535
488 627
489 490
489 728
490 1372
491 492
491 1179
492 256
493 494
493 1224
494 350
495 496
495 1497
496 1495
497 273
497 498
498 678
499 500
499 546
500 424
501 502
501 1339
502 1340
503 504
503 745
504 552
505 506
505 1415
506 22
507 244
507 508
508 690
509 510
509 1052
510 1055
511 512
511 1060
512 524
513 32
513 514
514 162
515 516
515 1263
516 837
517 518
517 879
518 554
519 520
519 1355
520 105
521 217
521 522
522 594
523 524
523 973
524 344
525 526
525 849
526 161
527 528
527 1525
528 575
529 380
529 530
530 14
531 532
531 632
532 831
533 534
533 742
534 1203
535 536
535 1073
536 404
537 538
537 1547
538 280
539 540
539 1591
540 309
541 149
541 542
542 1504
543 102
543 544
544 635
545 546
545 909
546 775
547 548
547 951
548 334
549 550
549 919
550 482
551 552
551 1445
552 174
553 95
553 554
554 741
555 556
555 701
556 1124
557 558
557 1596
558 1600
559 560
559 684
560 1078
561 562
561 647
562 1558
563 564
563 1102
564 481
565 357
565 566
566 1507
567 568
567 637
568 284
569 422
569 570
570 250
571 572
571 1323
572 829
573 574
573 897
574 298
575 213
575 576
576 71
577 578
577 1192
578 39
579 408
579 580
580 1258
581 65
581 582
582 597
583 43
583 584
584 1550
585 586
585 746
586 1003
587 588
587 1307
588 1356
589 590
589 1277
590 378
591 592
591 873
592 1109
593 556
593 594
594 1098
595 596
595 1125
596 274
597 542
597 598
598 176
599 600
599 1249
600 786
601 511
601 602
602 1296
603 604
603 1173
604 114
605 519
605 606
606 1150
607 608
607 1526
608 20
609 423
609 610
610 208
611 612
611 1135
612 1443
613 614
613 1113
614 706
615 616
615 645
616 606
617 618
617 1211
618 1041
619 620
619 1163
620 1009
621 622
621 769
622 100
623 97
623 624
624 1333
625 483
625 626
626 108
627 628
627 804
628 882
629 630
629 1299
630 1540
631 632
631 1420
632 544
633 634
633 739
634 776
635 636
635 1337
636 506
637 451
637 638
638 702
639 640
639 835
640 1158
641 545
641 642
642 1028
643 644
643 826
644 1361
645 525
645 646
646 784
647 648
647 1283
648 458
649 625
649 650
650 761
651 652
651 679
652 920
653 8
653 654
654 320
655 137
655 656
656 922
657 658
657 1036
658 1467
659 446
659 660
660 1316
661 504
661 662
662 1344
663 664
663 912
664 643
665 666
665 1117
666 1063
667 3
667 668
668 1571
669 670
669 899
670 548
671 672
671 824
672 336
673 674
673 975
674 1151
675 676
675 1071
676 1023
677 678
677 783
678 960
679 680
679 1613
680 1459
681 682
681 1590
682 1460
683 684
683 1207
684 720
685 686
685 1237
686 628
687 688
687 1378
688 196
689 690
689 880
690 96
691 692
691 1174
692 1472
693 591
693 694
694 50
695 696
695 1562
696 723
697 698
697 1481
698 1209
699 700
699 1139
700 368
701 702
701 795
702 449
703 704
703 1217
704 692
705 706
705 961
706 386
707 708
707 1030
708 455
709 710
709 721
710 1218
711 501
711 712
712 1490
713 329
713 714
714 420
715 716
715 1397
716 33
717 718
717 1449
718 470
719 720
719 1029
720 757
721 722
721 1221
722 977
723 722
723 724
724 1278
725 726
725 1230
726 1567
727 6
727 728
728 1149
729 730
729 1053
730 1537
731 285
731 732
732 1599
733 224
733 734
734 263
735 736
735 754
736 895
737 738
737 1548
738 1276
739 617
739 740
740 402
741 287
741 742
742 1500
743 532
743 744
744 896
745 529
745 746
746 675
747 748
747 1295
748 295
749 436
749 750
750 1006
751 382
751 752
752 970
753 754
753 1069
754 811
755 222
755 756
756 560
757 758
757 1478
758 358
759 760
759 1410
760 1494
761 762
761 1085
762 830
763 764
763 933
764 730
765 766
765 1301
766 773
767 727
767 768
768 1005
769 297
769 770
770 578
771 772
771 921
772 798
773 774
773 862
774 1488
775 776
775 1399
776 13
777 403
777 778
778 1453
779 257
779 780
780 904
781 782
781 1147
782 79
783 67
783 784
784 768
785 786
785 1243
786 958
787 788
787 1032
788 934
789 708
789 790
790 928
791 231
791 792
792 136
793 794
793 1119
794 1505
795 796
795 1489
796 148
797 798
797 1423
798 1440
799 109
799 800
800 1248
801 456
801 802
802 158
803 804
803 1324
804 1439
805 806
805 1357
806 87
807 73
807 808
808 234
809 318
809 810
810 341
811 685
811 812
812 343
813 781
813 814
814 460
815 327
815 816
816 398
817 763
817 818
818 660
819 472
819 820
820 127
821 249
821 822
822 156
823 115
823 824
824 696
825 77
825 826
826 744
827 709
827 828
828 1196
829 183
829 830
830 441
831 832
831 1352
832 1480
833 834
833 1239
834 1473
835 836
835 854
836 179
837 657
837 838
838 507
839 840
839 1021
840 302
841 842
841 981
842 45
843 844
843 1603
844 743
845 205
845 846
846 876
847 478
847 848
848 942
849 850
849 902
850 1274
851 852
851 1191
852 1335
853 851
853 854
854 957
855 619
855 856
856 195
857 858
857 1164
858 1470
859 860
859 1527
860 1056
861 740
861 862
862 254
863 864
863 1565
864 1563
865 565
865 866
866 1605
867 868
867 1051
868 573
869 81
869 870
870 168
871 872
871 1091
872 1228
873 725
873 874
874 968
875 658
875 876
876 34
877 878
877 1214
878 648
879 880
879 1407
880 965
881 882
881 1039
882 875
883 884
883 1503
884 1108
885 315
885 886
886 1383
887 345
887 888
888 1116
889 695
889 890
890 278
891 405
891 892
892 691
893 894
893 905
894 1529
895 896
895 1002
896 992
897 898
897 997
898 907
899 687
899 900
900 890
901 84
901 902
902 1336
903 904
903 1172
904 1187
905 906
905 1020
906 500
907 110
907 908
908 374
909 68
909 910
910 1043
911 912
911 1368
912 16
913 528
913 914
914 1219
915 385
915 916
916 28
917 778
917 918
918 62
919 188
919 920
920 1222
921 651
921 922
922 1300
923 889
923 924
924 1250
925 926
925 1025
926 1204
927 928
927 1588
928 1409
929 930
929 1592
930 672
931 932
931 1152
932 340
933 520
933 934
934 1348
935 936
935 1311
936 1
937 191
937 938
938 1246
939 414
939 940
940 1087
941 572
941 942
942 1044
943 462
943 944
944 246
945 946
945 1545
946 531
947 186
947 948
948 642
949 950
949 1287
950 1544
951 952
951 1382
952 821
953 717
953 954
954 41
955 956
955 1444
956 54
957 59
957 958
958 540
959 796
959 960
960 140
961 349
961 962
962 756
963 243
963 964
964 888
965 966
965 998
966 12
967 968
967 1506
968 699
969 122
969 970
970 1466
971 972
971 1408
972 838
973 666
973 974
974 513
975 69
975 976
976 289
977 978
977 1566
978 964
979 980
979 1329
980 361
981 777
981 982
982 663
983 163
983 984
984 1302
985 836
985 986
986 1132
987 269
987 988
988 1338
989 383
989 990
990 976
991 496
991 992
992 1286
993 994
993 1054
994 792
995 335
995 996
996 950
997 809
997 998
998 1210
999 799
999 1000
1000 1594
1001 1002
1001 1042
1002 1148
1003 388
1003 1004
1004 758
1005 514
1005 1006
1006 681
1007 319
1007 1008
1008 38
1009 1010
1009 1079
1010 182
1011 86
1011 1012
1012 930
1013 313
1013 1014
1014 66
1015 153
1015 1016
1016 266
1017 605
1017 1018
1018 474
1019 1020
1019 1280
1020 332
1021 432
1021 1022
1022 1178
1023 558
1023 1024
1024 322
1025 766
1025 1026
1026 1376
1027 1028
1027 1247
1028 72
1029 1030
1029 1607
1030 1257
1031 674
1031 1032
1032 1346
1033 1034
1033 1502
1034 661
1035 150
1035 1036
1036 1587
1037 1038
1037 1610
1038 1198
1039 820
1039 1040
1040 1436
1041 1042
1041 1604
1042 1291
1043 715
1043 1044
1044 1442
1045 570
1045 1046
1046 734
1047 906
1047 1048
1048 58
1049 132
1049 1050
1050 1097
1051 1052
1051 1077
1052 1608
1053 10
1053 1054
1054 712
1055 1056
1055 1195
1056 1384
1057 1058
1057 1129
1058 1208
1059 805
1059 1060
1060 1477
1061 145
1061 1062
1062 88
1063 949
1063 1064
1064 7
1065 453
1065 1066
1066 1509
1067 509
1067 1068
1068 682
1069 413
1069 1070
1070 167
1071 354
1071 1072
1072 198
1073 1074
1073 1285
1074 512
1075 656
1075 1076
1076 1471
1077 1078
1077 1533
1078 1554
1079 1080
1079 1455
1080 364
1081 142
1081 1082
1082 1000
1083 1084
1083 1555
1084 476
1085 212
1085 1086
1086 271
1087 1088
1087 1232
1088 750
1089 355
1089 1090
1090 624
1091 121
1091 1092
1092 491
1093 738
1093 1094
1094 562
1095 2
1095 1096
1096 1184
1097 1098
1097 1542
1098 878
1099 489
1099 1100
1100 154
1101 1102
1101 1201
1102 1602
1103 407
1103 1104
1104 1546
1105 827
1105 1106
1106 530
1107 931
1107 1108
1108 1026
1109 877
1109 1110
1110 370
1111 735
1111 1112
1112 640
1113 469
1113 1114
1114 1524
1115 707
1115 1116
1116 774
1117 417
1117 1118
1118 304
1119 151
1119 1120
1120 1433
1121 737
1121 1122
1122 1190
1123 401
1123 1124
1124 324
1125 98
1125 1126
1126 584
1127 452
1127 1128
1128 780
1129 925
1129 1130
1130 40
1131 75
1131 1132
1132 1140
1133 134
1133 1134
1134 954
1135 1049
1135 1136
1136 1096
1137 650
1137 1138
1138 1306
1139 1114
1139 1140
1140 864
1141 1142
1141 1157
1142 107
1143 1144
1143 1457
1144 426
1145 199
1145 1146
1146 1018
1147 547
1147 1148
1148 1322
1149 1150
1149 1227
1150 76
1151 369
1151 1152
1152 1395
1153 112
1153 1154
1154 911
1155 1037
1155 1156
1156 1252
1157 495
1157 1158
1158 384
1159 29
1159 1160
1160 1318
1161 89
1161 1162
1162 353
1163 1164
1163 1541
1164 1589
1165 1166
1165 1193
1166 1464
1167 333
1167 1168
1168 159
1169 316
1169 1170
1170 1422
1171 363
1171 1172
1172 1220
1173 1089
1173 1174
1174 755
1175 1176
1175 1350
1176 1482
1177 178
1177 1178
1178 128
1179 1159
1179 1180
1180 557
1181 171
1181 1182
1182 1068
1183 803
1183 1184
1184 938
1185 1186
1185 1229
1186 400
1187 214
1187 1188
1188 801
1189 1190
1189 1310
1190 662
1191 855
1191 1192
1192 881
1193 1144
1193 1194
1194 1568
1195 10
1195 1196
1196 1614
1197 283
1197 1198
1198 265
1199 510
1199 1200
1200 955
1201 991
1201 1202
1202 267
1203 1136
1203 1204
1204 1402
1205 863
1205 1206
1206 272
1207 1208
1207 1380
1208 533
1209 785
1209 1210
1210 816
1211 379
1211 1212
1212 848
1213 1161
1213 1214
1214 538
1215 459
1215 1216
1216 603
1217 1218
1217 1328
1218 1418
1219 1220
1219 1262
1220 1100
1221 36
1221 1222
1222 49
1223 1162
1223 1224
1224 1331
1225 1226
1225 1273
1226 978
1227 225
1227 1228
1228 1362
1229 1230
1229 1469
1230 683
1231 765
1231 1232
1232 276
1233 1234
1233 1347
1234 228
1235 886
1235 1236
1236 288
1237 485
1237 1238
1238 1155
1239 1213
1239 1240
1240 917
1241 347
1241 1242
1242 807
1243 1244
1243 1582
1244 502
1245 1246
1245 1349
1246 710
1247 428
1247 1248
1248 1269
1249 915
1249 1250
1250 338
1251 1252
1251 1371
1252 194
1253 698
1253 1254
1254 972
1255 381
1255 1256
1256 802
1257 812
1257 1258
1258 44
1259 762
1259 1260
1260 618
1261 599
1261 1262
1262 21
1263 867
1263 1264
1264 439
1265 767
1265 1266
1266 275
1267 581
1267 1268
1268 652
1269 808
1269 1270
1270 736
1271 923
1271 1272
1272 5
1273 1274
1273 1496
1274 1396
1275 1137
1275 1276
1276 1438
1277 1278
1277 1521
1278 549
1279 1280
1279 1411
1280 1551
1281 868
1281 1282
1282 844
1283 1245
1283 1284
1284 1120
1285 983
1285 1286
1286 926
1287 311
1287 1288
1288 1057
1289 392
1289 1290
1290 716
1291 418
1291 1292
1292 1400
1293 1294
1293 1483
1294 1166
1295 119
1295 1296
1296 94
1297 301
1297 1298
1298 608
1299 590
1299 1300
1300 172
1301 885
1301 1302
1302 1454
1303 1304
1303 1552
1304 1145
1305 834
1305 1306
1306 46
1307 815
1307 1308
1308 454
1309 299
1309 1310
1310 31
1311 817
1311 1312
1312 1111
1313 259
1313 1314
1314 1297
1315 1007
1315 1316
1316 1288
1317 1275
1317 1318
1318 1138
1319 279
1319 1320
1320 700
1321 70
1321 1322
1322 1373
1323 1261
1323 1324
1324 211
1325 1268
1325 1326
1326 1416
1327 787
1327 1328
1328 1585
1329 499
1329 1330
1330 680
1331 1253
1331 1332
1332 293
1333 155
1333 1334
1334 948
1335 181
1335 1336
1336 537
1337 988
1337 1338
1338 610
1339 995
1339 1340
1340 1050
1341 1235
1341 1342
1342 1518
1343 638
1343 1344
1344 74
1345 1346
1345 1401
1346 1403
1347 437
1347 1348
1348 1282
1349 859
1349 1350
1350 935
1351 943
1351 1352
1352 752
1353 393
1353 1354
1354 1122
1355 553
1355 1356
1356 870
1357 1358
1357 1559
1358 646
1359 871
1359 1360
1360 633
1361 596
1361 1362
1362 1432
1363 1341
1363 1364
1364 55
1365 15
1365 1366
1366 498
1367 612
1367 1368
1368 1194
1369 1271
1369 1370
1370 587
1371 229
1371 1372
1372 111
1373 1374
1373 1388
1374 588
1375 1279
1375 1376
1376 550
1377 793
1377 1378
1378 1370
1379 620
1379 1380
1380 1393
1381 1382
1381 1535
1382 1241
1383 1384
1383 1532
1384 622
1385 616
1385 1386
1386 1186
1387 845
1387 1388
1388 668
1389 346
1389 1390
1390 1522
1391 1392
1391 1412
1392 858
1393 82
1393 1394
1394 586
1395 351
1395 1396
1396 1586
1397 847
1397 1398
1398 703
1399 6
1399 1400
1400 130
1401 589
1401 1402
1402 367
1403 1086
1403 1404
1404 580
1405 1101
1405 1406
1406 671
1407 655
1407 1408
1408 220
1409 129
1409 1410
1410 160
1411 697
1411 1412
1412 1233
1413 1183
1413 1414
1414 1189
1415 117
1415 1416
1416 457
1417 600
1417 1418
1418 791
1419 852
1419 1420
1420 794
1421 207
1421 1422
1422 577
1423 865
1423 1424
1424 810
1425 1389
1425 1426
1426 508
1427 1381
1427 1428
1428 927
1429 984
1429 1430
1430 1342
1431 601
1431 1432
1432 760
1433 1434
1433 1508
1434 1180
1435 1436
1435 1501
1436 582
1437 17
1437 1438
1438 296
1439 180
1439 1440
1440 216
1441 1360
1441 1442
1442 321
1443 292
1443 1444
1444 1580
1445 1131
1445 1446
1446 1377
1447 1175
1447 1448
1448 326
1449 825
1449 1450
1450 1266
1451 101
1451 1452
1452 1479
1453 516
1453 1454
1454 654
1455 411
1455 1456
1456 123
1457 165
1457 1458
1458 120
1459 1460
1459 1485
1460 894
1461 1121
1461 1462
1462 585
1463 1130
1463 1464
1464 48
1465 465
1465 1466
1466 1304
1467 360
1467 1468
1468 1014
1469 1081
1469 1470
1470 726
1471 846
1471 1472
1472 236
1473 505
1473 1474
1474 262
1475 177
1475 1476
1476 832
1477 1441
1477 1478
1478 497
1479 779
1479 1480
1480 1429
1481 261
1481 1482
1482 448
1483 25
1483 1484
1484 391
1485 27
1485 1486
1486 1447
1487 1064
1487 1488
1488 956
1489 493
1489 1490
1490 1320
1491 306
1491 1492
1492 1176
1493 445
1493 1494
1494 26
1495 1475
1495 1496
1496 1171
1497 300
1497 1498
1498 818
1499 1465
1499 1500
1500 1366
1501 1451
1501 1502
1502 1317
1503 435
1503 1504
1504 990
1505 1205
1505 1506
1506 1234
1507 83
1507 1508
1508 748
1509 303
1509 1510
1510 892
1511 1284
1511 1512
1512 356
1513 1514
1513 1560
1514 1517
1515 305
1515 1516
1516 1456
1517 30
1517 1518
1518 636
1519 91
1519 1520
1520 1487
1521 331
1521 1522
1522 430
1523 252
1523 1524
1524 1536
1525 241
1525 1526
1526 1294
1527 473
1527 1528
1528 1369
1529 522
1529 1530
1530 704
1531 487
1531 1532
1532 359
1533 1309
1533 1534
1534 1182
1535 1536
1535 1583
1536 152
1537 1538
1537 1543
1538 644
1539 251
1539 1540
1540 312
1541 1019
1541 1542
1542 630
1543 264
1543 1544
1544 1010
1545 366
1545 1546
1546 1597
1547 749
1547 1548
1548 1424
1549 1353
1549 1550
1550 1303
1551 1419
1551 1552
1552 946
1553 659
1553 1554
1554 226
1555 918
1555 1556
1556 218
1557 1153
1557 1558
1558 759
1559 901
1559 1560
1560 270
1561 1359
1561 1562
1562 733
1563 1430
1563 1564
1564 860
1565 1437
1565 1566
1566 1110
1567 238
1567 1568
1568 1160
1569 731
1569 1570
1570 1226
1571 814
1571 1572
1572 24
1573 747
1573 1574
1574 641
1575 131
1575 1576
1576 1070
1577 1334
1577 1578
1578 18
1579 861
1579 1580
1580 258
1581 365
1581 1582
1582 1027
1583 1330
1583 1584
1584 982
1585 1254
1585 1586
1586 1045
1587 579
1587 1588
1588 461
1589 893
1589 1590
1590 1390
1591 869
1591 1592
1592 729
1593 782
1593 1594
1594 944
1595 979
1595 1596
1596 724
1597 221
1597 1598
1598 1578
1599 1394
1599 1600
1600 932
1601 113
1601 1602
1602 1115
1603 503
1603 1604
1604 789
1605 314
1605 1606
1606 1332
1607 614
1607 1608
1608 986
1609 1516
1609 1610
1610 37
1611 1486
1611 1612
1612 1426
1613 425
1613 1614
1614 1142
