0 347
0 1568
1 1163
1 1481
3 75
3 670
4 24
4 196
5 1107
6 1121
9 159
9 883
10 89
10 357
12 741
11 1172
13 556
13 589
15 663
15 1101
17 235
17 863
19 310
19 886
21 377
21 814
23 24
23 682
24 1436
25 26
25 700
26 1113
27 28
27 1304
28 561
29 30
29 1035
30 224
31 32
31 326
32 1450
33 34
33 1273
34 947
35 36
35 940
36 191
37 38
37 483
38 874
39 40
39 1095
40 728
41 42
41 776
42 894
43 44
43 151
44 934
45 46
45 1073
46 1336
47 48
47 1512
48 812
49 50
49 571
50 953
51 52
51 1296
52 1134
53 45
53 54
54 1383
55 56
55 739
56 1206
57 58
57 1547
58 23
59 60
59 1141
60 640
61 62
61 402
62 570
63 64
63 1335
64 305
65 66
65 1415
66 1606
67 68
67 870
68 1190
69 70
69 1389
70 1583
71 72
71 165
72 1514
73 68
73 74
74 992
75 76
75 299
76 772
77 78
77 941
78 308
79 80
79 247
80 1114
81 82
81 575
82 769
83 84
83 252
84 1586
85 86
85 182
86 1414
87 88
87 555
88 1613
89 90
89 1453
90 1020
91 92
91 1132
92 1346
93 94
93 644
94 1480
95 96
95 205
96 1155
97 98
97 142
98 632
99 100
99 331
100 1265
101 102
101 1431
102 598
103 104
103 453
104 56
105 106
105 546
106 796
107 108
107 1392
108 726
109 110
109 507
110 208
111 112
111 1614
112 668
113 114
113 1292
114 1167
115 116
115 1287
116 1159
117 118
117 345
118 443
119 120
119 474
120 1007
121 122
121 905
122 846
123 124
123 1498
124 300
125 126
125 1188
126 298
127 128
127 1404
128 688
129 130
129 187
130 526
131 132
131 893
132 809
133 134
133 1289
134 1417
135 136
135 901
136 176
137 138
137 1475
138 1279
139 140
139 253
140 1046
141 142
141 653
142 859
143 144
143 568
144 980
145 146
145 1393
146 1457
147 148
147 864
148 219
149 150
149 1432
150 112
151 152
151 1087
152 1032
153 154
153 691
154 1385
155 156
155 1164
156 84
157 17
157 158
158 92
159 160
159 335
160 1081
161 162
161 291
162 1579
163 164
163 1555
164 1034
165 166
165 1244
166 2
167 168
167 292
168 889
169 170
169 1425
170 782
171 172
171 1508
172 244
173 174
173 1542
174 1501
175 176
175 671
176 676
177 178
177 1604
178 500
179 180
179 1064
180 1556
181 53
181 182
182 1529
183 184
183 396
184 180
185 186
185 277
186 250
187 188
187 919
188 420
189 190
189 731
190 898
191 192
191 899
192 1242
193 48
193 194
194 1476
195 196
195 593
196 26
197 198
197 295
198 1592
199 177
199 200
200 1014
201 202
201 1157
202 1182
203 204
203 449
204 1382
205 206
205 1443
206 876
207 208
207 1138
208 760
209 210
209 942
210 514
211 212
211 1097
212 1574
213 214
213 1601
214 1268
215 216
215 1487
216 1246
217 218
217 896
218 1218
219 220
219 1286
220 1338
221 222
221 355
222 879
223 224
223 1219
224 609
225 226
225 1179
226 141
227 228
227 1558
228 194
229 230
229 948
230 1548
231 232
231 482
232 684
233 234
233 1026
234 660
235 226
235 236
236 1178
237 238
237 1439
238 659
239 240
239 257
240 1008
241 242
241 536
242 1370
243 244
243 969
244 735
245 246
245 779
246 1177
247 248
247 1294
248 437
249 250
249 1171
250 880
251 252
251 480
252 1238
253 254
253 1151
254 1059
255 256
255 861
256 1127
257 258
257 1491
258 1016
259 260
259 1240
260 133
261 262
261 309
262 1144
263 264
263 1597
264 1571
265 266
265 747
266 376
267 204
267 268
268 173
269 270
269 837
270 1297
271 272
271 1193
272 1125
273 1
273 274
274 146
275 276
275 461
276 877
277 278
277 673
278 744
279 280
279 675
280 124
281 282
281 413
282 3
283 284
283 346
284 1042
285 286
285 476
286 1428
287 288
287 1433
288 398
289 290
289 785
290 1309
291 292
291 362
292 1275
293 294
293 563
294 153
295 296
295 1315
296 1043
297 298
297 406
298 1160
299 300
299 1280
300 1600
301 302
301 1344
302 610
303 304
303 841
304 972
305 306
305 1252
306 93
307 308
307 494
308 970
309 310
309 778
310 1224
311 312
311 1401
312 5
313 314
313 479
314 286
315 231
315 316
316 1451
317 318
317 1509
318 704
319 59
319 320
320 581
321 322
321 1356
322 723
323 324
323 713
324 416
325 326
325 985
326 188
327 328
327 681
328 633
329 21
329 330
330 1194
331 10
331 332
332 1478
333 334
333 1005
334 360
335 336
335 401
336 1468
337 338
337 1363
338 558
339 51
339 340
340 994
341 55
341 342
342 201
343 344
343 971
344 614
345 346
345 576
346 12
347 348
347 1173
348 166
349 350
349 481
350 831
351 352
351 1105
352 1047
353 354
353 1365
354 1145
355 356
355 1229
356 535
357 358
357 987
358 1090
359 360
359 629
360 1307
361 154
361 362
362 1500
363 364
363 783
364 1277
365 366
365 804
366 1605
367 368
367 441
368 200
369 370
369 487
370 1264
371 372
371 1384
372 157
373 374
373 1373
374 1492
375 376
375 1209
376 132
377 378
377 766
378 1502
379 380
379 862
380 1108
381 319
381 382
382 1056
383 58
383 384
384 1276
385 386
385 714
386 542
387 388
387 422
388 618
389 390
389 447
390 400
391 392
391 1407
392 1305
393 394
393 1213
394 882
395 396
395 1519
396 1300
397 398
397 925
398 478
399 400
399 881
400 1232
401 402
401 1445
402 11
403 404
403 1010
404 548
405 406
405 1013
406 86
407 408
407 887
408 144
409 410
409 924
410 31
411 117
411 412
412 1504
413 414
413 648
414 472
415 416
415 851
416 1452
417 418
417 733
418 875
419 99
419 420
420 695
421 418
421 422
422 742
423 223
423 424
424 1142
425 337
425 426
426 428
427 428
427 946
428 20
429 430
429 444
430 380
431 361
431 432
432 460
433 434
433 1115
434 385
435 436
435 503
436 274
437 438
437 1249
438 1048
439 421
439 440
440 826
441 260
441 442
442 464
443 444
443 1052
444 1116
445 446
445 705
446 352
447 448
447 815
448 190
449 450
449 1181
450 179
451 452
451 686
452 317
453 454
453 475
454 116
455 4
455 456
456 1375
457 375
457 458
458 36
459 460
459 1077
460 656
461 417
461 462
462 1162
463 311
463 464
464 756
465 466
465 1538
466 768
467 468
467 1227
468 843
469 470
469 1003
470 517
471 472
471 998
472 128
473 474
473 897
474 748
475 169
475 476
476 192
477 478
477 1493
478 1388
479 424
479 480
480 594
481 482
481 1137
482 1594
483 434
483 484
484 330
485 486
485 1397
486 794
487 488
487 949
488 1228
489 470
489 490
490 258
491 322
491 492
492 754
493 185
493 494
494 1454
495 9
495 496
496 1465
497 498
497 1267
498 354
499 500
499 857
500 1376
501 502
501 1255
502 800
503 471
503 504
504 306
505 341
505 506
506 1226
507 508
507 807
508 522
509 389
509 510
510 1269
511 155
511 512
512 1266
513 410
513 514
514 1192
515 403
515 516
516 233
517 518
517 717
518 1278
519 273
519 520
520 296
521 451
521 522
522 387
523 524
523 1348
524 8
525 526
525 752
526 872
527 77
527 528
528 690
529 530
529 1149
530 715
531 532
531 761
532 294
533 534
533 797
534 388
535 536
535 1040
536 43
537 538
537 1060
538 892
539 100
539 540
540 1572
541 542
541 669
542 19
543 544
543 1380
544 622
545 546
545 967
546 1581
547 197
547 548
548 737
549 550
549 709
550 1250
551 552
551 680
552 1082
553 554
553 1211
554 543
555 65
555 556
556 1017
557 229
557 558
558 585
559 560
559 1053
560 501
561 562
561 1511
562 821
563 564
563 1577
564 1176
565 559
565 566
566 47
567 356
567 568
568 1352
569 570
569 1403
570 1602
571 572
571 1147
572 11
573 574
573 1561
574 1319
575 576
575 1381
576 1119
577 578
577 930
578 958
579 289
579 580
580 799
581 572
581 582
582 1290
583 584
583 1069
584 657
585 586
585 1482
586 60
587 32
587 588
588 916
589 590
589 1347
590 18
591 207
591 592
592 1552
593 594
593 991
594 1412
595 596
595 1165
596 1420
597 598
597 1063
598 1331
599 293
599 600
600 1485
601 530
601 602
602 1002
603 604
603 1374
604 1406
605 606
605 763
606 368
607 587
607 608
608 890
609 610
609 1466
610 199
611 189
611 612
612 784
613 383
613 614
614 1345
615 616
615 1198
616 557
617 618
617 786
618 1590
619 620
619 740
620 94
621 622
621 802
622 1180
623 624
623 1595
624 248
625 626
625 1058
626 108
627 327
627 628
628 1000
629 630
629 666
630 574
631 239
631 632
632 1332
633 82
633 634
634 910
635 636
635 933
636 466
637 111
637 638
638 900
639 119
639 640
640 324
641 642
641 781
642 865
643 256
643 644
644 1490
645 350
645 646
646 662
647 648
647 1093
648 1327
649 650
649 1423
650 694
651 83
651 652
652 836
653 654
653 1528
654 162
655 656
655 1506
656 827
657 567
657 658
658 818
659 325
659 660
660 44
661 467
661 662
662 1312
663 221
663 664
664 399
665 415
665 666
666 373
667 623
667 668
668 1584
669 670
669 1440
670 279
671 672
671 1204
672 66
673 674
673 1411
674 617
675 315
675 676
676 1168
677 528
677 678
678 284
679 680
679 1091
680 1191
681 682
681 1469
682 504
683 684
683 803
684 975
685 395
685 686
686 895
687 5
687 688
688 268
689 690
689 1459
690 34
691 661
691 692
692 370
693 694
693 1045
694 1405
695 696
695 1364
696 1170
697 698
697 1447
698 850
699 700
699 1011
700 91
701 702
701 858
702 432
703 214
703 704
704 152
705 706
705 1549
706 513
707 708
707 1611
708 263
709 271
709 710
710 54
711 477
711 712
712 825
713 33
713 714
714 1496
715 716
715 1038
716 655
717 485
717 718
718 795
719 720
719 973
720 516
721 722
721 1593
722 314
723 225
723 724
724 38
725 726
725 1546
726 590
727 80
727 728
728 914
729 457
729 730
730 502
731 732
731 982
732 195
733 63
733 734
734 853
735 736
735 1510
736 496
737 738
737 1477
738 835
739 740
739 1499
740 592
741 742
741 1029
742 936
743 744
743 1379
744 989
745 746
745 1089
746 358
747 139
747 748
748 1129
749 750
749 1282
750 1072
751 601
751 752
752 646
753 754
753 966
754 866
755 756
755 912
756 790
757 758
757 1507
758 539
759 760
759 808
760 78
761 762
761 873
762 707
763 168
763 764
764 1074
765 88
765 766
766 674
767 603
767 768
768 1124
769 770
769 805
770 145
771 772
771 1021
772 140
773 774
773 1272
774 412
775 41
775 776
776 1588
777 778
777 1337
778 819
779 780
779 1523
780 163
781 782
781 1533
782 1088
783 784
783 908
784 1418
785 527
785 786
786 238
787 635
787 788
788 727
789 272
789 790
790 242
791 792
791 1281
792 6
793 780
793 794
794 1316
795 796
795 1424
796 544
797 798
797 1260
798 184
799 297
799 800
800 1460
801 113
801 802
802 596
803 804
803 1551
804 1156
805 506
805 806
806 651
807 791
807 808
808 334
809 810
809 956
810 288
811 812
811 1470
812 1599
813 245
813 814
814 878
815 261
815 816
816 524
817 67
817 818
818 1085
819 366
819 820
820 952
821 822
821 1326
822 161
823 824
823 1434
824 871
825 736
825 826
826 1603
827 613
827 828
828 1360
829 830
829 1195
830 600
831 832
831 939
832 1080
833 254
833 834
834 566
835 836
835 844
836 1258
837 838
837 1505
838 1609
839 767
839 840
840 1140
841 553
841 842
842 1185
843 12
843 844
844 1234
845 846
845 867
846 1554
847 848
847 1033
848 1230
849 850
849 1100
850 1314
851 852
851 929
852 367
853 29
853 854
854 167
855 856
855 1245
856 1442
857 858
857 1527
858 1146
859 828
859 860
860 718
861 862
861 1343
862 1120
863 678
863 864
864 701
865 630
865 866
866 1313
867 868
867 1355
868 1086
869 870
869 1256
870 1317
871 436
871 872
872 1422
873 729
873 874
874 974
875 643
875 876
876 440
877 878
877 1471
878 425
879 519
879 880
880 724
881 882
881 1543
882 606
883 884
883 1367
884 122
885 81
885 886
886 720
887 888
887 1575
888 849
889 318
889 890
890 212
891 143
891 892
892 138
893 699
893 894
894 426
895 560
895 896
896 770
897 565
897 898
898 1484
899 900
899 1143
900 509
901 423
901 902
902 1102
903 904
903 1083
904 50
905 552
905 906
906 1298
907 903
907 908
908 61
909 910
909 1123
910 386
911 912
911 965
912 452
913 914
913 1430
914 1248
915 916
915 1210
916 14
917 332
917 918
918 344
919 920
919 955
920 1212
921 922
921 1094
922 1522
923 665
923 924
924 353
925 486
925 926
926 232
927 928
927 1037
928 852
929 599
929 930
930 854
931 627
931 932
932 586
933 934
933 1293
934 698
935 409
935 936
936 518
937 938
937 1413
938 1028
939 649
939 940
940 765
941 203
941 942
942 102
943 944
943 999
944 450
945 774
945 946
946 1598
947 948
947 984
948 304
949 771
949 950
950 316
951 349
951 952
952 605
953 497
953 954
954 1458
955 255
955 956
956 433
957 172
957 958
958 652
959 28
959 960
960 1368
961 743
961 962
962 338
963 964
963 1573
964 650
965 407
965 966
966 1342
967 937
967 968
968 285
969 213
969 970
970 806
971 265
971 972
972 990
973 251
973 974
974 1386
975 302
975 976
976 390
977 978
977 1427
978 1111
979 980
979 1537
980 498
981 69
981 982
982 1299
983 984
983 1513
984 1607
985 150
985 986
986 130
987 269
987 988
988 1004
989 249
989 990
990 149
991 537
991 992
992 1479
993 994
993 1271
994 218
995 270
995 996
996 842
997 833
997 998
998 902
999 1000
999 1435
1000 1369
1001 1002
1001 1015
1002 1566
1003 692
1003 1004
1004 230
1005 931
1005 1006
1006 1018
1007 64
1007 1008
1008 1044
1009 996
1009 1010
1010 1131
1011 493
1011 1012
1012 359
1013 569
1013 1014
1014 906
1015 607
1015 1016
1016 1438
1017 597
1017 1018
1018 42
1019 328
1019 1020
1020 110
1021 351
1021 1022
1022 6
1023 1024
1023 1201
1024 712
1025 753
1025 1026
1026 926
1027 757
1027 1028
1028 1152
1029 364
1029 1030
1030 454
1031 1032
1031 1391
1032 634
1033 275
1033 1034
1034 775
1035 1036
1035 1322
1036 976
1037 1038
1037 1441
1038 290
1039 215
1039 1040
1040 679
1041 96
1041 1042
1042 1098
1043 719
1043 1044
1044 1408
1045 915
1045 1046
1046 404
1047 963
1047 1048
1048 604
1049 759
1049 1050
1050 1416
1051 932
1051 1052
1052 16
1053 135
1053 1054
1054 455
1055 448
1055 1056
1056 1006
1057 732
1057 1058
1058 1122
1059 979
1059 1060
1060 1117
1061 687
1061 1062
1062 1570
1063 1064
1063 1067
1064 619
1065 647
1065 1066
1066 1596
1067 1068
1067 1310
1068 578
1069 1070
1069 1174
1070 626
1071 1072
1071 1214
1072 1532
1073 1074
1073 1497
1074 340
1075 639
1075 1076
1076 287
1077 1049
1077 1078
1078 1055
1079 445
1079 1080
1080 917
1081 1062
1081 1082
1082 170
1083 1039
1083 1084
1084 1515
1085 1086
1085 1257
1086 198
1087 758
1087 1088
1088 462
1089 320
1089 1090
1090 1372
1091 1066
1091 1092
1092 1187
1093 1094
1093 1576
1094 1099
1095 541
1095 1096
1096 382
1097 554
1097 1098
1098 1377
1099 1100
1099 1494
1100 550
1101 855
1101 1102
1102 1333
1103 411
1103 1104
1104 491
1105 1106
1105 1261
1106 551
1107 209
1107 1108
1108 234
1109 891
1109 1110
1110 22
1111 1112
1111 1320
1112 1118
1113 801
1113 1114
1114 920
1115 1116
1115 1400
1116 492
1117 1118
1117 1359
1118 1308
1119 904
1119 1120
1120 1051
1121 397
1121 1122
1122 379
1123 363
1123 1124
1124 148
1125 1106
1125 1126
1126 281
1127 1054
1127 1128
1128 1530
1129 845
1129 1130
1130 540
1131 1132
1131 1301
1132 755
1133 313
1133 1134
1134 121
1135 621
1135 1136
1136 1130
1137 813
1137 1138
1138 773
1139 1140
1139 1399
1140 336
1141 129
1141 1142
1142 1396
1143 1027
1143 1144
1144 384
1145 1133
1145 1146
1146 616
1147 1148
1147 1456
1148 156
1149 131
1149 1150
1150 928
1151 583
1151 1152
1152 136
1153 532
1153 1154
1154 1254
1155 1156
1155 1353
1156 85
1157 1158
1157 1330
1158 1578
1159 1078
1159 1160
1160 1462
1161 57
1161 1162
1162 820
1163 1164
1163 1362
1164 1061
1165 1166
1165 1321
1166 1569
1167 1168
1167 1222
1168 220
1169 1170
1169 1557
1170 1394
1171 515
1171 1172
1172 734
1173 1079
1173 1174
1174 303
1175 1012
1175 1176
1176 1109
1177 186
1177 1178
1178 74
1179 511
1179 1180
1180 512
1181 1182
1181 1591
1182 608
1183 468
1183 1184
1184 1189
1185 1186
1185 1303
1186 70
1187 944
1187 1188
1188 158
1189 120
1189 1190
1190 884
1191 1023
1191 1192
1192 918
1193 27
1193 1194
1194 750
1195 521
1195 1196
1196 1589
1197 789
1197 1198
1198 1483
1199 625
1199 1200
1200 602
1201 664
1201 1202
1202 1339
1203 1084
1203 1204
1204 1486
1205 710
1205 1206
1206 1540
1207 1197
1207 1208
1208 126
1209 35
1209 1210
1210 1467
1211 369
1211 1212
1212 636
1213 1214
1213 1253
1214 1025
1215 533
1215 1216
1216 921
1217 764
1217 1218
1218 1426
1219 1220
1219 1225
1220 860
1221 981
1221 1222
1222 1302
1223 123
1223 1224
1224 228
1225 829
1225 1226
1226 1215
1227 1169
1227 1228
1228 1518
1229 137
1229 1230
1230 913
1231 1196
1231 1232
1232 922
1233 869
1233 1234
1234 950
1235 641
1235 1236
1236 1136
1237 1236
1237 1238
1238 1464
1239 839
1239 1240
1240 1371
1241 1242
1241 1455
1242 73
1243 751
1243 1244
1244 549
1245 1246
1245 1387
1246 703
1247 960
1247 1248
1248 1050
1249 1250
1249 1550
1250 312
1251 1161
1251 1252
1252 978
1253 677
1253 1254
1254 1200
1255 237
1255 1256
1256 777
1257 577
1257 1258
1258 1154
1259 1057
1259 1260
1260 520
1261 847
1261 1262
1262 499
1263 1175
1263 1264
1264 1525
1265 1266
1265 1419
1266 986
1267 1158
1267 1268
1268 206
1269 262
1269 1270
1270 1208
1271 1205
1271 1272
1272 408
1273 1263
1273 1274
1274 1567
1275 588
1275 1276
1276 1358
1277 1278
1277 1311
1278 822
1279 439
1279 1280
1280 465
1281 1139
1281 1282
1282 525
1283 977
1283 1284
1284 125
1285 495
1285 1286
1286 824
1287 745
1287 1288
1288 672
1289 582
1289 1290
1290 484
1291 964
1291 1292
1292 706
1293 885
1293 1294
1294 46
1295 1296
1295 1585
1296 968
1297 1298
1297 1449
1298 1135
1299 283
1299 1300
1300 816
1301 1243
1301 1302
1302 175
1303 505
1303 1304
1304 405
1305 562
1305 1306
1306 1378
1307 25
1307 1308
1308 1036
1309 584
1309 1310
1310 391
1311 1312
1311 1526
1312 993
1313 658
1313 1314
1314 1448
1315 1065
1315 1316
1316 488
1317 227
1317 1318
1318 1461
1319 1320
1319 1544
1320 1488
1321 1221
1321 1322
1322 817
1323 762
1323 1324
1324 810
1325 624
1325 1326
1326 97
1327 749
1327 1328
1328 134
1329 595
1329 1330
1330 529
1331 1220
1331 1332
1332 1398
1333 1235
1333 1334
1334 1410
1335 1336
1335 1351
1336 115
1337 1338
1337 1354
1338 696
1339 638
1339 1340
1340 1237
1341 1342
1341 1517
1342 962
1343 1344
1343 1437
1344 591
1345 1346
1345 1524
1346 438
1347 1183
1347 1348
1348 888
1349 716
1349 1350
1350 1473
1351 545
1351 1352
1352 1553
1353 1262
1353 1354
1354 469
1355 463
1355 1356
1356 1446
1357 431
1357 1358
1358 1284
1359 995
1359 1360
1360 823
1361 1274
1361 1362
1362 1203
1363 642
1363 1364
1364 938
1365 645
1365 1366
1366 788
1367 1368
1367 1531
1368 1541
1369 1357
1369 1370
1370 798
1371 1103
1371 1372
1372 1112
1373 961
1373 1374
1374 211
1375 348
1375 1376
1376 280
1377 959
1377 1378
1378 1472
1379 267
1379 1380
1380 927
1381 1285
1381 1382
1382 1231
1383 458
1383 1384
1384 301
1385 372
1385 1386
1386 702
1387 1207
1387 1388
1388 1580
1389 1009
1389 1390
1390 164
1391 71
1391 1392
1392 106
1393 830
1393 1394
1394 104
1395 1239
1395 1396
1396 321
1397 37
1397 1398
1398 241
1399 531
1399 1400
1400 371
1401 259
1401 1402
1402 1562
1403 838
1403 1404
1404 1349
1405 127
1405 1406
1406 178
1407 957
1407 1408
1408 378
1409 105
1409 1410
1410 1022
1411 323
1411 1412
1412 171
1413 1414
1413 1539
1414 1019
1415 343
1415 1416
1416 76
1417 1334
1417 1418
1418 1070
1419 840
1419 1420
1420 725
1421 523
1421 1422
1422 1270
1423 95
1423 1424
1424 98
1425 266
1425 1426
1426 1324
1427 1076
1427 1428
1428 202
1429 15
1429 1430
1430 79
1431 1283
1431 1432
1432 307
1433 1233
1433 1434
1434 1535
1435 103
1435 1436
1436 1223
1437 1329
1437 1438
1438 722
1439 1429
1439 1440
1440 282
1441 1442
1441 1559
1442 510
1443 997
1443 1444
1444 278
1445 87
1445 1446
1446 1323
1447 685
1447 1448
1448 1148
1449 381
1449 1450
1450 1503
1451 1288
1451 1452
1452 1495
1453 1325
1453 1454
1454 792
1455 333
1455 1456
1456 1395
1457 216
1457 1458
1458 508
1459 935
1459 1460
1460 174
1461 1328
1461 1462
1462 730
1463 1166
1463 1464
1464 118
1465 183
1465 1466
1466 1563
1467 342
1467 1468
1468 427
1469 1295
1469 1470
1470 1341
1471 147
1471 1472
1472 264
1473 329
1473 1474
1474 240
1475 907
1475 1476
1476 620
1477 832
1477 1478
1478 160
1479 414
1479 1480
1480 1306
1481 811
1481 1482
1482 210
1483 72
1483 1484
1484 1024
1485 489
1485 1486
1486 1421
1487 637
1487 1488
1488 1199
1489 580
1489 1490
1490 339
1491 547
1491 1492
1492 394
1493 1259
1493 1494
1494 945
1495 1496
1495 1536
1496 1474
1497 1498
1497 1521
1498 114
1499 446
1499 1500
1500 1340
1501 62
1501 1502
1502 1110
1503 1104
1503 1504
1504 217
1505 911
1505 1506
1506 573
1507 943
1507 1508
1508 1216
1509 1128
1509 1510
1510 1247
1511 276
1511 1512
1512 1001
1513 1075
1513 1514
1514 1251
1515 459
1515 1516
1516 107
1517 721
1517 1518
1518 1030
1519 1520
1519 1565
1520 1184
1521 951
1521 1522
1522 1096
1523 923
1523 1524
1524 954
1525 909
1525 1526
1526 1031
1527 983
1527 1528
1528 392
1529 13
1529 1530
1530 39
1531 631
1531 1532
1532 1545
1533 615
1533 1534
1534 628
1535 1536
1535 1560
1536 429
1537 667
1537 1538
1538 708
1539 181
1539 1540
1540 1318
1541 1150
1541 1542
1542 374
1543 246
1543 1544
1544 834
1545 654
1545 1546
1546 1068
1547 1409
1547 1548
1548 738
1549 787
1549 1550
1550 1041
1551 1153
1551 1552
1552 222
1553 848
1553 1554
1554 90
1555 711
1555 1556
1556 1582
1557 101
1557 1558
1558 365
1559 1361
1559 1560
1560 236
1561 435
1561 1562
1562 868
1563 40
1563 1564
1564 1402
1565 579
1565 1566
1566 1516
1567 1444
1567 1568
1568 52
1569 538
1569 1570
1570 988
1571 456
1571 1572
1572 7
1573 1241
1573 1574
1574 612
1575 793
1575 1576
1576 611
1577 689
1577 1578
1578 683
1579 1520
1579 1580
1580 430
1581 393
1581 1582
1582 746
1583 1350
1583 1584
1584 1612
1585 697
1585 1586
1586 856
1587 693
1587 1588
1588 1126
1589 49
1589 1590
1590 490
1591 109
1591 1592
1592 442
1593 1463
1593 1594
1594 1534
1595 419
1595 1596
1596 564
1597 1598
1597 1610
1598 1202
1599 1366
1599 1600
1600 1564
1601 1291
1601 1602
1602 534
1603 30
1603 1604
1604 1217
1605 193
1605 1606
1606 1071
1607 1092
1607 1608
1608 1489
1609 1390
1609 1610
1610 1186
1611 243
1611 1612
1612 1608
1613 473
1613 1614
1614 1587
