0 229
0 1231
1 552
1 1409
3 722
3 1277
5 382
4 262
4 1097
6 752
9 595
9 859
10 1111
10 1489
12 1561
11 1205
13 725
13 1195
15 905
15 1536
17 232
17 260
19 886
19 887
21 373
21 964
23 24
23 56
24 1008
25 26
25 823
26 1351
27 28
27 586
28 104
29 30
29 874
30 1454
31 32
31 1356
32 1056
33 34
33 1279
34 304
35 36
35 443
36 1282
37 38
37 529
38 456
39 40
39 218
40 181
41 42
41 65
42 365
43 44
43 698
44 254
45 46
45 1142
46 372
47 48
47 1463
48 415
49 50
49 1451
50 1168
51 52
51 902
52 703
53 54
53 915
54 634
55 56
55 193
56 685
57 58
57 1278
58 130
59 60
59 816
60 380
61 62
61 1028
62 1107
63 64
63 979
64 388
65 66
65 697
66 995
67 68
67 793
68 1368
69 70
69 315
70 1089
71 72
71 509
72 1209
73 74
73 1595
74 1566
75 76
75 963
76 956
77 78
77 1166
78 280
79 80
79 653
80 1327
81 82
81 309
82 1448
83 84
83 845
84 1499
85 86
85 1484
86 434
87 88
87 891
88 1065
89 90
89 231
90 204
91 92
91 1247
92 328
93 94
93 151
94 1031
95 96
95 1459
96 826
97 98
97 861
98 1127
99 100
99 713
100 1242
101 102
101 813
102 567
103 104
103 1161
104 921
105 106
105 1155
106 324
107 108
107 609
108 270
109 110
109 1343
110 1521
111 112
111 702
112 238
113 114
113 757
114 980
115 116
115 1497
116 42
117 118
117 1061
118 718
119 120
119 1505
120 288
121 122
121 867
122 581
123 124
123 279
124 1199
125 126
125 1185
126 630
127 128
127 606
128 366
129 130
129 537
130 311
131 132
131 1159
132 1117
133 134
133 227
134 769
135 136
135 779
136 1095
137 138
137 1167
138 625
139 140
139 750
140 1464
141 142
141 257
142 994
143 144
143 1577
144 1531
145 146
145 1072
146 1355
147 148
147 463
148 612
149 150
149 821
150 22
151 152
151 222
152 14
153 154
153 295
154 1338
155 156
155 1259
156 1233
157 158
157 1087
158 953
159 160
159 711
160 1252
161 11
161 162
162 1243
163 164
163 1441
164 183
165 166
165 611
166 1156
167 168
167 1539
168 619
169 27
169 170
170 1244
171 172
171 203
172 1085
173 174
173 1023
174 1590
175 176
175 727
176 1449
177 178
177 1593
178 368
179 180
179 467
180 384
181 182
181 1100
182 1262
183 184
183 1502
184 788
185 186
185 1048
186 179
187 188
187 1169
188 482
189 190
189 198
190 70
191 192
191 1128
192 881
193 194
193 1340
194 1324
195 196
195 553
196 805
197 138
197 198
198 474
199 200
199 672
200 1175
201 118
201 202
202 1318
203 204
203 1345
204 1569
205 206
205 294
206 1354
207 208
207 1203
208 681
209 210
209 400
210 454
211 212
211 1429
212 272
213 214
213 1469
214 100
215 216
215 629
216 844
217 218
217 512
218 975
219 220
219 1425
220 800
221 67
221 222
222 1393
223 224
223 1211
224 620
225 172
225 226
226 412
227 228
227 836
228 1058
229 59
229 230
230 363
231 232
231 961
232 1360
233 234
233 597
234 82
235 236
235 437
236 252
237 238
237 981
238 932
239 240
239 767
240 532
241 197
241 242
242 352
243 244
243 341
244 1518
245 246
245 699
246 1295
247 187
247 248
248 558
249 250
249 761
250 640
251 252
251 751
252 504
253 254
253 997
254 946
255 256
255 1480
256 360
257 258
257 416
258 394
259 260
259 839
260 603
261 262
261 321
262 1422
263 117
263 264
264 622
265 266
265 669
266 1479
267 268
267 931
268 894
269 270
269 873
270 1401
271 272
271 596
272 706
273 190
273 274
274 1062
275 276
275 421
276 1109
277 278
277 783
278 686
279 280
279 351
280 1054
281 161
281 282
282 297
283 284
283 801
284 992
285 286
285 1476
286 1507
287 288
287 1578
288 150
289 290
289 1365
290 1560
291 31
291 292
292 576
293 294
293 423
294 1180
295 296
295 471
296 1098
297 298
297 461
298 542
299 111
299 300
300 1170
301 302
301 332
302 930
303 304
303 912
304 660
305 306
305 1358
306 1498
307 308
307 528
308 1370
309 310
309 1017
310 1492
311 312
311 856
312 1396
313 261
313 314
314 240
315 316
315 983
316 588
317 318
317 1101
318 1611
319 320
319 1300
320 508
321 322
321 670
322 205
323 324
323 1342
324 1276
325 326
325 572
326 1240
327 328
327 957
328 480
329 330
329 1586
330 782
331 332
331 493
332 1326
333 334
333 1325
334 264
335 336
335 1585
336 888
337 338
337 1236
338 1411
339 340
339 1363
340 1093
341 342
341 1511
342 1331
343 344
343 526
344 1493
345 139
345 346
346 106
347 348
347 1395
348 319
349 350
349 383
350 993
351 4
351 352
352 68
353 354
353 1194
354 566
355 145
355 356
356 1108
357 358
357 1073
358 1115
359 360
359 1208
360 1190
361 362
361 1146
362 916
363 364
363 1201
364 1500
365 188
365 366
366 1472
367 368
367 1450
368 359
369 370
369 1483
370 960
371 372
371 432
372 890
373 374
373 1011
374 1078
375 376
375 636
376 1372
377 378
377 1081
378 876
379 380
379 1083
380 1567
381 119
381 382
382 1086
383 384
383 807
384 1607
385 386
385 913
386 303
387 388
387 1075
388 277
389 390
389 776
390 478
391 246
391 392
392 543
393 394
393 693
394 1591
395 396
395 962
396 1160
397 398
397 1447
398 436
399 9
399 400
400 133
401 402
401 857
402 144
403 404
403 1121
404 3
405 406
405 950
406 490
407 408
407 748
408 189
409 410
409 1332
410 656
411 412
411 419
412 580
413 414
413 1281
414 900
415 416
415 444
416 1183
417 418
417 1583
418 1280
419 420
419 775
420 1246
421 10
421 422
422 35
423 21
423 424
424 549
425 349
425 426
426 318
427 428
427 893
428 1610
429 430
429 911
430 1030
431 377
431 432
432 802
433 434
433 683
434 947
435 436
435 989
436 420
437 269
437 438
438 870
439 440
439 763
440 688
441 442
441 541
442 1601
443 444
443 623
444 1151
445 340
445 446
446 1066
447 223
447 448
448 976
449 450
449 1431
450 1516
451 452
451 926
452 746
453 454
453 569
454 296
455 442
455 456
456 1173
457 121
457 458
458 534
459 460
459 644
460 828
461 462
461 665
462 1552
463 339
463 464
464 1613
465 466
465 502
466 1034
467 468
467 1257
468 273
469 470
469 1572
470 51
471 472
471 1317
472 1306
473 474
473 1445
474 284
475 476
475 662
476 1565
477 478
477 618
478 928
479 480
479 1527
480 398
481 482
481 533
482 334
483 184
483 484
484 34
485 486
485 489
486 224
487 488
487 1322
488 906
489 490
489 536
490 154
491 375
491 492
492 1253
493 494
493 741
494 1532
495 496
495 1187
496 325
497 498
497 968
498 647
499 500
499 1037
500 830
501 502
501 1064
502 1335
503 504
503 1032
504 1069
505 455
505 506
506 344
507 508
507 817
508 1275
509 510
509 1193
510 1192
511 512
511 897
512 974
513 293
513 514
514 1035
515 516
515 705
516 978
517 518
517 704
518 194
519 520
519 1461
520 970
521 522
521 951
522 26
523 524
523 1423
524 1139
525 526
525 1130
526 212
527 528
527 1090
528 1456
529 530
529 1249
530 1428
531 532
531 982
532 1408
533 534
533 1122
534 258
535 536
535 1467
536 132
537 538
537 1477
538 331
539 540
539 1413
540 1044
541 523
541 542
542 52
543 544
543 1473
544 464
545 546
545 1362
546 120
547 548
547 637
548 1559
549 550
549 798
550 602
551 552
551 559
552 556
553 211
553 554
554 790
555 556
555 692
556 320
557 548
557 558
558 1564
559 473
559 560
560 1400
561 562
561 1171
562 1302
563 345
563 564
564 336
565 566
565 965
566 1218
567 568
567 1124
568 1140
569 570
569 631
570 806
571 572
571 1106
572 353
573 574
573 920
574 45
575 576
575 1519
576 998
577 25
577 578
578 1490
579 580
579 1301
580 674
581 582
581 1149
582 1074
583 584
583 1430
584 914
585 586
585 923
586 310
587 588
587 1417
588 364
589 590
589 917
590 1176
591 592
591 627
592 729
593 594
593 988
594 582
595 596
595 1471
596 333
597 12
597 598
598 929
599 600
599 1239
600 907
601 602
601 1126
602 201
603 604
603 667
604 483
605 606
605 646
606 1475
607 598
607 608
608 337
609 281
609 610
610 986
611 612
611 1219
612 500
613 614
613 1047
614 853
615 605
615 616
616 80
617 87
617 618
618 687
619 620
619 1092
620 908
621 622
621 759
622 174
623 282
623 624
624 1196
625 465
625 626
626 732
627 342
627 628
628 37
629 630
629 1049
630 738
631 632
631 673
632 880
633 522
633 634
634 305
635 636
635 1485
636 155
637 638
637 691
638 1434
639 492
639 640
640 784
641 83
641 642
642 1138
643 73
643 644
644 1293
645 646
645 1079
646 563
647 50
647 648
648 1060
649 650
649 1378
650 675
651 652
651 1529
652 1439
653 654
653 1191
654 329
655 656
655 1287
656 864
657 658
657 959
658 291
659 660
659 927
660 1026
661 259
661 662
662 773
663 664
663 772
664 737
665 666
665 809
666 1458
667 668
667 1504
668 242
669 573
669 670
670 1001
671 672
671 1131
672 990
673 654
673 674
674 32
675 676
675 1264
676 716
677 678
677 1460
678 1144
679 680
679 843
680 453
681 682
681 1437
682 358
683 684
683 811
684 18
685 356
685 686
686 1256
687 688
687 1009
688 166
689 521
689 690
690 1288
691 48
691 692
692 939
693 694
693 1182
694 758
695 696
695 1466
696 760
697 698
697 1033
698 1150
699 700
699 1267
700 1579
701 702
701 999
702 1015
703 451
703 704
704 695
705 706
705 1599
706 1052
707 409
707 708
708 255
709 425
709 710
710 199
711 712
711 1503
712 1210
713 714
713 739
714 1251
715 57
715 716
716 486
717 718
717 1217
718 1328
719 720
719 1596
720 1350
721 109
721 722
722 389
723 724
723 1321
724 1068
725 726
725 733
726 918
727 728
727 1495
728 562
729 730
729 1200
730 632
731 732
731 1435
732 730
733 47
733 734
734 414
735 736
735 1575
736 546
737 738
737 1420
738 1508
739 149
739 740
740 487
741 524
741 742
742 1284
743 744
743 937
744 649
745 162
745 746
746 762
747 367
747 748
748 1050
749 750
749 1071
750 1487
751 554
751 752
752 1373
753 754
753 1234
754 1514
755 756
755 837
756 462
757 758
757 1341
758 378
759 393
759 760
760 316
761 503
761 762
762 386
763 764
763 1309
764 1260
765 645
765 766
766 714
767 361
767 768
768 1216
769 770
769 1366
770 742
771 638
771 772
772 168
773 774
773 1457
774 889
775 776
775 1082
776 124
777 778
777 1410
778 494
779 657
779 780
780 883
781 62
781 782
782 1380
783 784
783 1542
784 568
785 786
785 1399
786 178
787 788
787 1265
788 1296
789 599
789 790
790 1307
791 792
791 1418
792 424
793 565
793 794
794 468
795 701
795 796
796 1588
797 798
797 840
798 777
799 621
799 800
800 557
801 539
801 802
802 1406
803 249
803 804
804 1204
805 680
805 806
806 290
807 175
807 808
808 438
809 11
809 810
810 987
811 505
811 812
812 370
813 173
813 814
814 726
815 221
815 816
816 1004
817 651
817 818
818 1181
819 820
819 1158
820 1598
821 271
821 822
822 1077
823 721
823 824
824 734
825 53
825 826
826 1289
827 182
827 828
828 770
829 501
829 830
830 1433
831 780
831 832
832 44
833 834
833 1226
834 1314
835 275
835 836
836 1007
837 635
837 838
838 824
839 115
839 840
840 551
841 141
841 842
842 88
843 514
843 844
844 1550
845 49
845 846
846 450
847 153
847 848
848 210
849 850
849 1509
850 855
851 852
851 1272
852 910
853 93
853 854
854 942
855 433
855 856
856 933
857 858
857 865
858 330
859 195
859 860
860 96
861 862
861 1134
862 766
863 613
863 864
864 300
865 585
865 866
866 72
867 243
867 868
868 785
869 756
869 870
870 346
871 789
871 872
872 764
873 874
873 1517
874 940
875 589
875 876
876 1022
877 878
877 1555
878 268
879 880
879 892
880 298
881 882
881 1320
882 517
883 884
883 1197
884 506
885 519
885 886
886 1315
887 555
887 888
888 1230
889 287
889 890
890 1323
891 892
891 1440
892 628
893 894
893 1027
894 882
895 896
895 1436
896 530
897 401
897 898
898 1506
899 163
899 900
900 1515
901 902
901 1491
902 1046
903 561
903 904
904 696
905 600
905 906
906 768
907 908
907 969
908 314
909 511
909 910
910 169
911 469
911 912
912 1202
913 15
913 914
914 560
915 916
915 1141
916 1415
917 731
917 918
918 237
919 920
919 1589
920 1143
921 922
921 1118
922 854
923 75
923 924
924 355
925 926
925 1263
926 43
927 895
927 928
928 374
929 208
929 930
930 476
931 17
931 932
932 1311
933 266
933 934
934 6
935 936
935 1299
936 1040
937 641
937 938
938 180
939 745
939 940
940 114
941 24
941 942
942 1488
943 313
943 944
944 1102
945 946
945 1541
946 922
947 948
947 1344
948 564
949 63
949 950
950 426
951 215
951 952
952 1346
953 954
953 1405
954 1424
955 956
955 973
956 74
957 799
957 958
958 774
959 639
959 960
960 515
961 962
961 1376
962 171
963 661
963 964
964 91
965 812
965 966
966 796
967 440
967 968
968 323
969 970
969 1389
970 239
971 308
971 972
972 1292
973 850
973 974
974 1206
975 976
975 1002
976 110
977 797
977 978
978 19
979 980
979 1556
980 1452
981 982
981 1482
982 357
983 984
983 1398
984 30
985 60
985 986
986 148
987 988
987 1512
988 583
989 815
989 990
990 105
991 709
991 992
992 1270
993 285
993 994
994 676
995 831
995 996
996 33
997 97
997 998
998 1164
999 245
999 1000
1000 972
1001 879
1001 1002
1002 460
1003 137
1003 1004
1004 1336
1005 484
1005 1006
1006 1036
1007 376
1007 1008
1008 1496
1009 1010
1009 1178
1010 39
1011 1012
1011 1403
1012 1006
1013 1014
1013 1383
1014 152
1015 58
1015 1016
1016 1116
1017 1018
1017 1266
1018 112
1019 1020
1019 1067
1020 301
1021 1022
1021 1337
1022 984
1023 787
1023 1024
1024 1225
1025 1026
1025 1227
1026 1291
1027 1028
1027 1381
1028 1271
1029 176
1029 1030
1030 1592
1031 1032
1031 1606
1032 5
1033 875
1033 1034
1034 1012
1035 5
1035 1036
1036 1494
1037 1038
1037 1147
1038 408
1039 1040
1039 1382
1040 371
1041 1042
1041 1604
1042 1316
1043 13
1043 1044
1044 1250
1045 263
1045 1046
1046 642
1047 289
1047 1048
1048 847
1049 113
1049 1050
1050 1353
1051 1052
1051 1557
1052 604
1053 427
1053 1054
1054 1465
1055 327
1055 1056
1056 206
1057 1058
1057 1371
1058 668
1059 90
1059 1060
1060 724
1061 1062
1061 1432
1062 430
1063 1064
1063 1533
1064 1584
1065 862
1065 1066
1066 1084
1067 967
1067 1068
1068 663
1069 326
1069 1070
1070 684
1071 591
1071 1072
1072 135
1073 1018
1073 1074
1074 678
1075 79
1075 1076
1076 544
1077 1078
1077 1602
1078 1522
1079 607
1079 1080
1080 103
1081 1082
1081 1303
1082 1419
1083 1084
1083 1537
1084 708
1085 428
1085 1086
1086 165
1087 1088
1087 1397
1088 753
1089 191
1089 1090
1090 610
1091 402
1091 1092
1092 1258
1093 1094
1093 1614
1094 1112
1095 1096
1095 1255
1096 575
1097 71
1097 1098
1098 1110
1099 99
1099 1100
1100 1198
1101 1102
1101 1129
1102 592
1103 354
1103 1104
1104 76
1105 1106
1105 1232
1106 283
1107 898
1107 1108
1108 803
1109 814
1109 1110
1110 1312
1111 157
1111 1112
1112 1070
1113 952
1113 1114
1114 274
1115 1116
1115 1412
1116 1404
1117 1118
1117 1305
1118 1540
1119 1120
1119 1547
1120 832
1121 1063
1121 1122
1122 241
1123 102
1123 1124
1124 1212
1125 1126
1125 1224
1126 829
1127 6
1127 1128
1128 626
1129 369
1129 1130
1130 362
1131 235
1131 1132
1132 934
1133 740
1133 1134
1134 186
1135 1029
1135 1136
1136 458
1137 1138
1137 1359
1138 1349
1139 531
1139 1140
1140 792
1141 945
1141 1142
1142 1286
1143 1144
1143 1481
1144 1538
1145 935
1145 1146
1146 1392
1147 1135
1147 1148
1148 1188
1149 1150
1149 1525
1150 343
1151 470
1151 1152
1152 1524
1153 614
1153 1154
1154 996
1155 1156
1155 1546
1156 160
1157 1158
1157 1237
1158 40
1159 1160
1159 1587
1160 350
1161 571
1161 1162
1162 1132
1163 1164
1163 1241
1164 28
1165 1166
1165 1339
1166 901
1167 1168
1167 1235
1168 306
1169 601
1169 1170
1170 1248
1171 507
1171 1172
1172 919
1173 1174
1173 1254
1174 658
1175 1176
1175 1528
1176 822
1177 677
1177 1178
1178 587
1179 715
1179 1180
1180 84
1181 158
1181 1182
1182 535
1183 220
1183 1184
1184 1455
1185 429
1185 1186
1186 1357
1187 1188
1187 1385
1188 971
1189 244
1189 1190
1190 1594
1191 317
1191 1192
1192 820
1193 1076
1193 1194
1194 396
1195 1099
1195 1196
1196 804
1197 833
1197 1198
1198 540
1199 338
1199 1200
1200 405
1201 167
1201 1202
1202 1570
1203 1013
1203 1204
1204 140
1205 810
1205 1206
1206 1402
1207 707
1207 1208
1208 948
1209 397
1209 1210
1210 1553
1211 101
1211 1212
1212 131
1213 851
1213 1214
1214 1386
1215 819
1215 1216
1216 574
1217 441
1217 1218
1218 518
1219 127
1219 1220
1220 1348
1221 1222
1221 1333
1222 392
1223 871
1223 1224
1224 765
1225 108
1225 1226
1226 700
1227 146
1227 1228
1228 20
1229 1230
1229 1245
1230 236
1231 1232
1231 1581
1232 925
1233 1234
1233 1453
1234 230
1235 143
1235 1236
1236 1045
1237 475
1237 1238
1238 1136
1239 749
1239 1240
1240 302
1241 513
1241 1242
1242 142
1243 495
1243 1244
1244 666
1245 1039
1245 1246
1246 1298
1247 736
1247 1248
1248 679
1249 872
1249 1250
1250 1113
1251 570
1251 1252
1252 664
1253 387
1253 1254
1254 1148
1255 156
1255 1256
1256 1407
1257 479
1257 1258
1258 1016
1259 122
1259 1260
1260 1123
1261 1262
1261 1375
1262 624
1263 1264
1263 1571
1264 54
1265 439
1265 1266
1266 545
1267 1189
1267 1268
1268 200
1269 977
1269 1270
1270 1347
1271 185
1271 1272
1272 496
1273 1274
1273 1361
1274 1020
1275 1038
1275 1276
1276 126
1277 1278
1277 1576
1278 213
1279 778
1279 1280
1280 650
1281 379
1281 1282
1282 381
1283 1021
1283 1284
1284 1603
1285 863
1285 1286
1286 1238
1287 866
1287 1288
1288 827
1289 1088
1289 1290
1290 335
1291 228
1291 1292
1292 1474
1293 791
1293 1294
1294 78
1295 578
1295 1296
1296 1059
1297 1024
1297 1298
1298 170
1299 147
1299 1300
1300 584
1301 958
1301 1302
1302 286
1303 491
1303 1304
1304 1597
1305 385
1305 1306
1306 278
1307 949
1307 1308
1308 1446
1309 431
1309 1310
1310 1438
1311 1312
1311 1600
1312 1442
1313 66
1313 1314
1314 941
1315 128
1315 1316
1316 466
1317 123
1317 1318
1318 1520
1319 1179
1319 1320
1320 1563
1321 903
1321 1322
1322 38
1323 1184
1323 1324
1324 590
1325 1269
1325 1326
1326 1510
1327 754
1327 1328
1328 728
1329 743
1329 1330
1330 1548
1331 129
1331 1332
1332 615
1333 422
1333 1334
1334 217
1335 435
1335 1336
1336 781
1337 1053
1337 1338
1338 896
1339 849
1339 1340
1340 12
1341 1342
1341 1609
1342 1416
1343 1043
1343 1344
1344 1163
1345 1174
1345 1346
1346 322
1347 846
1347 1348
1348 248
1349 46
1349 1350
1350 1120
1351 98
1351 1352
1352 497
1353 682
1353 1354
1354 710
1355 1356
1355 1384
1356 520
1357 391
1357 1358
1358 498
1359 1360
1359 1543
1360 1443
1361 207
1361 1362
1362 1080
1363 81
1363 1364
1364 312
1365 1366
1365 1427
1366 712
1367 276
1367 1368
1368 878
1369 1352
1369 1370
1370 390
1371 1105
1371 1372
1372 1003
1373 1374
1373 1388
1374 202
1375 652
1375 1376
1376 643
1377 1177
1377 1378
1378 1558
1379 655
1379 1380
1380 92
1381 1165
1381 1382
1382 1573
1383 399
1383 1384
1384 253
1385 299
1385 1386
1386 234
1387 89
1387 1388
1388 250
1389 1390
1389 1414
1390 516
1391 1290
1391 1392
1392 538
1393 885
1393 1394
1394 1545
1395 1
1395 1396
1396 991
1397 1283
1397 1398
1398 1486
1399 717
1399 1400
1400 196
1401 955
1401 1402
1402 1096
1403 547
1403 1404
1404 1534
1405 1229
1405 1406
1406 1310
1407 786
1407 1408
1408 694
1409 577
1409 1410
1410 525
1411 869
1411 1412
1412 488
1413 481
1413 1414
1414 86
1415 1416
1415 1523
1416 852
1417 841
1417 1418
1418 1162
1419 1261
1419 1420
1420 720
1421 77
1421 1422
1422 1562
1423 403
1423 1424
1424 177
1425 1426
1425 1568
1426 794
1427 209
1427 1428
1428 1154
1429 457
1429 1430
1430 944
1431 347
1431 1432
1432 1055
1433 1274
1433 1434
1434 1114
1435 55
1435 1436
1436 1334
1437 818
1437 1438
1438 459
1439 1297
1439 1440
1440 795
1441 723
1441 1442
1442 842
1443 1091
1443 1444
1444 410
1445 985
1445 1446
1446 348
1447 134
1447 1448
1448 2
1449 1394
1449 1450
1450 633
1451 1387
1451 1452
1452 1391
1453 1421
1453 1454
1454 904
1455 1308
1455 1456
1456 510
1457 1145
1457 1458
1458 307
1459 1051
1459 1460
1460 64
1461 1313
1461 1462
1462 848
1463 1010
1463 1464
1464 1103
1465 445
1465 1466
1466 858
1467 404
1467 1468
1468 936
1469 1470
1469 1574
1470 1374
1471 125
1471 1472
1472 192
1473 1474
1473 1513
1474 648
1475 1426
1475 1476
1476 1462
1477 1057
1477 1478
1478 116
1479 954
1479 1480
1480 527
1481 924
1481 1482
1482 1379
1483 1221
1483 1484
1484 36
1485 1273
1485 1486
1486 406
1487 1390
1487 1488
1488 808
1489 447
1489 1490
1490 1207
1491 449
1491 1492
1492 690
1493 1005
1493 1494
1494 1535
1495 744
1495 1496
1496 1478
1497 1137
1497 1498
1498 1608
1499 1500
1499 1554
1500 1220
1501 159
1501 1502
1502 413
1503 671
1503 1504
1504 659
1505 251
1505 1506
1506 485
1507 446
1507 1508
1508 1612
1509 1172
1509 1510
1510 594
1511 899
1511 1512
1512 233
1513 1367
1513 1514
1514 94
1515 29
1515 1516
1516 1444
1517 868
1517 1518
1518 1285
1519 61
1519 1520
1520 1330
1521 1215
1521 1522
1522 1000
1523 407
1523 1524
1524 1019
1525 689
1525 1526
1526 472
1527 616
1527 1528
1528 550
1529 825
1529 1530
1530 1526
1531 1364
1531 1532
1532 1268
1533 164
1533 1534
1534 1094
1535 1228
1535 1536
1536 1104
1537 107
1537 1538
1538 1544
1539 219
1539 1540
1540 7
1541 909
1541 1542
1542 943
1543 835
1543 1544
1544 771
1545 838
1545 1546
1546 884
1547 452
1547 1548
1548 418
1549 1329
1549 1550
1550 1470
1551 1549
1551 1552
1552 477
1553 1554
1553 1580
1554 499
1555 417
1555 1556
1556 735
1557 1223
1557 1558
1558 1133
1559 1153
1559 1560
1560 834
1561 136
1561 1562
1562 1222
1563 1294
1563 1564
1564 8
1565 966
1565 1566
1566 938
1567 1568
1567 1582
1568 247
1569 1213
1569 1570
1570 1530
1571 1501
1571 1572
1572 877
1573 411
1573 1574
1574 579
1575 860
1575 1576
1576 1157
1577 608
1577 1578
1578 1605
1579 1186
1579 1580
1580 1319
1581 755
1581 1582
1582 1125
1583 41
1583 1584
1584 617
1585 1025
1585 1586
1586 719
1587 267
1587 1588
1588 1369
1589 1304
1589 1590
1590 226
1591 593
1591 1592
1592 1119
1593 395
1593 1594
1594 1214
1595 85
1595 1596
1596 69
1597 265
1597 1598
1598 1041
1599 1377
1599 1600
1600 1468
1601 1551
1601 1602
1602 216
1603 1014
1603 1604
1604 292
1605 448
1605 1606
1606 747
1607 16
1607 1608
1608 256
1609 95
1609 1610
1610 214
1611 225
1611 1612
1612 1042
1613 23
1613 1614
1614 1152
