0 537
0 1442
3 505
3 628
4 719
4 1076
6 518
5 1088
7 9
7 975
8 1459
8 1483
9 365
10 65
11 477
11 1005
13 1400
13 1513
15 78
15 135
17 136
17 1584
19 1150
19 1386
21 954
21 1579
23 24
23 1524
24 283
25 26
25 142
26 1371
27 28
27 1089
28 1332
29 30
29 1302
30 788
31 32
31 1099
32 102
33 23
33 34
34 1066
35 36
35 280
36 898
37 38
37 329
38 344
39 40
39 479
40 244
41 42
41 239
42 527
43 44
43 987
44 112
45 46
45 803
46 1350
47 48
47 323
48 920
49 50
49 513
50 578
51 52
51 573
52 673
53 54
53 941
54 50
55 56
55 1135
56 92
57 58
57 586
58 1054
59 60
59 81
60 116
61 62
61 894
62 861
63 64
63 1452
64 1109
65 66
65 1301
66 462
67 68
67 807
68 1115
69 70
69 787
70 1568
71 72
71 1080
72 1498
73 74
73 367
74 525
75 76
75 1445
76 39
77 78
77 1287
78 1093
79 80
79 1471
80 1336
81 82
81 644
82 331
83 84
83 1401
84 689
85 86
85 396
86 1391
87 88
87 747
88 1199
89 90
89 1259
90 956
91 92
91 1217
92 937
93 94
93 435
94 190
95 96
95 1422
96 754
97 98
97 409
98 162
99 100
99 1083
100 770
101 102
101 371
102 610
103 10
103 104
104 1580
105 106
105 1237
106 593
107 108
107 759
108 512
109 110
109 1444
110 54
111 112
111 392
112 1
113 114
113 1241
114 1376
115 116
115 1432
116 34
117 118
117 1587
118 517
119 120
119 1125
120 40
121 122
121 625
122 928
123 124
123 717
124 1032
125 126
125 1487
126 768
127 128
127 1517
128 1494
129 130
129 1427
130 580
131 132
131 324
132 248
133 67
133 134
134 1042
135 136
135 663
136 188
137 3
137 138
138 464
139 140
139 999
140 4
141 142
141 980
142 430
143 144
143 1510
144 488
145 146
145 1499
146 1305
147 148
147 554
148 659
149 150
149 555
150 1010
151 152
151 1178
152 563
153 154
153 603
154 128
155 101
155 156
156 487
157 158
157 1437
158 994
159 160
159 1470
160 864
161 162
161 548
162 1251
163 164
163 1527
164 570
165 166
165 1070
166 1118
167 168
167 1532
168 182
169 170
169 1152
170 1030
171 172
171 627
172 1561
173 174
173 538
174 432
175 176
175 977
176 938
177 178
177 401
178 536
179 180
179 714
180 1390
181 182
181 1492
182 1056
183 184
183 1528
184 412
185 186
185 815
186 1361
187 188
187 1511
188 336
189 113
189 190
190 582
191 192
191 330
192 1186
193 194
193 1597
194 170
195 196
195 231
196 181
197 198
197 1474
198 260
199 200
199 1461
200 1316
201 202
201 805
202 1023
203 204
203 422
204 887
205 206
205 1165
206 728
207 208
207 1611
208 650
209 210
209 357
210 296
211 212
211 1501
212 393
213 214
213 381
214 458
215 216
215 1163
216 1299
217 218
217 766
218 1397
219 220
219 1179
220 1298
221 222
221 890
222 1581
223 224
223 483
224 823
225 226
225 325
226 1114
227 228
227 905
228 1609
229 230
229 293
230 1457
231 232
231 817
232 692
233 234
233 1224
234 1136
235 192
235 236
236 1488
237 238
237 436
238 608
239 240
239 1417
240 1324
241 242
241 764
242 475
243 244
243 473
244 1614
245 246
245 1090
246 640
247 129
247 248
248 1193
249 250
249 1572
250 547
251 252
251 535
252 533
253 254
253 263
254 93
255 256
255 870
256 968
257 258
257 262
258 1548
259 260
259 685
260 1190
261 262
261 372
262 1082
263 264
263 713
264 1420
265 220
265 266
266 583
267 150
267 268
268 961
269 52
269 270
270 242
271 272
271 707
272 809
273 274
273 892
274 292
275 276
275 472
276 523
277 278
277 1284
278 947
279 280
279 556
280 1562
281 132
281 282
282 1455
283 250
283 284
284 1293
285 286
285 1174
286 1406
287 288
287 1566
288 698
289 290
289 971
290 1359
291 292
291 1200
292 703
293 294
293 407
294 843
295 296
295 1318
296 264
297 298
297 1063
298 732
299 43
299 300
300 736
301 87
301 302
302 19
303 304
303 712
304 1014
305 76
305 306
306 1436
307 308
307 699
308 739
309 310
309 891
310 1277
311 235
311 312
312 1239
313 314
313 1169
314 562
315 316
315 949
316 1000
317 318
317 1363
318 1018
319 86
319 320
320 1314
321 322
321 1448
322 1402
323 324
323 853
324 575
325 326
325 1300
326 141
327 328
327 421
328 677
329 330
329 733
330 1423
331 147
331 332
332 594
333 334
333 933
334 632
335 336
335 474
336 1222
337 273
337 338
338 1550
339 197
339 340
340 238
341 342
341 1231
342 1282
343 344
343 1242
344 1067
345 346
345 657
346 923
347 348
347 741
348 509
349 350
349 1367
350 522
351 352
351 1320
352 1540
353 354
353 1121
354 844
355 356
355 1446
356 878
357 358
357 1570
358 1197
359 360
359 1106
360 184
361 362
361 1129
362 1477
363 364
363 1105
364 226
365 203
365 366
366 1072
367 189
367 368
368 469
369 228
369 370
370 1405
371 372
371 1209
372 813
373 374
373 942
374 390
375 63
375 376
376 1542
377 378
377 557
378 355
379 380
379 957
380 658
381 382
381 1171
382 1227
383 384
383 1189
384 1290
385 386
385 1029
386 753
387 388
387 511
388 1600
389 390
389 1428
390 600
391 392
391 1410
392 1218
393 121
393 394
394 1380
395 15
395 396
396 1595
397 157
397 398
398 1062
399 400
399 795
400 504
401 402
401 1368
402 111
403 53
403 404
404 1263
405 406
405 1383
406 210
407 269
407 408
408 103
409 410
409 885
410 240
411 412
411 969
412 614
413 165
413 414
414 1230
415 416
415 1497
416 872
417 418
417 1322
418 326
419 420
419 1286
420 514
421 251
421 422
422 261
423 424
423 1003
424 966
425 426
425 1535
426 1126
427 428
427 609
428 667
429 430
429 1203
430 542
431 432
431 616
432 1351
433 434
433 1404
434 410
435 341
435 436
436 71
437 438
437 1551
438 750
439 440
439 1052
440 66
441 90
441 442
442 146
443 444
443 1347
444 962
445 446
445 1349
446 656
447 448
447 489
448 400
449 301
449 450
450 1505
451 452
451 1465
452 846
453 454
453 1280
454 1173
455 456
455 1288
456 1450
457 458
457 1127
458 24
459 349
459 460
460 1262
461 462
461 1484
462 122
463 464
463 1098
464 154
465 457
465 466
466 1213
467 468
467 566
468 384
469 470
469 1130
470 1554
471 61
471 472
472 1036
473 474
473 705
474 1097
475 312
475 476
476 1092
477 12
477 478
478 1240
479 480
479 1275
480 1265
481 482
481 567
482 976
483 484
483 1107
484 160
485 486
485 1188
486 28
487 488
487 882
488 374
489 490
489 1273
490 1356
491 492
491 1137
492 1589
493 335
493 494
494 466
495 320
495 496
496 1558
497 498
497 1205
498 1086
499 500
499 711
500 130
501 413
501 502
502 1077
503 504
503 642
504 109
505 496
505 506
506 540
507 427
507 508
508 156
509 510
509 1075
510 443
511 512
511 1122
512 929
513 411
513 514
514 256
515 516
515 772
516 467
517 518
517 1100
518 200
519 520
519 1599
520 398
521 522
521 1166
522 232
523 6
523 524
524 530
525 526
525 1607
526 1366
527 528
527 993
528 29
529 530
529 925
530 6
531 243
531 532
532 952
533 26
533 534
534 868
535 536
535 671
536 281
537 75
537 538
538 743
539 540
539 1475
540 38
541 542
541 1315
542 760
543 544
543 1304
544 1341
545 302
545 546
546 1576
547 548
547 1281
548 998
549 550
549 744
550 904
551 552
551 1431
552 1565
553 554
553 1343
554 368
555 556
555 1243
556 84
557 558
557 687
558 1007
559 307
559 560
560 688
561 562
561 1340
562 1266
563 348
563 564
564 275
565 566
565 799
566 332
567 568
567 1297
568 1024
569 389
569 570
570 1592
571 572
571 1326
572 599
573 574
573 1339
574 1393
575 77
575 576
576 257
577 578
577 798
578 416
579 580
579 1335
580 1372
581 582
581 641
582 1514
583 584
583 674
584 276
585 586
585 672
586 175
587 588
587 629
588 56
589 590
589 1387
590 827
591 592
591 1605
592 1050
593 594
593 1035
594 946
595 282
595 596
596 926
597 305
597 598
598 1377
599 600
599 1055
600 682
601 602
601 740
602 638
603 604
603 1503
604 342
605 606
605 847
606 1043
607 608
607 1013
608 604
609 353
609 610
610 1068
611 285
611 612
612 718
613 614
613 1216
614 1496
615 616
615 697
616 245
617 194
617 618
618 1208
619 620
619 1104
620 1046
621 85
621 622
622 1270
623 69
623 624
624 358
625 626
625 974
626 1256
627 219
627 628
628 80
629 252
629 630
630 1048
631 420
631 632
632 148
633 558
633 634
634 647
635 185
635 636
636 1085
637 638
637 1120
638 1384
639 640
639 781
640 299
641 642
641 1414
642 771
643 644
643 985
644 1153
645 89
645 646
646 166
647 333
647 648
648 618
649 650
649 943
650 1078
651 177
651 652
652 850
653 654
653 1467
654 1233
655 656
655 1162
656 927
657 658
657 1357
658 196
659 660
659 1156
660 532
661 454
661 662
662 1167
663 97
663 664
664 724
665 666
665 1279
666 444
667 73
667 668
668 762
669 339
669 670
670 445
671 672
671 907
672 45
673 674
673 1454
674 901
675 676
675 1051
676 1117
677 153
677 678
678 510
679 327
679 680
680 520
681 607
681 682
682 22
683 684
683 1081
684 945
685 686
685 1534
686 592
687 343
687 688
688 1272
689 465
689 690
690 35
691 125
691 692
692 208
693 694
693 858
694 611
695 696
695 1257
696 1064
697 543
697 698
698 602
699 700
699 1145
700 818
701 702
701 1049
702 587
703 704
703 1258
704 935
705 706
705 1285
706 1028
707 708
707 888
708 209
709 565
709 710
710 867
711 712
711 1369
712 338
713 714
713 1235
714 1598
715 716
715 773
716 1440
717 718
717 1515
718 58
719 720
719 1110
720 668
721 521
721 722
722 178
723 108
723 724
724 31
725 726
725 1306
726 460
727 728
727 889
728 237
729 531
729 730
730 449
731 493
731 732
732 1020
733 679
733 734
734 615
735 736
735 835
736 1578
737 10
737 738
738 1429
739 740
739 1071
740 914
741 742
741 1159
742 279
743 744
743 1555
744 1508
745 746
745 1103
746 1425
747 748
747 821
748 494
749 750
749 854
750 1463
751 752
751 852
752 486
753 754
753 1207
754 104
755 334
755 756
756 440
757 633
757 758
758 438
759 760
759 1181
760 1352
761 661
761 762
762 1472
763 764
763 1473
764 601
765 766
765 801
766 643
767 227
767 768
768 364
769 770
769 866
770 1346
771 772
771 1331
772 840
773 218
773 774
774 1294
775 123
775 776
776 875
777 621
777 778
778 394
779 780
779 831
780 14
781 782
781 1375
782 1468
783 551
783 784
784 1370
785 581
785 786
786 1456
787 289
787 788
788 708
789 328
789 790
790 294
791 163
791 792
792 958
793 794
793 806
794 560
795 796
795 1134
796 118
797 785
797 798
798 790
799 800
799 851
800 1395
801 665
801 802
802 1296
803 205
803 804
804 478
805 459
805 806
806 1416
807 808
807 857
808 950
809 810
809 1291
810 874
811 812
811 1381
812 1337
813 105
813 814
814 451
815 453
815 816
816 151
817 639
817 818
818 1175
819 362
819 820
820 839
821 428
821 822
822 1249
823 824
823 829
824 1131
825 826
825 1016
826 1586
827 828
827 833
828 1206
829 613
829 830
830 346
831 193
831 832
832 1603
833 431
833 834
834 1344
835 836
835 1571
836 871
837 838
837 1373
838 997
839 840
839 1002
840 902
841 842
841 863
842 767
843 844
843 1518
844 596
845 846
845 899
846 140
847 848
847 1087
848 1176
849 500
849 850
850 1312
851 852
851 1489
852 1027
853 41
853 854
854 836
855 856
855 1073
856 574
857 837
857 858
858 838
859 495
859 860
860 491
861 13
861 862
862 1348
863 864
863 1531
864 168
865 403
865 866
866 1516
867 868
867 1182
868 546
869 870
869 1177
870 822
871 872
871 1453
872 1132
873 874
873 1303
874 277
875 655
875 876
876 965
877 778
877 878
878 1154
879 345
879 880
880 284
881 171
881 882
882 1246
883 654
883 884
884 738
885 886
885 1219
886 884
887 51
887 888
888 126
889 670
889 890
890 634
891 131
891 892
892 1392
893 894
893 1211
894 814
895 395
895 896
896 1606
897 898
897 1245
898 620
899 900
899 1334
900 978
901 902
901 1415
902 506
903 579
903 904
904 5
905 541
905 906
906 287
907 763
907 908
908 1449
909 379
909 910
910 553
911 311
911 912
912 1198
913 172
913 914
914 1507
915 315
915 916
916 139
917 351
917 918
918 1111
919 561
919 920
920 137
921 922
921 1091
922 79
923 924
923 930
924 716
925 926
925 1038
926 426
927 373
927 928
928 1546
929 930
929 1161
930 1232
931 932
931 1560
932 1408
933 590
933 934
934 529
935 516
935 936
936 676
937 936
937 938
938 1476
939 940
939 1164
940 180
941 507
941 942
942 234
943 723
943 944
944 859
945 946
945 1060
946 552
947 931
947 948
948 1146
949 950
949 955
950 490
951 114
951 952
952 849
953 842
953 954
954 1112
955 310
955 956
956 571
957 958
957 1493
958 1582
959 841
959 960
960 646
961 36
961 962
962 433
963 964
963 1544
964 1283
965 966
965 1096
966 62
967 968
967 1327
968 1220
969 391
969 970
970 1502
971 415
971 972
972 314
973 909
973 974
974 777
975 976
975 1031
976 1601
977 447
977 978
978 550
979 179
979 980
980 70
981 881
981 982
982 455
983 984
983 1491
984 230
985 986
985 1345
986 2
987 225
987 988
988 1128
989 386
989 990
990 758
991 617
991 992
992 845
993 824
993 994
994 893
995 996
995 1557
996 704
997 998
997 1460
998 476
999 1000
999 1388
1000 498
1001 1002
1001 1033
1002 1480
1003 1004
1003 1260
1004 1522
1005 830
1005 1006
1006 1500
1007 910
1007 1008
1008 1424
1009 98
1009 1010
1010 606
1011 983
1011 1012
1012 1234
1013 734
1013 1014
1014 1585
1015 337
1015 1016
1016 1261
1017 709
1017 1018
1018 1183
1019 370
1019 1020
1020 1365
1021 1022
1021 1313
1022 1553
1023 499
1023 1024
1024 1006
1025 564
1025 1026
1026 1225
1027 1028
1027 1040
1028 572
1029 769
1029 1030
1030 598
1031 895
1031 1032
1032 683
1033 377
1033 1034
1034 652
1035 913
1035 1036
1036 825
1037 9
1037 1038
1038 1485
1039 1040
1039 1469
1040 1247
1041 1042
1041 1537
1042 549
1043 167
1043 1044
1044 468
1045 380
1045 1046
1046 832
1047 1048
1047 1421
1048 95
1049 951
1049 1050
1050 1418
1051 286
1051 1052
1052 258
1053 1054
1053 1541
1054 862
1055 630
1055 1056
1056 1426
1057 319
1057 1058
1058 402
1059 1060
1059 1108
1060 259
1061 690
1061 1062
1062 484
1063 30
1063 1064
1064 1264
1065 268
1065 1066
1066 439
1067 1068
1067 1521
1068 1004
1069 819
1069 1070
1070 363
1071 408
1071 1072
1072 295
1073 645
1073 1074
1074 425
1075 1076
1075 1543
1076 725
1077 350
1077 1078
1078 59
1079 387
1079 1080
1080 779
1081 404
1081 1082
1082 360
1083 1084
1083 1613
1084 1244
1085 1086
1085 1490
1086 1464
1087 159
1087 1088
1088 1604
1089 1021
1089 1090
1090 1238
1091 775
1091 1092
1092 515
1093 1094
1093 1123
1094 278
1095 701
1095 1096
1096 722
1097 761
1097 1098
1098 1307
1099 710
1099 1100
1100 1451
1101 1102
1101 1413
1102 648
1103 1104
1103 1419
1104 1358
1105 1106
1105 1591
1106 944
1107 247
1107 1108
1108 397
1109 934
1109 1110
1110 1462
1111 134
1111 1112
1112 303
1113 119
1113 1114
1114 1438
1115 388
1115 1116
1116 1539
1117 856
1117 1118
1118 1044
1119 597
1119 1120
1120 1034
1121 133
1121 1122
1122 173
1123 1124
1123 1478
1124 138
1125 1074
1125 1126
1126 1026
1127 1128
1127 1602
1128 174
1129 981
1129 1130
1130 796
1131 1132
1131 1223
1132 812
1133 1134
1133 1142
1134 241
1135 918
1135 1136
1136 963
1137 1138
1137 1482
1138 662
1139 1140
1139 1509
1140 680
1141 879
1141 1142
1142 742
1143 1053
1143 1144
1144 731
1145 1146
1145 1385
1146 1250
1147 1148
1147 1155
1148 1195
1149 37
1149 1150
1150 534
1151 1152
1151 1221
1152 1577
1153 1154
1153 1495
1154 569
1155 347
1155 1156
1156 20
1157 152
1157 1158
1158 982
1159 757
1159 1160
1160 1364
1161 503
1161 1162
1162 212
1163 1147
1163 1164
1164 298
1165 1166
1165 1481
1166 970
1167 526
1167 1168
1168 1564
1169 1170
1169 1295
1170 1466
1171 88
1171 1172
1172 463
1173 776
1173 1174
1174 117
1175 1176
1175 1588
1176 1308
1177 745
1177 1178
1178 922
1179 1180
1179 1329
1180 1202
1181 1182
1181 1433
1182 1248
1183 1184
1183 1353
1184 660
1185 684
1185 1186
1186 1319
1187 1188
1187 1253
1188 27
1189 1190
1189 1538
1190 291
1191 811
1191 1192
1192 1567
1193 419
1193 1194
1194 1382
1195 1196
1195 1434
1196 924
1197 1198
1197 1214
1198 637
1199 1069
1199 1200
1200 1148
1201 1202
1201 1411
1202 1140
1203 201
1203 1204
1204 752
1205 233
1205 1206
1206 1354
1207 1208
1207 1536
1208 1269
1209 873
1209 1210
1210 461
1211 143
1211 1212
1212 164
1213 545
1213 1214
1214 810
1215 1216
1215 1479
1216 919
1217 253
1217 1218
1218 908
1219 429
1219 1220
1220 1255
1221 83
1221 1222
1222 1192
1223 145
1223 1224
1224 631
1225 96
1225 1226
1226 16
1227 249
1227 1228
1228 214
1229 1041
1229 1230
1230 5
1231 255
1231 1232
1232 1045
1233 1037
1233 1234
1234 1057
1235 1151
1235 1236
1236 1095
1237 1011
1237 1238
1238 1271
1239 964
1239 1240
1240 470
1241 1059
1241 1242
1242 187
1243 800
1243 1244
1244 584
1245 270
1245 1246
1246 939
1247 1248
1247 1407
1248 1133
1249 120
1249 1250
1250 406
1251 55
1251 1252
1252 497
1253 691
1253 1254
1254 354
1255 267
1255 1256
1256 524
1257 915
1257 1258
1258 1084
1259 1017
1259 1260
1260 695
1261 1262
1261 1559
1262 1360
1263 127
1263 1264
1264 820
1265 519
1265 1266
1266 1338
1267 382
1267 1268
1268 1292
1269 1009
1269 1270
1270 1025
1271 42
1271 1272
1272 176
1273 1274
1273 1355
1274 896
1275 1141
1275 1276
1276 376
1277 619
1277 1278
1278 198
1279 635
1279 1280
1280 730
1281 1282
1281 1506
1282 110
1283 417
1283 1284
1284 780
1285 1286
1285 1443
1286 471
1287 649
1287 1288
1288 74
1289 155
1289 1290
1290 794
1291 848
1291 1292
1292 756
1293 877
1293 1294
1294 932
1295 186
1295 1296
1296 1520
1297 749
1297 1298
1298 57
1299 886
1299 1300
1300 528
1301 369
1301 1302
1302 1545
1303 1304
1303 1435
1304 481
1305 808
1305 1306
1306 900
1307 49
1307 1308
1308 1362
1309 789
1309 1310
1310 1399
1311 1061
1311 1312
1312 626
1313 735
1313 1314
1314 995
1315 1215
1315 1316
1316 288
1317 1318
1317 1523
1318 356
1319 11
1319 1320
1320 991
1321 385
1321 1322
1322 828
1323 115
1323 1324
1324 1226
1325 313
1325 1326
1326 786
1327 91
1327 1328
1328 456
1329 47
1329 1330
1330 1563
1331 1332
1331 1504
1332 715
1333 1334
1333 1526
1334 274
1335 215
1335 1336
1336 322
1337 352
1337 1338
1338 1378
1339 953
1339 1340
1340 221
1341 1039
1341 1342
1342 308
1343 782
1343 1344
1344 265
1345 480
1345 1346
1346 271
1347 46
1347 1348
1348 792
1349 217
1349 1350
1350 100
1351 1158
1351 1352
1352 434
1353 876
1353 1354
1354 988
1355 17
1355 1356
1356 405
1357 1001
1357 1358
1358 124
1359 1276
1359 1360
1360 1212
1361 1362
1361 1593
1362 1556
1363 1364
1363 1519
1364 32
1365 948
1365 1366
1366 686
1367 485
1367 1368
1368 694
1369 191
1369 1370
1370 304
1371 317
1371 1372
1372 990
1373 1187
1373 1374
1374 826
1375 765
1375 1376
1376 68
1377 1194
1377 1378
1378 612
1379 595
1379 1380
1380 446
1381 1229
1381 1382
1382 1102
1383 696
1383 1384
1384 804
1385 693
1385 1386
1386 1058
1387 213
1387 1388
1388 18
1389 272
1389 1390
1390 1168
1391 1392
1391 1583
1392 1549
1393 960
1393 1394
1394 60
1395 202
1395 1396
1396 424
1397 1170
1397 1398
1398 1594
1399 107
1399 1400
1400 340
1401 1321
1401 1402
1402 979
1403 1309
1403 1404
1404 144
1405 1406
1405 1552
1406 666
1407 783
1407 1408
1408 452
1409 321
1409 1410
1410 651
1411 883
1411 1412
1412 622
1413 1403
1413 1414
1414 1439
1415 1325
1415 1416
1416 1574
1417 1418
1417 1529
1418 706
1419 8
1419 1420
1420 802
1421 624
1421 1422
1422 1612
1423 25
1423 1424
1424 1311
1425 309
1425 1426
1426 1274
1427 1428
1427 1447
1428 448
1429 1379
1429 1430
1430 492
1431 1101
1431 1432
1432 199
1433 746
1433 1434
1434 605
1435 865
1435 1436
1436 1398
1437 589
1437 1438
1438 1019
1439 1333
1439 1440
1440 1180
1441 1254
1441 1442
1442 986
1443 7
1443 1444
1444 1596
1445 791
1445 1446
1446 359
1447 1448
1447 1525
1448 681
1449 1278
1449 1450
1450 290
1451 246
1451 1452
1452 442
1453 816
1453 1454
1454 169
1455 1015
1455 1456
1456 755
1457 702
1457 1458
1458 502
1459 544
1459 1460
1460 183
1461 1236
1461 1462
1462 972
1463 774
1463 1464
1464 1374
1465 482
1465 1466
1466 897
1467 1143
1467 1468
1468 591
1469 1012
1469 1470
1470 700
1471 559
1471 1472
1472 1268
1473 1317
1473 1474
1474 106
1475 195
1475 1476
1476 72
1477 1149
1477 1478
1478 224
1479 1119
1479 1480
1480 678
1481 1267
1481 1482
1482 1185
1483 921
1483 1484
1484 1569
1485 1094
1485 1486
1486 1547
1487 1139
1487 1488
1488 576
1489 207
1489 1490
1490 204
1491 636
1491 1492
1492 375
1493 653
1493 1494
1494 366
1495 266
1495 1496
1496 1184
1497 99
1497 1498
1498 906
1499 1144
1499 1500
1500 720
1501 223
1501 1502
1502 797
1503 450
1503 1504
1504 254
1505 727
1505 1506
1506 1530
1507 216
1507 1508
1508 748
1509 729
1509 1510
1510 834
1511 1409
1511 1512
1512 1228
1513 1047
1513 1514
1514 21
1515 967
1515 1516
1516 973
1517 737
1517 1518
1518 916
1519 158
1519 1520
1520 418
1521 577
1521 1522
1522 726
1523 959
1523 1524
1524 1191
1525 361
1525 1526
1526 149
1527 1289
1527 1528
1528 669
1529 1210
1529 1530
1530 1330
1531 1201
1531 1532
1532 297
1533 903
1533 1534
1534 911
1535 229
1535 1536
1536 1157
1537 1310
1537 1538
1538 378
1539 1430
1539 1540
1540 508
1541 1079
1541 1542
1542 675
1543 1544
1543 1610
1544 1389
1545 989
1545 1546
1546 784
1547 1204
1547 1548
1548 306
1549 793
1549 1550
1550 1441
1551 1552
1551 1573
1552 1590
1553 1412
1553 1554
1554 44
1555 211
1555 1556
1556 1124
1557 721
1557 1558
1558 82
1559 441
1559 1560
1560 992
1561 1113
1561 1562
1562 860
1563 399
1563 1564
1564 316
1565 94
1565 1566
1566 1065
1567 1342
1567 1568
1568 996
1569 539
1569 1570
1570 880
1571 855
1571 1572
1572 383
1573 623
1573 1574
1574 1575
1575 48
1575 1576
1576 1022
1577 437
1577 1578
1578 1608
1579 222
1579 1580
1580 1328
1581 236
1581 1582
1582 1138
1583 206
1583 1584
1584 161
1585 300
1585 1586
1586 1160
1587 501
1587 1588
1588 1116
1589 1252
1589 1590
1590 1486
1591 1323
1591 1592
1592 912
1593 318
1593 1594
1594 1196
1595 1172
1595 1596
1596 64
1597 423
1597 1598
1598 917
1599 1533
1599 1600
1600 585
1601 664
1601 1602
1602 1512
1603 414
1603 1604
1604 1394
1605 33
1605 1606
1606 568
1607 1396
1607 1608
1608 940
1609 1458
1609 1610
1610 1008
1611 869
1611 1612
1612 588
1613 751
1613 1614
1614 984
