0 609
0 764
1 527
1 610
3 117
3 701
4 27
4 1365
5 391
6 291
8 9
8 254
9 949
9 1588
11 469
10 264
10 361
12 858
15 26
15 1607
17 739
17 1571
19 115
19 666
21 1029
21 1241
23 24
23 1185
24 346
25 26
25 369
26 655
27 28
27 338
28 624
29 30
29 1111
30 883
31 32
31 1568
32 599
33 34
33 598
34 342
35 36
35 204
36 185
37 38
37 45
38 229
39 40
39 454
40 744
41 42
41 831
42 942
43 44
43 885
44 1611
45 46
45 475
46 719
47 48
47 131
48 642
49 50
49 80
50 534
51 52
51 1182
52 1416
53 54
53 1037
54 336
55 56
55 455
56 578
57 58
57 387
58 1286
59 60
59 781
60 878
61 62
61 1156
62 1567
63 64
63 486
64 1189
65 66
65 156
66 838
67 39
67 68
68 1181
69 70
69 1479
70 892
71 72
71 265
72 1012
73 74
73 863
74 270
75 76
75 1441
76 1337
77 78
77 589
78 379
79 80
79 1145
80 932
81 82
81 315
82 1506
83 84
83 954
84 516
85 86
85 230
86 1236
87 88
87 1157
88 1110
89 90
89 1021
90 141
91 92
91 1119
92 875
93 70
93 94
94 1060
95 96
95 780
96 1430
97 98
97 1395
98 628
99 100
99 227
100 479
101 102
101 1253
102 1581
103 104
103 1103
104 637
105 106
105 511
106 747
107 108
107 631
108 1418
109 110
109 1027
110 1422
111 112
111 1093
112 1514
113 114
113 914
114 278
115 116
115 1148
116 362
117 118
117 1053
118 832
119 120
119 1507
120 760
121 122
121 772
122 420
123 124
123 1573
124 1594
125 126
125 777
126 558
127 124
127 128
128 1566
129 69
129 130
130 1176
131 132
131 360
132 682
133 134
133 365
134 574
135 102
135 136
136 1061
137 138
137 728
138 986
139 140
139 643
140 487
141 142
141 1059
142 808
143 144
143 221
144 1050
145 146
145 1051
146 563
147 30
147 148
148 840
149 150
149 605
150 299
151 152
151 587
152 685
153 154
153 1481
154 607
155 156
155 977
156 1315
157 136
157 158
158 1004
159 160
159 1341
160 481
161 162
161 672
162 573
163 164
163 283
164 1299
165 166
165 1403
166 1467
167 168
167 349
168 1039
169 170
169 531
170 473
171 172
171 1193
172 998
173 174
173 1459
174 410
175 176
175 1082
176 768
177 178
177 1290
178 948
179 180
179 1475
180 320
181 182
181 804
182 1080
183 184
183 1443
184 850
185 186
185 276
186 1419
187 188
187 1238
188 1277
189 190
189 1261
190 1578
191 192
191 1583
192 478
193 194
193 683
194 1120
195 196
195 1097
196 1527
197 198
197 1478
198 1362
199 200
199 898
200 997
201 202
201 901
202 1336
203 204
203 377
204 1401
205 206
205 794
206 256
207 208
207 1273
208 113
209 210
209 871
210 219
211 212
211 1159
212 1376
213 214
213 1417
214 597
215 216
215 1385
216 72
217 218
217 795
218 452
219 220
219 1105
220 812
221 222
221 947
222 678
223 224
223 857
224 1084
225 226
225 1490
226 1280
227 228
227 917
228 1242
229 230
229 1599
230 769
231 232
231 1003
232 351
233 234
233 1055
234 834
235 236
235 731
236 941
237 165
237 238
238 1473
239 240
239 1485
240 282
241 242
241 645
242 972
243 58
243 244
244 148
245 246
245 881
246 936
247 248
247 260
248 1136
249 250
249 620
250 1139
251 252
251 383
252 93
253 254
253 1465
254 1575
255 256
255 520
256 1546
257 258
257 1123
258 894
259 163
259 260
260 184
261 262
261 1351
262 237
263 264
263 668
264 83
265 215
265 266
266 864
267 268
267 1129
268 1464
269 270
269 1579
270 416
271 272
271 1187
272 243
273 274
273 488
274 956
275 276
275 508
276 1030
277 278
277 603
278 1383
279 280
279 467
280 1535
281 282
281 1106
282 1330
283 284
283 1381
284 370
285 286
285 1602
286 1394
287 288
287 341
288 958
289 209
289 290
290 646
291 292
291 1319
292 591
293 294
293 317
294 54
295 296
295 1329
296 1380
297 298
297 619
298 860
299 300
299 1245
300 1407
301 302
301 889
302 888
303 304
303 1135
304 732
305 306
305 1243
306 528
307 308
307 1387
308 1228
309 310
309 1347
310 564
311 312
311 876
312 419
313 314
313 347
314 966
315 316
315 1235
316 809
317 318
317 627
318 554
319 320
319 325
320 1177
321 322
321 1279
322 766
323 324
323 1239
324 749
325 81
325 326
326 114
327 328
327 1510
328 505
329 330
329 374
330 1350
331 96
331 332
332 14
333 334
333 915
334 92
335 46
335 336
336 226
337 338
337 1208
338 523
339 340
339 1287
340 1519
341 342
341 1446
342 1316
343 344
343 1375
344 1570
345 346
345 386
346 1366
347 348
347 1397
348 715
349 350
349 1172
350 662
351 352
351 440
352 1257
353 244
353 354
354 1200
355 356
355 417
356 680
357 358
357 381
358 538
359 360
359 1062
360 938
361 362
361 1262
362 1508
363 364
363 979
364 1532
365 366
365 1555
366 788
367 368
367 385
368 1492
369 370
369 618
370 703
371 372
371 1137
372 953
373 374
373 1250
374 186
375 376
375 1517
376 280
377 285
377 378
378 413
379 380
379 1258
380 82
381 382
381 907
382 634
383 384
383 851
384 1269
385 386
385 550
386 466
387 64
387 388
388 216
389 390
389 684
390 606
391 143
391 392
392 71
393 212
393 394
394 1220
395 396
395 1470
396 236
397 398
397 707
398 1544
399 400
399 702
400 496
401 41
401 402
402 816
403 404
403 1025
404 1087
405 406
405 1334
406 1352
407 408
407 791
408 1368
409 192
409 410
410 1436
411 412
411 1295
412 1358
413 414
413 674
414 44
415 416
415 1371
416 1038
417 418
417 1249
418 1483
419 247
419 420
420 1036
421 422
421 513
422 1354
423 424
423 1563
424 1433
425 214
425 426
426 1089
427 255
427 428
428 952
429 430
429 1400
430 524
431 432
431 1311
432 1142
433 175
433 434
434 1606
435 436
435 594
436 134
437 49
437 438
438 1285
439 440
439 1451
440 1078
441 442
441 1543
442 1500
443 444
443 1094
444 517
445 446
445 1511
446 1072
447 323
447 448
448 133
449 450
449 1125
450 1018
451 119
451 452
452 677
453 454
453 921
454 1487
455 456
455 649
456 1213
457 458
457 1130
458 613
459 460
459 839
460 322
461 462
461 720
462 824
463 464
463 842
464 1488
465 466
465 1237
466 424
467 29
467 468
468 1389
469 470
469 1198
470 16
471 472
471 519
472 107
473 474
473 1561
474 1278
475 35
475 476
476 1275
477 478
477 679
478 206
479 480
479 1231
480 450
481 482
481 1409
482 1448
483 484
483 1439
484 765
485 486
485 567
486 712
487 187
487 488
488 399
489 392
489 490
490 1558
491 492
491 1613
492 995
493 405
493 494
494 366
495 496
495 673
496 1292
497 431
497 498
498 178
499 500
499 1113
500 176
501 502
501 533
502 1410
503 504
503 1161
504 1524
505 506
505 650
506 1076
507 295
507 508
508 899
509 510
509 796
510 51
511 512
511 1453
512 1328
513 514
513 757
514 246
515 516
515 569
516 784
517 232
517 518
518 1468
519 233
519 520
520 1068
521 235
521 522
522 819
523 25
523 524
524 474
525 526
525 622
526 1612
527 528
527 844
528 490
529 151
529 530
530 556
531 532
531 727
532 735
533 534
533 638
534 1090
535 536
535 1281
536 198
537 502
537 538
538 1246
539 540
539 1064
540 1302
541 62
541 542
542 518
543 544
543 1086
544 378
545 546
545 644
546 537
547 548
547 1081
548 1356
549 550
549 1169
550 929
551 444
551 552
552 1070
553 437
553 554
554 512
555 97
555 556
556 1248
557 438
557 558
558 1454
559 560
559 1044
560 389
561 562
561 676
562 1128
563 564
563 1007
564 640
565 566
565 660
566 960
567 568
567 1463
568 89
569 570
569 1017
570 652
571 3
571 572
572 880
573 539
573 574
574 694
575 576
575 1284
576 718
577 578
577 1178
578 1344
579 580
579 1073
580 1477
581 582
581 1461
582 1210
583 159
583 584
584 1342
585 586
585 1437
586 47
587 111
587 588
588 1515
589 112
589 590
590 1049
591 592
591 711
592 1052
593 594
593 1077
594 34
595 596
595 1595
596 10
597 598
597 659
598 1604
599 162
599 600
600 177
601 37
601 602
602 828
603 604
603 945
604 999
605 606
605 695
606 1609
607 585
607 608
608 1067
609 279
609 610
610 195
611 543
611 612
612 1206
613 456
613 614
614 430
615 616
615 959
616 476
617 618
617 717
618 579
619 620
619 1489
620 470
621 622
621 1460
622 1499
623 624
623 827
624 1096
625 626
625 1414
626 1174
627 628
627 1411
628 566
629 630
629 1300
630 572
631 632
631 849
632 748
633 568
633 634
634 869
635 636
635 779
636 752
637 548
637 638
638 241
639 640
639 987
640 872
641 367
641 642
642 1318
643 604
643 644
644 1226
645 646
645 1117
646 434
647 373
647 648
648 1134
649 305
649 650
650 433
651 652
651 891
652 761
653 68
653 654
654 1034
655 308
655 656
656 608
657 658
657 1361
658 1545
659 472
659 660
660 197
661 662
661 1580
662 884
663 167
663 664
664 509
665 666
665 778
666 1309
667 668
667 1379
668 877
669 670
669 681
670 1000
671 211
671 672
672 1442
673 674
673 1252
674 239
675 676
675 983
676 56
677 427
677 678
678 1234
679 680
679 1547
680 138
681 220
681 682
682 1614
683 166
683 684
684 116
685 154
685 686
686 856
687 565
687 688
688 974
689 547
689 690
690 664
691 13
691 692
692 1124
693 694
693 1196
694 432
695 696
695 1126
696 967
697 698
697 861
698 600
699 171
699 700
700 20
701 401
701 702
702 146
703 704
703 893
704 174
705 706
705 1476
706 258
707 492
707 708
708 306
709 671
709 710
710 422
711 170
711 712
712 545
713 714
713 897
714 882
715 716
715 1605
716 1486
717 718
717 1529
718 841
719 273
719 720
720 532
721 359
721 722
722 84
723 75
723 724
724 993
725 726
725 1204
726 1058
727 199
727 728
728 1144
729 730
729 1150
730 1306
731 732
731 782
732 498
733 202
733 734
734 1425
735 736
735 756
736 560
737 738
737 1063
738 368
739 726
739 740
740 1372
741 593
741 742
742 611
743 744
743 1033
744 460
745 357
745 746
746 1184
747 748
747 1582
748 802
749 750
749 1564
750 762
751 752
751 1141
752 1370
753 754
753 873
754 182
755 756
755 865
756 584
757 758
757 803
758 1152
759 760
759 975
760 933
761 762
761 1584
762 1494
763 764
763 890
764 1065
765 766
765 926
766 31
767 395
767 768
768 190
769 770
769 1462
770 586
771 772
771 1424
772 398
773 101
773 774
774 1431
775 284
775 776
776 1173
777 778
777 1398
778 577
779 780
779 1255
780 462
781 43
781 782
782 815
783 784
783 1095
784 862
785 333
785 786
786 36
787 356
787 788
788 1008
789 790
789 1225
790 314
791 792
791 820
792 281
793 794
793 1503
794 1369
795 647
795 796
796 302
797 575
797 798
798 991
799 800
799 1083
800 334
801 802
801 1224
802 612
803 804
803 1331
804 581
805 806
805 1388
806 24
807 808
807 1048
808 1032
809 354
809 810
810 570
811 812
811 1528
812 1153
813 5
813 814
814 8
815 312
815 816
816 1317
817 713
817 818
818 145
819 130
819 820
820 324
821 407
821 822
822 902
823 824
823 852
824 544
825 33
825 826
826 923
827 326
827 828
828 1098
829 830
829 1143
830 6
831 832
831 1001
832 132
833 834
833 1202
834 514
835 168
835 836
836 1075
837 838
837 1069
838 11
839 439
839 840
840 1298
841 59
841 842
842 1205
843 411
843 844
844 1165
845 846
845 1109
846 900
847 269
847 848
848 1256
849 150
849 850
850 286
851 852
851 1230
852 1209
853 225
853 854
854 805
855 856
855 866
856 1022
857 205
857 858
858 800
859 23
859 860
860 1412
861 862
861 1525
862 1540
863 864
863 1212
864 494
865 843
865 866
866 648
867 868
867 1322
868 1565
869 238
869 870
870 582
871 872
871 1585
872 222
873 595
873 874
874 729
875 876
875 1332
876 318
877 878
877 925
878 1040
879 688
879 880
880 559
881 817
881 882
882 316
883 292
883 884
884 294
885 15
885 886
886 1408
887 108
887 888
888 1367
889 705
889 890
890 588
891 892
891 1114
892 1374
893 28
893 894
894 240
895 896
895 1440
896 950
897 847
897 898
898 38
899 724
899 900
900 1149
901 489
901 902
902 1010
903 468
903 904
904 776
905 906
905 1539
906 414
907 503
907 908
908 1288
909 210
909 910
910 1452
911 853
911 912
912 397
913 223
913 914
914 441
915 789
915 916
916 1345
917 918
917 988
918 12
919 920
919 1455
920 1116
921 922
921 1551
922 1194
923 924
923 990
924 754
925 335
925 926
926 1314
927 928
927 1458
928 1014
929 384
929 930
930 855
931 932
931 946
932 157
933 934
933 1384
934 562
935 936
935 1019
936 691
937 142
937 938
938 50
939 940
939 1211
940 836
941 602
941 942
942 750
943 821
943 944
944 234
945 507
945 946
946 1074
947 710
947 948
948 775
949 651
949 950
950 981
951 435
951 952
952 500
953 629
953 954
954 771
955 956
955 1146
956 746
957 958
957 1009
958 910
959 960
959 1495
960 1574
961 962
961 1396
962 787
963 153
963 964
964 1024
965 810
965 966
966 536
967 127
967 968
968 1493
969 583
969 970
970 100
971 576
971 972
972 1199
973 833
973 974
974 382
975 976
975 1386
976 1324
977 773
977 978
978 263
979 253
979 980
980 1339
981 218
981 982
982 390
983 636
983 984
984 85
985 986
985 1421
986 358
987 807
987 988
988 799
989 990
989 1028
990 526
991 992
991 1557
992 11
993 823
993 994
994 1251
995 996
995 1102
996 734
997 125
997 998
998 1244
999 245
999 1000
1000 364
1001 173
1001 1002
1002 313
1003 709
1003 1004
1004 964
1005 169
1005 1006
1006 759
1007 1008
1007 1268
1008 1406
1009 1010
1009 1541
1010 1420
1011 429
1011 1012
1012 442
1013 696
1013 1014
1014 266
1015 1016
1015 1283
1016 698
1017 328
1017 1018
1018 60
1019 67
1019 1020
1020 1297
1021 930
1021 1022
1022 376
1023 348
1023 1024
1024 2
1025 985
1025 1026
1026 1513
1027 829
1027 1028
1028 484
1029 137
1029 1030
1030 1598
1031 1032
1031 1531
1032 1326
1033 571
1033 1034
1034 1438
1035 268
1035 1036
1036 626
1037 1038
1037 1259
1038 887
1039 1040
1039 1180
1040 412
1041 501
1041 1042
1042 1402
1043 447
1043 1044
1044 905
1045 6
1045 1046
1046 300
1047 355
1047 1048
1048 55
1049 1050
1049 1472
1050 408
1051 963
1051 1052
1052 1359
1053 621
1053 1054
1054 1586
1055 17
1055 1056
1056 740
1057 1058
1057 1335
1058 1610
1059 1060
1059 1308
1060 632
1061 1062
1061 1496
1062 1260
1063 207
1063 1064
1064 1512
1065 158
1065 1066
1066 1444
1067 135
1067 1068
1068 1020
1069 297
1069 1070
1070 1310
1071 1072
1071 1221
1072 1390
1073 689
1073 1074
1074 425
1075 798
1075 1076
1076 996
1077 1078
1077 1115
1078 217
1079 1080
1079 1530
1080 976
1081 601
1081 1082
1082 1360
1083 21
1083 1084
1084 423
1085 1086
1085 1183
1086 654
1087 1088
1087 1516
1088 965
1089 592
1089 1090
1090 350
1091 813
1091 1092
1092 1270
1093 755
1093 1094
1094 1099
1095 53
1095 1096
1096 924
1097 903
1097 1098
1098 304
1099 5
1099 1100
1100 1092
1101 835
1101 1102
1102 984
1103 1104
1103 1501
1104 704
1105 1106
1105 1447
1106 128
1107 1108
1107 1405
1108 736
1109 1110
1109 1596
1110 272
1111 1112
1111 1175
1112 656
1113 846
1113 1114
1114 653
1115 1116
1115 1138
1116 1312
1117 457
1117 1118
1118 822
1119 658
1119 1120
1120 458
1121 1100
1121 1122
1122 1201
1123 1124
1123 1140
1124 1364
1125 1126
1125 1296
1126 913
1127 1128
1127 1572
1128 1363
1129 415
1129 1130
1130 978
1131 1132
1131 1151
1132 191
1133 935
1133 1134
1134 345
1135 463
1135 1136
1136 1536
1137 753
1137 1138
1138 1353
1139 1107
1139 1140
1140 66
1141 961
1141 1142
1142 7
1143 271
1143 1144
1144 641
1145 293
1145 1146
1146 337
1147 105
1147 1148
1148 825
1149 1150
1149 1502
1150 814
1151 343
1151 1152
1152 561
1153 1154
1153 1480
1154 1218
1155 465
1155 1156
1156 774
1157 955
1157 1158
1158 596
1159 1160
1159 1254
1160 635
1161 1054
1161 1162
1162 1104
1163 667
1163 1164
1164 716
1165 1166
1165 1601
1166 737
1167 580
1167 1168
1168 1203
1169 1170
1169 1348
1170 126
1171 99
1171 1172
1172 121
1173 616
1173 1174
1174 1426
1175 783
1175 1176
1176 1423
1177 868
1177 1178
1178 65
1179 1180
1179 1593
1180 940
1181 224
1181 1182
1182 426
1183 277
1183 1184
1184 1504
1185 1186
1185 1597
1186 57
1187 535
1187 1188
1188 1520
1189 1011
1189 1190
1190 61
1191 1192
1191 1313
1192 1035
1193 76
1193 1194
1194 934
1195 1191
1195 1196
1196 495
1197 78
1197 1198
1198 406
1199 86
1199 1200
1200 826
1201 499
1201 1202
1202 404
1203 1204
1203 1590
1204 1188
1205 160
1205 1206
1206 1382
1207 1208
1207 1373
1208 1265
1209 4
1209 1210
1210 1554
1211 1
1211 1212
1212 1355
1213 515
1213 1214
1214 290
1215 639
1215 1216
1216 249
1217 375
1217 1218
1218 1534
1219 617
1219 1220
1220 870
1221 181
1221 1222
1222 700
1223 321
1223 1224
1224 1147
1225 104
1225 1226
1226 1127
1227 393
1227 1228
1228 1562
1229 1230
1229 1559
1230 471
1231 1232
1231 1537
1232 90
1233 1223
1233 1234
1234 188
1235 1166
1235 1236
1236 708
1237 1002
1237 1238
1238 180
1239 1112
1239 1240
1240 480
1241 1242
1241 1393
1242 310
1243 1244
1243 1518
1244 372
1245 301
1245 1246
1246 32
1247 1248
1247 1549
1248 927
1249 155
1249 1250
1250 1456
1251 845
1251 1252
1252 763
1253 1215
1253 1254
1254 418
1255 63
1255 1256
1256 1289
1257 1258
1257 1526
1258 448
1259 529
1259 1260
1260 340
1261 303
1261 1262
1262 1428
1263 697
1263 1264
1264 1553
1265 657
1265 1266
1266 259
1267 793
1267 1268
1268 1466
1269 1270
1269 1305
1270 1471
1271 309
1271 1272
1272 1108
1273 251
1273 1274
1274 615
1275 48
1275 1276
1276 1378
1277 770
1277 1278
1278 706
1279 797
1279 1280
1280 944
1281 1282
1281 1343
1282 88
1283 1284
1283 1377
1284 1046
1285 40
1285 1286
1286 992
1287 123
1287 1288
1288 1162
1289 74
1289 1290
1290 1282
1291 1164
1291 1292
1292 1276
1293 196
1293 1294
1294 943
1295 1179
1295 1296
1296 1171
1297 409
1297 1298
1298 1522
1299 911
1299 1300
1300 1043
1301 557
1301 1302
1302 331
1303 1217
1303 1304
1304 1457
1305 1271
1305 1306
1306 1432
1307 895
1307 1308
1308 504
1309 161
1309 1310
1310 722
1311 103
1311 1312
1312 274
1313 164
1313 1314
1314 521
1315 1216
1315 1316
1316 98
1317 1118
1317 1318
1318 94
1319 208
1319 1320
1320 896
1321 1304
1321 1322
1322 200
1323 1324
1323 1569
1324 806
1325 1085
1325 1326
1326 1576
1327 275
1327 1328
1328 332
1329 1330
1329 1349
1330 144
1331 1047
1331 1332
1332 546
1333 483
1333 1334
1334 242
1335 1336
1335 1435
1336 1538
1337 1005
1337 1338
1338 686
1339 1340
1339 1560
1340 633
1341 1342
1341 1427
1342 152
1343 1344
1343 1600
1344 1301
1345 140
1345 1346
1346 1392
1347 262
1347 1348
1348 477
1349 1350
1349 1509
1350 120
1351 451
1351 1352
1352 396
1353 449
1353 1354
1354 327
1355 1121
1355 1356
1356 525
1357 122
1357 1358
1358 436
1359 1294
1359 1360
1360 1222
1361 443
1361 1362
1362 982
1363 402
1363 1364
1364 790
1365 261
1365 1366
1366 52
1367 1368
1367 1550
1368 540
1369 1091
1369 1370
1370 1195
1371 193
1371 1372
1372 1101
1373 87
1373 1374
1374 1291
1375 1376
1375 1469
1376 453
1377 353
1377 1378
1378 951
1379 203
1379 1380
1380 909
1381 848
1381 1382
1382 1521
1383 1384
1383 1505
1384 296
1385 1386
1385 1429
1386 77
1387 785
1387 1388
1388 669
1389 1327
1389 1390
1390 1413
1391 1131
1391 1392
1392 661
1393 1066
1393 1394
1394 330
1395 1133
1395 1396
1396 339
1397 767
1397 1398
1398 459
1399 741
1399 1400
1400 541
1401 1402
1401 1552
1402 172
1403 1045
1403 1404
1404 1160
1405 962
1405 1406
1406 692
1407 1293
1407 1408
1408 918
1409 553
1409 1410
1410 1548
1411 319
1411 1412
1412 980
1413 549
1413 1414
1414 400
1415 1154
1415 1416
1416 1591
1417 723
1417 1418
1418 1542
1419 95
1419 1420
1420 228
1421 743
1421 1422
1422 363
1423 663
1423 1424
1424 1031
1425 738
1425 1426
1426 928
1427 989
1427 1428
1428 1006
1429 1168
1429 1430
1430 42
1431 289
1431 1432
1432 329
1433 675
1433 1434
1434 552
1435 1071
1435 1436
1436 1474
1437 201
1437 1438
1438 1214
1439 818
1439 1440
1440 912
1441 403
1441 1442
1442 1079
1443 693
1443 1444
1444 1015
1445 1446
1445 1577
1446 1190
1447 630
1447 1448
1448 288
1449 1264
1449 1450
1450 1192
1451 859
1451 1452
1452 1357
1453 879
1453 1454
1454 886
1455 446
1455 1456
1456 110
1457 837
1457 1458
1458 1484
1459 1460
1459 1589
1460 1247
1461 109
1461 1462
1462 1608
1463 267
1463 1464
1464 257
1465 179
1465 1466
1466 287
1467 931
1467 1468
1468 1498
1469 371
1469 1470
1470 139
1471 307
1471 1472
1472 1434
1473 1056
1473 1474
1474 670
1475 147
1475 1476
1476 352
1477 919
1477 1478
1478 973
1479 1449
1479 1480
1480 1450
1481 1207
1481 1482
1482 867
1483 1333
1483 1484
1484 665
1485 920
1485 1486
1486 311
1487 73
1487 1488
1488 1016
1489 421
1489 1490
1490 1346
1491 957
1491 1492
1492 428
1493 733
1493 1494
1494 380
1495 1323
1495 1496
1496 19
1497 1232
1497 1498
1498 1592
1499 1122
1499 1500
1500 714
1501 1167
1501 1502
1502 551
1503 1057
1503 1504
1504 189
1505 801
1505 1506
1506 937
1507 149
1507 1508
1508 388
1509 939
1509 1510
1510 445
1511 497
1511 1512
1512 493
1513 1158
1513 1514
1514 725
1515 1516
1515 1523
1516 522
1517 213
1517 1518
1518 1491
1519 1338
1519 1520
1520 250
1521 590
1521 1522
1522 22
1523 91
1523 1524
1524 922
1525 1155
1525 1526
1526 1445
1527 811
1527 1528
1528 690
1529 1391
1529 1530
1530 1170
1531 730
1531 1532
1532 625
1533 530
1533 1534
1534 464
1535 758
1535 1536
1536 1556
1537 742
1537 1538
1538 1197
1539 1320
1539 1540
1540 792
1541 1263
1541 1542
1542 491
1543 555
1543 1544
1544 118
1545 971
1545 1546
1546 1415
1547 1548
1547 1603
1548 1307
1549 231
1549 1550
1550 1026
1551 79
1551 1552
1552 1587
1553 1340
1553 1554
1554 970
1555 1533
1555 1556
1556 904
1557 968
1557 1558
1558 906
1559 1303
1559 1560
1560 969
1561 874
1561 1562
1562 344
1563 1186
1563 1564
1564 854
1565 1041
1565 1566
1566 542
1567 1274
1567 1568
1568 194
1569 1023
1569 1570
1570 786
1571 699
1571 1572
1572 916
1573 129
1573 1574
1574 506
1575 298
1575 1576
1576 908
1577 1404
1577 1578
1578 482
1579 1227
1579 1580
1580 1132
1581 623
1581 1582
1582 687
1583 461
1583 1584
1584 1497
1585 751
1585 1586
1586 183
1587 1482
1587 1588
1588 485
1589 1321
1589 1590
1590 1013
1591 1088
1591 1592
1592 614
1593 1219
1593 1594
1594 745
1595 1325
1595 1596
1596 830
1597 994
1597 1598
1598 394
1599 1267
1599 1600
1600 1163
1601 1229
1601 1602
1602 1399
1603 1266
1603 1604
1604 721
1605 1233
1605 1606
1606 12
1607 1042
1607 1608
1608 252
1609 1240
1609 1610
1610 18
1611 1272
1611 1612
1612 510
1613 106
1613 1614
1614 248
