0 273
0 581
2 179
2 1205
3 4
3 889
5 1585
4 615
4 1528
6 99
8 153
8 1277
9 866
9 1607
10 12
10 1335
11 691
12 1066
15 100
15 334
17 859
17 863
19 962
19 1001
21 121
21 764
23 24
23 871
24 767
25 26
25 307
26 1506
27 28
27 954
28 171
29 30
29 1211
30 479
31 32
31 624
32 1020
33 34
33 445
34 1208
35 36
35 389
36 225
37 38
37 1285
38 1102
39 40
39 1242
40 970
41 42
41 490
42 907
43 44
43 1391
44 1608
45 46
45 1329
46 446
47 48
47 623
48 1193
49 50
49 1033
50 1412
51 52
51 136
52 1524
53 54
53 277
54 1312
55 56
55 295
56 324
57 58
57 1237
58 713
59 60
59 1223
60 149
61 62
61 1376
62 1098
63 64
63 423
64 924
65 66
65 798
66 1256
67 39
67 68
68 1286
69 70
69 1087
70 1432
71 72
71 1093
72 1279
73 74
73 996
74 1040
75 76
75 813
76 184
77 78
77 673
78 1282
79 80
79 1251
80 1164
81 82
81 584
82 1018
83 47
83 84
84 306
85 71
85 86
86 398
87 88
87 784
88 140
89 90
89 134
90 1294
91 92
91 797
92 1008
93 94
93 250
94 17
95 96
95 267
96 218
97 98
97 1321
98 1220
99 100
99 278
100 749
101 102
101 133
102 274
103 104
103 1262
104 1437
105 106
105 688
106 533
107 108
107 1035
108 918
109 110
109 227
110 62
111 112
111 1216
112 1579
113 114
113 562
114 210
115 116
115 1366
116 972
117 115
117 118
118 93
119 120
119 629
120 857
121 122
121 1482
122 714
123 124
123 245
124 868
125 126
125 1161
126 898
127 128
127 1469
128 60
129 130
129 164
130 180
131 132
131 966
132 461
133 134
133 741
134 6
135 136
135 1101
136 212
137 138
137 163
138 955
139 140
139 736
140 504
141 142
141 1155
142 1514
143 144
143 1185
144 927
145 146
145 415
146 869
147 148
147 1428
148 704
149 150
149 1126
150 1266
151 152
151 725
152 757
153 10
153 154
154 402
155 156
155 1497
156 1581
157 158
157 657
158 216
159 160
159 247
160 378
161 162
161 186
162 373
163 164
163 1063
164 1478
165 166
165 1165
166 817
167 29
167 168
168 1600
169 170
169 392
170 1046
171 172
171 601
172 1320
173 174
173 633
174 1511
175 88
175 176
176 1250
177 87
177 178
178 318
179 180
179 639
180 1560
181 182
181 1176
182 1523
183 184
183 1092
184 123
185 186
185 744
186 246
187 188
187 801
188 110
189 190
189 1547
190 1395
191 192
191 1489
192 109
193 194
193 987
194 106
195 196
195 437
196 168
197 198
197 879
198 159
199 200
199 312
200 650
201 92
201 202
202 1448
203 2
203 204
204 189
205 206
205 1117
206 1512
207 208
207 387
208 472
209 210
209 850
210 1532
211 212
211 595
212 680
213 214
213 304
214 224
215 216
215 470
216 753
217 218
217 779
218 816
219 220
219 1090
220 340
221 222
221 983
222 569
223 224
223 701
224 280
225 226
225 613
226 158
227 228
227 1334
228 1059
229 230
229 766
230 1397
231 181
231 232
232 677
233 234
233 679
234 1217
235 236
235 1065
236 69
237 238
237 1273
238 734
239 240
239 608
240 1030
241 242
241 481
242 1094
243 244
243 416
244 763
245 246
245 947
246 873
247 248
247 836
248 973
249 250
249 835
250 142
251 252
251 1456
252 457
253 254
253 599
254 946
255 256
255 484
256 696
257 258
257 1077
258 820
259 233
259 260
260 1009
261 262
261 560
262 1439
263 264
263 1543
264 174
265 266
265 1411
266 350
267 268
267 505
268 768
269 59
269 270
270 1264
271 272
271 1053
272 888
273 274
273 1611
274 503
275 276
275 572
276 1096
277 278
277 303
278 585
279 280
279 1124
280 1249
281 282
281 1555
282 319
283 284
283 517
284 1610
285 286
285 1145
286 1104
287 231
287 288
288 1458
289 290
289 994
290 802
291 292
291 625
292 1589
293 294
293 1342
294 451
295 296
295 1587
296 1574
297 298
297 1129
298 322
299 300
299 403
300 525
301 302
301 370
302 1454
303 304
303 693
304 1431
305 242
305 306
306 1544
307 299
307 308
308 34
309 310
309 1572
310 732
311 72
311 312
312 380
313 314
313 556
314 681
315 75
315 316
316 971
317 318
317 1086
318 814
319 320
319 951
320 332
321 322
321 1069
322 61
323 324
323 1409
324 496
325 326
325 331
326 910
327 328
327 1520
328 537
329 330
329 523
330 1361
331 332
331 349
332 705
333 334
333 1125
334 626
335 336
335 939
336 564
337 338
337 823
338 621
339 340
339 1209
340 1402
341 342
341 1267
342 464
343 344
343 1483
344 1150
345 344
345 346
346 15
347 348
347 1304
348 1108
349 350
349 1597
350 956
351 352
351 783
352 570
353 354
353 1031
354 383
355 356
355 909
356 1537
357 261
357 358
358 628
359 360
359 880
360 635
361 362
361 1081
362 710
363 11
363 364
364 1188
365 366
365 975
366 1144
367 368
367 933
368 1003
369 315
369 370
370 724
371 281
371 372
372 190
373 65
373 374
374 1442
375 376
375 474
376 254
377 378
377 751
378 872
379 194
379 380
380 660
381 382
381 1275
382 309
383 368
383 384
384 834
385 386
385 1387
386 832
387 388
387 739
388 943
389 390
389 545
390 1491
391 113
391 392
392 638
393 394
393 957
394 388
395 27
395 396
396 1492
397 118
397 398
398 669
399 354
399 400
400 1157
401 402
401 550
402 1187
403 404
403 475
404 1074
405 406
405 748
406 508
407 305
407 408
408 689
409 410
409 590
410 84
411 381
411 412
412 399
413 357
413 414
414 1603
415 416
415 825
416 735
417 418
417 1127
418 1453
419 25
419 420
420 434
421 162
421 422
422 82
423 107
423 424
424 491
425 426
425 1516
426 1459
427 428
427 1499
428 1140
429 430
429 1542
430 1032
431 432
431 914
432 1021
433 360
433 434
434 213
435 436
435 959
436 352
437 438
437 890
438 459
439 440
439 535
440 1447
441 8
441 442
442 339
443 444
443 995
444 1414
445 446
445 1553
446 630
447 66
447 448
448 150
449 450
449 513
450 553
451 452
451 1166
452 444
453 454
453 473
454 1438
455 456
455 1407
456 111
457 458
457 981
458 934
459 432
459 460
460 103
461 462
461 678
462 302
463 464
463 760
464 1446
465 466
465 758
466 74
467 468
467 1493
468 919
469 112
469 470
470 32
471 195
471 472
472 928
473 239
473 474
474 1167
475 476
475 1071
476 1206
477 478
477 1422
478 1080
479 480
479 944
480 506
481 482
481 527
482 255
483 484
483 1365
484 896
485 486
485 1258
486 450
487 488
487 1056
488 664
489 490
489 899
490 436
491 49
491 492
492 808
493 41
493 494
494 855
495 83
495 496
496 1036
497 498
497 1227
498 1609
499 456
499 500
500 489
501 292
501 502
502 922
503 504
503 854
504 534
505 506
505 1254
506 800
507 131
507 508
508 252
509 510
509 1374
510 148
511 203
511 512
512 1048
513 514
513 1197
514 1346
515 516
515 1051
516 198
517 325
517 518
518 654
519 520
519 1042
520 718
521 237
521 522
522 308
523 524
523 1445
524 420
525 493
525 526
526 1318
527 528
527 1384
528 1388
529 127
529 530
530 256
531 426
531 532
532 1488
533 139
533 534
534 1222
535 536
535 777
536 1287
537 538
537 554
538 1219
539 540
539 892
540 1564
541 542
541 860
542 30
543 544
543 1533
544 1236
545 546
545 747
546 1260
547 548
547 1263
548 20
549 138
549 550
550 67
551 232
551 552
552 1358
553 554
553 656
554 781
555 556
555 840
556 589
557 558
557 1541
558 978
559 244
559 560
560 497
561 562
561 1425
562 262
563 564
563 1330
564 418
565 566
565 771
566 460
567 568
567 1396
568 738
569 536
569 570
570 326
571 572
571 925
572 21
573 193
573 574
574 720
575 518
575 576
576 1530
577 578
577 653
578 1503
579 580
579 775
580 1298
581 582
581 1309
582 1050
583 507
583 584
584 999
585 316
585 586
586 346
587 124
587 588
588 1450
589 567
589 590
590 1325
591 592
591 731
592 769
593 338
593 594
594 1498
595 187
595 596
596 578
597 11
597 598
598 682
599 600
599 1015
600 1023
601 169
601 602
602 1029
603 211
603 604
604 165
605 361
605 606
606 911
607 467
607 608
608 1203
609 610
609 856
610 586
611 612
611 1344
612 594
613 614
613 830
614 728
615 616
615 1141
616 519
617 453
617 618
618 1041
619 620
619 1467
620 18
621 622
621 1179
622 1212
623 549
623 624
624 95
625 626
625 1419
626 1485
627 628
627 1582
628 1338
629 630
629 1343
630 206
631 632
631 695
632 782
633 77
633 634
634 364
635 394
635 636
636 791
637 638
637 1393
638 772
639 101
639 640
640 812
641 365
641 642
642 31
643 269
643 644
644 1444
645 646
645 655
646 1308
647 396
647 648
648 428
649 627
649 650
650 727
651 511
651 652
652 85
653 363
653 654
654 1392
655 583
655 656
656 620
657 658
657 1569
658 1138
659 660
659 865
660 1556
661 662
661 756
662 851
663 664
663 1238
664 1562
665 161
665 666
666 1417
667 375
667 668
668 462
669 670
669 1054
670 1465
671 672
671 1451
672 1486
673 119
673 674
674 1133
675 676
675 1039
676 685
677 678
677 742
678 609
679 151
679 680
680 314
681 682
681 1347
682 759
683 684
683 1025
684 96
685 686
685 1016
686 1394
687 688
687 1421
688 1501
689 520
689 690
690 948
691 692
691 1381
692 1082
693 694
693 1231
694 1604
695 696
695 875
696 1352
697 600
697 698
698 992
699 700
699 1360
700 1362
701 702
701 1221
702 397
703 50
703 704
704 1064
705 386
705 706
706 1586
707 327
707 708
708 1314
709 248
709 710
710 114
711 417
711 712
712 1496
713 612
713 714
714 1159
715 291
715 716
716 1382
717 718
717 1595
718 16
719 468
719 720
720 406
721 722
721 1239
722 700
723 724
723 1184
724 1526
725 726
725 1169
726 1247
727 658
727 728
728 188
729 730
729 794
730 129
731 732
731 1163
732 903
733 734
733 1357
734 1504
735 736
735 1281
736 1068
737 738
737 1302
738 1480
739 234
739 740
740 1348
741 742
741 920
742 241
743 744
743 1373
744 321
745 746
745 1315
746 795
747 748
747 787
748 561
749 36
749 750
750 463
751 752
751 1019
752 33
753 492
753 754
754 240
755 756
755 1551
756 55
757 37
757 758
758 1274
759 690
759 760
760 68
761 593
761 762
762 1426
763 764
763 765
764 538
765 766
765 1099
766 1218
767 469
767 768
768 1380
769 182
769 770
770 818
771 201
771 772
772 1152
773 293
773 774
774 988
775 776
775 963
776 1198
777 393
777 778
778 530
779 780
779 1045
780 838
781 132
781 782
782 722
783 263
783 784
784 1494
785 786
785 1004
786 877
787 788
787 1013
788 122
789 790
789 1139
790 737
791 792
791 881
792 1132
793 794
793 1228
794 788
795 439
795 796
796 926
797 333
797 798
798 1474
799 800
799 1452
800 716
801 135
801 802
802 488
803 804
803 941
804 1599
805 806
805 1043
806 610
807 335
807 808
808 1606
809 810
809 893
810 958
811 812
811 1070
812 1522
813 63
813 814
814 862
815 816
815 886
816 1410
817 126
817 818
818 266
819 5
819 820
820 1590
821 822
821 915
822 723
823 249
823 824
824 1195
825 826
825 969
826 480
827 828
827 1085
828 1389
829 636
829 830
830 152
831 177
831 832
832 178
833 834
833 950
834 478
835 836
835 1199
836 1107
837 838
837 1557
838 706
839 840
839 1441
840 251
841 343
841 842
842 382
843 844
843 1118
844 1230
845 846
845 1278
846 409
847 799
847 848
848 1296
849 116
849 850
850 699
851 852
851 1345
852 342
853 708
853 854
854 967
855 28
855 856
856 937
857 858
857 1413
858 1328
859 310
859 860
860 1014
861 862
861 1383
862 587
863 54
863 864
864 390
865 270
865 866
866 531
867 792
867 868
868 408
869 637
869 870
870 1136
871 353
871 872
872 46
873 874
873 930
874 1240
875 876
875 1135
876 904
877 878
877 1128
878 762
879 880
879 1508
880 1310
881 160
881 882
882 26
883 719
883 884
884 358
885 886
885 1252
886 1571
887 23
887 888
888 557
889 223
889 890
890 215
891 892
891 921
892 311
893 815
893 894
894 235
895 427
895 896
896 1280
897 898
897 1457
898 1518
899 900
899 1253
900 524
901 902
901 1017
902 1084
903 904
903 1337
904 219
905 906
905 1147
906 1378
907 908
907 1538
908 646
909 910
909 1591
910 1067
911 424
911 912
912 729
913 914
913 1351
914 901
915 916
915 1316
916 1168
917 495
917 918
918 1502
919 920
919 1007
920 641
921 752
921 922
922 48
923 924
923 1415
924 1487
925 644
925 926
926 1213
927 9
927 928
928 7
929 930
929 1570
930 1565
931 932
931 1531
932 902
933 934
933 1105
934 588
935 405
935 936
936 105
937 228
937 938
938 414
939 940
939 1183
940 1354
941 942
941 1191
942 1181
943 551
943 944
944 410
945 712
945 946
946 1106
947 929
947 948
948 698
949 79
949 950
950 1601
951 532
951 952
952 290
953 157
953 954
954 260
955 283
955 956
956 296
957 143
957 958
958 663
959 960
959 1201
960 953
961 53
961 962
962 858
963 964
963 1433
964 1160
965 828
965 966
966 726
967 366
967 968
968 1470
969 913
969 970
970 602
971 972
971 1202
972 721
973 631
973 974
974 522
975 976
975 1113
976 454
977 978
977 1156
978 43
979 156
979 980
980 1088
981 982
981 1375
982 1584
983 984
983 985
984 19
985 611
985 986
986 1435
987 988
987 1055
988 1116
989 990
989 1241
990 1024
991 992
991 1259
992 740
993 994
993 1529
994 40
995 996
995 1401
996 86
997 998
997 1257
998 1044
999 192
999 1000
1000 466
1001 876
1001 1002
1002 1580
1003 97
1003 1004
1004 78
1005 885
1005 1006
1006 598
1007 993
1007 1008
1008 831
1009 1010
1009 1463
1010 1207
1011 575
1011 1012
1012 404
1013 991
1013 1014
1014 1490
1015 622
1015 1016
1016 1027
1017 1018
1017 1423
1018 1149
1019 1020
1019 1089
1020 1398
1021 979
1021 1022
1022 648
1023 1024
1023 1121
1024 940
1025 539
1025 1026
1026 640
1027 717
1027 1028
1028 750
1029 226
1029 1030
1030 686
1031 803
1031 1032
1032 1130
1033 271
1033 1034
1034 264
1035 1036
1035 1549
1036 166
1037 745
1037 1038
1038 120
1039 1040
1039 1539
1040 362
1041 670
1041 1042
1042 733
1043 259
1043 1044
1044 1005
1045 144
1045 1046
1046 1022
1047 91
1047 1048
1048 175
1049 1050
1049 1367
1050 964
1051 431
1051 1052
1052 786
1053 1054
1053 1153
1054 45
1055 923
1055 1056
1056 1558
1057 839
1057 1058
1058 1052
1059 984
1059 1060
1060 376
1061 1062
1061 1322
1062 207
1063 1037
1063 1064
1064 442
1065 683
1065 1066
1066 1472
1067 1068
1067 1602
1068 330
1069 1070
1069 1189
1070 76
1071 443
1071 1072
1072 1598
1073 662
1073 1074
1074 1180
1075 1076
1075 1420
1076 1509
1077 1078
1077 1178
1078 563
1079 199
1079 1080
1080 576
1081 204
1081 1082
1082 1173
1083 1084
1083 1443
1084 1326
1085 329
1085 1086
1086 634
1087 844
1087 1088
1088 1270
1089 137
1089 1090
1090 286
1091 395
1091 1092
1092 1429
1093 547
1093 1094
1094 1154
1095 287
1095 1096
1096 780
1097 1098
1097 1288
1098 1500
1099 1100
1099 1481
1100 356
1101 1102
1101 1363
1102 1578
1103 1104
1103 1473
1104 1232
1105 1106
1105 1369
1106 1000
1107 793
1107 1108
1108 852
1109 597
1109 1110
1110 230
1111 1112
1111 1243
1112 1268
1113 1114
1113 1311
1114 867
1115 1116
1115 1265
1116 616
1117 1118
1117 1327
1118 1271
1119 494
1119 1120
1120 1299
1121 433
1121 1122
1122 128
1123 659
1123 1124
1124 1078
1125 1126
1125 1323
1126 200
1127 1128
1127 1186
1128 384
1129 1130
1129 1455
1130 1292
1131 229
1131 1132
1132 1399
1133 776
1133 1134
1134 916
1135 1136
1135 1350
1136 42
1137 607
1137 1138
1138 1011
1139 1140
1139 1385
1140 374
1141 1038
1141 1142
1142 1235
1143 1144
1143 1515
1144 912
1145 1146
1145 1563
1146 214
1147 1131
1147 1148
1148 253
1149 514
1149 1150
1150 778
1151 1152
1151 1319
1152 1246
1153 643
1153 1154
1154 1510
1155 711
1155 1156
1156 502
1157 441
1157 1158
1158 407
1159 730
1159 1160
1160 540
1161 821
1161 1162
1162 672
1163 1164
1163 1449
1164 1276
1165 476
1165 1166
1166 1122
1167 438
1167 1168
1168 1479
1169 841
1169 1170
1170 448
1171 789
1171 1172
1172 1460
1173 279
1173 1174
1174 1210
1175 1176
1175 1368
1176 6
1177 222
1177 1178
1178 577
1179 1180
1179 1468
1180 770
1181 1182
1181 1336
1182 220
1183 400
1183 1184
1184 703
1185 1186
1185 1505
1186 1484
1187 1188
1187 1573
1188 1386
1189 1190
1189 1244
1190 359
1191 297
1191 1192
1192 38
1193 1194
1193 1418
1194 1148
1195 521
1195 1196
1196 422
1197 1198
1197 1284
1198 183
1199 645
1199 1200
1200 58
1201 883
1201 1202
1202 1408
1203 435
1203 1204
1204 1158
1205 891
1205 1206
1206 272
1207 90
1207 1208
1208 276
1209 486
1209 1210
1210 848
1211 1212
1211 1245
1212 837
1213 485
1213 1214
1214 320
1215 1137
1215 1216
1216 1495
1217 265
1217 1218
1218 1605
1219 1220
1219 1576
1220 548
1221 1061
1221 1222
1222 882
1223 141
1223 1224
1224 1034
1225 1047
1225 1226
1226 661
1227 833
1227 1228
1228 258
1229 455
1229 1230
1230 684
1231 1232
1231 1390
1232 275
1233 412
1233 1234
1234 440
1235 697
1235 1236
1236 172
1237 746
1237 1238
1238 371
1239 1240
1239 1377
1240 528
1241 337
1241 1242
1242 603
1243 1175
1243 1244
1244 1269
1245 900
1245 1246
1246 945
1247 1248
1247 1339
1248 968
1249 465
1249 1250
1250 952
1251 895
1251 1252
1252 1171
1253 1143
1253 1254
1254 649
1255 24
1255 1256
1256 1577
1257 1215
1257 1258
1258 709
1259 1260
1259 1359
1260 960
1261 413
1261 1262
1262 51
1263 1264
1263 1289
1264 351
1265 323
1265 1266
1266 1248
1267 81
1267 1268
1268 843
1269 155
1269 1270
1270 1214
1271 1075
1271 1272
1272 44
1273 807
1273 1274
1274 542
1275 221
1275 1276
1276 1028
1277 1278
1277 1540
1278 1194
1279 1280
1279 1427
1280 1120
1281 935
1281 1282
1282 1083
1283 341
1283 1284
1284 642
1285 647
1285 1286
1286 976
1287 197
1287 1288
1288 845
1289 605
1289 1290
1290 516
1291 604
1291 1292
1292 1
1293 715
1293 1294
1294 1146
1295 145
1295 1296
1296 1192
1297 209
1297 1298
1298 1204
1299 284
1299 1300
1300 1588
1301 671
1301 1302
1302 1534
1303 89
1303 1304
1304 167
1305 936
1305 1306
1306 328
1307 1308
1307 1513
1308 12
1309 191
1309 1310
1310 897
1311 819
1311 1312
1312 347
1313 906
1313 1314
1314 1170
1315 1316
1315 1613
1316 1303
1317 555
1317 1318
1318 80
1319 73
1319 1320
1320 592
1321 617
1321 1322
1322 419
1323 421
1323 1324
1324 345
1325 618
1325 1326
1326 668
1327 965
1327 1328
1328 238
1329 842
1329 1330
1330 1567
1331 369
1331 1332
1332 317
1333 1261
1333 1334
1334 894
1335 391
1335 1336
1336 379
1337 298
1337 1338
1338 1300
1339 1115
1339 1340
1340 864
1341 1226
1341 1342
1342 1151
1343 1293
1343 1344
1344 1592
1345 942
1345 1346
1346 429
1347 580
1347 1348
1348 874
1349 205
1349 1350
1350 1340
1351 997
1351 1352
1352 510
1353 559
1353 1354
1354 13
1355 1103
1355 1356
1356 573
1357 487
1357 1358
1358 1110
1359 1049
1359 1360
1360 401
1361 676
1361 1362
1362 878
1363 300
1363 1364
1364 1566
1365 509
1365 1366
1366 1403
1367 827
1367 1368
1368 1527
1369 355
1369 1370
1370 809
1371 483
1371 1372
1372 870
1373 1374
1373 1593
1374 125
1375 1376
1375 1535
1376 56
1377 1378
1377 1519
1378 108
1379 3
1379 1380
1380 1012
1381 571
1381 1382
1382 202
1383 1384
1383 1462
1384 707
1385 917
1385 1386
1386 130
1387 515
1387 1388
1388 974
1389 1355
1389 1390
1390 1233
1391 1142
1391 1392
1392 482
1393 35
1393 1394
1394 98
1395 1396
1395 1559
1396 1291
1397 908
1397 1398
1398 790
1399 447
1399 1400
1400 1416
1401 500
1401 1402
1402 348
1403 675
1403 1404
1404 1002
1405 1406
1405 1517
1406 14
1407 805
1407 1408
1408 117
1409 1283
1409 1410
1410 1332
1411 546
1411 1412
1412 94
1413 5
1413 1414
1414 1079
1415 666
1415 1416
1416 236
1417 861
1417 1418
1418 667
1419 1301
1419 1420
1420 579
1421 1295
1421 1422
1422 773
1423 1424
1423 1477
1424 268
1425 1356
1425 1426
1426 1568
1427 565
1427 1428
1428 1112
1429 1430
1429 1614
1430 1162
1431 1290
1431 1432
1432 526
1433 477
1433 1434
1434 806
1435 674
1435 1436
1436 1058
1437 1438
1437 1466
1438 614
1439 977
1439 1440
1440 566
1441 606
1441 1442
1442 1404
1443 372
1443 1444
1444 847
1445 1331
1445 1446
1446 458
1447 1306
1447 1448
1448 512
1449 1349
1449 1450
1450 1552
1451 591
1451 1452
1452 1200
1453 1076
1453 1454
1454 1272
1455 367
1455 1456
1456 1341
1457 811
1457 1458
1458 774
1459 1224
1459 1460
1460 692
1461 887
1461 1462
1462 377
1463 1255
1463 1464
1464 1434
1465 829
1465 1466
1466 1010
1467 652
1467 1468
1468 1371
1469 499
1469 1470
1470 1424
1471 853
1471 1472
1472 884
1473 1474
1473 1561
1474 1550
1475 651
1475 1476
1476 336
1477 1123
1477 1478
1478 938
1479 1480
1479 1554
1480 980
1481 543
1481 1482
1482 1471
1483 949
1483 1484
1484 1612
1485 552
1485 1486
1486 582
1487 596
1487 1488
1488 1114
1489 1353
1489 1490
1490 1190
1491 1073
1491 1492
1492 568
1493 1307
1493 1494
1494 574
1495 1225
1495 1496
1496 796
1497 1379
1497 1498
1498 1172
1499 1500
1499 1575
1500 208
1501 1502
1501 1545
1502 1324
1503 1504
1503 1594
1504 104
1505 998
1505 1506
1506 1400
1507 1508
1507 1521
1508 385
1509 498
1509 1510
1510 982
1511 313
1511 1512
1512 301
1513 1461
1513 1514
1514 804
1515 619
1515 1516
1516 1317
1517 743
1517 1518
1518 1026
1519 471
1519 1520
1520 1476
1521 1229
1521 1522
1522 1109
1523 1524
1523 1548
1524 176
1525 449
1525 1526
1526 1119
1527 529
1527 1528
1528 1057
1529 501
1529 1530
1530 1372
1531 961
1531 1532
1532 1406
1533 411
1533 1534
1534 70
1535 761
1535 1536
1536 1464
1537 785
1537 1538
1538 1313
1539 1062
1539 1540
1540 217
1541 905
1541 1542
1542 544
1543 285
1543 1544
1544 170
1545 1095
1545 1546
1546 22
1547 1305
1547 1548
1548 452
1549 173
1549 1550
1550 57
1551 931
1551 1552
1552 1006
1553 1405
1553 1554
1554 1196
1555 989
1555 1556
1556 102
1557 1525
1557 1558
1558 632
1559 147
1559 1560
1560 1364
1561 243
1561 1562
1562 754
1563 810
1563 1564
1564 52
1565 430
1565 1566
1566 1596
1567 64
1567 1568
1568 1536
1569 1297
1569 1570
1570 846
1571 755
1571 1572
1572 824
1573 558
1573 1574
1574 694
1575 687
1575 1576
1576 1182
1577 990
1577 1578
1578 932
1579 1436
1579 1580
1580 282
1581 822
1581 1582
1582 154
1583 1100
1583 1584
1584 1234
1585 849
1585 1586
1586 1430
1587 1177
1587 1588
1588 196
1589 185
1589 1590
1590 1091
1591 146
1591 1592
1592 665
1593 1111
1593 1594
1594 1097
1595 1134
1595 1596
1596 1072
1597 1333
1597 1598
1598 1060
1599 1583
1599 1600
1600 1174
1601 1370
1601 1602
1602 702
1603 288
1603 1604
1604 1546
1605 541
1605 1606
1606 826
1607 257
1607 1608
1608 289
1609 986
1609 1610
1610 1440
1611 1507
1611 1612
1612 425
1613 1475
1613 1614
1614 294
