0 1247
0 1387
1 75
1 1465
3 352
3 619
4 5
4 219
5 529
6 556
7 319
7 1416
9 1223
9 1435
11 320
10 613
10 1357
12 176
15 314
15 1501
17 42
17 964
19 633
19 1603
21 380
21 1042
23 24
23 333
24 285
25 26
25 563
26 1487
27 28
27 1604
28 208
29 30
29 702
30 1502
31 32
31 872
32 868
33 34
33 1491
34 562
35 36
35 815
36 1059
37 38
37 1423
38 1397
39 40
39 538
40 922
41 42
41 642
42 1150
43 44
43 360
44 519
45 46
45 967
46 785
47 48
47 406
48 1466
49 50
49 1303
50 757
51 52
51 920
52 1512
53 54
53 1123
54 226
55 56
55 193
56 24
57 58
57 1475
58 594
59 60
59 1005
60 173
61 62
61 1116
62 44
63 64
63 1340
64 490
65 66
65 584
66 1211
67 68
67 1480
68 1546
69 70
69 291
70 1368
71 72
71 743
72 811
73 74
73 1426
74 53
75 76
75 217
76 723
77 78
77 524
78 1190
79 80
79 1227
80 421
81 82
81 266
82 1394
83 84
83 995
84 691
85 86
85 661
86 336
87 49
87 88
88 1121
89 90
89 1349
90 1256
91 92
91 164
92 302
93 94
93 439
94 63
95 96
95 467
96 969
97 98
97 869
98 438
99 100
99 914
100 474
101 102
101 1348
102 418
103 104
103 1075
104 167
105 106
105 979
106 298
107 108
107 1492
108 806
109 110
109 1389
110 1559
111 112
111 1405
112 546
113 114
113 325
114 1578
115 116
115 471
116 1498
117 118
117 1347
118 742
119 120
119 488
120 799
121 122
121 255
122 478
123 124
123 1155
124 1014
125 126
125 233
126 473
127 128
127 701
128 1284
129 130
129 225
130 1128
131 132
131 1179
132 1166
133 134
133 1359
134 986
135 136
135 877
136 472
137 138
137 620
138 1080
139 140
139 847
140 591
141 142
141 681
142 154
143 144
143 962
144 19
145 146
145 751
146 1383
147 148
147 1313
148 357
149 150
149 767
150 855
151 152
151 237
152 1004
153 154
153 166
154 1275
155 156
155 1175
156 1605
157 158
157 1077
158 459
159 160
159 293
160 47
161 162
161 403
162 32
163 164
163 1096
164 622
165 166
165 731
166 946
167 126
167 168
168 16
169 170
169 1319
170 190
171 172
171 663
172 251
173 84
173 174
174 1200
175 11
175 176
176 1336
177 178
177 708
178 106
179 180
179 477
180 1469
181 182
181 408
182 334
183 184
183 1169
184 1187
185 186
185 323
186 1455
187 188
187 353
188 568
189 190
189 1206
190 116
191 192
191 376
192 458
193 194
193 260
194 90
195 196
195 988
196 1180
197 198
197 573
198 138
199 200
199 327
200 424
201 202
201 1111
202 1508
203 204
203 1215
204 119
205 206
205 958
206 928
207 208
207 1186
208 48
209 210
209 673
210 1057
211 62
211 212
212 824
213 214
213 1258
214 1028
215 88
215 216
216 937
217 218
217 465
218 1099
219 220
219 1318
220 364
221 222
221 835
222 294
223 224
223 443
224 1177
225 226
225 749
226 792
227 149
227 228
228 1045
229 230
229 506
230 275
231 232
231 923
232 25
233 9
233 234
234 832
235 77
235 236
236 540
237 238
237 599
238 267
239 240
239 335
240 397
241 242
241 1021
242 983
243 80
243 244
244 158
245 246
245 1015
246 136
247 248
247 885
248 1436
249 250
249 867
250 112
251 76
251 252
252 1312
253 254
253 1309
254 1063
255 151
255 256
256 1326
257 258
257 486
258 1417
259 260
259 683
260 1371
261 262
261 1563
262 628
263 264
263 1167
264 608
265 266
265 1305
266 1052
267 268
267 1097
268 1555
269 270
269 1145
270 1276
271 272
271 371
272 982
273 274
273 535
274 1411
275 276
275 306
276 1330
277 278
277 1085
278 1588
279 45
279 280
280 1518
281 282
281 912
282 132
283 284
283 931
284 664
285 286
285 1022
286 1058
287 288
287 1376
288 998
289 290
289 1314
290 432
291 59
291 292
292 203
293 294
293 669
294 1132
295 296
295 1071
296 429
297 222
297 298
298 659
299 300
299 839
300 1297
301 302
301 865
302 970
303 304
303 735
304 148
305 306
305 845
306 541
307 308
307 724
308 236
309 303
309 310
310 14
311 163
311 312
312 279
313 314
313 1553
314 558
315 316
315 903
316 324
317 318
317 533
318 1304
319 320
319 1112
320 578
321 322
321 652
322 554
323 324
323 843
324 705
325 326
325 1307
326 389
327 328
327 521
328 188
329 330
329 732
330 1084
331 332
331 1088
332 1516
333 334
333 401
334 900
335 336
335 665
336 1381
337 272
337 338
338 1594
339 340
339 862
340 1406
341 342
341 1479
342 1350
343 344
343 1208
344 288
345 346
345 1264
346 1536
347 140
347 348
348 1255
349 7
349 350
350 205
351 352
351 1422
352 97
353 354
353 1153
354 1181
355 356
355 1515
356 706
357 358
357 1481
358 174
359 142
359 360
360 1524
361 171
361 362
362 331
363 364
363 853
364 1552
365 366
365 1351
366 1560
367 368
367 1419
368 1254
369 38
369 370
370 1327
371 372
371 941
372 773
373 374
373 729
374 587
375 376
375 1363
376 70
377 378
377 1377
378 510
379 380
379 1259
380 744
381 382
381 415
382 756
383 384
383 803
384 1611
385 386
385 1434
386 630
387 388
387 1306
388 762
389 390
389 1219
390 207
391 392
391 1272
392 1460
393 394
393 830
394 933
395 396
395 721
396 674
397 398
397 924
398 461
399 400
399 1341
400 739
401 402
401 775
402 675
403 101
403 404
404 308
405 350
405 406
406 1278
407 124
407 408
408 427
409 410
409 1459
410 1392
411 229
411 412
412 700
413 414
413 658
414 68
415 416
415 1311
416 390
417 418
417 1020
418 734
419 420
419 1217
420 772
421 387
421 422
422 307
423 424
423 1522
424 393
425 426
425 610
426 379
427 428
427 1170
428 727
429 430
429 1026
430 1066
431 432
431 972
432 648
433 347
433 434
434 1274
435 436
435 1328
436 449
437 438
437 1065
438 198
439 440
439 609
440 46
441 442
441 579
442 1118
443 444
443 951
444 114
445 446
445 1513
446 464
447 448
447 761
448 1100
449 450
449 776
450 1528
451 452
451 1530
452 1550
453 454
453 1295
454 218
455 456
455 559
456 800
457 458
457 1393
458 1410
459 460
459 566
460 1478
461 462
461 769
462 1152
463 405
463 464
464 938
465 466
465 873
466 653
467 468
467 1277
468 1582
469 470
469 837
470 1599
471 472
471 639
472 796
473 474
473 947
474 1138
475 476
475 1468
476 161
477 478
477 1003
478 899
479 480
479 1119
480 1483
481 135
481 482
482 901
483 484
483 797
484 197
485 486
485 977
486 1458
487 488
487 1055
488 575
489 490
489 1141
490 1018
491 492
491 1245
492 860
493 494
493 1574
494 374
495 496
495 1366
496 1168
497 498
497 1401
498 893
499 500
499 1463
500 1228
501 483
501 502
502 1007
503 504
503 896
504 926
505 506
505 1299
506 3
507 508
507 1137
508 1391
509 510
509 1106
510 795
511 512
511 682
512 256
513 514
513 543
514 1482
515 516
515 716
516 1062
517 518
517 1585
518 611
519 212
519 520
520 976
521 522
521 791
522 985
523 524
523 1337
524 480
525 526
525 1540
526 1238
527 528
527 1210
528 1606
529 530
529 1535
530 1561
531 532
531 1236
532 944
533 139
533 534
534 781
535 315
535 536
536 1213
537 141
537 538
538 369
539 359
539 540
540 1608
541 542
541 672
542 128
543 36
543 544
544 1051
545 546
545 592
546 808
547 548
547 641
548 1428
549 550
549 1345
550 1089
551 484
551 552
552 1117
553 554
553 1268
554 516
555 556
555 817
556 887
557 262
557 558
558 654
559 73
559 560
560 72
561 562
561 697
562 1418
563 23
563 564
564 1267
565 566
565 1195
566 276
567 568
567 1285
568 457
569 242
569 570
570 1293
571 572
571 1471
572 786
573 574
573 1388
574 426
575 326
575 576
576 1006
577 578
577 1486
578 1398
579 580
579 585
580 1011
581 561
581 582
582 978
583 584
583 1113
584 687
585 586
585 1086
586 396
587 382
587 588
588 736
589 590
589 646
590 770
591 239
591 592
592 615
593 594
593 1335
594 170
595 596
595 671
596 1172
597 598
597 1453
598 345
599 305
599 600
600 1135
601 602
601 1012
602 720
603 604
603 1409
604 1229
605 348
605 606
606 195
607 608
607 1221
608 1090
609 610
609 689
610 915
611 612
611 1456
612 870
613 470
613 614
614 213
615 616
615 1484
616 1225
617 618
617 875
618 626
619 620
619 989
620 831
621 622
621 1365
622 184
623 624
623 805
624 351
625 626
625 1283
626 179
627 628
627 871
628 202
629 630
629 1301
630 1370
631 632
631 884
632 921
633 634
633 1569
634 644
635 636
635 1412
636 1343
637 367
637 638
638 1520
639 221
639 640
640 228
641 642
641 848
642 740
643 175
643 644
644 1514
645 400
645 646
646 1342
647 375
647 648
648 656
649 317
649 650
650 187
651 5
651 652
652 737
653 4
653 654
654 940
655 656
655 1595
656 1082
657 232
657 658
658 1567
659 660
659 788
660 1212
661 662
661 999
662 182
663 664
663 1209
664 137
665 87
665 666
666 1452
667 223
667 668
668 191
669 670
669 945
670 410
671 672
671 1047
672 1032
673 583
673 674
674 576
675 676
675 679
676 764
677 157
677 678
678 551
679 98
679 680
680 866
681 682
681 1446
682 525
683 684
683 1317
684 728
685 686
685 1384
686 1316
687 625
687 688
688 838
689 690
689 819
690 180
691 692
691 1266
692 210
693 349
693 694
694 1067
695 696
695 1444
696 100
697 698
697 1547
698 2
699 60
699 700
700 1249
701 702
701 1010
702 392
703 704
703 1449
704 1064
705 577
705 706
706 1174
707 491
707 708
708 668
709 588
709 710
710 634
711 712
711 1403
712 346
713 714
713 996
714 502
715 716
715 1529
716 249
717 718
717 1287
718 475
719 720
719 1375
720 750
721 722
721 1414
722 1233
723 724
723 1367
724 1282
725 504
725 726
726 1281
727 728
727 1158
728 890
729 730
729 889
730 309
731 725
731 732
732 980
733 734
733 1136
734 612
735 736
735 787
736 695
737 243
737 738
738 994
739 740
739 1531
740 1251
741 177
741 742
742 666
743 744
743 1253
744 874
745 746
745 1364
746 636
747 245
747 748
748 311
749 12
749 750
750 1224
751 752
751 1360
752 990
753 754
753 1420
754 1079
755 756
755 1133
756 51
757 758
757 1000
758 1269
759 748
759 760
760 1570
761 509
761 762
762 582
763 300
763 764
764 906
765 129
765 766
766 152
767 117
767 768
768 31
769 318
769 770
770 1226
771 772
771 804
772 1202
773 690
773 774
774 21
775 273
775 776
776 1182
777 778
777 801
778 200
779 631
779 780
780 1362
781 782
781 1584
782 686
783 784
783 1325
784 206
785 786
785 932
786 1122
787 550
787 788
788 1034
789 790
789 1013
790 425
791 553
791 792
792 842
793 10
793 794
794 96
795 330
795 796
796 312
797 133
797 798
798 765
799 417
799 800
800 763
801 802
801 1243
802 840
803 804
803 1041
804 1027
805 629
805 806
806 1214
807 808
807 1126
808 102
809 495
809 810
810 143
811 812
811 1386
812 250
813 189
813 814
814 41
815 517
815 816
816 1577
817 268
817 818
818 854
819 820
819 1437
820 816
821 822
821 1157
822 789
823 283
823 824
824 118
825 507
825 826
826 94
827 820
827 828
828 918
829 830
829 981
830 593
831 832
831 1568
832 442
833 518
833 834
834 1474
835 836
835 1464
836 1265
837 838
837 1385
838 402
839 600
839 840
840 790
841 287
841 842
842 645
843 844
843 1261
844 834
845 846
845 1049
846 807
847 241
847 848
848 1379
849 497
849 850
850 508
851 852
851 1298
852 1234
853 69
853 854
854 1173
855 856
855 857
856 153
857 295
857 858
858 103
859 651
859 860
860 1438
861 862
861 1539
862 1541
863 532
863 864
864 1114
865 866
865 1193
866 1008
867 435
867 868
868 1196
869 870
869 897
870 960
871 618
871 872
872 224
873 874
873 1163
874 1533
875 822
875 876
876 880
877 878
877 991
878 1107
879 552
879 880
880 1511
881 882
881 1184
882 894
883 201
883 884
884 993
885 886
885 1149
886 1504
887 888
887 1586
888 606
889 890
889 1263
890 522
891 301
891 892
892 215
893 894
893 1035
894 1288
895 649
895 896
896 93
897 794
897 898
898 774
899 547
899 900
900 930
901 605
901 902
902 846
903 377
903 904
904 1292
905 565
905 906
906 758
907 905
907 908
908 828
909 878
909 910
910 685
911 455
911 912
912 1161
913 914
913 1500
914 388
915 698
915 916
916 127
917 918
917 1583
918 948
919 920
919 1472
920 852
921 922
921 1154
922 590
923 111
923 924
924 943
925 79
925 926
926 1476
927 363
927 928
928 342
929 274
929 930
930 1572
931 932
931 1573
932 332
933 934
933 1050
934 492
935 936
935 1024
936 733
937 67
937 938
938 712
939 891
939 940
940 386
941 419
941 942
942 1178
943 503
943 944
944 1534
945 946
945 1183
946 643
947 948
947 1499
948 178
949 950
949 1526
950 1519
951 952
951 1310
952 1544
953 131
953 954
954 316
955 956
955 1240
956 616
957 485
957 958
958 1192
959 960
959 1390
960 1382
961 962
961 1490
962 954
963 818
963 964
964 908
965 391
965 966
966 564
967 968
967 1188
968 61
969 825
969 970
970 973
971 718
971 972
972 752
973 974
973 1542
974 338
975 976
975 1614
976 882
977 949
977 978
978 1201
979 545
979 980
980 604
981 982
981 1485
982 28
983 984
983 1291
984 194
985 986
985 1564
986 1294
987 548
987 988
988 1218
989 632
989 990
990 248
991 992
991 1581
992 784
993 994
993 1331
994 512
995 489
995 996
996 886
997 859
997 998
998 919
999 1000
999 1551
1000 1198
1001 1002
1001 1237
1002 974
1003 1004
1003 1156
1004 1164
1005 1006
1005 1271
1006 378
1007 257
1007 1008
1008 20
1009 849
1009 1010
1010 1378
1011 362
1011 1012
1012 1222
1013 55
1013 1014
1014 1451
1015 821
1015 1016
1016 1315
1017 6
1017 1018
1018 494
1019 209
1019 1020
1020 365
1021 777
1021 1022
1022 580
1023 992
1023 1024
1024 1044
1025 1026
1025 1507
1026 1131
1027 447
1027 1028
1028 1002
1029 247
1029 1030
1030 520
1031 1032
1031 1545
1032 560
1033 261
1033 1034
1034 812
1035 536
1035 1036
1036 476
1037 1038
1037 1241
1038 916
1039 185
1039 1040
1040 1308
1041 479
1041 1042
1042 1074
1043 296
1043 1044
1044 1396
1045 694
1045 1046
1046 710
1047 1001
1047 1048
1048 1496
1049 1050
1049 1105
1050 1146
1051 1052
1051 1442
1052 935
1053 730
1053 1054
1054 703
1055 693
1055 1056
1056 802
1057 1046
1057 1058
1058 1532
1059 145
1059 1060
1060 826
1061 1025
1061 1062
1062 328
1063 230
1063 1064
1064 514
1065 617
1065 1066
1066 13
1067 1068
1067 1334
1068 246
1069 879
1069 1070
1070 574
1071 1072
1071 1333
1072 78
1073 829
1073 1074
1074 704
1075 539
1075 1076
1076 422
1077 1078
1077 1081
1078 526
1079 726
1079 1080
1080 1250
1081 1082
1081 1140
1082 864
1083 150
1083 1084
1084 542
1085 109
1085 1086
1086 1505
1087 1088
1087 1443
1088 329
1089 156
1089 1090
1090 1372
1091 1092
1091 1139
1092 1048
1093 713
1093 1094
1094 278
1095 1096
1095 1402
1096 1454
1097 1098
1097 1143
1098 1125
1099 528
1099 1100
1100 1144
1101 310
1101 1102
1102 58
1103 481
1103 1104
1104 1399
1105 647
1105 1106
1106 445
1107 289
1107 1108
1108 1576
1109 1110
1109 1441
1110 1165
1111 1112
1111 1523
1112 640
1113 259
1113 1114
1114 1324
1115 1116
1115 1148
1116 54
1117 1118
1117 1302
1118 196
1119 155
1119 1120
1120 1151
1121 420
1121 1122
1122 337
1123 597
1123 1124
1124 624
1125 1126
1125 1537
1126 440
1127 1128
1127 1571
1128 1448
1129 555
1129 1130
1130 909
1131 987
1131 1132
1132 1068
1133 779
1133 1134
1134 1440
1135 997
1135 1136
1136 586
1137 91
1137 1138
1138 214
1139 883
1139 1140
1140 1257
1141 1142
1141 1598
1142 281
1143 965
1143 1144
1144 280
1145 717
1145 1146
1146 850
1147 411
1147 1148
1148 968
1149 719
1149 1150
1150 1554
1151 809
1151 1152
1152 64
1153 1154
1153 1207
1154 678
1155 183
1155 1156
1156 1205
1157 677
1157 1158
1158 902
1159 1160
1159 1589
1160 1194
1161 1162
1161 1380
1162 572
1163 1164
1163 1361
1164 284
1165 159
1165 1166
1166 500
1167 1168
1167 1415
1168 216
1169 204
1169 1170
1170 534
1171 1070
1171 1172
1172 340
1173 436
1173 1174
1174 1162
1175 1176
1175 1427
1176 238
1177 1129
1177 1178
1178 234
1179 851
1179 1180
1180 1400
1181 655
1181 1182
1182 1413
1183 1184
1183 1613
1184 917
1185 711
1185 1186
1186 827
1187 1188
1187 1358
1188 1216
1189 1190
1189 1242
1190 434
1191 907
1191 1192
1192 1273
1193 707
1193 1194
1194 1286
1195 601
1195 1196
1196 1580
1197 1198
1197 1374
1198 1494
1199 1200
1199 1538
1200 192
1201 26
1201 1202
1202 462
1203 1204
1203 1433
1204 782
1205 1206
1205 1395
1206 52
1207 499
1207 1208
1208 1203
1209 37
1209 1210
1210 1517
1211 240
1211 1212
1212 322
1213 741
1213 1214
1214 638
1215 1216
1215 1407
1216 22
1217 823
1217 1218
1218 863
1219 186
1219 1220
1220 1506
1221 35
1221 1222
1222 254
1223 1224
1223 1346
1224 1199
1225 211
1225 1226
1226 366
1227 95
1227 1228
1228 1246
1229 1230
1229 1489
1230 1142
1231 1029
1231 1232
1232 1450
1233 684
1233 1234
1234 146
1235 1185
1235 1236
1236 264
1237 1033
1237 1238
1238 431
1239 925
1239 1240
1240 1248
1241 1091
1241 1242
1242 1592
1243 1244
1243 1373
1244 17
1245 453
1245 1246
1246 414
1247 113
1247 1248
1248 1094
1249 910
1249 1250
1250 82
1251 356
1251 1252
1252 692
1253 1254
1253 1421
1254 1609
1255 339
1255 1256
1256 451
1257 1258
1257 1495
1258 841
1259 498
1259 1260
1260 6
1261 929
1261 1262
1262 265
1263 780
1263 1264
1264 670
1265 1266
1265 1323
1266 1607
1267 635
1267 1268
1268 955
1269 714
1269 1270
1270 34
1271 1109
1271 1272
1272 1601
1273 321
1273 1274
1274 290
1275 1276
1275 1527
1276 766
1277 505
1277 1278
1278 1579
1279 144
1279 1280
1280 1300
1281 1159
1281 1282
1282 1289
1283 1284
1283 1557
1284 50
1285 394
1285 1286
1286 1432
1287 527
1287 1288
1288 30
1289 1290
1289 1556
1290 286
1291 253
1291 1292
1292 104
1293 452
1293 1294
1294 1600
1295 271
1295 1296
1296 515
1297 1298
1297 1321
1298 1189
1299 231
1299 1300
1300 1016
1301 147
1301 1302
1302 99
1303 1304
1303 1461
1304 1477
1305 123
1305 1306
1306 1488
1307 927
1307 1308
1308 282
1309 383
1309 1310
1310 1429
1311 66
1311 1312
1312 446
1313 468
1313 1314
1314 876
1315 1316
1315 1356
1316 1290
1317 1037
1317 1318
1318 1352
1319 57
1319 1320
1320 1120
1321 798
1321 1322
1322 1244
1323 1171
1323 1324
1324 162
1325 466
1325 1326
1326 942
1327 1262
1327 1328
1328 1497
1329 913
1329 1330
1330 709
1331 549
1331 1332
1332 1197
1333 623
1333 1334
1334 263
1335 1130
1335 1336
1336 892
1337 292
1337 1338
1338 1457
1339 966
1339 1340
1340 105
1341 984
1341 1342
1342 448
1343 844
1343 1344
1344 412
1345 715
1345 1346
1346 904
1347 637
1347 1348
1348 12
1349 1350
1349 1521
1350 1098
1351 1352
1351 1590
1352 1296
1353 971
1353 1354
1354 1612
1355 1124
1355 1356
1356 252
1357 39
1357 1358
1358 1078
1359 621
1359 1360
1360 373
1361 1083
1361 1362
1362 235
1363 1364
1363 1543
1364 768
1365 409
1365 1366
1366 754
1367 277
1367 1368
1368 270
1369 269
1369 1370
1370 888
1371 1372
1371 1509
1372 959
1373 355
1373 1374
1374 1104
1375 86
1375 1376
1376 1038
1377 747
1377 1378
1378 1596
1379 836
1379 1380
1380 33
1381 441
1381 1382
1382 570
1383 1384
1383 1470
1384 27
1385 1039
1385 1386
1386 1424
1387 895
1387 1388
1388 482
1389 1235
1389 1390
1390 1354
1391 1115
1391 1392
1392 1092
1393 1279
1393 1394
1394 168
1395 407
1395 1396
1396 898
1397 963
1397 1398
1398 428
1399 1054
1399 1400
1400 29
1401 501
1401 1402
1402 1093
1403 65
1403 1404
1404 108
1405 71
1405 1406
1406 1548
1407 85
1407 1408
1408 430
1409 557
1409 1410
1410 662
1411 569
1411 1412
1412 370
1413 1414
1413 1549
1414 1220
1415 89
1415 1416
1416 745
1417 1344
1417 1418
1418 18
1419 1420
1419 1525
1420 858
1421 172
1421 1422
1422 771
1423 1424
1423 1445
1424 416
1425 433
1425 1426
1426 513
1427 595
1427 1428
1428 160
1429 1053
1429 1430
1430 814
1431 1232
1431 1432
1432 1610
1433 1434
1433 1602
1434 8
1435 120
1435 1436
1436 413
1437 607
1437 1438
1438 1252
1439 384
1439 1440
1440 1562
1441 1019
1441 1442
1442 1593
1443 571
1443 1444
1444 496
1445 227
1445 1446
1446 755
1447 511
1447 1448
1448 746
1449 385
1449 1450
1450 1280
1451 1060
1451 1452
1452 688
1453 1454
1453 1467
1454 1493
1455 603
1455 1456
1456 493
1457 81
1457 1458
1458 1101
1459 1425
1459 1460
1460 107
1461 523
1461 1462
1462 778
1463 1
1463 1464
1464 83
1465 381
1465 1466
1466 134
1467 1447
1467 1468
1468 793
1469 1036
1469 1470
1470 676
1471 1353
1471 1472
1472 1510
1473 738
1473 1474
1474 660
1475 650
1475 1476
1476 1176
1477 699
1477 1478
1478 313
1479 783
1479 1480
1480 614
1481 454
1481 1482
1482 395
1483 437
1483 1484
1484 531
1485 1110
1485 1486
1486 297
1487 1488
1487 1587
1488 1127
1489 1439
1489 1490
1490 1338
1491 530
1491 1492
1492 813
1493 952
1493 1494
1494 43
1495 1496
1495 1597
1496 450
1497 1017
1497 1498
1498 404
1499 165
1499 1500
1500 343
1501 1473
1501 1502
1502 1408
1503 74
1503 1504
1504 627
1505 487
1505 1506
1506 567
1507 1095
1507 1508
1508 56
1509 544
1509 1510
1510 810
1511 181
1511 1512
1512 130
1513 1061
1513 1514
1514 696
1515 1239
1515 1516
1516 722
1517 1503
1517 1518
1518 1230
1519 463
1519 1520
1520 1270
1521 125
1521 1522
1522 1565
1523 1009
1523 1524
1524 460
1525 169
1525 1526
1526 953
1527 1056
1527 1528
1528 358
1529 753
1529 1530
1530 304
1531 589
1531 1532
1532 1160
1533 936
1533 1534
1534 956
1535 1231
1535 1536
1536 1404
1537 122
1537 1538
1538 11
1539 1147
1539 1540
1540 1031
1541 115
1541 1542
1542 961
1543 299
1543 1544
1544 1462
1545 1320
1545 1546
1546 1575
1547 354
1547 1548
1548 372
1549 957
1549 1550
1550 15
1551 1103
1551 1552
1552 975
1553 344
1553 1554
1554 40
1555 1069
1555 1556
1556 602
1557 469
1557 1558
1558 911
1559 199
1559 1560
1560 1431
1561 1076
1561 1562
1562 1102
1563 537
1563 1564
1564 1322
1565 1355
1565 1566
1566 1030
1567 1043
1567 1568
1568 399
1569 1040
1569 1570
1570 934
1571 759
1571 1572
1572 1204
1573 881
1573 1574
1574 1260
1575 258
1575 1576
1576 598
1577 1329
1577 1578
1578 950
1579 833
1579 1580
1580 680
1581 1073
1581 1582
1582 657
1583 444
1583 1584
1584 1023
1585 581
1585 1586
1586 1591
1587 110
1587 1588
1588 856
1589 1087
1589 1590
1590 423
1591 220
1591 1592
1592 244
1593 1369
1593 1594
1594 1566
1595 368
1595 1596
1596 92
1597 341
1597 1598
1598 121
1599 1339
1599 1600
1600 760
1601 1558
1601 1602
1602 667
1603 1134
1603 1604
1604 1108
1605 398
1605 1606
1606 596
1607 456
1607 1608
1608 1430
1609 861
1609 1610
1610 1072
1611 1191
1611 1612
1612 939
1613 361
1613 1614
1614 1332
