0 505
0 1337
2 563
2 1461
3 736
3 1042
5 194
4 366
4 986
6 87
9 303
9 1417
10 939
10 1555
12 373
11 780
13 1120
13 1302
15 344
15 786
17 630
17 1032
19 1328
19 1445
21 449
21 1008
23 24
23 73
24 750
25 26
25 1449
26 448
27 28
27 1494
28 295
29 30
29 1482
30 365
31 32
31 147
32 1012
33 34
33 1257
34 593
35 36
35 419
36 1086
37 38
37 569
38 1542
39 40
39 500
40 858
41 42
41 217
42 1193
43 44
43 613
44 1304
45 46
45 923
46 389
47 48
47 515
48 1384
49 50
49 1099
50 206
51 52
51 902
52 392
53 54
53 743
54 810
55 56
55 1019
56 1118
57 58
57 343
58 341
59 60
59 406
60 1398
61 62
61 293
62 402
63 64
63 811
64 364
65 66
65 1113
66 352
67 68
67 337
68 1545
69 57
69 70
70 167
71 72
71 1486
72 1172
73 74
73 108
74 1274
75 76
75 690
76 1614
77 78
77 1005
78 1477
79 80
79 1154
80 908
81 82
81 980
82 1066
83 84
83 1245
84 724
85 86
85 904
86 276
87 78
87 88
88 1256
89 90
89 355
90 291
91 92
91 1309
92 604
93 94
93 1543
94 236
95 96
95 317
96 1119
97 98
97 1029
98 1511
99 100
99 975
100 18
101 102
101 318
102 661
103 104
103 1430
104 254
105 106
105 747
106 635
107 108
107 1483
108 1073
109 110
109 753
110 906
111 112
111 668
112 1123
113 114
113 1059
114 1478
115 116
115 241
116 322
117 118
117 1002
118 1124
119 120
119 770
120 424
121 122
121 1347
122 942
123 124
123 947
124 15
125 126
125 816
126 1524
127 51
127 128
128 1164
129 130
129 1021
130 308
131 132
131 931
132 1180
133 109
133 134
134 698
135 136
135 453
136 237
137 138
137 225
138 523
139 140
139 1210
140 912
141 142
141 643
142 251
143 144
143 153
144 425
145 146
145 828
146 1136
147 148
147 1429
148 1344
149 150
149 1586
150 1262
151 152
151 246
152 164
153 154
153 1105
154 94
155 156
155 974
156 40
157 158
157 1403
158 1376
159 160
159 294
160 1369
161 162
161 629
162 982
163 164
163 1469
164 1332
165 166
165 1400
166 1564
167 168
167 187
168 447
169 170
169 595
170 868
171 160
171 172
172 75
173 174
173 1166
174 26
175 176
175 247
176 1030
177 178
177 1216
178 738
179 180
179 610
180 759
181 182
181 393
182 715
183 184
183 281
184 681
185 186
185 238
186 1602
187 188
187 713
188 1064
189 190
189 395
190 271
191 192
191 839
192 1046
193 194
193 1052
194 140
195 196
195 1305
196 6
197 198
197 311
198 386
199 143
199 200
200 27
201 202
201 1433
202 209
203 46
203 204
204 871
205 206
205 959
206 1160
207 208
207 1058
208 861
209 210
209 218
210 510
211 212
211 1260
212 940
213 214
213 1203
214 330
215 55
215 216
216 892
217 161
217 218
218 954
219 220
219 725
220 1206
221 222
221 426
222 6
223 96
223 224
224 1234
225 226
225 1361
226 734
227 228
227 1036
228 1350
229 230
229 1122
230 441
231 221
231 232
232 1126
233 203
233 234
234 24
235 236
235 1476
236 1399
237 238
237 519
238 8
239 240
239 964
240 38
241 242
241 952
242 1199
243 244
243 972
244 1114
245 246
245 700
246 122
247 248
247 1153
248 313
249 250
249 656
250 244
251 252
251 462
252 1596
253 254
253 1063
254 957
255 256
255 1360
256 21
257 258
257 638
258 860
259 53
259 260
260 5
261 262
261 1053
262 1079
263 264
263 887
264 994
265 266
265 1336
266 114
267 268
267 1013
268 86
269 270
269 691
270 706
271 272
271 705
272 1132
273 128
273 274
274 1592
275 31
275 276
276 768
277 16
277 278
278 1504
279 280
279 1438
280 1431
281 282
281 1484
282 345
283 284
283 756
284 683
285 286
285 315
286 948
287 288
287 1291
288 1353
289 83
289 290
290 471
291 292
291 1345
292 962
293 294
293 1521
294 452
295 82
295 296
296 1322
297 298
297 767
298 1290
299 300
299 1371
300 921
301 302
301 687
302 619
303 304
303 905
304 946
305 306
305 667
306 1556
307 308
307 1544
308 623
309 310
309 577
310 369
311 312
311 320
312 66
313 159
313 314
314 376
315 316
315 761
316 504
317 318
317 445
318 573
319 320
319 686
320 1316
321 322
321 1072
322 813
323 324
323 359
324 1197
325 326
325 1147
326 1226
327 328
327 1163
328 699
329 330
329 1534
330 50
331 332
331 1383
332 60
333 116
333 334
334 1366
335 336
335 644
336 1223
337 338
337 651
338 340
339 340
339 1327
340 181
341 342
341 1495
342 249
343 344
343 1561
344 242
345 346
345 1084
346 1146
347 348
347 1506
348 544
349 350
349 903
350 564
351 352
351 1358
352 924
353 354
353 1075
354 527
355 356
355 751
356 214
357 358
357 983
358 1412
359 360
359 719
360 800
361 176
361 362
362 1218
363 364
363 1516
364 28
365 366
365 540
366 992
367 74
367 368
368 1078
369 370
369 673
370 1047
371 372
371 782
372 1062
373 374
373 915
374 485
375 376
375 1424
376 1000
377 378
377 1033
378 822
379 380
379 775
380 846
381 382
381 723
382 301
383 384
383 460
384 898
385 386
385 640
386 916
387 388
387 1531
388 882
389 390
389 1045
390 1488
391 157
391 392
392 1016
393 119
393 394
394 1558
395 396
395 634
396 252
397 398
397 414
398 454
399 400
399 553
400 70
401 402
401 937
402 1298
403 404
403 1481
404 1082
405 43
405 406
406 528
407 408
407 1143
408 960
409 410
409 1175
410 1471
411 412
411 1536
412 796
413 414
413 1501
414 627
415 416
415 1011
416 913
417 418
417 1171
418 844
419 420
419 1613
420 428
421 324
421 422
422 224
423 424
423 865
424 243
425 426
425 1599
426 232
427 428
427 463
428 1612
429 430
429 1106
430 993
431 432
431 1406
432 1213
433 141
433 434
434 1535
435 310
435 436
436 474
437 438
437 1460
438 516
439 440
439 1057
440 570
441 442
441 632
442 772
443 69
443 444
444 1372
445 446
445 763
446 1451
447 448
447 888
448 598
449 450
449 603
450 1212
451 89
451 452
452 953
453 454
453 1395
454 512
455 417
455 456
456 592
457 458
457 984
458 1378
459 460
459 1443
460 32
461 462
461 1107
462 113
463 464
463 1247
464 1570
465 466
465 783
466 270
467 468
467 472
468 1186
469 470
469 1426
470 77
471 472
471 685
472 789
473 474
473 616
474 1128
475 476
475 1044
476 1280
477 478
477 943
478 39
479 480
479 739
480 1313
481 482
481 580
482 722
483 484
483 511
484 168
485 177
485 486
486 1510
487 90
487 488
488 533
489 490
489 633
490 794
491 111
491 492
492 1278
493 494
493 804
494 1408
495 496
495 1141
496 1357
497 498
497 507
498 1587
499 500
499 711
500 1267
501 502
501 929
502 483
503 504
503 1387
504 100
505 1
505 506
506 374
507 508
507 710
508 1204
509 510
509 1003
510 283
511 512
511 1103
512 1191
513 514
513 1249
514 726
515 288
515 516
516 422
517 263
517 518
518 1150
519 520
519 704
520 1340
521 522
521 557
522 930
523 491
523 524
524 625
525 306
525 526
526 1217
527 136
527 528
528 958
529 530
529 1055
530 47
531 532
531 869
532 665
533 534
533 1200
534 1442
535 536
535 1101
536 639
537 137
537 538
538 1416
539 540
539 1515
540 240
541 131
541 542
542 1500
543 544
543 973
544 44
545 546
545 1448
546 1102
547 548
547 999
548 536
549 550
549 1585
550 1576
551 526
551 552
552 976
553 554
553 859
554 1589
555 556
555 709
556 1550
557 558
557 1457
558 1526
559 560
559 1606
560 1024
561 562
561 1188
562 1090
563 564
563 883
564 876
565 566
565 1321
566 459
567 568
567 1409
568 850
569 570
569 825
570 1577
571 572
571 777
572 672
573 574
573 1255
574 1287
575 576
575 1205
576 1324
577 578
577 1396
578 909
579 418
579 580
580 1306
581 565
581 582
582 335
583 584
583 618
584 646
585 574
585 586
586 180
587 588
587 1323
588 1454
589 590
589 941
590 842
591 183
591 592
592 785
593 594
593 877
594 1320
595 440
595 596
596 878
597 598
597 1499
598 104
599 501
599 600
600 304
601 208
601 602
602 1194
603 604
603 834
604 1178
605 606
605 1537
606 1117
607 608
607 836
608 1490
609 610
609 653
610 1156
611 612
611 919
612 1474
613 614
613 1211
614 498
615 433
615 616
616 300
617 618
617 701
618 1435
619 112
619 620
620 273
621 622
621 989
622 81
623 624
623 766
624 628
625 626
625 1470
626 1368
627 191
627 628
628 48
629 589
629 630
630 873
631 259
631 632
632 1440
633 634
633 1427
634 499
635 58
635 636
636 1228
637 638
637 764
638 1607
639 640
639 689
640 148
641 642
641 1222
642 864
643 644
643 889
644 1135
645 646
645 1292
646 1189
647 648
647 1595
648 79
649 597
649 650
650 358
651 400
651 652
652 688
653 199
653 654
654 758
655 656
655 1341
656 1266
657 658
657 827
658 659
659 660
659 1273
660 1168
661 662
661 1115
662 197
663 325
663 664
664 1580
665 666
665 1413
666 968
667 668
667 815
668 1026
669 258
669 670
670 1381
671 503
671 672
672 1436
673 674
673 1239
674 543
675 676
675 1475
676 256
677 678
677 1491
678 965
679 680
679 1269
680 907
681 682
681 1472
682 664
683 684
683 1048
684 1346
685 686
685 791
686 68
687 353
687 688
688 1462
689 179
689 690
690 1081
691 599
691 692
692 264
693 138
693 694
694 1129
695 696
695 1503
696 272
697 267
697 698
698 1590
699 435
699 700
700 329
701 702
701 1465
702 173
703 144
703 704
704 1017
705 706
705 1094
706 1253
707 134
707 708
708 482
709 710
709 1263
710 1152
711 712
711 1065
712 336
713 714
713 1137
714 1539
715 716
715 1054
716 852
717 718
717 1300
718 1597
719 339
719 720
720 56
721 375
721 722
722 872
723 547
723 724
724 149
725 726
725 895
726 1232
727 379
727 728
728 190
729 427
729 730
730 52
731 732
731 1601
732 1394
733 734
733 899
734 721
735 736
735 1603
736 1466
737 738
737 1425
738 680
739 740
739 961
740 416
741 461
741 742
742 1493
743 430
743 744
744 740
745 63
745 746
746 670
747 748
747 1329
748 534
749 110
749 750
750 321
751 229
751 752
752 450
753 693
753 754
754 220
755 756
755 1414
756 132
757 758
757 951
758 608
759 302
759 760
760 487
761 451
761 762
762 234
763 531
763 764
764 875
765 766
765 1209
766 1224
767 768
767 1455
768 383
769 525
769 770
770 695
771 226
771 772
772 1458
773 774
773 1095
774 1411
775 645
775 776
776 910
777 778
777 1060
778 663
779 780
779 985
780 17
781 571
781 782
782 720
783 415
783 784
784 596
785 786
785 1525
786 71
787 788
787 1231
788 285
789 622
789 790
790 222
791 609
791 792
792 434
793 438
793 794
794 900
795 748
795 796
796 978
797 255
797 798
798 1184
799 103
799 800
800 970
801 327
801 802
802 1441
803 804
803 967
804 396
805 806
805 1439
806 423
807 204
807 808
808 296
809 583
809 810
810 436
811 812
811 1286
812 1254
813 814
813 820
814 880
815 816
815 1513
816 262
817 378
817 818
818 13
819 555
819 820
820 1428
821 399
821 822
822 714
823 733
823 824
824 1480
825 677
825 826
826 991
827 828
827 1565
828 712
829 830
829 1015
830 550
831 349
831 832
832 404
833 774
833 834
834 437
835 836
835 979
836 1453
837 838
837 1380
838 1330
839 692
839 840
840 1318
841 842
841 1283
842 1140
843 844
843 1314
844 1070
845 846
845 1179
846 572
847 848
847 1530
848 607
849 850
849 1195
850 12
851 852
851 870
852 1584
853 821
853 854
854 920
855 380
855 856
856 654
857 506
857 858
858 508
859 387
859 860
860 652
861 202
861 862
862 368
863 864
863 1061
864 2
865 824
865 866
866 92
867 163
867 868
868 684
869 581
869 870
870 697
871 588
871 872
872 624
873 585
873 874
874 1264
875 876
875 1241
876 385
877 307
877 878
878 1014
879 880
879 1096
880 716
881 64
881 882
882 551
883 120
883 884
884 1446
885 819
885 886
886 1354
887 617
887 888
888 784
889 401
889 890
890 130
891 892
891 1043
892 250
893 894
893 1098
894 1522
895 261
895 896
896 1074
897 456
897 898
898 192
899 757
899 900
900 708
901 902
901 935
902 239
903 755
903 904
904 1028
905 41
905 906
906 556
907 151
907 908
908 1158
909 231
909 910
910 346
911 676
911 912
912 158
913 351
913 914
914 561
915 916
915 969
916 934
917 124
917 918
918 1418
919 184
919 920
920 914
921 922
921 1295
922 829
923 479
923 924
924 150
925 211
925 926
926 1294
927 928
927 1463
928 34
929 97
929 930
930 480
931 932
931 1277
932 1540
933 934
933 1293
934 1420
935 142
935 936
936 576
937 938
937 1056
938 1177
939 517
939 940
940 520
941 675
941 942
942 152
943 529
943 944
944 65
945 946
945 1236
946 926
947 823
947 948
948 384
949 509
949 950
950 1551
951 885
951 952
952 429
953 954
953 987
954 578
955 956
955 1505
956 1104
957 958
957 1282
958 1162
959 960
959 1437
960 1198
961 245
961 962
962 342
963 964
963 1089
964 760
965 966
965 1051
966 707
967 944
967 968
968 881
969 970
969 1009
970 1594
971 269
971 972
972 950
973 974
973 1235
974 91
975 976
975 1312
976 1382
977 978
977 1581
978 932
979 980
979 1407
980 1421
981 982
981 1076
982 188
983 984
983 1569
984 606
985 986
985 1423
986 746
987 988
987 1362
988 730
989 754
989 990
990 1375
991 992
991 1582
992 1364
993 495
993 994
994 1258
995 996
995 1083
996 1100
997 765
997 998
998 1528
999 997
999 1000
1000 1487
1001 1002
1001 1538
1002 591
1003 1004
1003 1523
1004 802
1005 1006
1005 1311
1006 1518
1007 1008
1007 1370
1008 559
1009 1010
1009 1027
1010 594
1011 115
1011 1012
1012 546
1013 391
1013 1014
1014 319
1015 1016
1015 1447
1016 390
1017 1018
1017 1335
1018 518
1019 235
1019 1020
1020 848
1021 49
1021 1022
1022 1317
1023 1024
1023 1155
1024 793
1025 25
1025 1026
1026 1151
1027 117
1027 1028
1028 917
1029 309
1029 1030
1030 752
1031 1032
1031 1349
1032 126
1033 1034
1033 1583
1034 350
1035 1004
1035 1036
1036 614
1037 297
1037 1038
1038 314
1039 897
1039 1040
1040 732
1041 1042
1041 1270
1042 29
1043 1044
1043 1230
1044 121
1045 497
1045 1046
1046 282
1047 1048
1047 1097
1048 1467
1049 621
1049 1050
1050 600
1051 745
1051 1052
1052 893
1053 215
1053 1054
1054 169
1055 1056
1055 1611
1056 106
1057 649
1057 1058
1058 328
1059 42
1059 1060
1060 67
1061 1031
1061 1062
1062 838
1063 890
1063 1064
1064 1397
1065 470
1065 1066
1066 268
1067 1068
1067 1131
1068 702
1069 788
1069 1070
1070 830
1071 1072
1071 1541
1072 476
1073 922
1073 1074
1074 1562
1075 1076
1075 1085
1076 371
1077 446
1077 1078
1078 612
1079 566
1079 1080
1080 1010
1081 650
1081 1082
1082 388
1083 1084
1083 1557
1084 332
1085 1086
1085 1339
1086 1240
1087 1088
1087 1170
1088 1609
1089 1090
1089 1229
1090 1214
1091 1092
1091 1479
1092 718
1093 107
1093 1094
1094 212
1095 1096
1095 1559
1096 863
1097 1098
1097 1201
1098 694
1099 1025
1099 1100
1100 1432
1101 549
1101 1102
1102 749
1103 955
1103 1104
1104 866
1105 1106
1105 1509
1106 787
1107 405
1107 1108
1108 1573
1109 798
1109 1110
1110 776
1111 1080
1111 1112
1112 648
1113 1114
1113 1174
1114 1572
1115 1116
1115 1379
1116 1498
1117 1118
1117 1285
1118 666
1119 849
1119 1120
1120 398
1121 469
1121 1122
1122 781
1123 1124
1123 1571
1124 1588
1125 61
1125 1126
1126 522
1127 1128
1127 1315
1128 348
1129 1130
1129 1363
1130 513
1131 478
1131 1132
1132 1310
1133 357
1133 1134
1134 213
1135 1136
1135 1459
1136 995
1137 927
1137 1138
1138 394
1139 1140
1139 1410
1140 475
1141 1142
1141 1549
1142 178
1143 299
1143 1144
1144 1389
1145 1146
1145 1385
1146 814
1147 562
1147 1148
1148 118
1149 971
1149 1150
1150 1422
1151 1152
1151 1507
1152 896
1153 1154
1153 1157
1154 1434
1155 1145
1155 1156
1156 1401
1157 554
1157 1158
1158 1130
1159 1160
1159 1352
1160 494
1161 1162
1161 1464
1162 186
1163 290
1163 1164
1164 280
1165 1166
1165 1605
1166 165
1167 1168
1167 1419
1168 227
1169 201
1169 1170
1170 1367
1171 502
1171 1172
1172 1248
1173 1174
1173 1307
1174 1038
1175 207
1175 1176
1176 1144
1177 579
1177 1178
1178 1514
1179 679
1179 1180
1180 1112
1181 1068
1181 1182
1182 145
1183 548
1183 1184
1184 432
1185 1176
1185 1186
1186 1566
1187 444
1187 1188
1188 918
1189 1159
1189 1190
1190 5
1191 200
1191 1192
1192 1182
1193 703
1193 1194
1194 1390
1195 98
1195 1196
1196 1187
1197 1037
1197 1198
1198 1109
1199 1200
1199 1489
1200 408
1201 233
1201 1202
1202 1608
1203 1204
1203 1529
1204 277
1205 541
1205 1206
1206 1071
1207 305
1207 1208
1208 856
1209 477
1209 1210
1210 841
1211 735
1211 1212
1212 1108
1213 334
1213 1214
1214 198
1215 1216
1215 1271
1216 84
1217 1218
1217 1326
1218 1276
1219 1121
1219 1220
1220 854
1221 1222
1221 1405
1222 37
1223 545
1223 1224
1224 1088
1225 1219
1225 1226
1226 72
1227 538
1227 1228
1228 996
1229 139
1229 1230
1230 1301
1231 1077
1231 1232
1232 1508
1233 1234
1233 1404
1234 88
1235 223
1235 1236
1236 1342
1237 1181
1237 1238
1238 843
1239 465
1239 1240
1240 1502
1241 537
1241 1242
1242 326
1243 542
1243 1244
1244 862
1245 105
1245 1246
1246 1560
1247 1248
1247 1359
1248 1252
1249 795
1249 1250
1250 20
1251 855
1251 1252
1252 1208
1253 1233
1253 1254
1254 1220
1255 605
1255 1256
1256 1374
1257 641
1257 1258
1258 586
1259 662
1259 1260
1260 1391
1261 1262
1261 1567
1262 832
1263 729
1263 1264
1264 1496
1265 1266
1265 1289
1266 486
1267 1268
1267 1456
1268 560
1269 1270
1269 1527
1270 1261
1271 647
1271 1272
1272 966
1273 615
1273 1274
1274 3
1275 590
1275 1276
1276 62
1277 851
1277 1278
1278 1351
1279 1173
1279 1280
1280 274
1281 1272
1281 1282
1282 4
1283 33
1283 1284
1284 171
1285 678
1285 1286
1286 1127
1287 655
1287 1288
1288 831
1289 361
1289 1290
1290 812
1291 129
1291 1292
1292 833
1293 1294
1293 1519
1294 936
1295 1020
1295 1296
1296 1041
1297 1169
1297 1298
1298 260
1299 381
1299 1300
1300 1303
1301 354
1301 1302
1302 717
1303 1034
1303 1304
1304 1334
1305 657
1305 1306
1306 228
1307 287
1307 1308
1308 977
1309 1310
1309 1331
1310 837
1311 1312
1311 1604
1312 1092
1313 1050
1313 1314
1314 347
1315 1316
1315 1497
1316 1039
1317 637
1317 1318
1318 488
1319 265
1319 1320
1320 1040
1321 382
1321 1322
1322 514
1323 135
1323 1324
1324 803
1325 195
1325 1326
1326 412
1327 539
1327 1328
1328 1473
1329 587
1329 1330
1330 808
1331 99
1331 1332
1332 1250
1333 891
1333 1334
1334 156
1335 568
1335 1336
1336 189
1337 1221
1337 1338
1338 524
1339 1279
1339 1340
1340 1284
1341 1342
1341 1386
1342 671
1343 797
1343 1344
1344 14
1345 807
1345 1346
1346 372
1347 466
1347 1348
1348 80
1349 1325
1349 1350
1350 1546
1351 172
1351 1352
1352 1185
1353 741
1353 1354
1354 54
1355 1356
1355 1415
1356 1049
1357 682
1357 1358
1358 490
1359 835
1359 1360
1360 431
1361 1207
1361 1362
1362 731
1363 1364
1363 1563
1364 981
1365 1259
1365 1366
1366 911
1367 1227
1367 1368
1368 602
1369 636
1369 1370
1370 253
1371 1372
1371 1591
1372 742
1373 1365
1373 1374
1374 210
1375 762
1375 1376
1376 1452
1377 36
1377 1378
1378 162
1379 11
1379 1380
1380 1244
1381 1382
1381 1574
1382 1148
1383 1069
1383 1384
1384 1392
1385 10
1385 1386
1386 1215
1387 484
1387 1388
1388 174
1389 1035
1389 1390
1390 660
1391 998
1391 1392
1392 22
1393 945
1393 1394
1394 411
1395 35
1395 1396
1396 473
1397 468
1397 1398
1398 1142
1399 867
1399 1400
1400 857
1401 1125
1401 1402
1402 1190
1403 409
1403 1404
1404 193
1405 9
1405 1406
1406 1183
1407 377
1407 1408
1408 1265
1409 879
1409 1410
1410 779
1411 1412
1411 1554
1412 298
1413 338
1413 1414
1414 806
1415 535
1415 1416
1416 532
1417 1418
1417 1593
1418 886
1419 817
1419 1420
1420 669
1421 1238
1421 1422
1422 1600
1423 631
1423 1424
1424 1333
1425 949
1425 1426
1426 93
1427 1087
1427 1428
1428 1348
1429 1149
1429 1430
1430 1093
1431 230
1431 1432
1432 1202
1433 1355
1433 1434
1434 481
1435 175
1435 1436
1436 611
1437 257
1437 1438
1438 403
1439 1091
1439 1440
1440 1598
1441 333
1441 1442
1442 894
1443 413
1443 1444
1444 397
1445 790
1445 1446
1446 464
1447 1319
1447 1448
1448 1338
1449 289
1449 1450
1450 809
1451 1452
1451 1548
1452 170
1453 1454
1453 1553
1454 279
1455 521
1455 1456
1456 1246
1457 457
1457 1458
1458 1111
1459 123
1459 1460
1460 1007
1461 601
1461 1462
1462 1242
1463 421
1463 1464
1464 155
1465 1022
1465 1466
1466 85
1467 696
1467 1468
1468 166
1469 1001
1469 1470
1470 30
1471 1308
1471 1472
1472 925
1473 286
1473 1474
1474 1468
1475 1299
1475 1476
1476 567
1477 1478
1477 1578
1478 1018
1479 1134
1479 1480
1480 1165
1481 1237
1481 1482
1482 933
1483 489
1483 1484
1484 642
1485 439
1485 1486
1486 1251
1487 840
1487 1488
1488 316
1489 1192
1489 1490
1490 990
1491 1023
1491 1492
1492 59
1493 360
1493 1494
1494 1393
1495 1485
1495 1496
1496 552
1497 248
1497 1498
1498 216
1499 801
1499 1500
1500 496
1501 1502
1501 1575
1502 420
1503 182
1503 1504
1504 292
1505 901
1505 1506
1506 1568
1507 1508
1507 1547
1508 558
1509 737
1509 1510
1510 442
1511 1167
1511 1512
1512 626
1513 443
1513 1514
1514 362
1515 658
1515 1516
1516 133
1517 1356
1517 1518
1518 1243
1519 196
1519 1520
1520 284
1521 845
1521 1522
1522 1532
1523 582
1523 1524
1524 1196
1525 938
1525 1526
1526 7
1527 455
1527 1528
1528 620
1529 363
1529 1530
1530 407
1531 11
1531 1532
1532 884
1533 95
1533 1534
1534 1133
1535 410
1535 1536
1536 1388
1537 323
1537 1538
1538 331
1539 1450
1539 1540
1540 1520
1541 1343
1541 1542
1542 467
1543 102
1543 1544
1544 23
1545 1161
1545 1546
1546 312
1547 769
1547 1548
1548 853
1549 530
1549 1550
1550 19
1551 928
1551 1552
1552 146
1553 1297
1553 1554
1554 1281
1555 101
1555 1556
1556 275
1557 492
1557 1558
1558 988
1559 219
1559 1560
1560 1579
1561 805
1561 1562
1562 1444
1563 356
1563 1564
1564 874
1565 1533
1565 1566
1566 1110
1567 1288
1567 1568
1568 1373
1569 1139
1569 1570
1570 1138
1571 818
1571 1572
1572 1610
1573 278
1573 1574
1574 1492
1575 154
1575 1576
1576 1552
1577 205
1577 1578
1578 778
1579 127
1579 1580
1580 1268
1581 1067
1581 1582
1582 728
1583 575
1583 1584
1584 266
1585 1225
1585 1586
1586 367
1587 185
1587 1588
1588 956
1589 771
1589 1590
1590 1296
1591 799
1591 1592
1592 1512
1593 45
1593 1594
1594 727
1595 1517
1595 1596
1596 1006
1597 792
1597 1598
1598 826
1599 125
1599 1600
1600 1402
1601 12
1601 1602
1602 1377
1603 847
1603 1604
1604 370
1605 584
1605 1606
1606 493
1607 674
1607 1608
1608 76
1609 744
1609 1610
1610 458
1611 773
1611 1612
1612 1116
1613 963
1613 1614
1614 1275
