0 741
0 1087
3 285
3 1499
4 294
4 1245
5 588
6 1218
7 111
7 316
8 9
8 774
10 1535
9 86
11 281
11 1569
13 405
13 680
15 803
15 1214
17 867
17 1165
19 12
19 100
21 800
21 1199
23 24
23 288
24 1571
25 26
25 257
26 600
27 28
27 1606
28 1224
29 30
29 449
30 190
31 32
31 534
32 26
33 34
33 769
34 1401
35 36
35 88
36 439
37 38
37 1335
38 795
39 40
39 200
40 310
41 42
41 1173
42 558
43 44
43 833
44 686
45 46
45 847
46 828
47 48
47 805
48 150
49 50
49 132
50 1048
51 52
51 545
52 830
53 54
53 901
54 1056
55 56
55 251
56 1089
57 58
57 1136
58 1082
59 60
59 671
60 89
61 62
61 1033
62 1061
63 64
63 649
64 1368
65 66
65 276
66 1402
67 68
67 1522
68 736
69 70
69 399
70 662
71 72
71 557
72 1297
73 74
73 577
74 1152
75 76
75 1096
76 1400
77 78
77 559
78 540
79 80
79 977
80 1279
81 82
81 1547
82 194
83 84
83 1369
84 282
85 86
85 346
86 1024
87 88
87 153
88 327
89 90
89 1241
90 374
91 92
91 1439
92 1428
93 94
93 1448
94 535
95 96
95 665
96 395
97 98
97 496
98 108
99 100
99 614
100 1074
101 102
101 797
102 1557
103 104
103 185
104 593
105 106
105 1476
106 758
107 108
107 798
108 748
109 110
109 352
110 57
111 112
111 574
112 318
113 114
113 1216
114 29
115 116
115 969
116 1018
117 118
117 228
118 1223
119 120
119 1113
120 529
121 122
121 1044
122 514
123 124
123 1543
124 542
125 13
125 126
126 1508
127 128
127 507
128 518
129 130
129 143
130 1262
131 132
131 179
132 646
133 134
133 950
134 58
135 136
135 1300
136 1055
137 138
137 1497
138 675
139 140
139 996
140 752
141 142
141 1521
142 606
143 144
143 877
144 650
145 146
145 1100
146 1364
147 148
147 724
148 1260
149 150
149 1030
150 438
151 152
151 256
152 555
153 154
153 526
154 1040
155 156
155 1488
156 829
157 158
157 234
158 1468
159 160
159 409
160 402
161 3
161 162
162 722
163 93
163 164
164 1242
165 166
165 1397
166 283
167 168
167 964
168 158
169 6
169 170
170 1510
171 172
171 223
172 1515
173 174
173 716
174 678
175 176
175 1029
176 1170
177 178
177 277
178 1057
179 180
179 217
180 18
181 182
181 840
182 866
183 184
183 1312
184 520
185 186
185 1548
186 1409
187 188
187 775
188 372
189 190
189 1251
190 1596
191 192
191 1086
192 652
193 194
193 364
194 1573
195 196
195 1393
196 468
197 198
197 1338
198 916
199 200
199 1274
200 628
201 202
201 304
202 270
203 129
203 204
204 94
205 206
205 1102
206 734
207 161
207 208
208 676
209 210
209 639
210 1578
211 212
211 371
212 860
213 214
213 710
214 1151
215 216
215 699
216 761
217 218
217 1022
218 1090
219 220
219 973
220 683
221 222
221 657
222 873
223 224
223 1131
224 1579
225 226
225 391
226 1380
227 228
227 765
228 355
229 187
229 230
230 510
231 232
231 1313
232 1446
233 234
233 1413
234 822
235 236
235 1475
236 52
237 238
237 957
238 1426
239 240
239 307
240 777
241 242
241 1356
242 1424
243 244
243 1101
244 821
245 246
245 509
246 6
247 248
247 851
248 209
249 73
249 250
250 998
251 252
251 728
252 273
253 254
253 445
254 900
255 256
255 1175
256 1213
257 258
257 943
258 361
259 260
259 607
260 244
261 262
261 1419
262 128
263 64
263 264
264 968
265 266
265 1153
266 902
267 227
267 268
268 450
269 163
269 270
270 1457
271 272
271 766
272 620
273 274
273 1339
274 876
275 276
275 1357
276 230
277 278
277 763
278 543
279 280
279 1108
280 424
281 282
281 1111
282 571
283 284
283 1263
284 954
285 286
285 932
286 475
287 288
287 387
288 79
289 290
289 815
290 1360
291 292
291 1614
292 459
293 294
293 1095
294 1291
295 296
295 1516
296 470
297 298
297 645
298 388
299 300
299 1289
300 97
301 302
301 918
302 568
303 91
303 304
304 1440
305 306
305 771
306 616
307 308
307 1121
308 1334
309 310
309 1460
310 862
311 312
311 1451
312 1333
313 314
313 891
314 868
315 316
315 1445
316 750
317 51
317 318
318 1574
319 320
319 1536
320 1326
321 231
321 322
322 176
323 324
323 596
324 1140
325 326
325 1564
326 1414
327 328
327 426
328 198
329 330
329 813
330 928
331 332
331 1491
332 548
333 334
333 1582
334 816
335 336
335 1176
336 1603
337 338
337 1441
338 983
339 340
339 667
340 1396
341 331
341 342
342 1192
343 344
343 721
344 1342
345 346
345 1062
346 958
347 348
347 967
348 213
349 350
349 1063
350 1420
351 352
351 727
352 1220
353 354
353 856
354 75
355 356
355 1389
356 835
357 219
357 358
358 127
359 323
359 360
360 486
361 362
361 422
362 1598
363 364
363 633
364 156
365 366
365 1139
366 1388
367 368
367 1318
368 905
369 370
369 757
370 528
371 372
371 1036
372 385
373 374
373 959
374 1346
375 221
375 376
376 82
377 378
377 1355
378 837
379 113
379 380
380 245
381 382
381 1188
382 592
383 384
383 971
384 806
385 136
385 386
386 180
387 375
387 388
388 1116
389 390
389 1069
390 1478
391 107
391 392
392 264
393 394
393 1027
394 1035
395 396
395 1051
396 872
397 398
397 893
398 1219
399 400
399 779
400 62
401 402
401 563
402 242
403 404
403 1174
404 1330
405 406
405 670
406 413
407 408
407 737
408 885
409 410
409 1257
410 785
411 118
411 412
412 295
413 397
413 414
414 502
415 416
415 1469
416 155
417 418
417 624
418 1563
419 420
419 621
420 164
421 422
421 1519
422 1577
423 424
423 984
424 658
425 426
425 551
426 1034
427 428
427 941
428 1531
429 306
429 430
430 742
431 351
431 432
432 1350
433 335
433 434
434 480
435 357
435 436
436 1007
437 438
437 1329
438 474
439 440
439 888
440 664
441 442
441 786
442 1484
443 444
443 1201
444 1412
445 446
445 825
446 498
447 201
447 448
448 850
449 450
449 1602
450 319
451 452
451 1125
452 1070
453 454
453 505
454 858
455 456
455 814
456 1482
457 78
457 458
458 92
459 460
459 622
460 915
461 462
461 1253
462 1248
463 464
463 1010
464 174
465 382
465 466
466 1511
467 468
467 1382
468 1526
469 470
469 1281
470 1512
471 472
471 1065
472 1576
473 474
473 569
474 1354
475 476
475 1073
476 292
477 478
477 1371
478 34
479 480
479 638
480 1363
481 265
481 482
482 601
483 339
483 484
484 1091
485 486
485 1239
486 965
487 207
487 488
488 309
489 211
489 490
490 1298
491 492
491 1437
492 429
493 45
493 494
494 1461
495 496
495 1147
496 1060
497 498
497 1078
498 414
499 500
499 549
500 1455
501 502
501 1012
502 879
503 504
503 1072
504 1398
505 249
505 506
506 1166
507 495
507 508
508 224
509 510
509 1411
510 482
511 512
511 985
512 1270
513 514
513 720
514 1288
515 465
515 516
516 272
517 518
517 986
518 808
519 25
519 520
520 386
521 522
521 1054
522 325
523 524
523 1200
524 458
525 455
525 526
526 448
527 528
527 1452
528 39
529 123
529 530
530 1530
531 532
531 1483
532 296
533 534
533 1383
534 1361
535 536
535 793
536 1162
537 538
537 584
538 842
539 131
539 540
540 313
541 542
541 989
542 910
543 544
543 1195
544 396
545 546
545 1171
546 1247
547 148
547 548
548 356
549 550
549 895
550 759
551 552
551 1505
552 1028
553 554
553 1327
554 1545
555 297
555 556
556 489
557 558
557 597
558 1372
559 15
559 560
560 30
561 562
561 1480
562 104
563 564
563 817
564 412
565 537
565 566
566 953
567 568
567 839
568 195
569 199
569 570
570 442
571 572
571 1138
572 464
573 574
573 1083
574 1492
575 576
575 1254
576 400
577 578
577 951
578 1379
579 287
579 580
580 1430
581 349
581 582
582 942
583 584
583 834
584 696
585 586
585 682
586 50
587 119
587 588
588 243
589 590
589 975
590 1503
591 592
591 1252
592 1528
593 594
593 1352
594 42
595 596
595 929
596 1604
597 8
597 598
598 212
599 600
599 1109
600 36
601 602
601 1169
602 1435
603 604
603 871
604 1217
605 430
605 606
606 1495
607 410
607 608
608 889
609 610
609 719
610 1135
611 612
611 1049
612 661
613 614
613 939
614 420
615 616
615 1079
616 1336
617 618
617 1203
618 677
619 342
619 620
620 852
621 622
621 647
622 138
623 177
623 624
624 590
625 626
625 1575
626 704
627 613
627 628
628 1077
629 525
629 630
630 566
631 632
631 1585
632 1417
633 634
633 1589
634 1323
635 636
635 961
636 753
637 638
637 726
638 1567
639 640
639 827
640 70
641 17
641 642
642 441
643 341
643 644
644 1443
645 646
645 767
646 381
647 648
647 1045
648 1609
649 37
649 650
650 137
651 652
651 1551
652 772
653 321
653 654
654 1047
655 656
655 979
656 32
657 171
657 658
658 626
659 660
659 1084
660 820
661 662
661 1301
662 298
663 664
663 1193
664 167
665 666
665 685
666 1385
667 579
667 668
668 1237
669 670
669 993
670 343
671 317
671 672
672 1442
673 247
673 674
674 168
675 334
675 676
676 674
677 678
677 933
678 922
679 587
679 680
680 134
681 682
681 1381
682 608
683 353
683 684
684 1132
685 686
685 1097
686 380
687 376
687 688
688 970
689 690
689 1591
690 76
691 305
691 692
692 945
693 694
693 1013
694 874
695 654
695 696
696 810
697 698
697 762
698 378
699 611
699 700
700 492
701 702
701 919
702 844
703 421
703 704
704 418
705 706
705 912
706 1307
707 69
707 708
708 1486
709 560
709 710
710 1103
711 348
711 712
712 110
713 714
713 864
714 170
715 716
715 1149
716 462
717 572
717 718
718 404
719 139
719 720
720 1358
721 722
721 823
722 656
723 95
723 724
724 681
725 726
725 1566
726 791
727 259
727 728
728 417
729 484
729 730
730 532
731 255
731 732
732 481
733 443
733 734
734 1340
735 736
735 1190
736 944
737 738
737 1518
738 863
739 21
739 740
740 1294
741 742
741 857
742 804
743 744
743 947
744 1290
745 746
745 1043
746 865
747 748
747 1259
748 1280
749 750
749 1365
750 538
751 752
751 1517
752 1284
753 240
753 754
754 504
755 756
755 1085
756 271
757 758
757 917
758 1315
759 760
759 1433
760 1580
761 365
761 762
762 708
763 764
763 1367
764 511
765 766
765 878
766 615
767 38
767 768
768 330
769 407
769 770
770 398
771 772
771 846
772 1560
773 774
773 913
774 648
775 4
775 776
776 926
777 764
777 778
778 1593
779 780
779 1459
780 1206
781 782
781 1458
782 688
783 784
783 976
784 149
785 583
785 786
786 1000
787 788
787 1196
788 490
789 790
789 1319
790 1394
791 792
791 1447
792 436
793 794
793 1127
794 392
795 796
795 801
796 855
797 798
797 1197
798 275
799 619
799 800
800 1594
801 802
801 1481
802 924
803 476
803 804
804 197
805 360
805 806
806 222
807 808
807 1523
808 640
809 810
809 849
810 832
811 483
811 812
812 165
813 629
813 814
814 1607
815 816
815 1194
816 99
817 818
817 1429
818 345
819 820
819 1273
820 1052
821 106
821 822
822 1324
823 824
823 1477
824 1485
825 739
825 826
826 687
827 828
827 1527
828 68
829 830
829 960
830 1418
831 738
831 832
832 853
833 834
833 1123
834 152
835 302
835 836
836 698
837 362
837 838
838 2
839 840
839 1204
840 1592
841 792
841 842
842 1534
843 844
843 1230
844 466
845 115
845 846
846 77
847 116
847 848
848 1020
849 850
849 1119
850 367
851 852
851 909
852 1266
853 854
853 1421
854 202
855 856
855 1344
856 246
857 858
857 1236
858 359
859 347
859 860
860 1304
861 521
861 862
862 250
863 130
863 864
864 655
865 866
865 1141
866 788
867 27
867 868
868 517
869 732
869 870
870 531
871 872
871 1050
872 768
873 874
873 1408
874 920
875 876
875 1001
876 28
877 878
877 981
878 1046
879 799
879 880
880 966
881 377
881 882
882 238
883 267
883 884
884 1106
885 886
885 952
886 162
887 888
887 1373
888 770
889 890
889 1376
890 684
891 204
891 892
892 1122
893 586
893 894
894 578
895 419
895 896
896 1005
897 898
897 1187
898 9
899 411
899 900
900 530
901 214
901 902
902 1
903 904
903 1524
904 1080
905 642
905 906
906 354
907 427
907 908
908 1032
909 910
909 1189
910 1540
911 912
911 1009
912 1211
913 220
913 914
914 478
915 886
915 916
916 1490
917 233
917 918
918 23
919 920
919 1075
920 1128
921 433
921 922
922 908
923 887
923 924
924 760
925 926
925 1283
926 1353
927 928
927 1088
928 1387
929 756
929 930
930 1570
931 932
931 1275
932 1438
933 425
933 934
934 1404
935 666
935 936
936 898
937 938
937 1271
938 812
939 940
939 1163
940 1186
941 225
941 942
942 114
943 944
943 1154
944 1504
945 946
945 1296
946 208
947 98
947 948
948 690
949 950
949 1347
950 962
951 952
951 1185
952 595
953 954
953 1472
954 320
955 956
955 1059
956 749
957 479
957 958
958 1610
959 960
959 1148
960 1427
961 962
961 1581
962 892
963 964
963 1555
964 1612
965 437
965 966
966 1146
967 968
967 1399
968 157
969 970
969 1145
970 991
971 972
971 1081
972 881
973 61
973 974
974 1221
975 539
975 976
976 1015
977 978
977 1605
978 1093
979 914
979 980
980 1568
981 911
981 982
982 1226
983 984
983 1161
984 406
985 175
985 986
986 1134
987 778
987 988
988 1550
989 990
989 1337
990 440
991 992
991 1464
992 1494
993 337
993 994
994 1444
995 996
995 1256
996 550
997 743
997 998
998 899
999 1000
999 1537
1000 457
1001 783
1001 1002
1002 344
1003 1004
1003 1328
1004 1587
1005 1006
1005 1267
1006 1158
1007 1008
1007 1053
1008 67
1009 451
1009 1010
1010 1168
1011 1012
1011 1321
1012 653
1013 1014
1013 1405
1014 1133
1015 519
1015 1016
1016 940
1017 1018
1017 1305
1018 105
1019 963
1019 1020
1020 907
1021 1022
1021 1124
1022 723
1023 215
1023 1024
1024 1544
1025 1026
1025 1377
1026 1416
1027 711
1027 1028
1028 53
1029 513
1029 1030
1030 1434
1031 336
1031 1032
1032 90
1033 673
1033 1034
1034 408
1035 999
1035 1036
1036 19
1037 499
1037 1038
1038 931
1039 300
1039 1040
1040 632
1041 1042
1041 1212
1042 659
1043 554
1043 1044
1044 280
1045 1046
1045 1489
1046 81
1047 147
1047 1048
1048 124
1049 1050
1049 1269
1050 80
1051 875
1051 1052
1052 1556
1053 11
1053 1054
1054 444
1055 1056
1055 1114
1056 1525
1057 1058
1057 1261
1058 773
1059 1060
1059 1227
1060 630
1061 1062
1061 1331
1062 503
1063 1064
1063 1533
1064 1572
1065 383
1065 1066
1066 1322
1067 1068
1067 1613
1068 279
1069 101
1069 1070
1070 416
1071 811
1071 1072
1072 322
1073 178
1073 1074
1074 980
1075 937
1075 1076
1076 96
1077 585
1077 1078
1078 897
1079 552
1079 1080
1080 394
1081 183
1081 1082
1082 1502
1083 278
1083 1084
1084 609
1085 819
1085 1086
1086 796
1087 1017
1087 1088
1088 500
1089 1090
1089 1467
1090 956
1091 1092
1091 1599
1092 494
1093 1094
1093 1611
1094 1422
1095 841
1095 1096
1096 154
1097 755
1097 1098
1098 1092
1099 432
1099 1100
1100 581
1101 1102
1101 1559
1102 47
1103 635
1103 1104
1104 776
1105 1106
1105 1292
1106 1118
1107 56
1107 1108
1108 603
1109 1021
1109 1110
1110 196
1111 1112
1111 1425
1112 692
1113 1114
1113 1449
1114 423
1115 672
1115 1116
1116 1532
1117 452
1117 1118
1118 290
1119 631
1119 1120
1120 289
1121 1122
1121 1243
1122 536
1123 501
1123 1124
1124 1293
1125 1126
1125 1471
1126 972
1127 610
1127 1128
1128 564
1129 1130
1129 1249
1130 693
1131 715
1131 1132
1132 1584
1133 35
1133 1134
1134 463
1135 1136
1135 1493
1136 1538
1137 303
1137 1138
1138 46
1139 1058
1139 1140
1140 142
1141 72
1141 1142
1142 826
1143 921
1143 1144
1144 1513
1145 24
1145 1146
1146 1066
1147 1148
1147 1314
1148 144
1149 1150
1149 1565
1150 268
1151 1152
1151 1348
1152 469
1153 1154
1153 1391
1154 173
1155 553
1155 1156
1156 712
1157 1158
1157 1601
1158 1496
1159 903
1159 1160
1160 332
1161 461
1161 1162
1162 836
1163 1019
1163 1164
1164 1520
1165 1166
1165 1375
1166 184
1167 987
1167 1168
1168 1287
1169 565
1169 1170
1170 784
1171 315
1171 1172
1172 120
1173 447
1173 1174
1174 938
1175 363
1175 1176
1176 1299
1177 1178
1177 1309
1178 955
1179 1180
1179 1462
1180 1407
1181 286
1181 1182
1182 754
1183 43
1183 1184
1184 807
1185 641
1185 1186
1186 1110
1187 781
1187 1188
1188 1026
1189 599
1189 1190
1190 627
1191 634
1191 1192
1192 1454
1193 1194
1193 1474
1194 5
1195 117
1195 1196
1196 181
1197 809
1197 1198
1198 1390
1199 1076
1199 1200
1200 1588
1201 1202
1201 1351
1202 522
1203 338
1203 1204
1204 63
1205 1008
1205 1206
1206 1374
1207 709
1207 1208
1208 1144
1209 1038
1209 1210
1210 1549
1211 311
1211 1212
1212 995
1213 949
1213 1214
1214 663
1215 695
1215 1216
1216 1184
1217 1218
1217 1343
1218 713
1219 258
1219 1220
1220 16
1221 869
1221 1222
1222 263
1223 717
1223 1224
1224 366
1225 109
1225 1226
1226 206
1227 1228
1227 1232
1228 1554
1229 591
1229 1230
1230 83
1231 1232
1231 1473
1232 1509
1233 103
1233 1234
1234 1039
1235 41
1235 1236
1236 1067
1237 1238
1237 1500
1238 1302
1239 843
1239 1240
1240 467
1241 573
1241 1242
1242 488
1243 831
1243 1244
1244 1238
1245 1246
1245 1561
1246 508
1247 1003
1247 1248
1248 1181
1249 389
1249 1250
1250 74
1251 731
1251 1252
1252 546
1253 751
1253 1254
1254 122
1255 87
1255 1256
1256 527
1257 1258
1257 1453
1258 5
1259 580
1259 1260
1260 934
1261 1262
1261 1470
1262 1098
1263 576
1263 1264
1264 10
1265 515
1265 1266
1266 1450
1267 229
1267 1268
1268 706
1269 379
1269 1270
1270 191
1271 747
1271 1272
1272 1104
1273 625
1273 1274
1274 602
1275 1276
1275 1423
1276 1041
1277 102
1277 1278
1278 1105
1279 978
1279 1280
1280 1202
1281 561
1281 1282
1282 54
1283 1099
1283 1284
1284 746
1285 1155
1285 1286
1286 1359
1287 326
1287 1288
1288 516
1289 1290
1289 1487
1290 948
1291 935
1291 1292
1292 1006
1293 261
1293 1294
1294 126
1295 1210
1295 1296
1296 562
1297 1268
1297 1298
1298 1406
1299 435
1299 1300
1300 415
1301 794
1301 1302
1302 1498
1303 567
1303 1304
1304 274
1305 1011
1305 1306
1306 990
1307 368
1307 1308
1308 1436
1309 299
1309 1310
1310 1156
1311 1312
1311 1506
1312 1600
1313 1143
1313 1314
1314 668
1315 1316
1315 1514
1316 1466
1317 735
1317 1318
1318 141
1319 1068
1319 1320
1320 1366
1321 623
1321 1322
1322 1064
1323 637
1323 1324
1324 1002
1325 660
1325 1326
1326 992
1327 1328
1327 1415
1328 1037
1329 782
1329 1330
1330 14
1331 1117
1331 1332
1332 1362
1333 1334
1333 1378
1334 1265
1335 33
1335 1336
1336 1225
1337 533
1337 1338
1338 644
1339 49
1339 1340
1340 880
1341 232
1341 1342
1342 1244
1343 547
1343 1344
1344 434
1345 1346
1345 1541
1346 1126
1347 617
1347 1348
1348 1392
1349 1286
1349 1350
1350 1222
1351 1303
1351 1352
1352 188
1353 85
1353 1354
1354 982
1355 744
1355 1356
1356 22
1357 60
1357 1358
1358 689
1359 151
1359 1360
1360 314
1361 146
1361 1362
1362 694
1363 1246
1363 1364
1364 84
1365 169
1365 1366
1366 370
1367 1285
1367 1368
1368 1164
1369 172
1369 1370
1370 1272
1371 203
1371 1372
1372 460
1373 373
1373 1374
1374 643
1375 485
1375 1376
1376 1597
1377 1229
1377 1378
1378 1258
1379 31
1379 1380
1380 1240
1381 1317
1381 1382
1382 818
1383 393
1383 1384
1384 1282
1385 745
1385 1386
1386 1160
1387 740
1387 1388
1388 1228
1389 1177
1389 1390
1390 1431
1391 705
1391 1392
1392 1042
1393 1112
1393 1394
1394 702
1395 1311
1395 1396
1396 838
1397 512
1397 1398
1398 870
1399 493
1399 1400
1400 988
1401 192
1401 1402
1402 1586
1403 729
1403 1404
1404 1539
1405 390
1405 1406
1406 730
1407 216
1407 1408
1408 544
1409 218
1409 1410
1410 340
1411 848
1411 1412
1412 1395
1413 1157
1413 1414
1414 205
1415 1071
1415 1416
1416 1542
1417 1418
1417 1608
1418 182
1419 369
1419 1420
1420 1325
1421 523
1421 1422
1422 1167
1423 487
1423 1424
1424 112
1425 358
1425 1426
1426 324
1427 884
1427 1428
1428 598
1429 1183
1429 1430
1430 733
1431 1386
1431 1432
1432 446
1433 1205
1433 1434
1434 1456
1435 1436
1435 1558
1436 556
1437 59
1437 1438
1438 55
1439 431
1439 1440
1440 1215
1441 1442
1441 1479
1442 140
1443 1444
1443 1507
1444 241
1445 1025
1445 1446
1446 700
1447 1130
1447 1448
1448 253
1449 589
1449 1450
1450 284
1451 1137
1451 1452
1452 1014
1453 477
1453 1454
1454 997
1455 248
1455 1456
1456 384
1457 861
1457 1458
1458 894
1459 883
1459 1460
1460 1142
1461 703
1461 1462
1462 1107
1463 189
1463 1464
1464 594
1465 1308
1465 1466
1466 1016
1467 333
1467 1468
1468 790
1469 1403
1469 1470
1470 65
1471 1349
1471 1472
1472 193
1473 456
1473 1474
1474 453
1475 1235
1475 1476
1476 1172
1477 1209
1477 1478
1478 1004
1479 1129
1479 1480
1480 7
1481 125
1481 1482
1482 293
1483 1310
1483 1484
1484 308
1485 1486
1485 1546
1486 1198
1487 896
1487 1488
1488 1208
1489 135
1489 1490
1490 254
1491 787
1491 1492
1492 1234
1493 252
1493 1494
1494 20
1495 612
1495 1496
1496 506
1497 925
1497 1498
1498 1182
1499 1191
1499 1500
1500 235
1501 1502
1501 1529
1502 718
1503 707
1503 1504
1504 1432
1505 269
1505 1506
1506 473
1507 697
1507 1508
1508 994
1509 824
1509 1510
1510 328
1511 936
1511 1512
1512 1410
1513 260
1513 1514
1514 471
1515 1031
1515 1516
1516 524
1517 701
1517 1518
1518 974
1519 1023
1519 1520
1520 1276
1521 1345
1521 1522
1522 403
1523 237
1523 1524
1524 312
1525 1526
1525 1583
1526 1595
1527 1115
1527 1528
1528 48
1529 350
1529 1530
1530 570
1531 890
1531 1532
1532 714
1533 1320
1533 1534
1534 71
1535 236
1535 1536
1536 266
1537 186
1537 1538
1538 210
1539 1233
1539 1540
1540 1562
1541 1277
1541 1542
1542 946
1543 691
1543 1544
1544 10
1545 1179
1545 1546
1546 1295
1547 845
1547 1548
1548 854
1549 802
1549 1550
1550 1552
1551 145
1551 1552
1552 133
1553 859
1553 1554
1554 1370
1555 1553
1555 1556
1556 906
1557 239
1557 1558
1558 923
1559 604
1559 1560
1560 780
1561 1159
1561 1562
1562 1501
1563 930
1563 1564
1564 1278
1565 1463
1565 1566
1566 401
1567 541
1567 1568
1568 575
1569 1465
1569 1570
1570 166
1571 1231
1571 1572
1572 582
1573 454
1573 1574
1574 1306
1575 329
1575 1576
1576 262
1577 428
1577 1578
1578 472
1579 291
1579 1580
1580 651
1581 44
1581 1582
1582 789
1583 226
1583 1584
1584 1316
1585 159
1585 1586
1586 1150
1587 301
1587 1588
1588 1120
1589 725
1589 1590
1590 669
1591 904
1591 1592
1592 1250
1593 1180
1593 1594
1594 1384
1595 160
1595 1596
1596 66
1597 1094
1597 1598
1598 1332
1599 1590
1599 1600
1600 497
1601 491
1601 1602
1602 1264
1603 1255
1603 1604
1604 1341
1605 679
1605 1606
1606 605
1607 618
1607 1608
1608 121
1609 927
1609 1610
1610 882
1611 636
1611 1612
1612 40
1613 1207
1613 1614
1614 1178
