0 491
0 591
1 287
1 1465
3 355
3 774
4 99
4 1019
5 529
6 683
8 11
8 1159
9 120
9 713
11 422
10 672
10 846
12 1201
15 859
15 1281
17 270
17 300
19 495
19 836
21 462
21 996
23 24
23 1315
24 1510
25 26
25 933
26 530
27 28
27 829
28 1307
29 30
29 895
30 166
31 32
31 908
32 802
33 34
33 76
34 330
35 36
35 1243
36 668
37 38
37 825
38 423
39 40
39 547
40 345
41 42
41 240
42 1597
43 44
43 789
44 1326
45 46
45 1006
46 580
47 48
47 489
48 1359
49 50
49 346
50 1086
51 52
51 89
52 498
53 54
53 647
54 1032
55 56
55 1436
56 235
57 31
57 58
58 70
59 60
59 279
60 1518
61 62
61 659
62 487
63 64
63 1101
64 815
65 66
65 313
66 1363
67 68
67 867
68 226
69 70
69 696
70 711
71 72
71 793
72 870
73 74
73 352
74 1386
75 76
75 858
76 1598
77 78
77 1377
78 114
79 80
79 601
80 1049
81 82
81 135
82 467
83 84
83 111
84 424
85 86
85 738
86 348
87 53
87 88
88 522
89 90
89 587
90 496
91 92
91 1043
92 1372
93 94
93 151
94 1381
95 96
95 1042
96 515
97 98
97 990
98 1152
99 100
99 475
100 432
101 102
101 1025
102 478
103 104
103 579
104 1519
105 106
105 1017
106 197
107 108
107 1016
108 428
109 110
109 1520
110 721
111 112
111 839
112 915
113 69
113 114
114 441
115 116
115 1106
116 1258
117 78
117 118
118 1028
119 120
119 1427
120 269
121 122
121 1239
122 842
123 124
123 660
124 928
125 126
125 163
126 8
127 128
127 1484
128 1612
129 130
129 691
130 1313
131 132
131 244
132 1348
133 134
133 532
134 276
135 136
135 849
136 1092
137 106
137 138
138 688
139 140
139 503
140 1480
141 142
141 1013
142 558
143 144
143 458
144 1544
145 146
145 727
146 1371
147 148
147 1187
148 442
149 150
149 1051
150 103
151 121
151 152
152 1234
153 154
153 1535
154 1161
155 80
155 156
156 1502
157 158
157 889
158 190
159 160
159 680
160 488
161 162
161 718
162 90
163 164
163 367
164 104
165 29
165 166
166 1452
167 168
167 1426
168 962
169 170
169 717
170 1176
171 172
171 1023
172 1253
173 174
173 922
174 1208
175 176
175 1477
176 1066
177 178
177 251
178 456
179 180
179 275
180 497
181 87
181 182
182 1183
183 49
183 184
184 936
185 186
185 1015
186 396
187 188
187 1077
188 865
189 190
189 930
190 1613
191 192
191 596
192 1304
193 194
193 901
194 1434
195 183
195 196
196 170
197 198
197 969
198 60
199 200
199 1180
200 398
201 202
201 779
202 382
203 204
203 623
204 426
205 68
205 206
206 200
207 208
207 736
208 602
209 42
209 210
210 1046
211 212
211 1203
212 730
213 214
213 381
214 1398
215 216
215 975
216 155
217 150
217 218
218 1596
219 220
219 1031
220 85
221 222
221 408
222 476
223 224
223 597
224 686
225 226
225 1479
226 413
227 228
227 621
228 985
229 230
229 501
230 811
231 232
231 1057
232 366
233 234
233 1178
234 74
235 236
235 1508
236 1104
237 238
237 1383
238 697
239 240
239 1277
240 864
241 242
241 658
242 1583
243 15
243 244
244 1442
245 246
245 543
246 298
247 248
247 1257
248 389
249 250
249 1435
250 208
251 252
251 1507
252 699
253 254
253 379
254 989
255 256
255 1033
256 540
257 258
257 1429
258 511
259 260
259 1249
260 874
261 73
261 262
262 425
263 264
263 1276
264 979
265 266
265 595
266 12
267 268
267 1485
268 1501
269 265
269 270
270 268
271 272
271 1192
272 1278
273 274
273 675
274 394
275 61
275 276
276 766
277 278
277 361
278 299
279 280
279 465
280 1075
281 282
281 561
282 75
283 284
283 444
284 946
285 286
285 1409
286 654
287 259
287 288
288 980
289 290
289 1305
290 700
291 292
291 551
292 801
293 280
293 294
294 19
295 296
295 1607
296 326
297 298
297 1498
298 248
299 5
299 300
300 1352
301 302
301 1319
302 548
303 304
303 1497
304 1343
305 306
305 1219
306 525
307 81
307 308
308 750
309 45
309 310
310 862
311 312
311 322
312 904
313 64
313 314
314 234
315 316
315 1259
316 373
317 318
317 559
318 1474
319 44
319 320
320 656
321 322
321 1393
322 1576
323 324
323 1297
324 1130
325 304
325 326
326 1224
327 328
327 929
328 973
329 330
329 649
330 98
331 332
331 1199
332 1164
333 146
333 334
334 1079
335 336
335 1120
336 338
337 195
337 338
338 1364
339 340
339 635
340 1222
341 199
341 342
342 7
343 344
343 507
344 634
345 346
345 664
346 977
347 348
347 1345
348 764
349 350
349 1499
350 477
351 3
351 352
352 685
353 354
353 563
354 890
355 356
355 1411
356 59
357 358
357 945
358 772
359 360
359 636
360 952
361 344
361 362
362 412
363 364
363 1185
364 1247
365 366
365 1450
366 1441
367 368
367 1131
368 1370
369 370
369 1034
370 1296
371 372
371 1511
372 1472
373 230
373 374
374 1236
375 376
375 1405
376 622
377 378
377 1523
378 1293
379 380
379 1135
380 1524
381 382
381 1500
382 510
383 384
383 948
384 354
385 327
385 386
386 1094
387 47
387 388
388 912
389 390
389 1391
390 370
391 392
391 878
392 742
393 101
393 394
394 844
395 396
395 1127
396 357
397 398
397 1188
398 900
399 184
399 400
400 814
401 402
401 1024
402 1589
403 404
403 1039
404 1385
405 406
405 1325
406 1040
407 408
407 573
408 107
409 410
409 1415
410 1174
411 290
411 412
412 942
413 414
413 923
414 778
415 416
415 951
416 1010
417 418
417 995
418 350
419 420
419 1169
420 1579
421 415
421 422
422 443
423 424
423 1329
424 763
425 426
425 1601
426 380
427 428
427 1216
428 33
429 430
429 991
430 1145
431 432
431 1454
432 294
433 434
433 1062
434 746
435 436
435 1582
436 720
437 438
437 665
438 648
439 440
439 692
440 531
441 147
441 442
442 1156
443 444
443 978
444 1546
445 446
445 710
446 539
447 448
447 533
448 960
449 257
449 450
450 934
451 43
451 452
452 1295
453 454
453 956
454 162
455 419
455 456
456 388
457 449
457 458
458 615
459 460
459 1339
460 192
461 462
461 726
462 966
463 97
463 464
464 472
465 440
465 466
466 959
467 468
467 1098
468 884
469 470
469 1093
470 260
471 407
471 472
472 334
473 474
473 1471
474 296
475 476
475 549
476 1268
477 478
477 854
478 178
479 480
479 1430
480 702
481 482
481 1389
482 1060
483 484
483 855
484 1321
485 196
485 486
486 820
487 488
487 714
488 132
489 129
489 490
490 484
491 492
491 735
492 618
493 494
493 840
494 850
495 496
495 1184
496 1294
497 498
497 1272
498 1038
499 500
499 1044
500 988
501 502
501 1417
502 938
503 207
503 504
504 964
505 506
505 1555
506 528
507 508
507 1475
508 305
509 510
509 617
510 1063
511 459
511 512
512 320
513 292
513 514
514 880
515 516
515 1384
516 1138
517 518
517 809
518 1036
519 520
519 1002
520 1205
521 522
521 795
522 1408
523 524
523 577
524 400
525 526
525 924
526 1528
527 528
527 671
528 620
529 530
529 684
530 1578
531 532
531 751
532 1146
533 492
533 534
534 1320
535 536
535 1547
536 1506
537 34
537 538
538 204
539 505
539 540
540 1400
541 542
541 1368
542 986
543 544
543 1133
544 218
545 36
545 546
546 306
547 23
547 548
548 250
549 550
549 955
550 1136
551 552
551 611
552 1048
553 245
553 554
554 1287
555 556
555 576
556 136
557 558
557 787
558 1242
559 560
559 919
560 1215
561 562
561 1349
562 1439
563 371
563 564
564 271
565 402
565 566
566 1270
567 118
567 568
568 1569
569 570
569 1602
570 112
571 572
571 677
572 1231
573 154
573 574
574 18
575 576
575 1357
576 830
577 347
577 578
578 1588
579 108
579 580
580 1102
581 582
581 785
582 117
583 584
583 1431
584 242
585 586
585 1387
586 520
587 588
587 957
588 678
589 434
589 590
590 360
591 343
591 592
592 868
593 246
593 594
594 1318
595 596
595 643
596 810
597 317
597 598
598 797
599 24
599 600
600 1573
601 602
601 1341
602 1148
603 604
603 1594
604 473
605 606
605 733
606 206
607 445
607 608
608 20
609 606
609 610
610 1166
611 612
611 663
612 1125
613 86
613 614
614 62
615 616
615 767
616 420
617 618
617 1255
618 10
619 620
619 1225
620 411
621 93
621 622
622 666
623 624
623 1476
624 1407
625 626
625 759
626 1097
627 628
627 976
628 1403
629 630
629 753
630 851
631 632
631 845
632 194
633 634
633 1275
634 1090
635 636
635 833
636 642
637 638
637 1111
638 1206
639 377
639 640
640 281
641 642
641 723
642 55
643 644
643 761
644 631
645 646
645 1504
646 1514
647 648
647 881
648 1456
649 35
649 650
650 1571
651 557
651 652
652 892
653 654
653 1572
654 14
655 656
655 1525
656 1194
657 523
657 658
658 739
659 409
659 660
660 524
661 662
661 762
662 564
663 57
663 664
664 2
665 66
665 666
666 925
667 555
667 668
668 213
669 181
669 670
670 77
671 672
671 1157
672 1117
673 674
673 788
674 546
675 452
675 676
676 578
677 678
677 921
678 482
679 680
679 987
680 134
681 682
681 1128
682 1108
683 203
683 684
684 395
685 686
685 1021
686 897
687 625
687 688
688 1217
689 690
689 1116
690 1163
691 461
691 692
692 329
693 303
693 694
694 747
695 696
695 1311
696 157
697 582
697 698
698 804
699 700
699 891
700 256
701 702
701 972
702 1058
703 109
703 704
704 1140
705 706
705 1139
706 1334
707 433
707 708
708 832
709 710
709 1416
710 853
711 594
711 712
712 92
713 714
713 1367
714 249
715 716
715 984
716 535
717 264
717 718
718 368
719 720
719 1611
720 144
721 722
721 770
722 1414
723 724
723 1080
724 1274
725 51
725 726
726 1251
727 1
727 728
728 1424
729 730
729 981
730 30
731 639
731 732
732 1096
733 734
733 1481
734 541
735 25
735 736
736 707
737 738
737 1162
738 289
739 740
739 1413
740 950
741 742
741 1000
742 1204
743 641
743 744
744 544
745 219
745 746
746 254
747 748
747 1494
748 1331
749 9
749 750
750 941
751 115
751 752
752 1361
753 550
753 754
754 54
755 715
755 756
756 446
757 650
757 758
758 1559
759 760
759 1483
760 917
761 762
761 1458
762 363
763 764
763 1402
764 133
765 455
765 766
766 1142
767 768
767 1083
768 100
769 351
769 770
770 744
771 153
771 772
772 926
773 229
773 774
774 1195
775 776
775 1418
776 777
777 778
777 1008
778 1302
779 771
779 780
780 438
781 782
781 1420
782 142
783 278
783 784
784 285
785 188
785 786
786 790
787 471
787 788
788 1457
789 790
789 1561
790 1198
791 669
791 792
792 266
793 794
793 1443
794 1600
795 796
795 1374
796 362
797 798
797 1346
798 1126
799 293
799 800
800 1440
801 450
801 802
802 96
803 804
803 1109
804 1212
805 806
805 1330
806 1012
807 808
807 885
808 1444
809 253
809 810
810 1495
811 307
811 812
812 1262
813 185
813 814
814 786
815 158
815 816
816 1045
817 453
817 818
818 82
819 690
819 820
820 796
821 537
821 822
822 756
823 824
823 1003
824 331
825 826
825 1029
826 603
827 828
827 994
828 1584
829 119
829 830
830 799
831 832
831 1052
832 1288
833 834
833 879
834 604
835 836
835 1565
836 1179
837 838
837 947
838 48
839 840
839 1592
840 1240
841 827
841 842
842 1534
843 527
843 844
844 504
845 83
845 846
846 812
847 848
847 883
848 1595
849 139
849 850
850 16
851 852
851 911
852 123
853 670
853 854
854 427
855 856
855 1273
856 614
857 392
857 858
858 632
859 860
859 1155
860 1229
861 862
861 1103
862 1269
863 164
863 864
864 1373
865 866
865 898
866 1397
867 225
867 868
868 1310
869 870
869 1004
870 1070
871 435
871 872
872 1202
873 874
873 1610
874 910
875 816
875 876
876 780
877 878
877 1147
878 600
879 880
879 1007
880 22
881 882
881 971
882 52
883 706
883 884
884 140
885 886
885 1122
886 222
887 630
887 888
888 1455
889 890
889 1355
890 1338
891 221
891 892
892 760
893 126
893 894
894 1226
895 211
895 896
896 1074
897 898
897 1207
898 1538
899 900
899 1312
900 1496
901 902
901 993
902 393
903 904
903 909
904 1548
905 906
905 1177
906 376
907 255
907 908
908 1149
909 910
909 1256
910 556
911 552
911 912
912 1362
913 513
913 914
914 1173
915 916
915 920
916 992
917 918
917 1213
918 704
919 337
919 920
920 1354
921 922
921 974
922 970
923 209
923 924
924 818
925 848
925 926
926 610
927 863
927 928
928 1530
929 930
929 1171
930 5
931 387
931 932
932 954
933 934
933 1089
934 1009
935 378
935 936
936 586
937 938
937 1005
938 1041
939 940
939 953
940 1100
941 570
941 942
942 740
943 40
943 944
944 1119
945 807
945 946
946 486
947 241
947 948
948 661
949 950
949 1168
950 116
951 439
951 952
952 1306
953 954
953 1209
954 1181
955 223
955 956
956 694
957 958
957 1081
958 745
959 6
959 960
960 1018
961 186
961 962
962 1376
963 397
963 964
964 1447
965 4
965 966
966 536
967 968
967 1214
968 876
969 970
969 1342
970 480
971 972
971 1449
972 1567
973 193
973 974
974 65
975 624
975 976
976 437
977 237
977 978
978 1350
979 399
979 980
980 102
981 837
981 982
982 12
983 984
983 1522
984 565
985 986
985 1356
986 554
987 217
987 988
988 716
989 813
989 990
990 592
991 992
991 1585
992 311
993 994
993 1286
994 1067
995 996
995 1558
996 1165
997 875
997 998
998 1244
999 1000
999 1250
1000 906
1001 509
1001 1002
1002 401
1003 902
1003 1004
1004 784
1005 323
1005 1006
1006 673
1007 1008
1007 1061
1008 1291
1009 483
1009 1010
1010 888
1011 1012
1011 1566
1012 284
1013 1014
1013 1419
1014 341
1015 1016
1015 1599
1016 838
1017 1018
1017 1512
1018 384
1019 1020
1019 1237
1020 26
1021 1022
1021 1492
1022 1323
1023 633
1023 1024
1024 1461
1025 1026
1025 1053
1026 1379
1027 391
1027 1028
1028 608
1029 803
1029 1030
1030 894
1031 1032
1031 1082
1032 359
1033 1034
1033 1593
1034 1482
1035 421
1035 1036
1036 282
1037 179
1037 1038
1038 1390
1039 451
1039 1040
1040 572
1041 95
1041 1042
1042 316
1043 1044
1043 1151
1044 180
1045 1046
1045 1382
1046 1230
1047 939
1047 1048
1048 584
1049 824
1049 1050
1050 758
1051 239
1051 1052
1052 1196
1053 1054
1053 1353
1054 1605
1055 1056
1055 1531
1056 1570
1057 215
1057 1058
1058 436
1059 457
1059 1060
1060 67
1061 719
1061 1062
1062 340
1063 1064
1063 1545
1064 165
1065 463
1065 1066
1066 1608
1067 447
1067 1068
1068 1421
1069 1070
1069 1314
1070 128
1071 775
1071 1072
1072 997
1073 295
1073 1074
1074 542
1075 32
1075 1076
1076 831
1077 1078
1077 1586
1078 913
1079 1080
1079 1200
1080 11
1081 1082
1081 1463
1082 273
1083 418
1083 1084
1084 1422
1085 616
1085 1086
1086 1232
1087 1088
1087 1541
1088 464
1089 1090
1089 1221
1090 1469
1091 1092
1091 1375
1092 1336
1093 575
1093 1094
1094 1344
1095 705
1095 1096
1096 1317
1097 1087
1097 1098
1098 1552
1099 1100
1099 1211
1100 1160
1101 247
1101 1102
1102 1107
1103 1104
1103 1591
1104 1551
1105 1106
1105 1581
1106 1265
1107 682
1107 1108
1108 94
1109 429
1109 1110
1110 734
1111 1073
1111 1112
1112 1054
1113 769
1113 1114
1114 1263
1115 493
1115 1116
1116 776
1117 607
1117 1118
1118 410
1119 1120
1119 1503
1120 728
1121 469
1121 1122
1122 1550
1123 403
1123 1124
1124 258
1125 321
1125 1126
1126 569
1127 1128
1127 1493
1128 1401
1129 1099
1129 1130
1130 566
1131 1132
1131 1267
1132 1218
1133 589
1133 1134
1134 288
1135 937
1135 1136
1136 490
1137 712
1137 1138
1138 998
1139 1123
1139 1140
1140 1020
1141 1142
1141 1460
1142 1210
1143 372
1143 1144
1144 1014
1145 1146
1145 1328
1146 1580
1147 826
1147 1148
1148 1064
1149 1150
1149 1365
1150 1223
1151 657
1151 1152
1152 173
1153 627
1153 1154
1154 847
1155 1156
1155 1489
1156 358
1157 709
1157 1158
1158 1076
1159 805
1159 1160
1160 50
1161 791
1161 1162
1162 871
1163 1056
1163 1164
1164 198
1165 1166
1165 1347
1166 1290
1167 481
1167 1168
1168 752
1169 1167
1169 1170
1170 58
1171 1105
1171 1172
1172 1369
1173 1174
1173 1235
1174 1542
1175 315
1175 1176
1176 1574
1177 667
1177 1178
1178 629
1179 1180
1179 1388
1180 167
1181 1175
1181 1182
1182 689
1183 626
1183 1184
1184 1399
1185 406
1185 1186
1186 590
1187 1188
1187 1316
1188 698
1189 205
1189 1190
1190 156
1191 644
1191 1192
1192 1540
1193 41
1193 1194
1194 236
1195 1196
1195 1553
1196 999
1197 798
1197 1198
1198 724
1199 828
1199 1200
1200 1069
1201 1202
1201 1564
1202 676
1203 416
1203 1204
1204 1144
1205 1206
1205 1412
1206 148
1207 1208
1207 1473
1208 1134
1209 1055
1209 1210
1210 768
1211 499
1211 1212
1212 1433
1213 856
1213 1214
1214 335
1215 238
1215 1216
1216 1554
1217 609
1217 1218
1218 1068
1219 1220
1219 1575
1220 312
1221 687
1221 1222
1222 261
1223 732
1223 1224
1224 1437
1225 91
1225 1226
1226 274
1227 46
1227 1228
1228 1358
1229 1113
1229 1230
1230 646
1231 1232
1231 1233
1232 1448
1233 1158
1233 1234
1234 1143
1235 1088
1235 1236
1236 1486
1237 655
1237 1238
1238 172
1239 6
1239 1240
1240 1603
1241 169
1241 1242
1242 1590
1243 369
1243 1244
1244 1560
1245 502
1245 1246
1246 1065
1247 1248
1247 1609
1248 882
1249 1250
1249 1464
1250 593
1251 201
1251 1252
1252 1360
1253 1254
1253 1466
1254 1516
1255 1095
1255 1256
1256 1526
1257 404
1257 1258
1258 1478
1259 907
1259 1260
1260 177
1261 1262
1261 1509
1262 800
1263 1264
1263 1279
1264 159
1265 79
1265 1266
1266 963
1267 227
1267 1268
1268 1193
1269 1227
1269 1270
1270 1190
1271 479
1271 1272
1272 1301
1273 1274
1273 1309
1274 866
1275 277
1275 1276
1276 405
1277 37
1277 1278
1278 1322
1279 310
1279 1280
1280 1392
1281 1282
1281 1537
1282 841
1283 1035
1283 1284
1284 1091
1285 1286
1285 1533
1286 860
1287 17
1287 1288
1288 1428
1289 110
1289 1290
1290 1170
1291 754
1291 1292
1292 873
1293 887
1293 1294
1294 782
1295 1296
1295 1549
1296 13
1297 39
1297 1298
1298 1521
1299 571
1299 1300
1300 903
1301 1302
1301 1515
1302 470
1303 1191
1303 1304
1304 916
1305 1306
1305 1394
1306 1072
1307 560
1307 1308
1308 1284
1309 877
1309 1310
1310 1266
1311 71
1311 1312
1312 1071
1313 309
1313 1314
1314 1513
1315 1316
1315 1505
1316 1366
1317 628
1317 1318
1318 124
1319 581
1319 1320
1320 1248
1321 375
1321 1322
1322 324
1323 794
1323 1324
1324 454
1325 1300
1325 1326
1326 1030
1327 613
1327 1328
1328 1241
1329 1330
1329 1491
1330 365
1331 1264
1331 1332
1332 336
1333 1334
1333 1517
1334 681
1335 328
1335 1336
1336 703
1337 233
1337 1338
1338 88
1339 518
1339 1340
1340 662
1341 737
1341 1342
1342 500
1343 619
1343 1344
1344 468
1345 1346
1345 1445
1346 899
1347 819
1347 1348
1348 1490
1349 1011
1349 1350
1350 808
1351 651
1351 1352
1352 414
1353 28
1353 1354
1354 514
1355 944
1355 1356
1356 210
1357 1358
1357 1563
1358 272
1359 220
1359 1360
1360 214
1361 967
1361 1362
1362 283
1363 1364
1363 1543
1364 494
1365 599
1365 1366
1366 1085
1367 983
1367 1368
1368 332
1369 1370
1369 1527
1370 176
1371 291
1371 1372
1372 516
1373 1374
1373 1404
1374 982
1375 138
1375 1376
1376 314
1377 961
1377 1378
1378 1380
1379 191
1379 1380
1380 21
1381 748
1381 1382
1382 1378
1383 605
1383 1384
1384 553
1385 125
1385 1386
1386 806
1387 562
1387 1388
1388 821
1389 693
1389 1390
1390 1487
1391 679
1391 1392
1392 872
1393 1129
1393 1394
1394 949
1395 1001
1395 1396
1396 63
1397 1026
1397 1398
1398 568
1399 1400
1399 1614
1400 1604
1401 1197
1401 1402
1402 927
1403 1404
1403 1451
1404 1114
1405 431
1405 1406
1406 918
1407 130
1407 1408
1408 1406
1409 364
1409 1410
1410 653
1411 187
1411 1412
1412 792
1413 1078
1413 1414
1414 160
1415 27
1415 1416
1416 943
1417 243
1417 1418
1418 263
1419 1420
1419 1557
1420 1423
1421 1422
1421 1462
1422 122
1423 383
1423 1424
1424 1186
1425 588
1425 1426
1426 1124
1427 1351
1427 1428
1428 1438
1429 843
1429 1430
1430 127
1431 729
1431 1432
1432 743
1433 645
1433 1434
1434 386
1435 886
1435 1436
1436 1252
1437 1438
1437 1606
1438 1220
1439 701
1439 1440
1440 1468
1441 131
1441 1442
1442 1150
1443 965
1443 1444
1444 252
1445 1283
1445 1446
1446 1112
1447 1448
1447 1529
1448 1324
1449 1450
1449 1467
1450 640
1451 175
1451 1452
1452 1539
1453 725
1453 1454
1454 749
1455 318
1455 1456
1456 390
1457 585
1457 1458
1458 598
1459 1037
1459 1460
1460 1395
1461 1153
1461 1462
1462 512
1463 1271
1463 1464
1464 757
1465 765
1465 1466
1466 349
1467 1172
1467 1468
1468 232
1469 932
1469 1470
1470 1446
1471 1154
1471 1472
1472 852
1473 262
1473 1474
1474 228
1475 1059
1475 1476
1476 893
1477 143
1477 1478
1478 1084
1479 1282
1479 1480
1480 1568
1481 1482
1481 1577
1482 612
1483 339
1483 1484
1484 931
1485 741
1485 1486
1486 521
1487 1118
1487 1488
1488 161
1489 1047
1489 1490
1490 308
1491 1492
1491 1587
1492 905
1493 958
1493 1494
1494 105
1495 1189
1495 1496
1496 896
1497 385
1497 1498
1498 637
1499 1299
1499 1500
1500 1182
1501 526
1501 1502
1502 1332
1503 755
1503 1504
1504 430
1505 1298
1505 1506
1506 56
1507 914
1507 1508
1508 319
1509 1453
1509 1510
1510 583
1511 149
1511 1512
1512 231
1513 1228
1513 1514
1514 857
1515 466
1515 1516
1516 417
1517 171
1517 1518
1518 506
1519 182
1519 1520
1520 940
1521 835
1521 1522
1522 224
1523 1141
1523 1524
1524 674
1525 1396
1525 1526
1526 1115
1527 731
1527 1528
1528 1132
1529 1292
1529 1530
1530 72
1531 485
1531 1532
1532 1280
1533 1261
1533 1534
1534 212
1535 861
1535 1536
1536 1556
1537 145
1537 1538
1538 1027
1539 1137
1539 1540
1540 708
1541 1246
1541 1542
1542 168
1543 301
1543 1544
1544 567
1545 538
1545 1546
1546 574
1547 834
1547 1548
1548 638
1549 113
1549 1550
1550 1254
1551 534
1551 1552
1552 1488
1553 356
1553 1554
1554 216
1555 1022
1555 1556
1556 286
1557 38
1557 1558
1558 137
1559 1340
1559 1560
1560 448
1561 517
1561 1562
1562 1289
1563 325
1563 1564
1564 152
1565 1335
1565 1566
1566 1238
1567 1245
1567 1568
1568 1050
1569 202
1569 1570
1570 1562
1571 695
1571 1572
1572 508
1573 1303
1573 1574
1574 1260
1575 1470
1575 1576
1576 1532
1577 333
1577 1578
1578 342
1579 781
1579 1580
1580 652
1581 1459
1581 1582
1582 783
1583 84
1583 1584
1584 1432
1585 1285
1585 1586
1586 1333
1587 1121
1587 1588
1588 174
1589 823
1589 1590
1590 460
1591 773
1591 1592
1592 869
1593 141
1593 1594
1594 189
1595 374
1595 1596
1596 722
1597 822
1597 1598
1598 1110
1599 1337
1599 1600
1600 545
1601 519
1601 1602
1602 935
1603 1425
1603 1604
1604 1308
1605 267
1605 1606
1606 1536
1607 817
1607 1608
1608 474
1609 1327
1609 1610
1610 302
1611 353
1611 1612
1612 968
1613 297
1613 1614
1614 1410
