0 675
0 1531
1 418
1 1360
2 127
2 1587
3 41
3 1409
4 561
4 1171
5 676
6 498
9 667
9 1093
11 269
10 1109
10 1573
12 1100
15 119
15 703
17 43
17 482
19 580
19 1046
21 44
21 1301
23 24
23 629
24 1529
25 26
25 543
26 1151
27 28
27 1319
28 1095
29 30
29 844
30 1128
31 32
31 519
32 172
33 34
33 571
34 1091
35 36
35 862
36 225
37 38
37 1168
38 797
39 40
39 1072
40 1292
41 42
41 462
42 732
43 44
43 296
44 129
45 46
45 595
46 669
47 48
47 309
48 496
49 50
49 1535
50 1252
51 52
51 219
52 684
53 54
53 1216
54 293
55 56
55 1187
56 562
57 58
57 1047
58 402
59 60
59 1582
60 338
61 62
61 297
62 1436
63 64
63 794
64 940
65 66
65 1045
66 1032
67 68
67 249
68 1494
69 70
69 448
70 223
71 72
71 458
72 125
73 74
73 1066
74 660
75 76
75 1267
76 1560
77 78
77 261
78 760
79 80
79 1332
80 988
81 82
81 1080
82 79
83 84
83 1523
84 324
85 86
85 220
86 906
87 88
87 827
88 1417
89 90
89 377
90 944
91 92
91 1463
92 894
93 83
93 94
94 490
95 54
95 96
96 1026
97 98
97 901
98 1083
99 100
99 1186
100 342
101 102
101 636
102 577
103 104
103 1125
104 109
105 106
105 247
106 613
107 108
107 927
108 1567
109 110
109 1041
110 813
111 112
111 786
112 510
113 114
113 1030
114 798
115 116
115 849
116 624
117 118
117 1001
118 1328
119 120
119 670
120 513
121 122
121 810
122 904
123 124
123 640
124 148
125 126
125 700
126 480
127 128
127 698
128 146
129 22
129 130
130 346
131 132
131 1431
132 1264
133 134
133 869
134 790
135 136
135 754
136 110
137 138
137 488
138 1057
139 140
139 153
140 1349
141 142
141 291
142 6
143 144
143 621
144 1309
145 146
145 1325
146 1031
147 148
147 170
148 433
149 150
149 784
150 840
151 152
151 1221
152 848
153 154
153 1521
154 178
155 156
155 1208
156 1147
157 158
157 1388
158 518
159 160
159 1551
160 776
161 162
161 678
162 301
163 164
163 631
164 494
165 166
165 201
166 587
167 168
167 1321
168 1209
169 170
169 623
170 1527
171 172
171 693
172 359
173 82
173 174
174 628
175 176
175 1243
176 766
177 178
177 1488
178 100
179 180
179 833
180 1242
181 182
181 565
182 1261
183 184
183 207
184 182
185 186
185 517
186 516
187 188
187 1584
188 529
189 190
189 1475
190 1314
191 192
191 560
192 1393
193 194
193 1547
194 78
195 104
195 196
196 632
197 198
197 1298
198 1434
199 200
199 1139
200 756
201 202
201 1352
202 699
203 204
203 555
204 1302
205 206
205 659
206 263
207 208
207 1117
208 164
209 210
209 807
210 1553
211 212
211 1440
212 252
213 17
213 214
214 168
215 216
215 886
216 586
217 218
217 381
218 622
219 220
219 1190
220 364
221 222
221 295
222 489
223 224
223 534
224 479
225 226
225 456
226 704
227 228
227 717
228 835
229 230
229 334
230 113
231 232
231 512
232 481
233 234
233 1466
234 1262
235 169
235 236
236 1564
237 238
237 1069
238 596
239 240
239 1528
240 136
241 176
241 242
242 388
243 244
243 1509
244 570
245 246
245 651
246 222
247 248
247 1183
248 226
249 250
249 1089
250 68
251 74
251 252
252 1356
253 254
253 1199
254 94
255 256
255 355
256 268
257 258
257 532
258 1460
259 260
259 594
260 1542
261 262
261 323
262 425
263 77
263 264
264 50
265 266
265 411
266 1324
267 268
267 931
268 1056
269 270
269 1038
270 244
271 272
271 502
272 1033
273 274
273 1396
274 326
275 276
275 1504
276 1180
277 278
277 1074
278 258
279 280
279 1114
280 783
281 282
281 982
282 728
283 284
283 1265
284 1470
285 286
285 850
286 53
287 288
287 879
288 248
289 87
289 290
290 725
291 292
291 787
292 165
293 294
293 724
294 216
295 296
295 867
296 630
297 298
297 1550
298 1438
299 300
299 1253
300 358
301 302
301 1534
302 633
303 304
303 871
304 463
305 306
305 357
306 1278
307 308
307 877
308 1272
309 310
309 484
310 1082
311 312
311 367
312 465
313 314
313 1205
314 31
315 316
315 993
316 826
317 318
317 1399
318 344
319 320
319 345
320 171
321 322
321 347
322 154
323 324
323 393
324 1063
325 326
325 477
326 780
327 328
327 509
328 1569
329 330
329 1342
330 224
331 27
331 332
332 605
333 334
333 339
334 785
335 336
335 1401
336 1392
337 338
337 1064
338 980
339 26
339 340
340 694
341 342
341 1549
342 1590
343 331
343 344
344 1120
345 346
345 1472
346 1411
347 348
347 860
348 677
349 350
349 389
350 1204
351 352
351 1423
352 956
353 354
353 846
354 984
355 356
355 569
356 1217
357 358
357 380
358 1284
359 360
359 1469
360 236
361 34
361 362
362 72
363 364
363 1085
364 445
365 307
365 366
366 442
367 368
367 373
368 915
369 370
369 1585
370 743
371 372
371 652
372 1386
373 374
373 911
374 459
375 282
375 376
376 634
377 378
377 409
378 319
379 380
379 643
380 1316
381 382
381 1441
382 1164
383 384
383 457
384 763
385 349
385 386
386 137
387 388
387 954
388 16
389 390
389 1003
390 1562
391 161
391 392
392 1572
393 394
393 695
394 292
395 396
395 865
396 4
397 398
397 1299
398 582
399 400
399 1405
400 234
401 402
401 1127
402 737
403 404
403 921
404 250
405 406
405 966
406 788
407 408
407 1541
408 147
409 410
409 905
410 524
411 412
411 1493
412 378
413 414
413 514
414 892
415 416
415 525
416 49
417 418
417 1055
418 1214
419 420
419 1300
420 721
421 336
421 422
422 1146
423 128
423 424
424 804
425 289
425 426
426 1137
427 428
427 1229
428 1025
429 430
429 749
430 852
431 432
431 818
432 526
433 95
433 434
434 1124
435 436
435 770
436 1508
437 438
437 515
438 1614
439 440
439 1165
440 910
441 442
441 1293
442 1506
443 84
443 444
444 1263
445 446
445 691
446 1424
447 448
447 1133
448 360
449 450
449 1071
450 332
451 452
451 900
452 1098
453 454
453 1337
454 1473
455 251
455 456
456 1088
457 458
457 1575
458 337
459 460
459 1174
460 376
461 462
461 625
462 803
463 464
463 1574
464 720
465 466
465 791
466 408
467 468
467 793
468 883
469 138
469 470
470 1232
471 366
471 472
472 391
473 474
473 635
474 839
475 476
475 1363
476 895
477 478
477 1373
478 686
479 480
479 1230
480 1244
481 482
481 1099
482 308
483 484
483 641
484 25
485 486
485 1227
486 552
487 488
487 1611
488 1429
489 490
489 639
490 491
491 59
491 492
492 1578
493 494
493 656
494 348
495 496
495 1495
496 20
497 498
497 930
498 8
499 500
499 943
500 390
501 502
501 1430
502 816
503 504
503 872
504 1400
505 506
505 1427
506 1536
507 140
507 508
508 1591
509 510
509 1323
510 356
511 512
511 734
512 795
513 212
513 514
514 1606
515 516
515 1110
516 1568
517 518
517 761
518 762
519 441
519 520
520 1014
521 98
521 522
522 598
523 524
523 1421
524 916
525 495
525 526
526 1126
527 528
527 1406
528 644
529 530
529 1597
530 1402
531 532
531 1389
532 1250
533 534
533 1609
534 1540
535 333
535 536
536 274
537 538
537 1318
538 70
539 540
539 757
540 1027
541 542
541 955
542 478
543 544
543 1365
544 1336
545 546
545 914
546 542
547 548
547 1351
548 501
549 550
549 610
550 949
551 552
551 1439
552 814
553 363
553 554
554 255
555 556
555 755
556 1548
557 558
557 898
558 52
559 560
559 933
560 1087
561 562
561 1011
562 1017
563 564
563 1200
564 1050
565 566
565 599
566 112
567 568
567 1317
568 682
569 299
569 570
570 1136
571 221
571 572
572 1194
573 107
573 574
574 466
575 485
575 576
576 1203
577 472
577 578
578 688
579 580
579 935
580 854
581 582
581 1477
582 649
583 412
583 584
584 1054
585 401
585 586
586 243
587 588
587 772
588 1443
589 73
589 590
590 1537
591 592
591 741
592 101
593 229
593 594
594 375
595 596
595 1247
596 196
597 598
597 608
598 14
599 600
599 929
600 937
601 117
601 602
602 1135
603 604
603 1468
604 64
605 606
605 1579
606 1022
607 57
607 608
608 1049
609 429
609 610
610 420
611 508
611 612
612 1613
613 573
613 614
614 352
615 616
615 1513
616 414
617 325
617 618
618 702
619 155
619 620
620 549
621 245
621 622
622 413
623 624
623 1081
624 1233
625 33
625 626
626 287
627 157
627 628
628 118
629 630
629 1369
630 1433
631 199
631 632
632 42
633 63
633 634
634 722
635 636
635 1305
636 1374
637 638
637 873
638 1162
639 640
639 851
640 351
641 642
641 805
642 1544
643 644
643 765
644 1422
645 217
645 646
646 132
647 648
647 817
648 1167
649 650
649 769
650 820
651 652
651 1193
652 1118
653 654
653 723
654 1426
655 105
655 656
656 1185
657 658
657 1005
658 750
659 365
659 660
660 885
661 607
661 662
662 1546
663 335
663 664
664 992
665 666
665 823
666 38
667 507
667 668
668 546
669 670
669 845
670 1219
671 672
671 712
672 241
673 674
673 738
674 1607
675 676
675 999
676 1006
677 575
677 678
678 973
679 680
679 1413
680 881
681 663
681 682
682 963
683 684
683 1291
684 1184
685 686
685 959
686 888
687 688
687 1198
688 1175
689 227
689 690
690 965
691 692
691 1142
692 986
693 694
693 1079
694 1442
695 475
695 696
696 1313
697 698
697 1355
698 674
699 700
699 1075
700 435
701 383
701 702
702 533
703 704
703 792
704 184
705 706
705 1070
706 96
707 317
707 708
708 1458
709 710
709 1176
710 259
711 712
711 838
712 902
713 329
713 714
714 884
715 145
715 716
716 832
717 718
717 1000
718 970
719 12
719 720
720 917
721 722
721 1225
722 1496
723 724
723 899
724 727
725 487
725 726
726 1322
727 728
727 1530
728 1566
729 730
729 1273
730 708
731 539
731 732
732 1410
733 734
733 1315
734 1269
735 736
735 1271
736 1112
737 738
737 1557
738 1241
739 740
739 1149
740 1282
741 141
741 742
742 991
743 744
743 1145
744 1340
745 746
745 1294
746 18
747 748
747 1156
748 683
749 750
749 1035
750 1224
751 85
751 752
752 617
753 754
753 1459
754 1505
755 756
755 981
756 278
757 758
757 995
758 124
759 760
759 806
760 744
761 246
761 762
762 1140
763 764
763 768
764 1592
765 673
765 766
766 1512
767 768
767 774
768 288
769 653
769 770
770 204
771 188
771 772
772 563
773 759
773 774
774 834
775 547
775 776
776 614
777 520
777 778
778 210
779 305
779 780
780 19
781 782
781 1556
782 228
783 211
783 784
784 662
785 786
785 1036
786 362
787 788
787 1517
788 1480
789 5
789 790
790 1596
791 792
791 830
792 428
793 794
793 1163
794 747
795 55
795 796
796 80
797 320
797 798
798 1418
799 800
799 941
800 1258
801 567
801 802
802 990
803 804
803 928
804 1024
805 806
805 1067
806 361
807 808
807 1255
808 1444
809 810
809 1306
810 6
811 812
811 1090
812 121
813 7
813 814
814 1170
815 548
815 816
816 1169
817 818
817 1077
818 821
819 369
819 820
820 1304
821 822
821 1191
822 1428
823 505
823 824
824 829
825 729
825 826
826 558
827 828
827 837
828 1416
829 830
829 1251
830 1019
831 556
831 832
832 32
833 3
833 834
834 1490
835 836
835 1307
836 1104
837 838
837 893
838 719
839 550
839 840
840 1594
841 842
841 1065
842 1403
843 844
843 913
844 1595
845 846
845 1379
846 664
847 848
847 1384
848 160
849 850
849 1555
850 1285
851 852
851 1498
852 960
853 464
853 854
854 962
855 856
855 1532
856 232
857 767
857 858
858 951
859 450
859 860
860 1491
861 862
861 908
862 424
863 864
863 1397
864 1526
865 866
865 961
866 277
867 187
867 868
868 446
869 131
869 870
870 92
871 855
871 872
872 1152
873 874
873 1586
874 857
875 876
875 1519
876 1308
877 878
877 1583
878 471
879 554
879 880
880 150
881 882
881 1108
882 578
883 564
883 884
884 1240
885 886
885 1601
886 404
887 283
887 888
888 1419
889 661
889 890
890 925
891 892
891 1107
892 180
893 1
893 894
894 1266
895 843
895 896
896 936
897 122
897 898
898 186
899 163
899 900
900 1119
901 597
901 902
902 1023
903 904
903 1366
904 1234
905 461
905 906
906 71
907 281
907 908
908 426
909 910
909 1213
910 537
911 115
911 912
912 705
913 914
913 1009
914 882
915 916
915 1588
916 1479
917 215
917 918
918 1412
919 238
919 920
920 142
921 102
921 922
922 692
923 273
923 924
924 1312
925 926
925 1212
926 746
927 202
927 928
928 341
929 473
929 930
930 431
931 627
931 932
932 1407
933 934
933 1432
934 1610
935 511
935 936
936 1378
937 407
937 938
938 158
939 276
939 940
940 1338
941 942
941 1157
942 1060
943 12
943 944
944 506
945 279
945 946
946 58
947 948
947 1522
948 316
949 950
949 1206
950 423
951 602
951 952
952 718
953 954
953 997
954 672
955 427
955 956
956 592
957 139
957 958
958 1068
959 541
959 960
960 572
961 962
961 1115
962 1514
963 964
963 1215
964 162
965 966
965 1220
966 260
967 285
967 968
968 1445
969 272
969 970
970 994
971 745
971 972
972 13
973 668
973 974
974 1571
975 253
975 976
976 789
977 978
977 1111
978 591
979 666
979 980
980 90
981 982
981 1605
982 1283
983 455
983 984
984 310
985 986
985 1483
986 1344
987 208
987 988
988 890
989 45
989 990
990 689
991 992
991 1296
992 213
993 239
993 994
994 504
995 996
995 1073
996 528
997 998
997 1364
998 152
999 265
999 1000
1000 527
1001 957
1001 1002
1002 1228
1003 985
1003 1004
1004 665
1005 771
1005 1006
1006 1286
1007 856
1007 1008
1008 1492
1009 600
1009 1010
1010 1376
1011 950
1011 1012
1012 218
1013 1014
1013 1385
1014 430
1015 143
1015 1016
1016 711
1017 1018
1017 1358
1018 486
1019 1020
1019 1390
1020 298
1021 1022
1021 1524
1022 878
1023 447
1023 1024
1024 800
1025 111
1025 1026
1026 400
1027 11
1027 1028
1028 590
1029 923
1029 1030
1030 650
1031 275
1031 1032
1032 1178
1033 149
1033 1034
1034 924
1035 1036
1035 1279
1036 1350
1037 1038
1037 1039
1038 37
1039 946
1039 1040
1040 799
1041 958
1041 1042
1042 748
1043 1044
1043 1380
1044 1538
1045 1046
1045 1103
1046 948
1047 601
1047 1048
1048 740
1049 1050
1049 1236
1050 24
1051 1052
1051 1476
1052 588
1053 470
1053 1054
1054 1182
1055 379
1055 1056
1056 174
1057 1058
1057 1448
1058 971
1059 874
1059 1060
1060 88
1061 167
1061 1062
1062 1330
1063 1064
1063 1478
1064 1500
1065 1037
1065 1066
1066 1150
1067 1068
1067 1235
1068 99
1069 1070
1069 1277
1070 264
1071 93
1071 1072
1072 934
1073 977
1073 1074
1074 1467
1075 742
1075 1076
1076 808
1077 1078
1077 1345
1078 262
1079 499
1079 1080
1080 120
1081 1082
1081 1245
1082 190
1083 1059
1083 1084
1084 690
1085 1004
1085 1086
1086 1034
1087 1088
1087 1589
1088 1096
1089 200
1089 1090
1090 710
1091 159
1091 1092
1092 1447
1093 343
1093 1094
1094 566
1095 437
1095 1096
1096 1144
1097 1098
1097 1593
1098 939
1099 1100
1099 1254
1100 1231
1101 1102
1101 1503
1102 284
1103 415
1103 1104
1104 1238
1105 1106
1105 1599
1106 467
1107 1108
1107 1499
1108 1481
1109 1110
1109 1471
1110 11
1111 1112
1111 1289
1112 1347
1113 205
1113 1114
1114 1451
1115 1116
1115 1281
1116 972
1117 1118
1117 1329
1118 421
1119 1120
1119 1311
1120 947
1121 585
1121 1122
1122 919
1123 716
1123 1124
1124 538
1125 1126
1125 1563
1126 1202
1127 739
1127 1128
1128 198
1129 1130
1129 1303
1130 60
1131 1132
1131 1239
1132 522
1133 440
1133 1134
1134 270
1135 318
1135 1136
1136 1116
1137 1021
1137 1138
1138 1002
1139 824
1139 1140
1140 714
1141 1142
1141 1383
1142 861
1143 312
1143 1144
1144 863
1145 1016
1145 1146
1146 1408
1147 1148
1147 1425
1148 983
1149 397
1149 1150
1150 1134
1151 1152
1151 1195
1152 1525
1153 438
1153 1154
1154 114
1155 197
1155 1156
1156 1554
1157 866
1157 1158
1158 422
1159 1160
1159 1382
1160 1561
1161 593
1161 1162
1162 896
1163 29
1163 1164
1164 1362
1165 1166
1165 1598
1166 942
1167 752
1167 1168
1168 1450
1169 116
1169 1170
1170 1377
1171 1043
1171 1172
1172 1154
1173 735
1173 1174
1174 922
1175 195
1175 1176
1176 233
1177 1178
1177 1507
1178 1188
1179 385
1179 1180
1180 1159
1181 713
1181 1182
1182 126
1183 1184
1183 1341
1184 492
1185 836
1185 1186
1186 354
1187 1188
1187 1454
1188 230
1189 801
1189 1190
1190 1485
1191 581
1191 1192
1192 864
1193 1121
1193 1194
1194 1539
1195 51
1195 1196
1196 130
1197 642
1197 1198
1198 1138
1199 1141
1199 1200
1200 1533
1201 327
1201 1202
1202 918
1203 134
1203 1204
1204 66
1205 1206
1205 1457
1206 828
1207 978
1207 1208
1208 620
1209 858
1209 1210
1210 1370
1211 976
1211 1212
1212 1058
1213 1173
1213 1214
1214 144
1215 1216
1215 1310
1216 387
1217 1211
1217 1218
1218 1602
1219 439
1219 1220
1220 574
1221 1222
1221 1333
1222 432
1223 1224
1223 1518
1224 368
1225 106
1225 1226
1226 382
1227 386
1227 1228
1228 1280
1229 1197
1229 1230
1230 306
1231 1232
1231 1576
1232 1502
1233 1102
1233 1234
1234 1398
1235 1015
1235 1236
1236 395
1237 1238
1237 1249
1238 1106
1239 654
1239 1240
1240 544
1241 523
1241 1242
1242 1018
1243 545
1243 1244
1244 557
1245 183
1245 1246
1246 290
1247 303
1247 1248
1248 1404
1249 731
1249 1250
1250 603
1251 237
1251 1252
1252 1357
1253 701
1253 1254
1254 1143
1255 1256
1255 1486
1256 996
1257 657
1257 1258
1258 726
1259 1257
1259 1260
1260 384
1261 30
1261 1262
1262 1368
1263 353
1263 1264
1264 1222
1265 831
1265 1266
1266 1260
1267 1268
1267 1455
1268 1053
1269 1270
1269 1577
1270 773
1271 609
1271 1272
1272 135
1273 1259
1273 1274
1274 1148
1275 998
1275 1276
1276 638
1277 736
1277 1278
1278 1604
1279 775
1279 1280
1280 266
1281 1040
1281 1282
1282 1028
1283 1284
1283 1387
1284 69
1285 975
1285 1286
1286 1084
1287 1288
1287 1372
1288 350
1289 1290
1289 1501
1290 47
1291 256
1291 1292
1292 62
1293 166
1293 1294
1294 1086
1295 685
1295 1296
1296 847
1297 782
1297 1298
1298 1320
1299 1300
1299 1437
1300 1295
1301 1302
1301 1327
1302 1052
1303 842
1303 1304
1304 974
1305 10
1305 1306
1306 1359
1307 203
1307 1308
1308 618
1309 91
1309 1310
1310 1511
1311 468
1311 1312
1312 1520
1313 969
1313 1314
1314 1094
1315 579
1315 1316
1316 777
1317 1318
1317 1331
1318 680
1319 1320
1319 1395
1320 1348
1321 568
1321 1322
1322 1013
1323 589
1323 1324
1324 314
1325 399
1325 1326
1326 1565
1327 953
1327 1328
1328 300
1329 181
1329 1330
1330 294
1331 189
1331 1332
1332 1246
1333 328
1333 1334
1334 56
1335 177
1335 1336
1336 39
1337 989
1337 1338
1338 40
1339 267
1339 1340
1340 1612
1341 97
1341 1342
1342 1189
1343 1344
1343 1543
1344 1076
1345 715
1345 1346
1346 604
1347 1348
1347 1497
1348 707
1349 65
1349 1350
1350 503
1351 89
1351 1352
1352 257
1353 1042
1353 1354
1354 1268
1355 46
1355 1356
1356 897
1357 1358
1357 1484
1358 340
1359 531
1359 1360
1360 497
1361 483
1361 1362
1362 658
1363 1361
1363 1364
1364 1339
1365 967
1365 1366
1366 1570
1367 697
1367 1368
1368 406
1369 912
1369 1370
1370 870
1371 1105
1371 1372
1372 853
1373 15
1373 1374
1374 876
1375 410
1375 1376
1376 822
1377 1346
1377 1378
1378 706
1379 1078
1379 1380
1380 1375
1381 304
1381 1382
1382 1153
1383 1384
1383 1581
1384 802
1385 1048
1385 1386
1386 1474
1387 103
1387 1388
1388 1381
1389 733
1389 1390
1390 1456
1391 394
1391 1392
1392 819
1393 1394
1393 1415
1394 35
1395 1177
1395 1396
1396 315
1397 612
1397 1398
1398 1464
1399 1161
1399 1400
1400 1552
1401 206
1401 1402
1402 1394
1403 1404
1403 1465
1404 536
1405 1406
1405 1515
1406 825
1407 396
1407 1408
1408 1462
1409 859
1409 1410
1410 452
1411 321
1411 1412
1412 1420
1413 2
1413 1414
1414 559
1415 1416
1415 1453
1416 907
1417 240
1417 1418
1418 48
1419 1010
1419 1420
1420 868
1421 231
1421 1422
1422 812
1423 875
1423 1424
1424 36
1425 1297
1425 1426
1426 444
1427 313
1427 1428
1428 271
1429 540
1429 1430
1430 1192
1431 192
1431 1432
1432 371
1433 583
1433 1434
1434 1130
1435 476
1435 1436
1436 1172
1437 781
1437 1438
1438 194
1439 1270
1439 1440
1440 1101
1441 1237
1441 1442
1442 1218
1443 403
1443 1444
1444 1248
1445 280
1445 1446
1446 81
1447 416
1447 1448
1448 1326
1449 1450
1449 1461
1450 209
1451 9
1451 1452
1452 1290
1453 454
1453 1454
1454 1335
1455 173
1455 1456
1456 535
1457 809
1457 1458
1458 1210
1459 619
1459 1460
1460 584
1461 909
1461 1462
1462 322
1463 398
1463 1464
1464 460
1465 493
1465 1466
1466 646
1467 1207
1467 1468
1468 1007
1469 1062
1469 1470
1470 76
1471 1435
1471 1472
1472 926
1473 1223
1473 1474
1474 1012
1475 417
1475 1476
1476 932
1477 1391
1477 1478
1478 1545
1479 687
1479 1480
1480 1256
1481 451
1481 1482
1482 1354
1483 681
1483 1484
1484 443
1485 474
1485 1486
1486 1489
1487 449
1487 1488
1488 28
1489 1201
1489 1490
1490 330
1491 530
1491 1492
1492 1580
1493 1367
1493 1494
1494 696
1495 1487
1495 1496
1496 1044
1497 1061
1497 1498
1498 968
1499 1452
1499 1500
1500 1008
1501 945
1501 1502
1502 1334
1503 751
1503 1504
1504 606
1505 1196
1505 1506
1506 1097
1507 891
1507 1508
1508 764
1509 1353
1509 1510
1510 616
1511 611
1511 1512
1512 709
1513 1155
1513 1514
1514 372
1515 553
1515 1516
1516 880
1517 453
1517 1518
1518 753
1519 1446
1519 1520
1520 952
1521 679
1521 1522
1522 254
1523 133
1523 1524
1524 648
1525 21
1525 1526
1526 434
1527 1029
1527 1528
1528 1516
1529 779
1529 1530
1530 302
1531 889
1531 1532
1532 1181
1533 521
1533 1534
1534 1287
1535 655
1535 1536
1536 1482
1537 964
1537 1538
1538 242
1539 175
1539 1540
1540 796
1541 647
1541 1542
1542 1020
1543 419
1543 1544
1544 645
1545 887
1545 1546
1546 778
1547 841
1547 1548
1548 1275
1549 1129
1549 1550
1550 75
1551 193
1551 1552
1552 1510
1553 5
1553 1554
1554 1122
1555 1179
1555 1556
1556 1343
1557 1092
1557 1558
1558 758
1559 1288
1559 1560
1560 436
1561 392
1561 1562
1562 920
1563 23
1563 1564
1564 576
1565 1158
1565 1566
1566 730
1567 469
1567 1568
1568 1132
1569 938
1569 1570
1570 374
1571 815
1571 1572
1572 500
1573 370
1573 1574
1574 86
1575 551
1575 1576
1576 1226
1577 626
1577 1578
1578 1166
1579 191
1579 1580
1580 979
1581 235
1581 1582
1582 67
1583 1449
1583 1584
1584 311
1585 1131
1585 1586
1586 185
1587 1113
1587 1588
1588 151
1589 637
1589 1590
1590 811
1591 179
1591 1592
1592 1160
1593 671
1593 1594
1594 286
1595 1414
1595 1596
1596 108
1597 1371
1597 1598
1598 1600
1599 61
1599 1600
1600 123
1601 1051
1601 1602
1602 405
1603 1558
1603 1604
1604 1276
1605 987
1605 1606
1606 1603
1607 156
1607 1608
1608 903
1609 1274
1609 1610
1610 214
1611 615
1611 1612
1612 1559
1613 1608
1613 1614
1614 1123
