0 627
0 1019
1 653
1 875
3 216
3 1271
4 117
4 159
5 709
6 922
7 375
7 1600
9 484
8 1315
8 1533
10 1555
13 319
13 771
15 1318
15 1414
17 787
17 1189
19 291
19 1308
21 1490
21 1541
23 24
23 703
24 778
25 26
25 1045
26 680
27 28
27 242
28 560
29 30
29 478
30 298
31 32
31 913
32 325
33 34
33 190
34 388
35 36
35 1465
36 1394
37 38
37 825
38 279
39 40
39 1187
40 5
41 42
41 667
42 621
43 44
43 431
44 1304
45 46
45 413
46 356
47 48
47 1075
48 459
49 50
49 1589
50 428
51 52
51 1061
52 1416
53 54
53 1536
54 1112
55 56
55 199
56 1418
57 58
57 513
58 750
59 60
59 530
60 1281
61 62
61 1569
62 2
63 64
63 304
64 1495
65 50
65 66
66 1222
67 68
67 1562
68 1253
69 70
69 712
70 400
71 72
71 1436
72 101
73 74
73 1203
74 482
75 76
75 1580
76 958
77 78
77 1261
78 581
79 80
79 299
80 1101
81 82
81 83
82 760
83 84
83 1215
84 1285
85 86
85 1367
86 1083
87 88
87 812
88 1282
89 90
89 507
90 268
91 92
91 609
92 98
93 94
93 1400
94 60
95 96
95 1292
96 809
97 98
97 373
98 281
99 100
99 499
100 1542
101 6
101 102
102 728
103 104
103 225
104 1081
105 106
105 762
106 170
107 108
107 1306
108 244
109 110
109 1431
110 454
111 112
111 438
112 735
113 114
113 145
114 1114
115 116
115 694
116 46
117 118
117 1348
118 1210
119 120
119 1479
120 270
121 122
121 819
122 297
123 124
123 181
124 679
125 126
125 1583
126 1190
127 128
127 1079
128 1576
129 56
129 130
130 126
131 132
131 1055
132 1546
133 134
133 212
134 736
135 136
135 713
136 802
137 138
137 240
138 1574
139 140
139 214
140 233
141 142
141 1323
142 963
143 144
143 977
144 1448
145 146
145 1151
146 1153
147 148
147 1313
148 448
149 150
149 929
150 1545
151 152
151 1246
152 378
153 89
153 154
154 526
155 156
155 601
156 1354
157 158
157 1525
158 1022
159 160
159 1466
160 964
161 162
161 682
162 424
163 164
163 687
164 294
165 166
165 933
166 671
167 168
167 1528
168 743
169 170
169 323
170 1340
171 172
171 877
172 607
173 147
173 174
174 425
175 8
175 176
176 1286
177 178
177 364
178 688
179 180
179 563
180 1389
181 182
181 1581
182 1334
183 184
183 1039
184 278
185 186
185 1467
186 1192
187 188
187 1052
188 241
189 190
189 468
190 1120
191 192
191 407
192 72
193 194
193 1605
194 1279
195 196
195 804
196 827
197 198
197 557
198 309
199 200
199 1263
200 820
201 202
201 892
202 1376
203 86
203 204
204 784
205 206
205 834
206 502
207 208
207 676
208 1154
209 210
209 1041
210 1614
211 212
211 223
212 433
213 214
213 487
214 237
215 216
215 1557
216 349
217 218
217 1497
218 1180
219 220
219 801
220 1069
221 222
221 753
222 598
223 224
223 1076
224 1380
225 226
225 748
226 1316
227 228
227 1518
228 1161
229 230
229 1305
230 430
231 232
231 992
232 184
233 234
233 1063
234 1502
235 236
235 1407
236 288
237 238
237 1537
238 1207
239 240
239 271
240 1424
241 242
241 1612
242 830
243 244
243 755
244 1234
245 246
245 943
246 1270
247 248
247 727
248 1129
249 250
249 697
250 1168
251 252
251 258
252 1278
253 254
253 540
254 1086
255 256
255 751
256 908
257 258
257 1116
258 1392
259 260
259 991
260 580
261 262
261 1238
262 164
263 21
263 264
264 342
265 266
265 633
266 988
267 44
267 268
268 626
269 270
269 1024
270 1486
271 272
271 1073
272 1084
273 274
273 337
274 953
275 276
275 807
276 1342
277 186
277 278
278 1496
279 280
279 1291
280 884
281 282
281 744
282 558
283 284
283 835
284 11
285 286
285 826
286 879
287 288
287 1043
288 1560
289 290
289 865
290 1350
291 292
291 1248
292 848
293 155
293 294
294 1240
295 296
295 1164
296 838
297 298
297 1283
298 514
299 300
299 1410
300 914
301 302
301 1551
302 280
303 304
303 550
304 1613
305 306
305 1311
306 92
307 4
307 308
308 652
309 310
309 1325
310 1107
311 312
311 1356
312 107
313 314
313 1001
314 985
315 316
315 479
316 148
317 318
317 873
318 590
319 320
319 711
320 410
321 265
321 322
322 1196
323 324
323 1036
324 594
325 238
325 326
326 1122
327 328
327 360
328 1544
329 330
329 1096
330 853
331 332
331 631
332 519
333 334
333 845
334 575
335 336
335 467
336 318
337 338
337 1126
338 994
339 254
339 340
340 938
341 198
341 342
342 1508
343 344
343 714
344 912
345 346
345 952
346 133
347 249
347 348
348 1478
349 213
349 350
350 1003
351 352
351 1370
352 253
353 111
353 354
354 1443
355 356
355 1523
356 269
357 24
357 358
358 1344
359 360
359 1005
360 1134
361 362
361 1511
362 724
363 180
363 364
364 263
365 366
365 1485
366 574
367 368
367 1113
368 1272
369 353
369 370
370 1550
371 372
371 1538
372 446
373 374
373 1472
374 1255
375 376
375 1330
376 61
377 134
377 378
378 1383
379 380
379 1225
380 146
381 382
381 1595
382 754
383 384
383 411
384 220
385 301
385 386
386 1002
387 388
387 833
388 756
389 390
389 817
390 76
391 392
391 1301
392 1341
393 394
393 1033
394 178
395 396
395 1044
396 115
397 398
397 1094
398 88
399 400
399 1166
400 1206
401 402
401 1363
402 1198
403 404
403 476
404 118
405 406
405 1365
406 1517
407 408
407 867
408 376
409 410
409 537
410 506
411 412
411 1409
412 1128
413 414
413 1156
414 1160
415 13
415 416
416 1149
417 418
417 763
418 829
419 420
419 579
420 909
421 422
421 1425
422 719
423 424
423 1571
424 957
425 426
425 455
426 1162
427 428
427 925
428 1489
429 430
429 586
430 296
431 217
431 432
432 174
433 434
433 856
434 1054
435 355
435 436
436 997
437 438
437 1059
438 379
439 25
439 440
440 1460
441 442
441 901
442 1070
443 391
443 444
444 1178
445 446
445 559
446 1582
447 448
447 1017
448 1275
449 246
449 450
450 528
451 38
451 452
452 1015
453 293
453 454
454 275
455 456
455 888
456 371
457 458
457 1481
458 1352
459 460
459 1057
460 1056
461 308
461 462
462 924
463 464
463 1167
464 204
465 466
465 1026
466 1023
467 468
467 567
468 261
469 470
469 1299
470 1464
471 208
471 472
472 742
473 474
473 707
474 708
475 389
475 476
476 916
477 478
477 1349
478 108
479 414
479 480
480 596
481 482
481 649
482 1375
483 484
483 982
484 1453
485 486
485 836
486 386
487 239
487 488
488 480
489 490
489 904
490 472
491 492
491 1066
492 603
493 494
493 1152
494 968
495 496
495 915
496 880
497 498
497 1144
498 1406
499 113
499 500
500 485
501 502
501 951
502 1260
503 504
503 1439
504 764
505 506
505 1170
506 984
507 508
507 568
508 206
509 510
509 1333
510 1264
511 343
511 512
512 66
513 514
513 885
514 1469
515 516
515 1159
516 846
517 141
517 518
518 429
519 520
519 1042
520 471
521 132
521 522
522 100
523 524
523 570
524 1016
525 526
525 1606
526 710
527 528
527 1089
528 700
529 331
529 530
530 1185
531 532
531 942
532 1573
533 534
533 1507
534 613
535 536
535 1262
536 940
537 538
537 1035
538 828
539 540
539 591
540 1085
541 542
541 1038
542 1092
543 544
543 1500
544 966
545 546
545 783
546 1598
547 548
547 899
548 1218
549 550
549 592
550 516
551 347
551 552
552 1257
553 554
553 1364
554 759
555 556
555 634
556 1328
557 273
557 558
558 9
559 560
559 585
560 30
561 562
561 587
562 1252
563 564
563 1492
564 870
565 566
565 717
566 1266
567 568
567 1127
568 987
569 570
569 1095
570 726
571 572
571 723
572 1051
573 395
573 574
574 926
575 576
575 1235
576 505
577 578
577 1011
578 566
579 580
579 981
580 1397
581 582
581 1110
582 250
583 584
583 790
584 365
585 228
585 586
586 426
587 588
587 961
588 684
589 590
589 1552
590 524
591 321
591 592
592 283
593 594
593 663
594 780
595 445
595 596
596 1146
597 251
597 598
598 488
599 600
599 831
600 1072
601 602
601 995
602 1302
603 461
603 604
604 1435
605 222
605 606
606 138
607 608
607 837
608 1067
609 610
609 897
610 345
611 612
611 1540
612 860
613 266
613 614
614 1010
615 339
615 616
616 1388
617 618
617 622
618 1597
619 620
619 662
620 583
621 622
621 803
622 179
623 624
623 715
624 1047
625 626
625 1539
626 274
627 628
627 749
628 1183
629 521
629 630
630 28
631 632
631 1357
632 1458
633 501
633 634
634 247
635 17
635 636
636 1603
637 638
637 1451
638 1553
639 640
639 1459
640 1104
641 642
641 1013
642 104
643 644
643 1358
644 672
645 646
645 716
646 1006
647 257
647 648
648 19
649 650
649 814
650 1611
651 652
651 1121
652 765
653 654
653 685
654 1136
655 656
655 1135
656 416
657 139
657 658
658 1593
659 660
659 1429
660 140
661 406
661 662
662 232
663 664
663 1293
664 1454
665 666
665 791
666 316
667 35
667 668
668 169
669 670
669 1237
670 1082
671 672
671 1519
672 862
673 674
673 1027
674 738
675 676
675 1415
676 931
677 678
677 1030
678 1090
679 333
679 680
680 382
681 122
681 682
682 306
683 175
683 684
684 494
685 686
685 1077
686 344
687 688
687 844
688 648
689 245
689 690
690 1105
691 457
691 692
692 1338
693 694
693 859
694 22
695 696
695 1131
696 1102
697 698
697 1482
698 1078
699 341
699 700
700 1236
701 702
701 1317
702 696
703 637
703 704
704 730
705 706
705 979
706 1324
707 702
707 708
708 15
709 710
709 1563
710 772
711 68
711 712
712 490
713 714
713 1115
714 1387
715 589
715 716
716 930
717 718
717 747
718 612
719 720
719 1503
720 230
721 305
721 722
722 272
723 85
723 724
724 1604
725 726
725 1463
726 1339
727 728
727 890
728 1601
729 52
729 730
730 362
731 732
731 1165
732 868
733 734
733 811
734 500
735 736
735 905
736 972
737 738
737 1269
738 532
739 705
739 740
740 105
741 742
741 1371
742 858
743 744
743 932
744 1382
745 746
745 1229
746 346
747 350
747 748
748 939
749 750
749 1241
750 436
751 752
751 1522
752 718
753 329
753 754
754 465
755 756
755 881
756 745
757 75
757 758
758 157
759 106
759 760
760 616
761 369
761 762
762 1132
763 481
763 764
764 12
765 421
765 766
766 1488
767 489
767 768
768 664
769 770
769 1449
770 1239
771 656
771 772
772 640
773 774
773 1157
774 444
775 776
775 983
776 1480
777 778
777 1242
778 1461
779 18
779 780
780 950
781 427
781 782
782 1566
783 784
783 917
784 412
785 786
785 903
786 390
787 779
787 788
788 854
789 683
789 790
790 937
791 792
791 1181
792 1366
793 794
793 1080
794 252
795 41
795 796
796 822
797 798
797 998
798 1526
799 632
799 800
800 177
801 401
801 802
802 1430
803 545
803 804
804 45
805 295
805 806
806 442
807 300
807 808
808 782
809 786
809 810
810 1040
811 657
811 812
812 1411
813 814
813 1499
814 1219
815 689
815 816
816 285
817 818
817 893
818 777
819 191
819 820
820 1506
821 189
821 822
822 850
823 666
823 824
824 110
825 826
825 1201
826 392
827 828
827 1217
828 1251
829 769
829 830
830 14
831 773
831 832
832 824
833 834
833 839
834 1423
835 836
835 1117
836 1476
837 167
837 838
838 1426
839 259
839 840
840 620
841 842
841 1521
842 677
843 551
843 844
844 625
845 552
845 846
846 399
847 848
847 1277
848 1046
849 731
849 850
850 1584
851 843
851 852
852 161
853 236
853 854
854 1074
855 523
855 856
856 162
857 5
857 858
858 518
859 757
859 860
860 1034
861 698
861 862
862 542
863 314
863 864
864 732
865 221
865 866
866 1212
867 511
867 868
868 1412
869 870
869 1195
870 39
871 394
871 872
872 1608
873 874
873 1351
874 1462
875 876
875 1586
876 226
877 408
877 878
878 1468
879 160
879 880
880 450
881 423
881 882
882 1427
883 665
883 884
884 248
885 886
885 1532
886 172
887 888
887 1163
888 781
889 890
889 947
890 1592
891 405
891 892
892 706
893 361
893 894
894 618
895 896
895 1028
896 1564
897 898
897 1303
898 338
899 900
899 1209
900 210
901 183
901 902
902 398
903 610
903 904
904 584
905 906
905 1442
906 1473
907 908
907 1337
908 458
909 910
909 1221
910 102
911 912
911 1452
912 1446
913 914
913 1119
914 1214
915 741
915 916
916 477
917 918
917 1133
918 109
919 639
919 920
920 326
921 357
921 922
922 746
923 924
923 934
924 202
925 289
925 926
926 116
927 659
927 928
928 629
929 930
929 1093
930 1355
931 932
931 1359
932 1516
933 934
933 1169
934 954
935 491
935 936
936 1543
937 938
937 1158
938 1142
939 617
939 940
940 1398
941 569
941 942
942 1205
943 761
943 944
944 582
945 374
945 946
946 1284
947 948
947 1227
948 1568
949 539
949 950
950 1501
951 952
951 1585
952 1
953 874
953 954
954 971
955 956
955 1420
956 602
957 958
957 1575
958 166
959 555
959 960
960 840
961 597
961 962
962 1329
963 964
963 1547
964 1570
965 966
965 1475
966 90
967 282
967 968
968 276
969 720
969 970
970 808
971 972
971 1108
972 128
973 974
973 1245
974 493
975 381
975 976
976 534
977 978
977 1141
978 218
979 980
979 1457
980 1250
981 982
981 1405
982 1230
983 549
983 984
984 1294
985 986
985 1247
986 59
987 614
987 988
988 188
989 647
989 990
990 264
991 384
991 992
992 311
993 40
993 994
994 1148
995 572
995 996
996 508
997 403
997 998
998 310
999 418
999 1000
1000 936
1001 23
1001 1002
1002 536
1003 1004
1003 1173
1004 496
1005 1006
1005 1513
1006 1413
1007 543
1007 1008
1008 1346
1009 576
1009 1010
1010 1202
1011 163
1011 1012
1012 498
1013 1014
1013 1535
1014 64
1015 798
1015 1016
1016 327
1017 81
1017 1018
1018 256
1019 1020
1019 1031
1020 978
1021 678
1021 1022
1022 1602
1023 796
1023 1024
1024 1068
1025 453
1025 1026
1026 1091
1027 335
1027 1028
1028 1143
1029 367
1029 1030
1030 1396
1031 48
1031 1032
1032 330
1033 573
1033 1034
1034 674
1035 690
1035 1036
1036 889
1037 154
1037 1038
1038 588
1039 415
1039 1040
1040 1320
1041 520
1041 1042
1042 1049
1043 1044
1043 1273
1044 422
1045 456
1045 1046
1046 340
1047 686
1047 1048
1048 1004
1049 1050
1049 1204
1050 948
1051 533
1051 1052
1052 120
1053 547
1053 1054
1054 16
1055 949
1055 1056
1056 766
1057 561
1057 1058
1058 928
1059 91
1059 1060
1060 1561
1061 1062
1061 1527
1062 20
1063 119
1063 1064
1064 1224
1065 871
1065 1066
1066 1549
1067 439
1067 1068
1068 470
1069 693
1069 1070
1070 1171
1071 1072
1071 1186
1072 1447
1073 658
1073 1074
1074 1554
1075 49
1075 1076
1076 231
1077 535
1077 1078
1078 876
1079 497
1079 1080
1080 95
1081 1082
1081 1484
1082 544
1083 441
1083 1084
1084 910
1085 1012
1085 1086
1086 546
1087 815
1087 1088
1088 149
1089 721
1089 1090
1090 512
1091 955
1091 1092
1092 1188
1093 1094
1093 1377
1094 1018
1095 927
1095 1096
1096 1213
1097 1098
1097 1362
1098 670
1099 1100
1099 1289
1100 960
1101 97
1101 1102
1102 1062
1103 1104
1103 1455
1104 1360
1105 1106
1105 1587
1106 852
1107 1108
1107 1220
1108 1175
1109 1103
1109 1110
1110 821
1111 1112
1111 1347
1112 740
1113 1114
1113 1607
1114 725
1115 813
1115 1116
1116 449
1117 1118
1117 1567
1118 1254
1119 397
1119 1120
1120 79
1121 1109
1121 1122
1122 1309
1123 171
1123 1124
1124 1300
1125 437
1125 1126
1126 1403
1127 565
1127 1128
1128 1177
1129 322
1129 1130
1130 370
1131 891
1131 1132
1132 770
1133 1134
1133 1530
1134 525
1135 334
1135 1136
1136 440
1137 332
1137 1138
1138 866
1139 209
1139 1140
1140 923
1141 1142
1141 1577
1142 404
1143 87
1143 1144
1144 33
1145 1146
1145 1244
1146 1267
1147 1050
1147 1148
1148 1216
1149 211
1149 1150
1150 1374
1151 675
1151 1152
1152 1174
1153 1154
1153 1331
1154 805
1155 359
1155 1156
1156 1025
1157 383
1157 1158
1158 974
1159 1160
1159 1456
1160 861
1161 320
1161 1162
1162 182
1163 673
1163 1164
1164 1386
1165 127
1165 1166
1166 1314
1167 1168
1167 1493
1168 492
1169 363
1169 1170
1170 1395
1171 192
1171 1172
1172 1402
1173 123
1173 1174
1174 58
1175 894
1175 1176
1176 82
1177 975
1177 1178
1178 1372
1179 911
1179 1180
1180 315
1181 1182
1181 1231
1182 1211
1183 869
1183 1184
1184 1385
1185 965
1185 1186
1186 1137
1187 352
1187 1188
1188 967
1189 1190
1189 1391
1190 1578
1191 1192
1191 1297
1192 53
1193 153
1193 1194
1194 1428
1195 1099
1195 1196
1196 554
1197 577
1197 1198
1198 611
1199 734
1199 1200
1200 402
1201 348
1201 1202
1202 1588
1203 883
1203 1204
1204 71
1205 857
1205 1206
1206 462
1207 302
1207 1208
1208 74
1209 1007
1209 1210
1210 1048
1211 152
1211 1212
1212 1312
1213 37
1213 1214
1214 1390
1215 973
1215 1216
1216 1444
1217 636
1217 1218
1218 200
1219 121
1219 1220
1220 1378
1221 96
1221 1222
1222 1433
1223 267
1223 1224
1224 776
1225 599
1225 1226
1226 527
1227 959
1227 1228
1228 564
1229 451
1229 1230
1230 1118
1231 195
1231 1232
1232 788
1233 1088
1233 1234
1234 630
1235 515
1235 1236
1236 606
1237 1238
1237 1487
1238 1421
1239 463
1239 1240
1240 1176
1241 215
1241 1242
1242 1373
1243 131
1243 1244
1244 660
1245 1246
1245 1531
1246 387
1247 435
1247 1248
1248 886
1249 509
1249 1250
1250 1384
1251 517
1251 1252
1252 1332
1253 65
1253 1254
1254 303
1255 156
1255 1256
1256 158
1257 150
1257 1258
1258 644
1259 1260
1259 1369
1260 372
1261 733
1261 1262
1262 646
1263 1264
1263 1321
1264 1124
1265 1266
1265 1477
1266 768
1267 380
1267 1268
1268 1290
1269 1029
1269 1270
1270 307
1271 691
1271 1272
1272 1065
1273 623
1273 1274
1274 1172
1275 473
1275 1276
1276 896
1277 234
1277 1278
1278 1319
1279 701
1279 1280
1280 1258
1281 168
1281 1282
1282 946
1283 34
1283 1284
1284 396
1285 906
1285 1286
1286 125
1287 1288
1287 1510
1288 1434
1289 775
1289 1290
1290 434
1291 93
1291 1292
1292 1193
1293 393
1293 1294
1294 797
1295 1296
1295 1483
1296 1307
1297 1249
1297 1298
1298 432
1299 661
1299 1300
1300 1326
1301 124
1301 1302
1302 1445
1303 1087
1303 1304
1304 1343
1305 1020
1305 1306
1306 578
1307 1308
1307 1422
1308 1182
1309 969
1309 1310
1310 474
1311 651
1311 1312
1312 556
1313 1314
1313 1609
1314 729
1315 227
1315 1316
1316 260
1317 1318
1317 1534
1318 638
1319 1200
1319 1320
1320 9
1321 354
1321 1322
1322 486
1323 235
1323 1324
1324 29
1325 799
1325 1326
1326 898
1327 1328
1327 1498
1328 420
1329 699
1329 1330
1330 681
1331 1098
1331 1332
1332 1572
1333 1334
1333 1381
1334 1130
1335 317
1335 1336
1336 84
1337 1287
1337 1338
1338 460
1339 42
1339 1340
1340 944
1341 970
1341 1342
1342 62
1343 849
1343 1344
1344 1138
1345 1223
1345 1346
1346 70
1347 447
1347 1348
1348 887
1349 800
1349 1350
1350 1037
1351 3
1351 1352
1352 1280
1353 643
1353 1354
1354 996
1355 668
1355 1356
1356 351
1357 795
1357 1358
1358 1438
1359 43
1359 1360
1360 358
1361 143
1361 1362
1362 941
1363 1364
1363 1491
1364 495
1365 1366
1365 1441
1366 1147
1367 619
1367 1368
1368 1150
1369 1191
1369 1370
1370 816
1371 80
1371 1372
1372 63
1373 1208
1373 1374
1374 704
1375 10
1375 1376
1376 286
1377 173
1377 1378
1378 368
1379 1274
1379 1380
1380 1474
1381 47
1381 1382
1382 6
1383 919
1383 1384
1384 1548
1385 993
1385 1386
1386 1590
1387 1125
1387 1388
1388 1232
1389 377
1389 1390
1390 1379
1391 851
1391 1392
1392 1233
1393 1259
1393 1394
1394 290
1395 1396
1395 1419
1396 1432
1397 1295
1397 1398
1398 1310
1399 1060
1399 1400
1400 1228
1401 920
1401 1402
1402 1408
1403 1404
1403 1599
1404 855
1405 219
1405 1406
1406 789
1407 1336
1407 1408
1408 130
1409 695
1409 1410
1410 774
1411 1412
1411 1509
1412 201
1413 464
1413 1414
1414 900
1415 243
1415 1416
1416 1009
1417 67
1417 1418
1418 1100
1419 1123
1419 1420
1420 842
1421 986
1421 1422
1422 595
1423 54
1423 1424
1424 31
1425 51
1425 1426
1426 452
1427 962
1427 1428
1428 94
1429 114
1429 1430
1430 571
1431 538
1431 1432
1432 806
1433 1322
1433 1434
1434 541
1435 593
1435 1436
1436 600
1437 1265
1437 1438
1438 1558
1439 1399
1439 1440
1440 55
1441 313
1441 1442
1442 324
1443 26
1443 1444
1444 1494
1445 1021
1445 1446
1446 1140
1447 1194
1447 1448
1448 262
1449 1361
1449 1450
1450 1032
1451 1452
1451 1515
1452 193
1453 980
1453 1454
1454 1368
1455 739
1455 1456
1456 1579
1457 1155
1457 1458
1458 1514
1459 1401
1459 1460
1460 548
1461 767
1461 1462
1462 823
1463 863
1463 1464
1464 328
1465 197
1465 1466
1466 553
1467 1468
1467 1591
1468 990
1469 1470
1469 1596
1470 752
1471 77
1471 1472
1472 531
1473 522
1473 1474
1474 284
1475 1404
1475 1476
1476 1139
1477 135
1477 1478
1478 409
1479 151
1479 1480
1480 847
1481 1482
1481 1529
1482 1417
1483 483
1483 1484
1484 818
1485 69
1485 1486
1486 615
1487 1111
1487 1488
1488 1276
1489 1490
1489 1559
1490 229
1491 635
1491 1492
1492 475
1493 785
1493 1494
1494 144
1495 1353
1495 1496
1496 1504
1497 469
1497 1498
1498 255
1499 1053
1499 1500
1500 1471
1501 165
1501 1502
1502 196
1503 1014
1503 1504
1504 1440
1505 1298
1505 1506
1506 224
1507 1345
1507 1508
1508 1520
1509 78
1509 1510
1510 1197
1511 73
1511 1512
1512 1058
1513 419
1513 1514
1514 1179
1515 1516
1515 1594
1516 605
1517 1505
1517 1518
1518 32
1519 956
1519 1520
1520 366
1521 1097
1521 1522
1522 1106
1523 503
1523 1524
1524 57
1525 1524
1525 1526
1526 10
1527 1512
1527 1528
1528 918
1529 99
1529 1530
1530 207
1531 1243
1531 1532
1532 882
1533 112
1533 1534
1534 137
1535 1393
1535 1536
1536 103
1537 185
1537 1538
1538 921
1539 443
1539 1540
1540 1327
1541 872
1541 1542
1542 176
1543 504
1543 1544
1544 810
1545 758
1545 1546
1546 604
1547 722
1547 1548
1548 510
1549 1064
1549 1550
1550 794
1551 737
1551 1552
1552 641
1553 1554
1553 1565
1554 654
1555 562
1555 1556
1556 1000
1557 1335
1557 1558
1558 129
1559 277
1559 1560
1560 142
1561 1226
1561 1562
1562 287
1563 1199
1563 1564
1564 1268
1565 832
1565 1566
1566 27
1567 989
1567 1568
1568 292
1569 1296
1569 1570
1570 792
1571 1437
1571 1572
1572 336
1573 1008
1573 1574
1574 1288
1575 466
1575 1576
1576 878
1577 385
1577 1578
1578 187
1579 645
1579 1580
1580 205
1581 841
1581 1582
1582 624
1583 1071
1583 1584
1584 36
1585 999
1585 1586
1586 7
1587 907
1587 1588
1588 1184
1589 895
1589 1590
1590 608
1591 417
1591 1592
1592 203
1593 655
1593 1594
1594 669
1595 194
1595 1596
1596 1256
1597 1450
1597 1598
1598 312
1599 628
1599 1600
1600 935
1601 902
1601 1602
1602 1470
1603 642
1603 1604
1604 692
1605 136
1605 1606
1606 650
1607 529
1607 1608
1608 976
1609 1145
1609 1610
1610 793
1611 1556
1611 1612
1612 945
1613 1610
1613 1614
1614 864
