0 79
0 1487
1 264
1 1266
3 153
3 697
4 543
4 1243
5 525
6 1293
7 414
7 885
8 1238
8 1575
9 225
10 332
13 168
13 758
15 323
15 834
17 140
17 472
19 1261
19 1547
21 229
21 1018
23 24
23 689
24 980
25 26
25 1201
26 644
27 28
27 329
28 1378
29 30
29 865
30 345
31 32
31 167
32 1258
33 34
33 646
34 1372
35 36
35 876
36 1284
37 38
37 947
38 139
39 40
39 439
40 1046
41 42
41 1531
42 346
43 44
43 1587
44 1303
45 46
45 111
46 1000
47 48
47 802
48 908
49 50
49 1213
50 280
51 52
51 721
52 1607
53 54
53 145
54 754
55 56
55 334
56 790
57 58
57 102
58 112
59 60
59 1496
60 274
61 62
61 898
62 1059
63 64
63 921
64 83
65 66
65 676
66 844
67 10
67 68
68 60
69 70
69 169
70 1299
71 72
71 380
72 1185
73 74
73 619
74 473
75 76
75 621
76 479
77 78
77 337
78 1179
79 80
79 1445
80 495
81 38
81 82
82 516
83 84
83 1298
84 1111
85 86
85 896
86 1478
87 88
87 1161
88 1516
89 90
89 435
90 1498
91 92
91 1349
92 849
93 94
93 1437
94 880
95 74
95 96
96 1268
97 98
97 1403
98 205
99 100
99 1505
100 458
101 102
101 653
102 681
103 104
103 1301
104 1005
105 106
105 1525
106 716
107 108
107 727
108 1145
109 110
109 745
110 203
111 112
111 795
112 800
113 114
113 494
114 780
115 116
115 1119
116 312
117 118
117 413
118 1553
119 120
119 570
120 21
121 122
121 557
122 1558
123 124
123 1128
124 1151
125 126
125 1304
126 1590
127 128
127 464
128 1416
129 130
129 268
130 1078
131 132
131 493
132 137
133 134
133 1546
134 183
135 136
135 1075
136 1400
137 138
137 1530
138 806
139 140
139 826
140 253
141 142
141 589
142 1448
143 144
143 786
144 267
145 146
145 629
146 873
147 148
147 461
148 883
149 150
149 476
150 1538
151 152
151 501
152 843
153 154
153 1427
154 1162
155 156
155 815
156 1008
157 158
157 1369
158 287
159 160
159 1479
160 1351
161 162
161 1039
162 12
163 164
163 909
164 197
165 166
165 1021
166 1434
167 168
167 1360
168 366
169 170
169 1389
170 1239
171 172
171 1172
172 28
173 174
173 190
174 1076
175 176
175 775
176 455
177 115
177 178
178 376
179 180
179 755
180 213
181 182
181 230
182 404
183 184
183 315
184 650
185 186
185 216
186 348
187 188
187 1433
188 1522
189 190
189 760
190 474
191 192
191 1171
192 1135
193 194
193 925
194 248
195 196
195 1045
196 1183
197 198
197 1057
198 1380
199 200
199 1591
200 522
201 202
201 1557
202 245
203 204
203 1279
204 1038
205 206
205 1131
206 734
207 208
207 630
208 733
209 210
209 379
210 1354
211 212
211 792
212 1040
213 161
213 214
214 1080
215 216
215 682
216 1314
217 218
217 955
218 358
219 220
219 765
220 1010
221 19
221 222
222 1392
223 224
223 1245
224 350
225 226
225 1180
226 1526
227 228
227 1364
228 289
229 230
229 738
230 542
231 232
231 743
232 10
233 234
233 443
234 1302
235 236
235 1086
236 1438
237 238
237 1050
238 122
239 240
239 1484
240 1588
241 242
241 805
242 1068
243 244
243 1402
244 1442
245 246
245 838
246 284
247 248
247 741
248 389
249 250
249 1043
250 678
251 252
251 1331
252 75
253 254
253 996
254 990
255 256
255 571
256 1598
257 258
257 932
258 1026
259 260
259 1107
260 995
261 262
261 1435
262 634
263 3
263 264
264 954
265 266
265 1481
266 1016
267 268
267 944
268 923
269 270
269 445
270 47
271 95
271 272
272 1342
273 274
273 518
274 652
275 276
275 1165
276 515
277 278
277 1235
278 1176
279 280
279 592
280 30
281 282
281 1573
282 643
283 284
283 931
284 687
285 286
285 1181
286 73
287 288
287 1248
288 1074
289 290
289 1158
290 1272
291 292
291 750
292 626
293 294
293 561
294 808
295 296
295 1221
296 1371
297 298
297 1032
298 984
299 300
299 1273
300 704
301 222
301 302
302 426
303 304
303 1353
304 503
305 306
305 862
306 789
307 308
307 1382
308 628
309 259
309 310
310 107
311 312
311 1566
312 886
313 314
313 1612
314 1327
315 316
315 1315
316 967
317 318
317 1468
318 1204
319 320
319 1463
320 1406
321 322
321 555
322 601
323 324
323 1134
324 286
325 326
325 671
326 338
327 270
327 328
328 1250
329 330
329 715
330 1114
331 332
331 1209
332 1486
333 334
333 590
334 1449
335 336
335 1249
336 444
337 338
337 447
338 942
339 340
339 394
340 1440
341 269
341 342
342 547
343 341
343 344
344 1305
345 346
345 1034
346 1219
347 313
347 348
348 902
349 163
349 350
350 1118
351 352
351 1477
352 1244
353 207
353 354
354 666
355 356
355 739
356 1033
357 358
357 633
358 224
359 360
359 375
360 381
361 362
361 870
362 918
363 364
363 801
364 67
365 320
365 366
366 890
367 368
367 877
368 1595
369 370
369 1326
370 6
371 372
371 1058
372 766
373 374
373 1396
374 1072
375 187
375 376
376 1113
377 378
377 1335
378 468
379 380
379 1099
380 1142
381 382
381 1492
382 540
383 384
383 841
384 1412
385 386
385 585
386 856
387 388
387 1599
388 901
389 390
389 1225
390 262
391 392
391 837
392 1420
393 394
393 965
394 246
395 396
395 610
396 639
397 398
397 864
398 706
399 400
399 1109
400 11
401 402
401 1592
402 1067
403 148
403 404
404 831
405 406
405 1156
406 1234
407 408
407 1073
408 579
409 410
409 514
410 746
411 412
411 563
412 1397
413 414
413 471
414 538
415 25
415 416
416 265
417 180
417 418
418 1312
419 420
419 1600
420 874
421 422
421 647
422 1536
423 135
423 424
424 453
425 426
425 608
426 622
427 428
427 861
428 400
429 430
429 1188
430 594
431 432
431 560
432 916
433 434
433 1489
434 761
435 436
435 945
436 1504
437 438
437 785
438 71
439 232
439 440
440 1094
441 442
441 529
442 272
443 65
443 444
444 912
445 446
445 1097
446 1544
447 448
447 632
448 502
449 450
449 1350
450 982
451 452
451 783
452 884
453 454
453 1088
454 126
455 456
455 635
456 1014
457 458
457 828
458 744
459 460
459 969
460 1264
461 462
461 943
462 1055
463 133
463 464
464 549
465 466
465 1182
466 1117
467 307
467 468
468 1572
469 353
469 470
470 42
471 472
471 1251
472 1543
473 460
473 474
474 94
475 476
475 1423
476 160
477 478
477 1036
478 1138
479 480
479 1116
480 185
481 482
481 1374
482 1483
483 261
483 484
484 1041
485 486
485 1023
486 1260
487 488
487 1195
488 219
489 125
489 490
490 797
491 492
491 951
492 737
493 494
493 1521
494 304
495 108
495 496
496 1136
497 498
497 903
498 1222
499 500
499 857
500 34
501 502
501 1098
502 787
503 504
503 911
504 162
505 506
505 1334
506 998
507 508
507 565
508 452
509 510
509 1419
510 156
511 127
511 512
512 76
513 514
513 1383
514 559
515 516
515 1529
516 1610
517 518
517 803
518 1549
519 520
519 1535
520 440
521 522
521 659
522 665
523 524
523 1604
524 1271
525 526
525 725
526 1472
527 528
527 1168
528 978
529 391
529 530
530 22
531 532
531 670
532 1140
533 342
533 534
534 1017
535 536
535 1247
536 106
537 52
537 538
538 236
539 540
539 712
540 684
541 542
541 1346
542 20
543 544
543 1471
544 165
545 227
545 546
546 583
547 513
547 548
548 84
549 550
549 1503
550 926
551 552
551 997
552 1555
553 189
553 554
554 642
555 195
555 556
556 324
557 558
557 1541
558 958
559 560
559 752
560 1456
561 62
561 562
562 1056
563 564
563 889
564 66
565 566
565 1583
566 825
567 568
567 986
568 1083
569 570
569 1147
570 588
571 572
571 794
572 1089
573 574
573 1047
574 1570
575 149
575 576
576 688
577 578
577 1509
578 292
579 59
579 580
580 1186
581 582
581 1611
582 500
583 431
583 584
584 776
585 457
585 586
586 2
587 374
587 588
588 554
589 590
589 956
590 1106
591 483
591 592
592 1085
593 519
593 594
594 1316
595 596
595 1559
596 1159
597 598
597 1581
598 212
599 552
599 600
600 544
601 450
601 602
602 1540
603 604
603 1475
604 663
605 606
605 771
606 243
607 608
607 1187
608 1511
609 113
609 610
610 832
611 612
611 839
612 1202
613 254
613 614
614 536
615 277
615 616
616 424
617 129
617 618
618 192
619 527
619 620
620 138
621 46
621 622
622 242
623 624
623 1199
624 1597
625 626
625 686
626 336
627 628
627 1366
628 818
629 37
629 630
630 1077
631 632
631 1571
632 941
633 634
633 1257
634 1320
635 612
635 636
636 420
637 638
637 1208
638 1580
639 640
639 1348
640 1228
641 642
641 1051
642 1060
643 644
643 1328
644 1020
645 427
645 646
646 308
647 465
647 648
648 408
649 650
649 938
650 215
651 652
651 1224
652 1214
653 397
653 654
654 1430
655 54
655 656
656 893
657 217
657 658
658 1425
659 260
659 660
660 791
661 662
661 711
662 599
663 664
663 1387
664 120
665 666
665 1415
666 370
667 668
667 1278
668 829
669 535
669 670
670 378
671 134
671 672
672 340
673 674
673 1191
674 680
675 194
675 676
676 1394
677 678
677 1357
678 1473
679 367
679 680
680 412
681 271
681 682
682 1290
683 182
683 684
684 456
685 131
685 686
686 6
687 688
687 1318
688 530
689 343
689 690
690 970
691 692
691 1523
692 508
693 694
693 1339
694 966
695 696
695 1252
696 1341
697 603
697 698
698 317
699 523
699 700
700 1365
701 486
701 702
702 1210
703 484
703 704
704 1422
705 178
705 706
706 1019
707 155
707 708
708 1124
709 466
709 710
710 649
711 581
711 712
712 703
713 714
713 900
714 868
715 81
715 716
716 1466
717 718
717 1401
718 211
719 144
719 720
720 875
721 41
721 722
722 1358
723 421
723 724
724 1556
725 726
725 985
726 846
727 728
727 1267
728 1103
729 730
729 1069
730 1288
731 732
731 735
732 330
733 734
733 907
734 470
735 736
735 1443
736 1144
737 738
737 1054
738 24
739 220
739 740
740 218
741 151
741 742
742 1514
743 509
743 744
744 339
745 746
745 1317
746 928
747 674
747 748
748 651
749 295
749 750
750 1508
751 369
751 752
752 1291
753 175
753 754
754 1474
755 756
755 1418
756 534
757 371
757 758
758 1146
759 15
759 760
760 43
761 698
761 762
762 1280
763 485
763 764
764 1614
765 675
765 766
766 1518
767 768
767 1323
768 235
769 311
769 770
770 39
771 198
771 772
772 506
773 477
773 774
774 301
775 193
775 776
776 302
777 702
777 778
778 1289
779 780
779 1532
780 558
781 782
781 1515
782 255
783 784
783 1287
784 722
785 105
785 786
786 1049
787 499
787 788
788 1294
789 202
789 790
790 1431
791 256
791 792
792 1343
793 637
793 794
794 23
795 796
795 1405
796 1385
797 798
797 919
798 1594
799 800
799 1153
800 949
801 490
801 802
802 1347
803 604
803 804
804 614
805 170
805 806
806 1494
807 409
807 808
808 1061
809 810
809 1453
810 279
811 812
811 1002
812 1428
813 814
813 878
814 620
815 777
815 816
816 130
817 818
817 1391
818 1132
819 548
819 820
820 430
821 822
821 1395
822 757
823 824
823 1217
824 228
825 297
825 826
826 63
827 828
827 1127
828 233
829 433
829 830
830 1200
831 832
831 1015
832 1306
833 747
833 834
834 1190
835 753
835 836
836 968
837 5
837 838
838 173
839 840
839 1307
840 316
841 842
841 1110
842 618
843 844
843 973
844 1218
845 562
845 846
846 1602
847 241
847 848
848 1451
849 335
849 850
850 1462
851 852
851 1461
852 1450
853 469
853 854
854 1322
855 553
855 856
856 237
857 819
857 858
858 854
859 117
859 860
860 1576
861 577
861 862
862 1160
863 864
863 1513
864 850
865 767
865 866
866 700
867 660
867 868
868 708
869 870
869 1205
870 959
871 872
871 1308
872 1564
873 874
873 1355
874 282
875 5
875 876
876 361
877 878
877 1143
878 1137
879 880
879 1563
880 1608
881 882
881 1012
882 1139
883 497
883 884
884 294
885 886
885 1493
886 382
887 546
887 888
888 976
889 853
889 890
890 327
891 694
891 892
892 798
893 188
893 894
894 318
895 896
895 1071
896 1517
897 415
897 898
898 1589
899 70
899 900
900 1227
901 902
901 1407
902 492
903 904
903 1079
904 89
905 906
905 1189
906 1324
907 908
907 1029
908 714
909 749
909 910
910 707
911 459
911 912
912 814
913 482
913 914
914 100
915 276
915 916
916 541
917 869
917 918
918 478
919 247
919 920
920 333
921 922
921 962
922 1413
923 436
923 924
924 881
925 926
925 1373
926 432
927 645
927 928
928 1548
929 930
929 1169
930 1173
931 932
931 1207
932 1398
933 768
933 934
934 940
935 575
935 936
936 150
937 285
937 938
938 905
939 69
939 940
940 1410
941 942
941 1499
942 1150
943 91
943 944
944 1095
945 946
945 1155
946 116
947 441
947 948
948 1174
949 950
949 971
950 770
951 32
951 952
952 1562
953 954
953 1325
954 396
955 593
955 956
956 251
957 958
957 1148
958 174
959 17
959 960
960 393
961 521
961 962
962 45
963 16
963 964
964 296
965 419
965 966
966 368
967 910
967 968
968 1501
969 616
969 970
970 9
971 972
971 1520
972 322
973 974
973 991
974 531
975 648
975 976
976 390
977 387
977 978
978 627
979 623
979 980
980 1408
981 533
981 982
982 892
983 807
983 984
984 1528
985 250
985 986
986 1561
987 50
987 988
988 40
989 990
989 1211
990 1309
991 992
991 1096
992 804
993 994
993 1375
994 176
995 996
995 1367
996 1491
997 693
997 998
998 830
999 759
999 1000
1000 1429
1001 763
1001 1002
1002 114
1003 1004
1003 1232
1004 1436
1005 1006
1005 1259
1006 852
1007 897
1007 1008
1008 31
1009 177
1009 1010
1010 422
1011 774
1011 1012
1012 987
1013 498
1013 1014
1014 288
1015 383
1015 1016
1016 992
1017 1018
1017 1170
1018 154
1019 1020
1019 1362
1020 952
1021 887
1021 1022
1022 1470
1023 463
1023 1024
1024 1166
1025 957
1025 1026
1026 406
1027 231
1027 1028
1028 355
1029 377
1029 1030
1030 88
1031 1032
1031 1167
1032 1277
1033 1034
1033 1510
1034 1321
1035 809
1035 1036
1036 462
1037 1038
1037 1256
1038 1230
1039 1040
1039 1567
1040 713
1041 816
1041 1042
1042 858
1043 1044
1043 1092
1044 1336
1045 781
1045 1046
1046 748
1047 402
1047 1048
1048 668
1049 87
1049 1050
1050 384
1051 1052
1051 1063
1052 914
1053 201
1053 1054
1054 326
1055 159
1055 1056
1056 1064
1057 351
1057 1058
1058 719
1059 423
1059 1060
1060 586
1061 1062
1061 1500
1062 888
1063 723
1063 1064
1064 799
1065 939
1065 1066
1066 362
1067 35
1067 1068
1068 1352
1069 1053
1069 1070
1070 596
1071 401
1071 1072
1072 157
1073 1074
1073 1593
1074 528
1075 598
1075 1076
1076 36
1077 796
1077 1078
1078 388
1079 537
1079 1080
1080 701
1081 1082
1081 1577
1082 1025
1083 395
1083 1084
1084 1295
1085 833
1085 1086
1086 208
1087 152
1087 1088
1088 101
1089 93
1089 1090
1090 871
1091 545
1091 1092
1092 999
1093 1082
1093 1094
1094 1502
1095 357
1095 1096
1096 77
1097 717
1097 1098
1098 425
1099 104
1099 1100
1100 98
1101 147
1101 1102
1102 491
1103 617
1103 1104
1104 1037
1105 1106
1105 1177
1106 964
1107 475
1107 1108
1108 1184
1109 728
1109 1110
1110 365
1111 331
1111 1112
1112 467
1113 210
1113 1114
1114 1569
1115 385
1115 1116
1116 756
1117 989
1117 1118
1118 1042
1119 438
1119 1120
1120 434
1121 283
1121 1122
1122 1236
1123 196
1123 1124
1124 314
1125 1126
1125 1465
1126 1237
1127 1128
1127 1361
1128 510
1129 234
1129 1130
1130 1444
1131 1132
1131 1163
1132 1586
1133 141
1133 1134
1134 691
1135 7
1135 1136
1136 1424
1137 57
1137 1138
1138 1310
1139 96
1139 1140
1140 1296
1141 1142
1141 1175
1142 29
1143 1144
1143 1285
1144 520
1145 85
1145 1146
1146 1024
1147 863
1147 1148
1148 1048
1149 92
1149 1150
1150 602
1151 82
1151 1152
1152 812
1153 655
1153 1154
1154 226
1155 64
1155 1156
1156 1574
1157 128
1157 1158
1158 291
1159 1160
1159 1377
1160 917
1161 667
1161 1162
1162 1004
1163 683
1163 1164
1164 872
1165 110
1165 1166
1166 1115
1167 927
1167 1168
1168 810
1169 488
1169 1170
1170 1066
1171 1172
1171 1313
1172 221
1173 1174
1173 1368
1174 119
1175 624
1175 1176
1176 1507
1177 1178
1177 1196
1178 1585
1179 1028
1179 1180
1180 974
1181 437
1181 1182
1182 298
1183 1125
1183 1184
1184 56
1185 705
1185 1186
1186 290
1187 595
1187 1188
1188 879
1189 363
1189 1190
1190 963
1191 1192
1191 1379
1192 1198
1193 48
1193 1194
1194 1242
1195 1196
1195 1340
1196 977
1197 1198
1197 1276
1198 184
1199 403
1199 1200
1200 1212
1201 1035
1201 1202
1202 33
1203 685
1203 1204
1204 988
1205 143
1205 1206
1206 109
1207 953
1207 1208
1208 729
1209 407
1209 1210
1210 1409
1211 673
1211 1212
1212 638
1213 310
1213 1214
1214 300
1215 392
1215 1216
1216 811
1217 611
1217 1218
1218 86
1219 1220
1219 1554
1220 1246
1221 566
1221 1222
1222 1203
1223 1224
1223 1578
1224 736
1225 813
1225 1226
1226 257
1227 784
1227 1228
1228 582
1229 517
1229 1230
1230 690
1231 695
1231 1232
1232 53
1233 417
1233 1234
1234 1253
1235 591
1235 1236
1236 641
1237 1194
1237 1238
1238 1286
1239 1001
1239 1240
1240 55
1241 386
1241 1242
1242 132
1243 851
1243 1244
1244 848
1245 913
1245 1246
1246 1551
1247 699
1247 1248
1248 950
1249 352
1249 1250
1250 1534
1251 1252
1251 1506
1252 1467
1253 1254
1253 1269
1254 1193
1255 1256
1255 1319
1256 158
1257 1003
1257 1258
1258 656
1259 1260
1259 1417
1260 1229
1261 306
1261 1262
1262 1460
1263 1105
1263 1264
1264 824
1265 657
1265 1266
1266 191
1267 1268
1267 1485
1268 1596
1269 578
1269 1270
1270 1338
1271 214
1271 1272
1272 882
1273 773
1273 1274
1274 891
1275 615
1275 1276
1276 1192
1277 451
1277 1278
1278 200
1279 1280
1279 1386
1280 740
1281 1178
1281 1282
1282 924
1283 1284
1283 1384
1284 512
1285 1231
1285 1286
1286 446
1287 1101
1287 1288
1288 511
1289 347
1289 1290
1290 206
1291 1263
1291 1292
1292 1439
1293 49
1293 1294
1294 505
1295 9
1295 1296
1296 428
1297 1298
1297 1497
1298 710
1299 1255
1299 1300
1300 1469
1301 720
1301 1302
1302 1104
1303 354
1303 1304
1304 724
1305 936
1305 1306
1306 1404
1307 993
1307 1308
1308 1476
1309 568
1309 1310
1310 1421
1311 640
1311 1312
1312 238
1313 1157
1313 1314
1314 1152
1315 935
1315 1316
1316 266
1317 669
1317 1318
1318 1330
1319 1320
1319 1455
1320 1006
1321 364
1321 1322
1322 1126
1323 751
1323 1324
1324 636
1325 309
1325 1326
1326 983
1327 726
1327 1328
1328 672
1329 1133
1329 1330
1330 344
1331 1093
1331 1332
1332 1254
1333 1108
1333 1334
1334 418
1335 769
1335 1336
1336 1240
1337 1338
1337 1613
1338 994
1339 199
1339 1340
1340 658
1341 273
1341 1342
1342 772
1343 411
1343 1344
1344 946
1345 1265
1345 1346
1346 1262
1347 1226
1347 1348
1348 550
1349 979
1349 1350
1350 399
1351 1352
1351 1381
1352 1452
1353 731
1353 1354
1354 325
1355 356
1355 1356
1356 1130
1357 249
1357 1358
1358 556
1359 97
1359 1360
1360 1123
1361 779
1361 1362
1362 842
1363 263
1363 1364
1364 1441
1365 239
1365 1366
1366 820
1367 4
1367 1368
1368 1606
1369 600
1369 1370
1370 449
1371 922
1371 1372
1372 166
1373 27
1373 1374
1374 718
1375 1121
1375 1376
1376 1482
1377 1378
1377 1603
1378 975
1379 487
1379 1380
1380 564
1381 44
1381 1382
1382 1206
1383 899
1383 1384
1384 664
1385 299
1385 1386
1386 920
1387 1370
1387 1388
1388 1552
1389 679
1389 1390
1390 584
1391 937
1391 1392
1392 929
1393 1394
1393 1605
1394 90
1395 1396
1395 1519
1396 827
1397 281
1397 1398
1398 1390
1399 961
1399 1400
1400 1223
1401 677
1401 1402
1402 1432
1403 823
1403 1404
1404 258
1405 1406
1405 1411
1406 574
1407 1100
1407 1408
1408 576
1409 360
1409 1410
1410 146
1411 895
1411 1412
1412 696
1413 1044
1413 1414
1414 1488
1415 416
1415 1416
1416 845
1417 303
1417 1418
1418 855
1419 373
1419 1420
1420 359
1421 972
1421 1422
1422 906
1423 607
1423 1424
1424 1062
1425 1087
1425 1426
1426 8
1427 1428
1427 1459
1428 68
1429 587
1429 1430
1430 1241
1431 960
1431 1432
1432 405
1433 1122
1433 1434
1434 1344
1435 1065
1435 1436
1436 204
1437 1215
1437 1438
1438 1480
1439 58
1439 1440
1440 496
1441 103
1441 1442
1442 1311
1443 1009
1443 1444
1444 1376
1445 551
1445 1446
1446 1356
1447 539
1447 1448
1448 742
1449 80
1449 1450
1450 1490
1451 1007
1451 1452
1452 1022
1453 1141
1453 1454
1454 654
1455 209
1455 1456
1456 1
1457 835
1457 1458
1458 930
1459 817
1459 1460
1460 1426
1461 1462
1461 1495
1462 171
1463 573
1463 1464
1464 481
1465 1052
1465 1466
1466 1216
1467 1027
1467 1468
1468 1579
1469 18
1469 1470
1470 1333
1471 661
1471 1472
1472 278
1473 867
1473 1474
1474 1090
1475 1359
1475 1476
1476 275
1477 1275
1477 1478
1478 606
1479 1300
1479 1480
1480 1084
1481 1329
1481 1482
1482 328
1483 662
1483 1484
1484 1274
1485 448
1485 1486
1486 124
1487 1337
1487 1488
1488 764
1489 489
1489 1490
1490 1550
1491 1492
1491 1565
1492 78
1493 1494
1493 1568
1494 1129
1495 164
1495 1496
1496 1197
1497 1070
1497 1498
1498 732
1499 118
1499 1500
1500 840
1501 398
1501 1502
1502 480
1503 709
1503 1504
1504 1011
1505 121
1505 1506
1506 507
1507 1464
1507 1508
1508 372
1509 349
1509 1510
1510 1414
1511 526
1511 1512
1512 1102
1513 821
1513 1514
1514 136
1515 1297
1515 1516
1516 1582
1517 609
1517 1518
1518 13
1519 1520
1519 1527
1520 1332
1521 782
1521 1522
1522 1220
1523 1524
1523 1542
1524 580
1525 1091
1525 1526
1526 1164
1527 1031
1527 1528
1528 1120
1529 934
1529 1530
1530 1512
1531 859
1531 1532
1532 1560
1533 788
1533 1534
1534 14
1535 51
1535 1536
1536 567
1537 1345
1537 1538
1538 1281
1539 142
1539 1540
1540 442
1541 631
1541 1542
1542 822
1543 904
1543 1544
1544 1283
1545 99
1545 1546
1546 1149
1547 524
1547 1548
1548 866
1549 915
1549 1550
1550 1533
1551 244
1551 1552
1552 1584
1553 61
1553 1554
1554 1292
1555 179
1555 1556
1556 240
1557 321
1557 1558
1558 186
1559 1545
1559 1560
1560 1013
1561 1447
1561 1562
1562 1154
1563 72
1563 1564
1564 860
1565 981
1565 1566
1566 1030
1567 429
1567 1568
1568 123
1569 692
1569 1570
1570 1454
1571 1537
1571 1572
1572 532
1573 933
1573 1574
1574 613
1575 410
1575 1576
1576 1446
1577 569
1577 1578
1578 1524
1579 597
1579 1580
1580 1388
1581 730
1581 1582
1582 252
1583 793
1583 1584
1584 26
1585 605
1585 1586
1586 504
1587 625
1587 1588
1588 1601
1589 223
1589 1590
1590 172
1591 847
1591 1592
1592 319
1593 1112
1593 1594
1594 894
1595 1282
1595 1596
1596 1609
1597 305
1597 1598
1598 1457
1599 1233
1599 1600
1600 778
1601 948
1601 1602
1602 1539
1603 1393
1603 1604
1604 293
1605 1081
1605 1606
1606 836
1607 1399
1607 1608
1608 181
1609 762
1609 1610
1610 1270
1611 572
1611 1612
1612 454
1613 1363
1613 1614
1614 1458
