0 181
0 915
3 95
3 1614
4 490
4 1061
6 962
5 1018
7 657
7 1147
8 389
8 607
9 1587
10 1582
11 665
11 1383
13 421
13 1480
15 693
15 1583
17 595
17 717
19 606
19 1144
21 568
21 656
23 24
23 92
24 807
25 26
25 641
26 660
27 28
27 689
28 1238
29 30
29 374
30 1591
31 32
31 640
32 1282
33 34
33 544
34 77
35 36
35 886
36 720
37 17
37 38
38 588
39 40
39 928
40 260
41 42
41 593
42 899
43 44
43 1179
44 953
45 46
45 133
46 1106
47 48
47 822
48 1236
49 50
49 174
50 1105
51 52
51 1324
52 1116
53 54
53 371
54 1303
55 56
55 981
56 1574
57 58
57 497
58 850
59 60
59 978
60 1571
61 62
61 445
62 219
63 64
63 1224
64 642
65 66
65 273
66 632
67 68
67 365
68 558
69 70
69 509
70 424
71 72
71 1027
72 244
73 74
73 1063
74 1308
75 76
75 887
76 1210
77 78
77 533
78 19
79 80
79 151
80 630
81 82
81 690
82 21
83 84
83 99
84 1454
85 86
85 955
86 1288
87 88
87 1317
88 1397
89 90
89 381
90 675
91 92
91 1430
92 188
93 94
93 722
94 741
95 96
95 1395
96 51
97 98
97 341
98 440
99 75
99 100
100 142
101 102
101 774
102 711
103 104
103 1485
104 1344
105 66
105 106
106 1064
107 108
107 880
108 358
109 110
109 933
110 1588
111 112
111 868
112 908
113 114
113 583
114 782
115 116
115 998
116 294
117 118
117 209
118 948
119 120
119 1457
120 1101
121 122
121 917
122 306
123 124
123 161
124 817
125 126
125 944
126 864
127 128
127 1515
128 1298
129 130
129 830
130 870
131 132
131 256
132 1592
133 134
133 871
134 466
135 136
135 909
136 261
137 138
137 241
138 834
139 140
139 1085
140 614
141 142
141 282
142 1425
143 144
143 1005
144 925
145 146
145 629
146 1594
147 148
147 918
148 1595
149 150
149 1505
150 924
151 152
151 277
152 1
153 154
153 946
154 1043
155 156
155 1453
156 570
157 158
157 777
158 561
159 160
159 394
160 298
161 162
161 598
162 1577
163 164
163 758
164 605
165 166
165 1169
166 111
167 168
167 1328
168 352
169 170
169 617
170 388
171 172
171 1363
172 349
173 174
173 825
174 812
175 176
175 1203
176 1337
177 39
177 178
178 224
179 180
179 317
180 1494
181 182
181 961
182 1335
183 184
183 1193
184 898
185 186
185 957
186 1440
187 188
187 451
188 1244
189 57
189 190
190 1052
191 192
191 467
192 168
193 58
193 194
194 764
195 196
195 281
196 866
197 198
197 838
198 268
199 200
199 291
200 788
201 202
201 726
202 454
203 204
203 1376
204 688
205 65
205 206
206 603
207 208
207 1544
208 312
209 210
209 1468
210 334
211 212
211 511
212 114
213 214
213 1150
214 16
215 216
215 1523
216 470
217 218
217 1207
218 1382
219 220
219 1120
220 904
221 222
221 535
222 355
223 224
223 1134
224 146
225 226
225 755
226 1300
227 228
227 1283
228 784
229 230
229 658
230 907
231 232
231 649
232 594
233 234
233 417
234 1189
235 236
235 323
236 517
237 238
237 1471
238 792
239 240
239 919
240 438
241 126
241 242
242 932
243 244
243 1462
244 1242
245 246
245 781
246 6
247 47
247 248
248 96
249 250
249 1001
250 872
251 252
251 1073
252 1356
253 24
253 254
254 1599
255 256
255 1529
256 123
257 258
257 1401
258 931
259 260
259 646
260 1518
261 262
261 1121
262 1254
263 264
263 736
264 356
265 32
265 266
266 1492
267 268
267 493
268 488
269 270
269 803
270 136
271 272
271 729
272 1402
273 274
273 1151
274 902
275 276
275 780
276 214
277 278
277 364
278 800
279 280
279 307
280 1461
281 282
281 1378
282 279
283 284
283 624
284 1265
285 155
285 286
286 406
287 288
287 1031
288 574
289 290
289 373
290 575
291 217
291 292
292 813
293 294
293 1411
294 1386
295 296
295 753
296 1537
297 298
297 1221
298 1012
299 300
299 1299
300 816
301 302
301 1175
302 1133
303 304
303 434
304 1217
305 306
305 682
306 1546
307 308
307 1002
308 826
309 310
309 790
310 546
311 222
311 312
312 49
313 205
313 314
314 1478
315 316
315 740
316 1037
317 318
317 1326
318 1570
319 320
319 995
320 170
321 322
321 1240
322 1596
323 324
323 673
324 338
325 326
325 1290
326 712
327 227
327 328
328 362
329 330
329 538
330 1370
331 332
331 1109
332 337
333 334
333 765
334 500
335 336
335 747
336 1204
337 338
337 1387
338 766
339 340
339 403
340 548
341 342
341 1103
342 1304
343 344
343 1177
344 1476
345 346
345 441
346 572
347 348
347 350
348 336
349 350
349 1199
350 639
351 352
351 1427
352 189
353 354
353 989
354 127
355 150
355 356
356 1371
357 358
357 1550
358 310
359 54
359 360
360 1086
361 362
361 1417
362 359
363 249
363 364
364 1231
365 366
365 1131
366 1360
367 368
367 1075
368 1604
369 370
369 851
370 999
371 187
371 372
372 1153
373 37
373 374
374 91
375 376
375 1385
376 299
377 378
377 557
378 1049
379 380
379 1168
380 110
381 382
381 1074
382 1536
383 265
383 384
384 1560
385 386
385 536
386 1354
387 388
387 1490
388 1156
389 390
389 623
390 1318
391 392
391 746
392 1062
393 97
393 394
394 390
395 396
395 1486
396 3
397 398
397 798
398 250
399 354
399 400
400 286
401 402
401 698
402 275
403 404
403 416
404 1020
405 406
405 584
406 474
407 408
407 1115
408 835
409 410
409 1243
410 464
411 412
411 1403
412 1451
413 351
413 414
414 845
415 416
415 422
416 1048
417 418
417 1573
418 196
419 212
419 420
420 1088
421 422
421 911
422 228
423 303
423 424
424 1045
425 426
425 1409
426 662
427 428
427 1483
428 1516
429 292
429 430
430 709
431 432
431 795
432 648
433 434
433 883
434 414
435 436
435 1481
436 951
437 438
437 539
438 664
439 440
439 527
440 1060
441 442
441 1041
442 1400
443 444
443 564
444 118
445 446
445 477
446 213
447 320
447 448
448 1338
449 450
449 839
450 1184
451 452
451 1373
452 1528
453 454
453 613
454 287
455 456
455 1458
456 1230
457 167
457 458
458 379
459 87
459 460
460 412
461 462
461 752
462 530
463 464
463 762
464 1532
465 466
465 1519
466 1268
467 468
467 1487
468 180
469 121
469 470
470 873
471 472
471 482
472 700
473 474
473 773
474 638
475 476
475 1361
476 210
477 478
477 1435
478 818
479 480
479 526
480 942
481 221
481 482
482 13
483 484
483 1259
484 1374
485 486
485 503
486 1249
487 271
487 488
488 200
489 490
489 610
490 1039
491 492
491 1531
492 1605
493 494
493 996
494 894
495 496
495 1465
496 1535
497 498
497 1010
498 892
499 500
499 1353
500 420
501 502
501 725
502 1200
503 504
503 1137
504 27
505 345
505 506
506 1194
507 508
507 1195
508 1489
509 510
509 1233
510 462
511 512
511 1513
512 162
513 514
513 679
514 976
515 516
515 1047
516 634
517 31
517 518
518 566
519 69
519 520
520 202
521 522
521 1111
522 1346
523 524
523 827
524 376
525 526
525 823
526 1611
527 328
527 528
528 1548
529 530
529 1609
530 402
531 532
531 715
532 769
533 247
533 534
534 207
535 101
535 536
536 1160
537 225
537 538
538 254
539 540
539 655
540 707
541 267
541 542
542 238
543 544
543 1367
544 1247
545 72
545 546
546 1258
547 548
547 916
548 197
549 550
549 941
550 278
551 552
551 1423
552 456
553 554
553 1112
554 1198
555 433
555 556
556 280
557 558
557 893
558 1469
559 370
559 560
560 668
561 562
561 1044
562 1438
563 564
563 884
564 1019
565 566
565 1129
566 567
567 479
567 568
568 672
569 41
569 570
570 79
571 572
571 843
572 697
573 574
573 855
574 407
575 576
575 1143
576 560
577 11
577 578
578 1348
579 580
579 1273
580 602
581 582
581 1055
582 991
583 584
583 1459
584 685
585 586
585 1098
586 1280
587 588
587 1325
588 124
589 590
589 1527
590 1392
591 592
591 947
592 1333
593 521
593 594
594 1347
595 596
595 1375
596 531
597 598
597 1275
598 775
599 600
599 659
600 959
601 602
601 945
602 1341
603 604
603 1257
604 88
605 514
605 606
606 415
607 608
607 1291
608 778
609 610
609 1497
610 1391
611 612
611 669
612 1422
613 614
613 1433
614 340
615 269
615 616
616 363
617 347
617 618
618 1032
619 18
619 620
620 1306
621 622
621 1050
622 1508
623 624
623 1569
624 601
625 626
625 1059
626 534
627 628
627 681
628 1464
629 361
629 630
630 771
631 632
631 723
632 1441
633 634
633 1015
634 737
635 251
635 636
636 1434
637 257
637 638
638 1245
639 578
639 640
640 1022
641 537
641 642
642 1522
643 644
643 1448
644 528
645 646
645 853
646 1600
647 648
647 990
648 550
649 485
649 650
650 52
651 367
651 652
652 1162
653 654
653 960
654 985
655 656
655 1463
656 166
657 293
657 658
658 1155
659 660
659 1023
660 1188
661 172
661 662
662 130
663 435
663 664
664 1456
665 666
665 1301
666 481
667 668
667 858
668 1261
669 255
669 670
670 691
671 555
671 672
672 1558
673 515
673 674
674 178
675 676
675 1590
676 1174
677 678
677 1114
678 552
679 680
679 1289
680 1540
681 131
681 682
682 1093
683 684
683 731
684 935
685 686
685 1119
686 1406
687 688
687 1292
688 22
689 690
689 1053
690 556
691 671
691 692
692 811
693 694
693 756
694 1547
695 696
695 1100
696 458
697 463
697 698
698 738
699 700
699 1359
700 772
701 543
701 702
702 1220
703 704
703 1593
704 1149
705 706
705 1551
706 591
707 308
707 708
708 633
709 710
709 968
710 163
711 2
711 712
712 122
713 240
713 714
714 498
715 551
715 716
716 912
717 409
717 718
718 484
719 288
719 720
720 763
721 245
721 722
722 1208
723 68
723 724
724 562
725 726
725 977
726 237
727 728
727 1394
728 1384
729 730
729 793
730 616
731 30
731 732
732 1511
733 82
733 734
734 1222
735 736
735 754
736 1030
737 738
737 1076
738 1398
739 105
739 740
740 436
741 549
741 742
742 448
743 744
743 1170
744 348
745 230
745 746
746 910
747 748
747 1345
748 854
749 408
749 750
750 878
751 752
751 1211
752 1227
753 505
753 754
754 499
755 756
755 997
756 405
757 758
757 1196
758 1272
759 9
759 760
760 1262
761 762
761 1216
762 28
763 243
763 764
764 384
765 525
765 766
766 667
767 768
767 1389
768 193
769 770
769 987
770 1597
771 772
771 1372
772 1312
773 506
773 774
774 1209
775 776
775 913
776 1206
777 611
777 778
778 1526
779 8
779 780
780 728
781 782
781 1223
782 1006
783 620
783 784
784 901
785 145
785 786
786 169
787 246
787 788
788 226
789 790
789 1495
790 106
791 792
791 1009
792 442
793 670
793 794
794 1296
795 582
795 796
796 276
797 183
797 798
798 116
799 290
799 800
800 1534
801 33
801 802
802 431
803 335
803 804
804 1090
805 289
805 806
806 1412
807 808
807 1315
808 425
809 285
809 810
810 592
811 812
811 1235
812 382
813 814
813 906
814 1127
815 816
815 926
816 768
817 818
817 1065
818 1564
819 627
819 820
820 428
821 822
821 929
822 654
823 824
823 1321
824 905
825 10
825 826
826 134
827 828
827 1113
828 1339
829 802
829 830
830 1466
831 832
831 1578
832 1104
833 512
833 834
834 1102
835 836
835 1572
836 1146
837 235
837 838
838 1342
839 635
839 840
840 710
841 842
841 1197
842 444
843 844
843 1368
844 190
845 93
845 846
846 914
847 848
847 1586
848 1069
849 313
849 850
850 60
851 581
851 852
852 966
853 423
853 854
854 1512
855 856
855 1205
856 128
857 71
857 858
858 259
859 141
859 860
860 215
861 862
861 1123
862 1110
863 469
863 864
864 1561
865 719
865 866
866 1000
867 868
867 1566
868 1563
869 870
869 1533
870 502
871 872
871 923
872 396
873 571
873 874
874 1452
875 876
875 1148
876 1399
877 270
877 878
878 1071
879 59
879 880
880 666
881 457
881 882
882 718
883 569
883 884
884 232
885 886
885 1145
886 1125
887 203
887 888
888 1541
889 589
889 890
890 1323
891 206
891 892
892 608
893 353
893 894
894 927
895 896
895 1082
896 1514
897 315
897 898
898 1232
899 900
899 1124
900 1496
901 902
901 1500
902 984
903 904
903 1067
904 604
905 906
905 1051
906 1608
907 908
907 1096
908 1472
909 489
909 910
910 443
911 912
911 1421
912 1132
913 914
913 1357
914 156
915 856
915 916
916 1559
917 15
917 918
918 1351
919 920
919 1327
920 1314
921 922
921 1252
922 129
923 663
923 924
924 321
925 926
925 1365
926 1470
927 928
927 1095
928 1379
929 799
929 930
930 1503
931 932
931 1054
932 545
933 465
933 934
934 1330
935 936
935 1584
936 368
937 938
937 1555
938 1270
939 45
939 940
940 1038
941 888
941 942
942 1250
943 944
943 1479
944 471
945 946
945 1305
946 1171
947 297
947 948
948 702
949 950
949 1507
950 1274
951 439
951 952
952 366
953 508
953 954
954 695
955 832
955 956
956 387
957 958
957 1279
958 694
959 587
959 960
960 661
961 199
961 962
962 1418
963 344
963 964
964 159
965 35
965 966
966 468
967 437
967 968
968 149
969 266
969 970
970 1172
971 7
971 972
972 1219
973 519
973 974
974 1099
975 165
975 976
976 1173
977 53
977 978
978 1307
979 413
979 980
980 579
981 391
981 982
982 102
983 455
983 984
984 1164
985 986
985 993
986 1266
987 988
987 1181
988 191
989 532
989 990
990 322
991 518
991 992
992 895
993 994
993 1340
994 1442
995 824
995 996
996 372
997 998
997 1255
998 393
999 94
999 1000
1000 1187
1001 889
1001 1002
1002 1117
1003 1004
1003 1607
1004 1349
1005 113
1005 1006
1006 829
1007 492
1007 1008
1008 882
1009 1010
1009 1234
1010 618
1011 483
1011 1012
1012 1294
1013 612
1013 1014
1014 242
1015 1016
1015 1130
1016 20
1017 231
1017 1018
1018 1034
1019 684
1019 1020
1020 696
1021 42
1021 1022
1022 745
1023 1003
1023 1024
1024 1070
1025 12
1025 1026
1026 1201
1027 523
1027 1028
1028 897
1029 828
1029 1030
1030 626
1031 1032
1031 1343
1032 1166
1033 547
1033 1034
1034 325
1035 1036
1035 1163
1036 80
1037 1038
1037 1336
1038 50
1039 1040
1039 1504
1040 204
1041 1042
1041 1517
1042 1310
1043 343
1043 1044
1044 529
1045 1046
1045 1443
1046 704
1047 153
1047 1048
1048 1138
1049 177
1049 1050
1050 140
1051 625
1051 1052
1052 751
1053 885
1053 1054
1054 573
1055 903
1055 1056
1056 1004
1057 284
1057 1058
1058 55
1059 1060
1059 1445
1060 580
1061 264
1061 1062
1062 432
1063 377
1063 1064
1064 1444
1065 969
1065 1066
1066 220
1067 1068
1067 1575
1068 164
1069 877
1069 1070
1070 1046
1071 1072
1071 1568
1072 478
1073 706
1073 1074
1074 950
1075 819
1075 1076
1076 302
1077 721
1077 1078
1078 446
1079 1080
1079 1331
1080 1419
1081 949
1081 1082
1082 1450
1083 331
1083 1084
1084 1154
1085 216
1085 1086
1086 748
1087 333
1087 1088
1088 1066
1089 1090
1089 1159
1090 248
1091 585
1091 1092
1092 1553
1093 1094
1093 1501
1094 1078
1095 1096
1095 1509
1096 385
1097 1098
1097 1178
1098 360
1099 85
1099 1100
1100 86
1101 399
1101 1102
1102 896
1103 1021
1103 1104
1104 761
1105 98
1105 1106
1106 38
1107 1108
1107 1613
1108 739
1109 1110
1109 1579
1110 974
1111 861
1111 1112
1112 476
1113 805
1113 1114
1114 1316
1115 1116
1115 1139
1116 410
1117 296
1117 1118
1118 1011
1119 857
1119 1120
1120 398
1121 1122
1121 1297
1122 426
1123 809
1123 1124
1124 1185
1125 459
1125 1126
1126 749
1127 1128
1127 1256
1128 900
1129 1083
1129 1130
1130 316
1131 1077
1131 1132
1132 986
1133 76
1133 1134
1134 1488
1135 1136
1135 1239
1136 1475
1137 1138
1137 1267
1138 1580
1139 1140
1139 1589
1140 383
1141 565
1141 1142
1142 651
1143 713
1143 1144
1144 380
1145 1146
1145 1332
1146 1218
1147 143
1147 1148
1148 1311
1149 43
1149 1150
1150 461
1151 637
1151 1152
1152 644
1153 429
1153 1154
1154 48
1155 1156
1155 1355
1156 1426
1157 1158
1157 1313
1158 1136
1159 375
1159 1160
1160 311
1161 1162
1161 1293
1162 956
1163 137
1163 1164
1164 1520
1165 1166
1165 1499
1166 1603
1167 1168
1167 1530
1168 330
1169 1170
1169 1377
1170 1260
1171 1158
1171 1172
1172 1264
1173 100
1173 1174
1174 727
1175 833
1175 1176
1176 815
1177 847
1177 1178
1178 1484
1179 1058
1179 1180
1180 621
1181 1165
1181 1182
1182 1491
1183 1040
1183 1184
1184 447
1185 542
1185 1186
1186 874
1187 972
1187 1188
1188 1477
1189 678
1189 1190
1190 852
1191 1079
1191 1192
1192 513
1193 939
1193 1194
1194 175
1195 1196
1195 1549
1196 1552
1197 147
1197 1198
1198 1202
1199 1200
1199 1320
1200 836
1201 970
1201 1202
1202 1473
1203 1204
1203 1309
1204 6
1205 759
1205 1206
1206 305
1207 1141
1207 1208
1208 1467
1209 1210
1209 1539
1210 1319
1211 26
1211 1212
1212 1428
1213 586
1213 1214
1214 392
1215 1216
1215 1437
1216 1190
1217 1218
1217 1329
1218 553
1219 1220
1219 1380
1220 554
1221 599
1221 1222
1222 742
1223 1157
1223 1224
1224 881
1225 487
1225 1226
1226 208
1227 1228
1227 1446
1228 5
1229 1230
1229 1277
1230 1542
1231 430
1231 1232
1232 1390
1233 524
1233 1234
1234 875
1235 139
1235 1236
1236 776
1237 714
1237 1238
1238 1253
1239 609
1239 1240
1240 378
1241 223
1241 1242
1242 46
1243 779
1243 1244
1244 1381
1245 236
1245 1246
1246 386
1247 1248
1247 1393
1248 1246
1249 652
1249 1250
1250 716
1251 891
1251 1252
1252 10
1253 643
1253 1254
1254 1025
1255 295
1255 1256
1256 263
1257 615
1257 1258
1258 274
1259 1248
1259 1260
1260 234
1261 954
1261 1262
1262 1180
1263 1264
1263 1269
1264 78
1265 831
1265 1266
1266 1502
1267 475
1267 1268
1268 34
1269 319
1269 1270
1270 890
1271 158
1271 1272
1272 1094
1273 1274
1273 1598
1274 750
1275 23
1275 1276
1276 1035
1277 1017
1277 1278
1278 958
1279 808
1279 1280
1280 940
1281 1097
1281 1282
1282 590
1283 1135
1283 1284
1284 339
1285 1057
1285 1286
1286 1084
1287 628
1287 1288
1288 1033
1289 979
1289 1290
1290 342
1291 103
1291 1292
1292 185
1293 1294
1293 1415
1294 132
1295 1296
1295 1366
1296 934
1297 452
1297 1298
1298 194
1299 967
1299 1300
1300 450
1301 109
1301 1302
1302 876
1303 460
1303 1304
1304 794
1305 849
1305 1306
1306 1241
1307 1308
1307 1322
1308 922
1309 1191
1309 1310
1310 1407
1311 859
1311 1312
1312 1510
1313 332
1313 1314
1314 692
1315 496
1315 1316
1316 576
1317 846
1317 1318
1318 1287
1319 1068
1319 1320
1320 218
1321 785
1321 1322
1322 107
1323 115
1323 1324
1324 324
1325 369
1325 1326
1326 1142
1327 1089
1327 1328
1328 1585
1329 1024
1329 1330
1330 1602
1331 1332
1331 1405
1332 645
1333 1212
1333 1334
1334 1436
1335 125
1335 1336
1336 963
1337 1278
1337 1338
1338 84
1339 491
1339 1340
1340 1285
1341 486
1341 1342
1342 326
1343 1344
1343 1352
1344 318
1345 1346
1345 1413
1346 74
1347 301
1347 1348
1348 1056
1349 427
1349 1350
1350 1524
1351 631
1351 1352
1352 1521
1353 687
1353 1354
1354 62
1355 757
1355 1356
1356 708
1357 699
1357 1358
1358 5
1359 841
1359 1360
1360 1358
1361 797
1361 1362
1362 112
1363 195
1363 1364
1364 1498
1365 272
1365 1366
1366 1091
1367 171
1367 1368
1368 879
1369 597
1369 1370
1370 1556
1371 64
1371 1372
1372 840
1373 29
1373 1374
1374 806
1375 653
1375 1376
1376 937
1377 157
1377 1378
1378 1449
1379 70
1379 1380
1380 419
1381 135
1381 1382
1382 619
1383 1384
1383 1581
1384 1482
1385 73
1385 1386
1386 683
1387 971
1387 1388
1388 804
1389 411
1389 1390
1390 148
1391 973
1391 1392
1392 1108
1393 239
1393 1394
1394 674
1395 869
1395 1396
1396 36
1397 40
1397 1398
1398 1008
1399 1400
1399 1439
1400 120
1401 703
1401 1402
1402 119
1403 300
1403 1404
1404 1334
1405 1225
1405 1406
1406 810
1407 283
1407 1408
1408 81
1409 540
1409 1410
1410 1414
1411 61
1411 1412
1412 1420
1413 1414
1413 1424
1414 1554
1415 63
1415 1416
1416 622
1417 701
1417 1418
1418 676
1419 418
1419 1420
1420 760
1421 1422
1421 1506
1422 1128
1423 1042
1423 1424
1424 1493
1425 1426
1425 1610
1426 152
1427 596
1427 1428
1428 89
1429 577
1429 1430
1430 83
1431 346
1431 1432
1432 516
1433 504
1433 1434
1434 980
1435 1369
1435 1436
1436 1416
1437 930
1437 1438
1438 90
1439 258
1439 1440
1440 44
1441 650
1441 1442
1442 314
1443 1080
1443 1444
1444 1396
1445 9
1445 1446
1446 952
1447 1448
1447 1543
1448 1432
1449 1429
1449 1450
1450 184
1451 1013
1451 1452
1452 480
1453 863
1453 1454
1454 1410
1455 1456
1455 1525
1456 1302
1457 1263
1457 1458
1458 920
1459 1229
1459 1460
1460 449
1461 837
1461 1462
1462 1237
1463 201
1463 1464
1464 1286
1465 791
1465 1466
1466 1007
1467 179
1467 1468
1468 404
1469 730
1469 1470
1470 789
1471 357
1471 1472
1472 1213
1473 401
1473 1474
1474 1183
1475 1455
1475 1476
1476 1431
1477 1271
1477 1478
1478 1014
1479 25
1479 1480
1480 743
1481 1087
1481 1482
1482 1016
1483 1281
1483 1484
1484 192
1485 495
1485 1486
1486 770
1487 1182
1487 1488
1488 733
1489 522
1489 1490
1490 647
1491 507
1491 1492
1492 1284
1493 395
1493 1494
1494 329
1495 965
1495 1496
1496 304
1497 501
1497 1498
1498 992
1499 1251
1499 1500
1500 744
1501 1388
1501 1502
1502 1214
1503 541
1503 1504
1504 767
1505 865
1505 1506
1506 397
1507 559
1507 1508
1508 472
1509 1176
1509 1510
1510 820
1511 1512
1511 1565
1512 1226
1513 229
1513 1514
1514 252
1515 860
1515 1516
1516 734
1517 67
1517 1518
1518 842
1519 473
1519 1520
1520 1092
1521 983
1521 1522
1522 1028
1523 848
1523 1524
1524 724
1525 821
1525 1526
1526 1350
1527 144
1527 1528
1528 520
1529 943
1529 1530
1530 844
1531 600
1531 1532
1532 686
1533 4
1533 1534
1534 1404
1535 735
1535 1536
1536 867
1537 1408
1537 1538
1538 138
1539 563
1539 1540
1540 1122
1541 1542
1541 1576
1542 1126
1543 732
1543 1544
1544 1276
1545 1140
1545 1546
1546 56
1547 160
1547 1548
1548 510
1549 1550
1549 1601
1550 1107
1551 1447
1551 1552
1552 1161
1553 198
1553 1554
1554 1152
1555 921
1555 1556
1556 1228
1557 1081
1557 1558
1558 1474
1559 1036
1559 1560
1560 1362
1561 677
1561 1562
1562 1026
1563 262
1563 1564
1564 104
1565 862
1565 1566
1566 787
1567 154
1567 1568
1568 14
1569 1192
1569 1570
1570 936
1571 814
1571 1572
1572 1167
1573 988
1573 1574
1574 108
1575 233
1575 1576
1576 253
1577 1557
1577 1578
1578 786
1579 975
1579 1580
1580 982
1581 705
1581 1582
1582 1215
1583 796
1583 1584
1584 1364
1585 327
1585 1586
1586 938
1587 173
1587 1588
1588 1612
1589 400
1589 1590
1590 117
1591 1118
1591 1592
1592 1072
1593 801
1593 1594
1594 680
1595 1596
1595 1606
1596 994
1597 1460
1597 1598
1598 1295
1599 186
1599 1600
1600 783
1601 211
1601 1602
1602 176
1603 494
1603 1604
1604 1562
1605 964
1605 1606
1606 309
1607 1029
1607 1608
1608 1567
1609 1545
1609 1610
1610 636
1611 182
1611 1612
1612 1186
1613 453
1613 1614
1614 1538
