0 1367
0 1391
3 79
3 463
4 660
4 1311
6 876
5 1273
7 159
7 547
8 9
8 607
9 1066
10 1125
11 654
11 702
13 898
13 1008
15 191
15 748
17 321
17 785
19 52
19 537
21 893
21 915
23 24
23 1363
24 928
25 26
25 1026
26 1280
27 28
27 405
28 1427
29 30
29 1288
30 158
31 32
31 157
32 590
33 34
33 572
34 196
35 36
35 1404
36 1510
37 38
37 871
38 1326
39 40
39 115
40 714
41 42
41 1069
42 1340
43 44
43 169
44 516
45 46
45 1212
46 1414
47 48
47 1035
48 24
49 50
49 156
50 1064
51 52
51 586
52 1054
53 45
53 54
54 1294
55 56
55 814
56 270
57 58
57 969
58 626
59 60
59 415
60 1493
61 62
61 649
62 648
63 64
63 1050
64 1285
65 66
65 276
66 438
67 68
67 440
68 218
69 70
69 1041
70 195
71 72
71 145
72 286
73 74
73 1516
74 1070
75 76
75 1039
76 618
77 78
77 82
78 580
79 80
79 870
80 353
81 82
81 837
82 1218
83 84
83 527
84 1187
85 86
85 599
86 229
87 7
87 88
88 507
89 90
89 846
90 806
91 92
91 1559
92 94
93 94
93 351
94 941
95 96
95 637
96 1277
97 98
97 1561
98 986
99 100
99 768
100 210
101 102
101 933
102 474
103 104
103 892
104 1455
105 106
105 1592
106 502
107 108
107 1540
108 954
109 110
109 493
110 73
111 54
111 112
112 906
113 114
113 966
114 1222
115 116
115 1152
116 1056
117 118
117 1091
118 1205
119 120
119 562
120 154
121 122
121 1128
122 460
123 124
123 907
124 200
125 126
125 1562
126 1124
127 128
127 887
128 430
129 130
129 610
130 1437
131 132
131 538
132 603
133 134
133 816
134 937
135 136
135 322
136 1012
137 138
137 1565
138 1379
139 140
139 820
140 1360
141 142
141 226
142 548
143 144
143 310
144 998
145 146
145 591
146 93
147 148
147 193
148 520
149 150
149 549
150 378
151 152
151 1358
152 252
153 154
153 1509
154 74
155 156
155 1145
156 1135
157 158
157 939
158 1603
159 160
159 1573
160 741
161 162
161 597
162 1174
163 164
163 894
164 20
165 166
165 215
166 130
167 168
167 1049
168 25
169 170
169 173
170 304
171 172
171 178
172 1268
173 174
173 1445
174 277
175 176
175 666
176 172
177 178
177 1127
178 859
179 43
179 180
180 1235
181 182
181 579
182 1467
183 184
183 901
184 1220
185 186
185 845
186 204
187 188
187 1569
188 1151
189 190
189 331
190 1442
191 192
191 990
192 1432
193 194
193 581
194 522
195 196
195 1086
196 12
197 27
197 198
198 379
199 200
199 667
200 446
201 202
201 475
202 447
203 204
203 696
204 1371
205 206
205 925
206 305
207 208
207 1545
208 528
209 210
209 1398
210 230
211 212
211 1208
212 1306
213 214
213 1296
214 760
215 216
215 248
216 991
217 218
217 1599
218 678
219 220
219 611
220 782
221 222
221 490
222 1168
223 224
223 947
224 1481
225 226
225 1213
226 1155
227 228
227 913
228 456
229 230
229 585
230 856
231 232
231 387
232 1316
233 234
233 739
234 1247
235 236
235 1223
236 245
237 238
237 1609
238 851
239 240
239 399
240 134
241 23
241 242
242 518
243 244
243 1566
244 720
245 246
245 409
246 34
247 248
247 1180
248 1330
249 250
249 729
250 408
251 252
251 1347
252 1542
253 254
253 285
254 884
255 9
255 256
256 592
257 235
257 258
258 1138
259 260
259 709
260 596
261 262
261 1513
262 1102
263 69
263 264
264 529
265 266
265 647
266 642
267 268
267 1555
268 296
269 270
269 1327
270 1140
271 272
271 773
272 1387
273 274
273 1464
274 576
275 276
275 1339
276 1395
277 278
277 1519
278 416
279 280
279 1013
280 1392
281 282
281 1577
282 369
283 135
283 284
284 900
285 286
285 1426
286 1524
287 288
287 517
288 695
289 290
289 996
290 358
291 292
291 293
292 315
293 294
293 481
294 290
295 296
295 686
296 968
297 183
297 298
298 962
299 300
299 755
300 407
301 302
301 505
302 531
303 255
303 304
304 1085
305 306
305 1596
306 934
307 308
307 777
308 1270
309 310
309 485
310 835
311 312
311 491
312 825
313 314
313 1183
314 1048
315 316
315 950
316 112
317 318
317 1106
318 886
319 320
319 1179
320 951
321 275
321 322
322 693
323 324
323 1572
324 948
325 326
325 799
326 185
327 328
327 828
328 278
329 330
329 1137
330 484
331 332
331 542
332 1500
333 334
333 1283
334 236
335 336
335 921
336 940
337 301
337 338
338 600
339 101
339 340
340 1461
341 117
341 342
342 972
343 344
343 784
344 212
345 346
345 1424
346 1274
347 348
347 1341
348 442
349 350
349 1143
350 830
351 352
351 1375
352 40
353 259
353 354
354 978
355 356
355 1353
356 514
357 358
357 396
358 1002
359 360
359 1475
360 126
361 362
361 1568
362 1362
363 364
363 1062
364 684
365 366
365 675
366 1570
367 368
367 584
368 993
369 370
369 1256
370 604
371 372
371 1028
372 1203
373 307
373 374
374 1226
375 376
375 1169
376 421
377 225
377 378
378 930
379 380
379 874
380 1286
381 264
381 382
382 1087
383 88
383 384
384 29
385 386
385 1612
386 38
387 388
387 1522
388 149
389 390
389 1304
390 1520
391 392
391 1314
392 1332
393 394
393 1225
394 376
395 241
395 396
396 567
397 398
397 1533
398 129
399 400
399 1539
400 201
401 402
401 1197
402 383
403 404
403 1560
404 699
405 406
405 704
406 625
407 64
407 408
408 708
409 410
409 1072
410 1238
411 412
411 631
412 638
413 46
413 414
414 228
415 416
415 614
416 128
417 418
417 1252
418 842
419 420
419 1299
420 1525
421 422
421 1557
422 724
423 424
423 997
424 1546
425 267
425 426
426 309
427 247
427 428
428 1098
429 430
429 650
430 314
431 432
431 1157
432 535
433 434
433 779
434 1291
435 436
435 655
436 1506
437 3
437 438
438 1123
439 311
439 440
440 5
441 281
441 442
442 1382
443 444
443 1354
444 1598
445 446
445 745
446 1129
447 238
447 448
448 680
449 450
449 1302
450 1576
451 452
451 1553
452 804
453 454
453 822
454 362
455 456
455 1593
456 852
457 162
457 458
458 923
459 460
459 1507
460 56
461 434
461 462
462 482
463 464
463 885
464 750
465 466
465 1521
466 174
467 19
467 468
468 108
469 470
469 1257
470 1154
471 472
471 1443
472 866
473 474
473 498
474 855
475 61
475 476
476 1099
477 478
477 1293
478 366
479 480
479 1045
480 499
481 482
481 774
482 1004
483 484
483 832
484 732
485 15
485 486
486 1590
487 488
487 1219
488 1
489 490
489 615
490 731
491 492
491 891
492 956
493 302
493 494
494 676
495 496
495 1281
496 1490
497 498
497 1601
498 262
499 432
499 500
500 1588
501 502
501 1139
502 14
503 205
503 504
504 306
505 506
505 513
506 1083
507 508
507 565
508 1301
509 131
509 510
510 973
511 512
511 1514
512 931
513 514
513 1503
514 664
515 516
515 1073
516 249
517 518
517 1611
518 199
519 279
519 520
520 1172
521 522
521 652
522 1495
523 524
523 1344
524 922
525 71
525 526
526 1581
527 528
527 1531
528 890
529 80
529 530
530 673
531 532
531 1543
532 1338
533 234
533 534
534 716
535 367
535 536
536 912
537 538
537 659
538 1532
539 540
539 620
540 1452
541 542
541 919
542 918
543 544
543 1423
544 1402
545 546
545 1551
546 1436
547 207
547 548
548 60
549 253
549 550
550 1450
551 552
551 561
552 189
553 554
553 1261
554 324
555 477
555 556
556 868
557 355
557 558
558 824
559 560
559 1112
560 612
561 394
561 562
562 911
563 564
563 1554
564 924
565 566
565 1575
566 1479
567 568
567 1535
568 1459
569 181
569 570
570 1390
571 91
571 572
572 1032
573 574
573 1564
574 630
575 576
575 1378
576 1298
577 465
577 578
578 1113
579 580
579 1107
580 352
581 325
581 582
582 984
583 357
583 584
584 35
585 586
585 685
586 606
587 588
587 1440
588 1240
589 590
589 807
590 1323
591 592
591 1153
592 1295
593 594
593 1193
594 1200
595 596
595 1189
596 622
597 598
597 1518
598 1333
599 600
599 689
600 62
601 602
601 1241
602 1007
603 604
603 1335
604 938
605 381
605 606
606 550
607 608
607 633
608 858
609 610
609 1058
610 882
611 612
611 1063
612 863
613 211
613 614
614 888
615 616
615 961
616 341
617 618
617 759
618 237
619 620
619 1074
620 251
621 622
621 1610
622 328
623 624
623 665
624 1221
625 626
625 747
626 662
627 628
627 1287
628 1578
629 444
629 630
630 1604
631 320
631 632
632 1386
633 441
633 634
634 1505
635 636
635 1043
636 796
637 180
637 638
638 391
639 640
639 1511
640 412
641 642
641 967
642 1005
643 398
643 644
644 848
645 53
645 646
646 100
647 573
647 648
648 1236
649 197
649 650
650 182
651 652
651 1021
652 877
653 654
653 1477
654 982
655 656
655 827
656 89
657 658
657 879
658 1558
659 660
659 1015
660 224
661 662
661 754
662 872
663 187
663 664
664 295
665 666
665 1131
666 461
667 668
667 1231
668 624
669 670
669 935
670 1176
671 672
671 1374
672 608
673 674
673 1254
674 1036
675 676
675 873
676 981
677 256
677 678
678 1202
679 680
679 801
680 1030
681 682
681 994
682 1412
683 684
683 725
684 370
685 96
685 686
686 36
687 688
687 1275
688 778
689 690
689 791
690 1394
691 692
691 889
692 1591
693 194
693 694
694 420
695 669
695 696
696 106
697 698
697 1195
698 266
699 95
699 700
700 737
701 702
701 715
702 317
703 704
703 895
704 905
705 350
705 706
706 736
707 708
707 1061
708 914
709 710
709 1182
710 292
711 712
711 746
712 706
713 714
713 1523
714 472
715 716
715 1255
716 957
717 718
717 1249
718 90
719 476
719 720
720 68
721 179
721 722
722 318
723 724
723 786
724 316
725 168
725 726
726 1164
727 406
727 728
728 1438
729 31
729 730
730 936
731 732
731 869
732 1534
733 734
733 831
734 98
735 521
735 736
736 344
737 738
737 1343
738 1001
739 740
739 1229
740 468
741 404
741 742
742 1444
743 627
743 744
744 76
745 746
745 1321
746 672
747 323
747 748
748 356
749 433
749 750
750 1120
751 752
751 1504
752 904
753 754
753 1019
754 1536
755 167
755 756
756 59
757 758
757 1388
758 164
759 127
759 760
760 470
761 375
761 762
762 511
763 764
763 1411
764 1133
765 756
765 766
766 260
767 768
767 1023
768 122
769 557
769 770
770 217
771 772
771 1040
772 1305
773 774
773 1393
774 757
775 776
775 1309
776 1060
777 595
777 778
778 1090
779 109
779 780
780 682
781 782
781 1602
782 1142
783 784
783 977
784 743
785 282
785 786
786 1350
787 788
787 1489
788 1385
789 663
789 790
790 552
791 139
791 792
792 455
793 794
793 1530
794 243
795 78
795 796
796 332
797 798
797 1377
798 1232
799 425
799 800
800 489
801 802
801 1486
802 1271
803 804
803 1020
804 1188
805 806
805 1037
806 280
807 733
807 808
808 526
809 810
809 1373
810 198
811 812
811 1029
812 39
813 814
813 1016
814 1451
815 327
815 816
816 1434
817 692
817 818
818 632
819 97
819 820
820 767
821 822
821 1175
822 1192
823 824
823 1265
824 681
825 84
825 826
826 1246
827 787
827 828
828 1329
829 92
829 830
830 1465
831 10
831 832
832 617
833 361
833 834
834 1310
835 836
835 1364
836 780
837 838
837 1093
838 1171
839 333
839 840
840 1348
841 188
841 842
842 203
843 844
843 1458
844 66
845 471
845 846
846 843
847 848
847 1369
848 1024
849 850
849 1342
850 1092
851 852
851 1126
852 1198
853 543
853 854
854 605
855 274
855 856
856 176
857 141
857 858
858 6
859 841
859 860
860 1000
861 546
861 862
862 812
863 380
863 864
864 1336
865 51
865 866
866 1260
867 868
867 1227
868 723
869 870
869 1095
870 821
871 697
871 872
872 1582
873 495
873 874
874 263
875 428
875 876
876 864
877 878
877 987
878 1242
879 880
879 1482
880 1121
881 882
881 1162
882 1549
883 222
883 884
884 13
885 449
885 886
886 1462
887 888
887 1055
888 594
889 890
889 1017
890 17
891 161
891 892
892 1413
893 867
893 894
894 1150
895 896
895 959
896 171
897 898
897 1149
898 144
899 900
899 1315
900 121
901 691
901 902
902 422
903 300
903 904
904 758
905 510
905 906
906 1018
907 703
907 908
908 1567
909 233
909 910
910 138
911 912
911 974
912 952
913 914
913 1211
914 694
915 916
915 1419
916 1276
917 623
917 918
918 1538
919 761
919 920
920 1456
921 113
921 922
922 976
923 574
923 924
924 752
925 342
925 926
926 582
927 711
927 928
928 718
929 909
929 930
930 1042
931 118
931 932
932 1178
933 377
933 934
934 698
935 261
935 936
936 359
937 462
937 938
938 102
939 940
939 1068
940 105
941 613
941 942
942 1608
943 508
943 944
944 539
945 555
945 946
946 1418
947 813
947 948
948 1248
949 283
949 950
950 1156
951 423
951 952
952 999
953 954
953 1250
954 960
955 705
955 956
956 1422
957 33
957 958
958 1408
959 125
959 960
960 944
961 962
961 1441
962 1104
963 857
963 964
964 488
965 202
965 966
966 363
967 85
967 968
968 1082
969 970
969 1194
970 826
971 4
971 972
972 1278
973 445
973 974
974 570
975 619
975 976
976 970
977 41
977 978
978 764
979 802
979 980
980 1446
981 170
981 982
982 1384
983 953
983 984
984 958
985 788
985 986
986 1400
987 151
987 988
988 47
989 990
989 1011
990 551
991 364
991 992
992 464
993 354
993 994
994 628
995 11
995 996
996 1328
997 727
997 998
998 1614
999 1000
999 1258
1000 1166
1001 1002
1001 1351
1002 1186
1003 190
1003 1004
1004 738
1005 457
1005 1006
1006 880
1007 1008
1007 1508
1008 1282
1009 1010
1009 1469
1010 1380
1011 800
1011 1012
1012 1600
1013 208
1013 1014
1014 1159
1015 541
1015 1016
1016 1544
1017 593
1017 1018
1018 992
1019 1020
1019 1345
1020 494
1021 1022
1021 1031
1022 1033
1023 1024
1023 1100
1024 1512
1025 1026
1025 1262
1026 6
1027 690
1027 1028
1028 897
1029 1030
1029 1038
1030 360
1031 810
1031 1032
1032 1010
1033 448
1033 1034
1034 1372
1035 389
1035 1036
1036 1586
1037 1038
1037 1349
1038 1096
1039 653
1039 1040
1040 298
1041 875
1041 1042
1042 1094
1043 783
1043 1044
1044 392
1045 337
1045 1046
1046 808
1047 616
1047 1048
1048 932
1049 223
1049 1050
1050 1312
1051 1052
1051 1357
1052 794
1053 578
1053 1054
1054 1079
1055 817
1055 1056
1056 372
1057 1058
1057 1065
1058 1181
1059 775
1059 1060
1060 536
1061 1062
1061 1439
1062 419
1063 621
1063 1064
1064 1003
1065 1066
1065 1215
1066 1571
1067 730
1067 1068
1068 496
1069 1070
1069 1361
1070 942
1071 431
1071 1072
1072 16
1073 1074
1073 1405
1074 1117
1075 473
1075 1076
1076 148
1077 319
1077 1078
1078 629
1079 811
1079 1080
1080 418
1081 519
1081 1082
1082 143
1083 1034
1083 1084
1084 26
1085 1086
1085 1449
1086 1308
1087 86
1087 1088
1088 393
1089 949
1089 1090
1090 1594
1091 10
1091 1092
1092 55
1093 819
1093 1094
1094 640
1095 1096
1095 1207
1096 765
1097 28
1097 1098
1098 289
1099 1100
1099 1324
1100 500
1101 742
1101 1102
1102 766
1103 1025
1103 1104
1104 153
1105 497
1105 1106
1106 850
1107 1108
1107 1307
1108 1552
1109 601
1109 1110
1110 1416
1111 451
1111 1112
1112 744
1113 1114
1113 1548
1114 1613
1115 776
1115 1116
1116 1484
1117 559
1117 1118
1118 1132
1119 427
1119 1120
1120 192
1121 560
1121 1122
1122 284
1123 1124
1123 1170
1124 152
1125 509
1125 1126
1126 373
1127 770
1127 1128
1128 964
1129 575
1129 1130
1130 710
1131 142
1131 1132
1132 860
1133 67
1133 1134
1134 1526
1135 823
1135 1136
1136 1334
1137 81
1137 1138
1138 410
1139 1140
1139 1474
1140 1084
1141 1142
1141 1259
1142 166
1143 87
1143 1144
1144 908
1145 1146
1145 1365
1146 985
1147 1148
1147 1431
1148 1346
1149 1088
1149 1150
1150 658
1151 668
1151 1152
1152 955
1153 271
1153 1154
1154 136
1155 487
1155 1156
1156 1468
1157 975
1157 1158
1158 1537
1159 926
1159 1160
1160 1606
1161 345
1161 1162
1162 670
1163 216
1163 1164
1164 454
1165 116
1165 1166
1166 1472
1167 1027
1167 1168
1168 1165
1169 571
1169 1170
1170 558
1171 414
1171 1172
1172 1290
1173 443
1173 1174
1174 1488
1175 789
1175 1176
1176 1097
1177 1178
1177 1595
1178 1014
1179 1051
1179 1180
1180 763
1181 365
1181 1182
1182 480
1183 206
1183 1184
1184 1224
1185 70
1185 1186
1186 390
1187 1188
1187 1331
1188 556
1189 1190
1189 1401
1190 793
1191 916
1191 1192
1192 1457
1193 853
1193 1194
1194 988
1195 1196
1195 1470
1196 533
1197 467
1197 1198
1198 388
1199 792
1199 1200
1200 1228
1201 1202
1201 1607
1202 878
1203 688
1203 1204
1204 77
1205 374
1205 1206
1206 734
1207 1208
1207 1433
1208 735
1209 965
1209 1210
1210 751
1211 609
1211 1212
1212 1119
1213 679
1213 1214
1214 740
1215 239
1215 1216
1216 1109
1217 1161
1217 1218
1218 532
1219 288
1219 1220
1220 1177
1221 119
1221 1222
1222 504
1223 1081
1223 1224
1224 795
1225 1173
1225 1226
1226 1053
1227 155
1227 1228
1228 1498
1229 803
1229 1230
1230 818
1231 1232
1231 1499
1232 1325
1233 1234
1233 1266
1234 1420
1235 713
1235 1236
1236 1237
1237 209
1237 1238
1238 1264
1239 65
1239 1240
1240 1492
1241 1217
1241 1242
1242 674
1243 21
1243 1244
1244 330
1245 1118
1245 1246
1246 1185
1247 569
1247 1248
1248 308
1249 1250
1249 1515
1250 1319
1251 429
1251 1252
1252 772
1253 1254
1253 1448
1254 1244
1255 450
1255 1256
1256 18
1257 403
1257 1258
1258 1230
1259 313
1259 1260
1260 980
1261 297
1261 1262
1262 1409
1263 524
1263 1264
1264 726
1265 1266
1265 1359
1266 833
1267 797
1267 1268
1268 2
1269 896
1269 1270
1270 838
1271 1272
1271 1471
1272 1355
1273 232
1273 1274
1274 220
1275 1276
1275 1491
1276 437
1277 371
1277 1278
1278 1429
1279 1280
1279 1466
1280 646
1281 945
1281 1282
1282 1052
1283 501
1283 1284
1284 1584
1285 1286
1285 1447
1286 346
1287 123
1287 1288
1288 1300
1289 1239
1289 1290
1290 1322
1291 348
1291 1292
1292 1080
1293 899
1293 1294
1294 124
1295 771
1295 1296
1296 1196
1297 545
1297 1298
1298 150
1299 1115
1299 1300
1300 1022
1301 963
1301 1302
1302 466
1303 979
1303 1304
1304 1114
1305 946
1305 1306
1306 1356
1307 805
1307 1308
1308 1078
1309 291
1309 1310
1310 1376
1311 1312
1311 1381
1312 854
1313 1006
1313 1314
1314 458
1315 1316
1315 1529
1316 1046
1317 424
1317 1318
1318 137
1319 177
1319 1320
1320 254
1321 107
1321 1322
1322 48
1323 146
1323 1324
1324 1407
1325 1251
1325 1326
1326 72
1327 478
1327 1328
1328 50
1329 929
1329 1330
1330 1210
1331 1201
1331 1332
1332 258
1333 160
1333 1334
1334 1076
1335 184
1335 1336
1336 240
1337 656
1337 1338
1338 1583
1339 1340
1339 1417
1340 492
1341 1105
1341 1342
1342 762
1343 1344
1343 1574
1344 1496
1345 147
1345 1346
1346 1425
1347 1348
1347 1453
1348 1184
1349 568
1349 1350
1350 1146
1351 58
1351 1352
1352 1163
1353 411
1353 1354
1354 700
1355 554
1355 1356
1356 1044
1357 1009
1357 1358
1358 1089
1359 1360
1359 1487
1360 1428
1361 221
1361 1362
1362 99
1363 635
1363 1364
1364 503
1365 32
1365 1366
1366 1406
1367 1368
1367 1485
1368 563
1369 1067
1369 1370
1370 1580
1371 728
1371 1372
1372 1284
1373 213
1373 1374
1374 1148
1375 382
1375 1376
1376 244
1377 721
1377 1378
1378 268
1379 417
1379 1380
1380 1289
1381 881
1381 1382
1382 643
1383 1384
1383 1410
1384 844
1385 219
1385 1386
1386 1460
1387 1388
1387 1403
1388 44
1389 1144
1389 1390
1390 1108
1391 1392
1391 1415
1392 486
1393 329
1393 1394
1394 265
1395 920
1395 1396
1396 1136
1397 303
1397 1398
1398 294
1399 343
1399 1400
1400 1234
1401 340
1401 1402
1402 140
1403 1071
1403 1404
1404 347
1405 273
1405 1406
1406 49
1407 165
1407 1408
1408 1313
1409 75
1409 1410
1410 1279
1411 469
1411 1412
1412 1245
1413 577
1413 1414
1414 657
1415 349
1415 1416
1416 636
1417 769
1417 1418
1418 175
1419 37
1419 1420
1420 120
1421 983
1421 1422
1422 834
1423 1424
1423 1585
1424 8
1425 214
1425 1426
1426 847
1427 103
1427 1428
1428 839
1429 452
1429 1430
1430 453
1431 1190
1431 1432
1432 712
1433 553
1433 1434
1434 111
1435 1436
1435 1473
1436 903
1437 588
1437 1438
1438 1502
1439 917
1439 1440
1440 1483
1441 1057
1441 1442
1442 1528
1443 829
1443 1444
1444 1366
1445 1216
1445 1446
1446 1075
1447 1253
1447 1448
1448 865
1449 645
1449 1450
1450 22
1451 1383
1451 1452
1452 163
1453 242
1453 1454
1454 1269
1455 1368
1455 1456
1456 1141
1457 544
1457 1458
1458 1158
1459 943
1459 1460
1460 719
1461 326
1461 1462
1462 1292
1463 1077
1463 1464
1464 272
1465 1272
1465 1466
1466 1263
1467 413
1467 1468
1468 566
1469 1397
1469 1470
1470 483
1471 1454
1471 1472
1472 1556
1473 400
1473 1474
1474 1478
1475 1233
1475 1476
1476 534
1477 639
1477 1478
1478 1337
1479 110
1479 1480
1480 506
1481 602
1481 1482
1482 426
1483 883
1483 1484
1484 385
1485 753
1485 1486
1486 1111
1487 512
1487 1488
1488 1204
1489 1047
1489 1490
1490 368
1491 479
1491 1492
1492 1396
1493 1318
1493 1494
1494 57
1495 1147
1495 1496
1496 1101
1497 1498
1497 1579
1498 384
1499 798
1499 1500
1500 1480
1501 989
1501 1502
1502 1541
1503 1497
1503 1504
1504 132
1505 1370
1505 1506
1506 1320
1507 1243
1507 1508
1508 849
1509 1510
1509 1597
1510 186
1511 401
1511 1512
1512 1587
1513 1191
1513 1514
1514 707
1515 1059
1515 1516
1516 781
1517 1267
1517 1518
1518 1563
1519 598
1519 1520
1520 1110
1521 299
1521 1522
1522 861
1523 651
1523 1524
1524 436
1525 269
1525 1526
1526 1494
1527 677
1527 1528
1528 336
1529 815
1529 1530
1530 523
1531 749
1531 1532
1532 1435
1533 133
1533 1534
1534 1476
1535 1297
1535 1536
1536 840
1537 1303
1537 1538
1538 634
1539 525
1539 1540
1540 439
1541 338
1541 1542
1542 42
1543 1199
1543 1544
1544 63
1545 1501
1545 1546
1546 231
1547 1209
1547 1548
1548 104
1549 250
1549 1550
1550 902
1551 1389
1551 1552
1552 671
1553 1463
1553 1554
1554 312
1555 287
1555 1556
1556 644
1557 397
1557 1558
1558 683
1559 402
1559 1560
1560 1527
1561 395
1561 1562
1562 1103
1563 459
1563 1564
1564 257
1565 1214
1565 1566
1566 722
1567 641
1567 1568
1568 1134
1569 1167
1569 1570
1570 30
1571 83
1571 1572
1572 971
1573 1574
1573 1605
1574 1547
1575 1576
1575 1589
1576 1430
1577 589
1577 1578
1578 836
1579 1399
1579 1580
1580 114
1581 790
1581 1582
1582 1352
1583 1116
1583 1584
1584 334
1585 1517
1585 1586
1586 564
1587 246
1587 1588
1588 1122
1589 339
1589 1590
1590 540
1591 227
1591 1592
1592 927
1593 435
1593 1594
1594 1130
1595 910
1595 1596
1596 587
1597 515
1597 1598
1598 661
1599 1317
1599 1600
1600 335
1601 717
1601 1602
1602 5
1603 862
1603 1604
1604 1160
1605 687
1605 1606
1606 1206
1607 1421
1607 1608
1608 386
1609 809
1609 1610
1610 701
1611 583
1611 1612
1612 995
1613 530
1613 1614
1614 1550
