0 249
0 911
3 1169
3 1233
4 147
4 194
5 687
6 732
7 191
7 1283
8 329
8 955
10 533
9 35
11 684
11 1437
13 399
13 1299
15 896
15 1296
17 128
17 501
19 70
19 1304
21 872
21 1422
23 24
23 444
24 1438
25 26
25 270
26 411
27 28
27 1447
28 1290
29 30
29 221
30 568
31 32
31 1286
32 412
33 34
33 1509
34 136
35 36
35 1291
36 381
37 38
37 526
38 825
39 40
39 247
40 1168
41 42
41 1407
42 642
43 44
43 1164
44 545
45 46
45 508
46 452
47 48
47 730
48 714
49 50
49 1457
50 1185
51 52
51 1507
52 1346
53 54
53 1195
54 879
55 56
55 1029
56 1443
57 58
57 790
58 1566
59 60
59 1497
60 782
61 62
61 321
62 1557
63 64
63 1016
64 562
65 66
65 1107
66 230
67 68
67 1576
68 744
69 70
69 1611
70 606
71 72
71 763
72 185
73 74
73 203
74 1129
75 76
75 963
76 80
77 78
77 1139
78 1571
79 80
79 697
80 1013
81 82
81 1439
82 517
83 84
83 645
84 1063
85 86
85 776
86 1148
87 88
87 243
88 774
89 90
89 783
90 1492
91 92
91 1157
92 1034
93 94
93 643
94 363
95 96
95 225
96 98
97 98
97 134
98 1211
99 100
99 447
100 615
101 102
101 481
102 1203
103 104
103 122
104 1213
105 106
105 990
106 882
107 108
107 195
108 276
109 110
109 487
110 1050
111 112
111 669
112 1596
113 114
113 1473
114 1464
115 116
115 492
116 1058
117 118
117 1539
118 964
119 120
119 807
120 779
121 122
121 1189
122 338
123 124
123 1392
124 1134
125 126
125 731
126 786
127 128
127 713
128 490
129 130
129 1543
130 570
131 132
131 1193
132 1450
133 134
133 835
134 928
135 136
135 1376
136 1465
137 138
137 796
138 895
139 113
139 140
140 633
141 142
141 1399
142 1538
143 144
143 1229
144 315
145 146
145 836
146 1600
147 148
147 1151
148 93
149 150
149 291
150 190
151 152
151 467
152 858
153 154
153 1365
154 202
155 156
155 428
156 960
157 158
157 1363
158 17
159 65
159 160
160 678
161 162
161 920
162 1046
163 164
163 968
164 335
165 166
165 1220
166 1008
167 168
167 681
168 207
169 170
169 213
170 629
171 172
171 1079
172 296
173 174
173 1258
174 237
175 176
175 709
176 1499
177 178
177 1098
178 1242
179 180
179 1316
180 576
181 182
181 1253
182 871
183 184
183 1498
184 196
185 186
185 932
186 1424
187 188
187 550
188 801
189 190
189 789
190 1585
191 192
191 1123
192 1144
193 194
193 983
194 69
195 196
195 752
196 970
197 198
197 373
198 1455
199 200
199 459
200 993
201 202
201 1561
202 267
203 204
203 810
204 461
205 206
205 919
206 878
207 208
207 457
208 1550
209 210
209 966
210 304
211 212
211 401
212 107
213 214
213 1368
214 1082
215 189
215 216
216 1508
217 218
217 330
218 734
219 220
219 277
220 1273
221 222
221 937
222 705
223 224
223 1583
224 528
225 226
225 1118
226 1153
227 228
227 603
228 1125
229 230
229 1045
230 866
231 232
231 873
232 868
233 234
233 475
234 1604
235 236
235 257
236 571
237 238
237 346
238 1266
239 240
239 617
240 735
241 242
241 1462
242 1568
243 244
243 729
244 864
245 246
245 1405
246 275
247 73
247 248
248 132
249 250
249 859
250 422
251 252
251 1303
252 925
253 254
253 1263
254 1190
255 256
255 770
256 887
257 258
257 885
258 206
259 260
259 1305
260 924
261 262
261 1002
262 248
263 264
263 1004
264 949
265 266
265 1461
266 402
267 268
267 382
268 1033
269 270
269 1548
270 1252
271 272
271 979
272 234
273 274
273 1534
274 654
275 276
275 1207
276 632
277 278
277 1341
278 1385
279 280
279 927
280 668
281 282
281 1179
282 1536
283 284
283 1503
284 22
285 286
285 313
286 496
287 288
287 351
288 1092
289 81
289 290
290 555
291 292
291 1321
292 84
293 294
293 553
294 1302
295 296
295 500
296 1104
297 148
297 298
298 672
299 227
299 300
300 1247
301 302
301 865
302 435
303 304
303 584
304 667
305 306
305 489
306 1323
307 159
307 308
308 1248
309 310
309 355
310 1542
311 312
311 521
312 1111
313 314
313 759
314 848
315 316
315 656
316 1171
317 318
317 703
318 282
319 320
319 429
320 794
321 322
321 596
322 360
323 324
323 1075
324 946
325 326
325 1478
326 192
327 328
327 637
328 1298
329 330
329 869
330 1073
331 332
331 1533
332 298
333 334
333 958
334 1036
335 336
335 1476
336 44
337 338
337 769
338 417
339 340
339 1235
340 846
341 342
341 595
342 308
343 344
343 1345
344 1217
345 346
345 813
346 34
347 348
347 1047
348 1558
349 350
349 504
350 861
351 352
351 1579
352 20
353 354
353 733
354 1371
355 49
355 356
356 1315
357 9
357 358
358 1357
359 360
359 689
360 57
361 287
361 362
362 488
363 364
363 944
364 350
365 366
365 965
366 1234
367 368
367 425
368 64
369 370
369 1269
370 212
371 53
371 372
372 614
373 13
373 374
374 1515
375 376
375 721
376 605
377 378
377 962
378 1180
379 59
379 380
380 1364
381 382
381 581
382 630
383 384
383 658
384 821
385 386
385 803
386 688
387 388
387 1131
388 696
389 390
389 536
390 334
391 392
391 1071
392 634
393 394
393 460
394 1212
395 396
395 1397
396 108
397 398
397 1608
398 1398
399 400
399 772
400 170
401 402
401 855
402 491
403 149
403 404
404 406
405 199
405 406
406 1318
407 408
407 539
408 766
409 410
409 745
410 1154
411 127
411 412
412 815
413 414
413 1452
414 226
415 416
415 1103
416 1601
417 418
417 659
418 930
419 420
419 923
420 393
421 293
421 422
422 1354
423 424
423 1454
424 1574
425 426
425 541
426 657
427 428
427 1440
428 718
429 430
429 1187
430 513
431 239
431 432
432 916
433 434
433 509
434 838
435 223
435 436
436 806
437 438
437 767
438 384
439 440
439 547
440 126
441 442
441 1250
442 1491
443 444
443 1145
444 1251
445 220
445 446
446 264
447 448
447 1183
448 1259
449 38
449 450
450 1404
451 452
451 1017
452 1544
453 454
453 591
454 1108
455 456
455 1257
456 1593
457 348
457 458
458 552
459 460
459 613
460 1198
461 462
461 484
462 454
463 464
463 791
464 392
465 466
465 625
466 1175
467 468
467 1598
468 886
469 470
469 544
470 635
471 472
471 894
472 1474
473 474
473 981
474 464
475 10
475 476
476 802
477 387
477 478
478 566
479 480
479 1496
480 1588
481 482
481 1414
482 1532
483 305
483 484
484 692
485 431
485 486
486 1592
487 488
487 494
488 686
489 490
489 1035
490 640
491 302
491 492
492 1161
493 327
493 494
494 926
495 496
495 626
496 1109
497 498
497 543
498 912
499 139
499 500
500 231
501 502
501 1396
502 1613
503 504
503 557
504 1167
505 506
505 1374
506 792
507 58
507 508
508 232
509 510
509 1379
510 1038
511 512
511 1389
512 913
513 514
513 773
514 129
515 516
515 948
516 1413
517 518
517 1594
518 992
519 288
519 520
520 805
521 56
521 522
522 518
523 524
523 586
524 775
525 526
525 892
526 1014
527 528
527 1100
528 1610
529 530
529 997
530 808
531 532
531 728
532 1518
533 11
533 534
534 453
535 536
535 1201
536 1606
537 538
537 619
538 324
539 540
539 1163
540 110
541 542
541 778
542 1136
543 544
543 1417
544 590
545 546
545 1254
546 48
547 548
547 559
548 160
549 256
549 550
550 1230
551 101
551 552
552 32
553 554
553 1406
554 1218
555 466
555 556
556 383
557 141
557 558
558 631
559 560
559 1402
560 1236
561 562
561 1037
562 1174
563 271
563 564
564 1370
565 365
565 566
566 1155
567 568
567 749
568 216
569 570
569 1280
570 30
571 180
571 572
572 676
573 167
573 574
574 616
575 576
575 1479
576 826
577 578
577 1026
578 1456
579 580
579 1355
580 318
581 582
581 1547
582 1265
583 584
583 1277
584 1415
585 586
585 1279
586 589
587 409
587 588
588 737
589 357
589 590
590 535
591 592
591 1362
592 708
593 123
593 594
594 1088
595 563
595 596
596 415
597 598
597 1393
598 698
599 600
599 1127
600 388
601 602
601 1076
602 738
603 604
603 1159
604 408
605 606
605 1182
606 682
607 608
607 757
608 998
609 610
609 1428
610 1480
611 612
611 884
612 1084
613 503
613 614
614 1021
615 558
615 616
616 1032
617 618
617 1441
618 1087
619 23
619 620
620 575
621 622
621 1027
622 507
623 5
623 624
624 1122
625 567
625 626
626 1143
627 89
627 628
628 1358
629 471
629 630
630 474
631 208
631 632
632 1278
633 9
633 634
634 650
635 636
635 819
636 593
637 638
637 788
638 1612
639 640
639 1094
640 430
641 642
641 1567
642 261
643 644
643 904
644 410
645 646
645 1214
646 62
647 573
647 648
648 527
649 650
649 699
650 973
651 652
651 755
652 523
653 654
653 804
654 178
655 299
655 656
656 1446
657 561
657 658
658 117
659 8
659 660
660 1306
661 133
661 662
662 612
663 664
663 720
664 1196
665 666
665 1007
666 1249
667 668
667 780
668 6
669 370
669 670
670 224
671 672
671 800
672 254
673 674
673 1565
674 42
675 515
675 676
676 636
677 325
677 678
678 1051
679 169
679 680
680 1384
681 497
681 682
682 1054
683 684
683 1011
684 811
685 24
685 686
686 572
687 456
687 688
688 352
689 356
689 690
690 236
691 599
691 692
692 1614
693 694
693 710
694 1241
695 696
695 1361
696 1605
697 698
697 1124
698 378
699 524
699 700
700 268
701 702
701 1335
702 344
703 704
703 809
704 954
705 706
705 1563
706 1080
707 104
707 708
708 235
709 710
709 1289
710 847
711 712
711 957
712 419
713 680
713 714
714 602
715 641
715 716
716 844
717 718
717 987
718 834
719 720
719 1056
720 1294
721 722
721 849
722 897
723 219
723 724
724 648
725 168
725 726
726 364
727 432
727 728
728 1072
729 730
729 798
730 404
731 732
731 1313
732 1410
733 734
733 1309
734 1146
735 736
735 845
736 1546
737 738
737 1184
738 940
739 740
739 1114
740 394
741 646
741 742
742 716
743 245
743 744
744 146
745 655
745 746
746 1005
747 748
747 1261
748 1386
749 289
749 750
750 112
751 96
751 752
752 389
753 323
753 754
754 286
755 756
755 1231
756 1178
757 758
757 1009
758 522
759 187
759 760
760 1494
761 762
761 1516
762 850
763 31
763 764
764 1328
765 546
765 766
766 1191
767 341
767 768
768 516
769 770
769 1575
770 1467
771 337
771 772
772 445
773 693
773 774
774 184
775 451
775 776
776 1540
777 778
777 784
778 405
779 519
779 780
780 485
781 782
781 1471
782 1232
783 784
783 1387
784 747
785 786
785 936
786 278
787 788
787 947
788 1505
789 790
789 1527
790 4
791 607
791 792
792 1246
793 310
793 794
794 750
795 300
795 796
796 1077
797 798
797 1086
798 830
799 416
799 800
800 1432
801 802
801 1061
802 1344
803 345
803 804
804 269
805 472
805 806
806 1330
807 808
807 1308
808 1366
809 810
809 1112
810 280
811 812
811 1049
812 1019
813 814
813 939
814 1483
815 816
815 1243
816 1106
817 29
817 818
818 200
819 549
819 820
820 476
821 95
821 822
822 375
823 347
823 824
824 863
825 259
825 826
826 135
827 828
827 999
828 326
829 830
829 1549
830 250
831 361
831 832
832 25
833 171
833 834
834 470
835 246
835 836
836 449
837 229
837 838
838 1531
839 577
839 840
840 880
841 842
841 1570
842 88
843 844
843 1555
844 1488
845 724
845 846
846 52
847 758
847 848
848 746
849 850
849 1511
850 390
851 114
851 852
852 1064
853 854
853 1535
854 51
855 565
855 856
856 78
857 858
857 1270
858 1564
859 251
859 860
860 1001
861 1
861 862
862 914
863 864
863 1147
864 840
865 866
865 1081
866 1466
867 685
867 868
868 358
869 870
869 921
870 1525
871 872
871 1181
872 664
873 874
873 1429
874 1394
875 675
875 876
876 754
877 768
877 878
878 942
879 725
879 880
880 228
881 882
881 1264
882 396
883 131
883 884
884 931
885 33
885 886
886 580
887 888
887 1388
888 1177
889 359
889 890
890 274
891 892
891 1325
892 15
893 894
893 1423
894 68
895 896
895 996
896 1102
897 898
897 1475
898 1090
899 900
899 975
900 1512
901 902
901 1372
902 155
903 904
903 984
904 622
905 331
905 906
906 157
907 71
907 908
908 1572
909 910
909 1367
910 663
911 912
911 1517
912 874
913 914
913 1400
914 242
915 916
915 1449
916 214
917 918
917 1055
918 217
919 426
919 920
920 85
921 369
921 922
922 172
923 924
923 969
924 1301
925 926
925 1347
926 1292
927 263
927 928
928 377
929 930
929 1560
930 423
931 188
931 932
932 1448
933 934
933 1556
934 446
935 505
935 936
936 1390
937 620
937 938
938 1582
939 940
939 1275
940 124
941 822
941 942
942 1238
943 82
943 944
944 548
945 115
945 946
946 1031
947 948
947 1319
948 1121
949 950
949 1059
950 1586
951 943
951 952
952 704
953 954
953 1062
954 118
955 843
955 956
956 1267
957 379
957 958
958 1431
959 317
959 960
960 1486
961 962
961 1477
962 450
963 295
963 964
964 150
965 966
965 1327
966 349
967 968
967 1128
968 1210
969 209
969 970
970 974
971 493
971 972
972 272
973 974
973 1581
974 1260
975 211
975 976
976 1099
977 978
977 1281
978 592
979 980
979 1403
980 498
981 982
981 1197
982 604
983 909
983 984
984 469
985 179
985 986
986 1268
987 743
987 988
988 1490
989 707
989 990
990 74
991 953
991 992
992 1500
993 994
993 1074
994 106
995 996
995 1057
996 1356
997 301
997 998
998 1326
999 1000
999 1409
1000 991
1001 1000
1001 1002
1002 662
1003 55
1003 1004
1004 153
1005 18
1005 1006
1006 166
1007 19
1007 1008
1008 740
1009 881
1009 1010
1010 1101
1011 1012
1011 1023
1012 706
1013 986
1013 1014
1014 468
1015 1016
1015 1435
1016 362
1017 1018
1017 1224
1018 935
1019 564
1019 1020
1020 671
1021 1022
1021 1541
1022 1444
1023 1024
1023 1300
1024 1228
1025 583
1025 1026
1026 520
1027 1028
1027 1226
1028 1208
1029 175
1029 1030
1030 1421
1031 63
1031 1032
1032 244
1033 1034
1033 1149
1034 66
1035 1036
1035 1240
1036 1020
1037 1038
1037 1609
1038 726
1039 934
1039 1040
1040 130
1041 722
1041 1042
1042 952
1043 1044
1043 1603
1044 1489
1045 193
1045 1046
1046 1577
1047 1048
1047 1537
1048 473
1049 742
1049 1050
1050 1206
1051 1052
1051 1320
1052 1126
1053 711
1053 1054
1054 929
1055 915
1055 1056
1056 891
1057 1058
1057 1552
1058 340
1059 102
1059 1060
1060 1256
1061 967
1061 1062
1062 1520
1063 1064
1063 1219
1064 328
1065 3
1065 1066
1066 1205
1067 1068
1067 1285
1068 1334
1069 1070
1069 1559
1070 1350
1071 120
1071 1072
1072 1369
1073 400
1073 1074
1074 1010
1075 143
1075 1076
1076 1322
1077 1078
1077 1391
1078 1373
1079 1080
1079 1119
1080 1587
1081 374
1081 1082
1082 1510
1083 1084
1083 1430
1084 852
1085 1086
1085 1580
1086 1469
1087 610
1087 1088
1088 258
1089 677
1089 1090
1090 1202
1091 1092
1091 1223
1092 1599
1093 443
1093 1094
1094 525
1095 103
1095 1096
1096 601
1097 717
1097 1098
1098 386
1099 1100
1099 1311
1100 152
1101 54
1101 1102
1102 514
1103 1091
1103 1104
1104 462
1105 877
1105 1106
1106 332
1107 5
1107 1108
1108 1420
1109 1110
1109 1458
1110 1237
1111 1112
1111 1468
1112 39
1113 673
1113 1114
1114 1519
1115 1116
1115 1176
1116 173
1117 77
1117 1118
1118 1584
1119 319
1119 1120
1120 1453
1121 385
1121 1122
1122 1172
1123 499
1123 1124
1124 283
1125 506
1125 1126
1126 670
1127 1128
1127 1513
1128 918
1129 1130
1129 1133
1130 751
1131 91
1131 1132
1132 542
1133 941
1133 1134
1134 1324
1135 585
1135 1136
1136 956
1137 977
1137 1138
1138 665
1139 739
1139 1140
1140 336
1141 901
1141 1142
1142 1132
1143 427
1143 1144
1144 413
1145 253
1145 1146
1146 761
1147 569
1147 1148
1148 14
1149 512
1149 1150
1150 594
1151 870
1151 1152
1152 26
1153 876
1153 1154
1154 1282
1155 16
1155 1156
1156 1378
1157 823
1157 1158
1158 1353
1159 1003
1159 1160
1160 1595
1161 142
1161 1162
1162 1514
1163 165
1163 1164
1164 1562
1165 99
1165 1166
1166 856
1167 1168
1167 1339
1168 1110
1169 1170
1169 1375
1170 839
1171 1068
1171 1172
1172 1244
1173 1174
1173 1460
1174 380
1175 1176
1175 1331
1176 322
1177 600
1177 1178
1178 1142
1179 100
1179 1180
1180 43
1181 959
1181 1182
1182 862
1183 587
1183 1184
1184 683
1185 1186
1185 1337
1186 854
1187 771
1187 1188
1188 985
1189 1093
1189 1190
1190 86
1191 988
1191 1192
1192 1052
1193 906
1193 1194
1194 702
1195 266
1195 1196
1196 1524
1197 434
1197 1198
1198 312
1199 712
1199 1200
1200 204
1201 36
1201 1202
1202 407
1203 366
1203 1204
1204 76
1205 933
1205 1206
1206 762
1207 1044
1207 1208
1208 458
1209 1165
1209 1210
1210 1332
1211 1212
1211 1433
1212 418
1213 119
1213 1214
1214 1591
1215 945
1215 1216
1216 638
1217 1218
1217 1340
1218 1522
1219 1041
1219 1220
1220 1360
1221 1222
1221 1487
1222 1297
1223 661
1223 1224
1224 723
1225 7
1225 1226
1226 1307
1227 437
1227 1228
1228 164
1229 1043
1229 1230
1230 741
1231 137
1231 1232
1232 154
1233 1089
1233 1234
1234 1170
1235 691
1235 1236
1236 624
1237 700
1237 1238
1238 748
1239 477
1239 1240
1240 787
1241 1192
1241 1242
1242 1348
1243 60
1243 1244
1244 890
1245 1173
1245 1246
1246 376
1247 255
1247 1248
1248 486
1249 1166
1249 1250
1250 980
1251 1252
1251 1472
1252 12
1253 1254
1253 1445
1254 1526
1255 793
1255 1256
1256 1156
1257 205
1257 1258
1258 828
1259 61
1259 1260
1260 660
1261 290
1261 1262
1262 551
1263 1053
1263 1264
1264 649
1265 1025
1265 1266
1266 532
1267 760
1267 1268
1268 842
1269 67
1269 1270
1270 285
1271 898
1271 1272
1272 950
1273 1274
1273 1333
1274 1578
1275 367
1275 1276
1276 1408
1277 420
1277 1278
1278 765
1279 719
1279 1280
1280 1380
1281 1225
1281 1282
1282 1573
1283 837
1283 1284
1284 502
1285 197
1285 1286
1286 1336
1287 210
1287 1288
1288 1590
1289 353
1289 1290
1290 554
1291 311
1291 1292
1292 1222
1293 1294
1293 1495
1294 316
1295 1296
1295 1528
1296 816
1297 303
1297 1298
1298 94
1299 701
1299 1300
1300 1160
1301 391
1301 1302
1302 109
1303 121
1303 1304
1304 145
1305 1306
1305 1343
1306 46
1307 1221
1307 1308
1308 893
1309 1137
1309 1310
1310 1426
1311 163
1311 1312
1312 1418
1313 455
1313 1314
1314 578
1315 1085
1315 1316
1316 1419
1317 611
1317 1318
1318 480
1319 833
1319 1320
1320 1006
1321 1067
1321 1322
1322 679
1323 1324
1323 1436
1324 1530
1325 961
1325 1326
1326 158
1327 597
1327 1328
1328 1262
1329 105
1329 1330
1330 442
1331 1239
1331 1332
1332 922
1333 715
1333 1334
1334 902
1335 907
1335 1336
1336 125
1337 1338
1337 1463
1338 307
1339 279
1339 1340
1340 183
1341 6
1341 1342
1342 736
1343 463
1343 1344
1344 785
1345 439
1345 1346
1346 1602
1347 608
1347 1348
1348 628
1349 433
1349 1350
1350 238
1351 753
1351 1352
1352 140
1353 215
1353 1354
1354 1116
1355 37
1355 1356
1356 1042
1357 1271
1357 1358
1358 1040
1359 1069
1359 1360
1360 820
1361 1095
1361 1362
1362 1194
1363 899
1363 1364
1364 951
1365 651
1365 1366
1366 177
1367 971
1367 1368
1368 764
1369 1012
1369 1370
1370 653
1371 582
1371 1372
1372 799
1373 510
1373 1374
1374 2
1375 75
1375 1376
1376 240
1377 908
1377 1378
1378 982
1379 781
1379 1380
1380 343
1381 538
1381 1382
1382 92
1383 976
1383 1384
1384 273
1385 162
1385 1386
1386 1060
1387 1388
1387 1589
1388 1048
1389 1390
1389 1493
1390 161
1391 448
1391 1392
1392 1024
1393 483
1393 1394
1394 1140
1395 1295
1395 1396
1396 1529
1397 144
1397 1398
1398 574
1399 917
1399 1400
1400 111
1401 1402
1401 1427
1402 479
1403 1349
1403 1404
1404 534
1405 579
1405 1406
1406 403
1407 281
1407 1408
1408 867
1409 1401
1409 1410
1410 824
1411 1412
1411 1553
1412 1274
1413 588
1413 1414
1414 797
1415 1120
1415 1416
1416 1482
1417 777
1417 1418
1418 1442
1419 368
1419 1420
1420 978
1421 989
1421 1422
1422 860
1423 1199
1423 1424
1424 694
1425 829
1425 1426
1426 1141
1427 1096
1427 1428
1428 1381
1429 1115
1429 1430
1430 1078
1431 1105
1431 1432
1432 186
1433 436
1433 1434
1434 1554
1435 1158
1435 1436
1436 222
1437 1065
1437 1438
1438 1200
1439 647
1439 1440
1440 395
1441 1442
1441 1484
1442 994
1443 889
1443 1444
1444 72
1445 495
1445 1446
1446 556
1447 1135
1447 1448
1448 1329
1449 421
1449 1450
1450 530
1451 27
1451 1452
1452 995
1453 482
1453 1454
1454 262
1455 910
1455 1456
1456 306
1457 905
1457 1458
1458 888
1459 309
1459 1460
1460 87
1461 814
1461 1462
1462 333
1463 1066
1463 1464
1464 1523
1465 1130
1465 1466
1466 156
1467 1468
1467 1501
1468 1607
1469 1470
1469 1485
1470 354
1471 1209
1471 1472
1472 529
1473 1351
1473 1474
1474 1188
1475 609
1475 1476
1476 45
1477 79
1477 1478
1478 265
1479 1186
1479 1480
1480 314
1481 690
1481 1482
1482 284
1483 241
1483 1484
1484 623
1485 181
1485 1486
1486 47
1487 176
1487 1488
1488 727
1489 1359
1489 1490
1490 320
1491 90
1491 1492
1492 1382
1493 465
1493 1494
1494 1383
1495 652
1495 1496
1496 438
1497 1459
1497 1498
1498 1377
1499 875
1499 1500
1500 174
1501 10
1501 1502
1502 83
1503 795
1503 1504
1504 1162
1505 1451
1505 1506
1506 1245
1507 1216
1507 1508
1508 1412
1509 1481
1509 1510
1510 441
1511 666
1511 1512
1512 1545
1513 1514
1513 1569
1514 1434
1515 1293
1515 1516
1516 1288
1517 627
1517 1518
1518 560
1519 1138
1519 1520
1520 1018
1521 1255
1521 1522
1522 1204
1523 260
1523 1524
1524 818
1525 1470
1525 1526
1526 138
1527 695
1527 1528
1528 1310
1529 851
1529 1530
1530 1150
1531 853
1531 1532
1532 1039
1533 511
1533 1534
1534 1028
1535 1287
1535 1536
1536 1504
1537 831
1537 1538
1538 201
1539 903
1539 1540
1540 598
1541 151
1541 1542
1542 1022
1543 40
1543 1544
1544 478
1545 440
1545 1546
1546 424
1547 198
1547 1548
1548 41
1549 1550
1549 1597
1550 414
1551 537
1551 1552
1552 1317
1553 812
1553 1554
1554 1083
1555 1030
1555 1556
1556 371
1557 1284
1557 1558
1558 531
1559 1352
1559 1560
1560 938
1561 1117
1561 1562
1562 1312
1563 1506
1563 1564
1564 900
1565 883
1565 1566
1566 1502
1567 252
1567 1568
1568 644
1569 182
1569 1570
1570 397
1571 21
1571 1572
1572 1411
1573 618
1573 1574
1574 116
1575 1227
1575 1576
1576 1425
1577 1152
1577 1578
1578 1342
1579 1113
1579 1580
1580 233
1581 639
1581 1582
1582 1272
1583 1215
1583 1584
1584 857
1585 832
1585 1586
1586 674
1587 97
1587 1588
1588 398
1589 1097
1589 1590
1590 841
1591 817
1591 1592
1592 1314
1593 297
1593 1594
1594 756
1595 827
1595 1596
1596 540
1597 1551
1597 1598
1598 339
1599 294
1599 1600
1600 1521
1601 50
1601 1602
1602 972
1603 621
1603 1604
1604 1416
1605 1276
1605 1606
1606 28
1607 1338
1607 1608
1608 292
1609 1015
1609 1610
1610 1070
1611 1395
1611 1612
1612 372
1613 342
1613 1614
1614 218
