0 745
0 751
2 767
2 1197
3 6
3 1371
4 248
4 561
6 126
5 742
7 705
7 800
8 143
8 391
9 670
10 536
13 469
13 1101
15 39
15 519
17 1255
17 1485
19 232
19 258
21 467
21 1317
23 24
23 805
24 111
25 26
25 1450
26 1430
27 28
27 429
28 1094
29 30
29 1006
30 1446
31 32
31 755
32 797
33 34
33 1543
34 794
35 18
35 36
36 1593
37 38
37 781
38 552
39 40
39 431
40 1097
41 42
41 661
42 606
43 44
43 847
44 887
45 46
45 1497
46 435
47 48
47 1211
48 717
49 50
49 1545
50 439
51 52
51 132
52 526
53 54
53 746
54 200
55 56
55 446
56 679
57 58
57 774
58 1029
59 60
59 933
60 244
61 62
61 1344
62 706
63 64
63 566
64 250
65 66
65 979
66 1191
67 68
67 944
68 1348
69 70
69 75
70 722
71 72
71 826
72 1160
73 74
73 923
74 506
75 76
75 524
76 1316
77 78
77 215
78 1238
79 80
79 931
80 1596
81 82
81 829
82 21
83 49
83 84
84 1367
85 86
85 669
86 334
87 88
87 518
88 374
89 90
89 655
90 194
91 92
91 978
92 1510
93 94
93 355
94 1568
95 96
95 213
96 166
97 98
97 977
98 423
99 100
99 1493
100 57
101 102
101 1585
102 210
103 104
103 861
104 1012
105 106
105 1099
106 929
107 24
107 108
108 348
109 43
109 110
110 1041
111 112
111 1407
112 1416
113 114
113 376
114 1533
115 116
115 1305
116 788
117 118
117 1384
118 1058
119 120
119 712
120 1332
121 122
121 503
122 330
123 124
123 296
124 224
125 126
125 995
126 168
127 128
127 1095
128 416
129 130
129 684
130 540
131 132
131 595
132 812
133 134
133 1055
134 984
135 101
135 136
136 61
137 138
137 891
138 583
139 140
139 743
140 428
141 142
141 479
142 198
143 144
143 1304
144 156
145 119
145 146
146 1112
147 148
147 1426
148 784
149 150
149 1437
150 1170
151 129
151 152
152 316
153 154
153 1240
154 1401
155 156
155 1073
156 160
157 158
157 817
158 1563
159 160
159 839
160 1201
161 162
161 1008
162 1254
163 164
163 1321
164 792
165 10
165 166
166 1516
167 168
167 1327
168 1387
169 170
169 946
170 1314
171 172
171 1217
172 176
173 174
173 1039
174 748
175 176
175 1229
176 404
177 149
177 178
178 525
179 180
179 205
180 764
181 182
181 387
182 151
183 184
183 1468
184 382
185 186
185 587
186 123
187 188
187 808
188 463
189 190
189 1082
190 677
191 192
191 1527
192 1002
193 194
193 1213
194 220
195 196
195 269
196 254
197 198
197 1392
198 1022
199 200
199 629
200 237
201 202
201 715
202 1037
203 204
203 779
204 1050
205 47
205 206
206 1608
207 208
207 597
208 689
209 210
209 1013
210 1484
211 207
211 212
212 613
213 19
213 214
214 667
215 216
215 265
216 1360
217 218
217 282
218 145
219 220
219 1221
220 676
221 222
221 556
222 1056
223 224
223 1193
224 1368
225 226
225 1601
226 386
227 228
227 665
228 1079
229 106
229 230
230 128
231 232
231 741
232 1363
233 234
233 1547
234 5
235 236
235 938
236 604
237 238
237 982
238 659
239 240
239 1413
240 1362
241 242
241 375
242 1038
243 244
243 567
244 30
245 246
245 728
246 668
247 248
247 1337
248 875
249 250
249 319
250 582
251 252
251 1035
252 262
253 254
253 483
254 29
255 256
255 639
256 1030
257 258
257 1147
258 1273
259 234
259 260
260 654
261 262
261 562
262 190
263 264
263 714
264 1250
265 266
265 591
266 279
267 268
267 1169
268 235
269 270
269 1033
270 777
271 272
271 775
272 456
273 274
273 553
274 1560
275 276
275 325
276 1502
277 278
277 803
278 1506
279 280
279 725
280 942
281 282
281 447
282 1536
283 284
283 343
284 708
285 286
285 1203
286 1340
287 288
287 1375
288 883
289 259
289 290
290 185
291 292
291 1088
292 16
293 294
293 539
294 278
295 296
295 1554
296 255
297 298
297 1475
298 796
299 300
299 1003
300 555
301 302
301 1051
302 240
303 304
303 1508
304 1334
305 306
305 1031
306 834
307 308
307 849
308 737
309 28
309 310
310 1358
311 312
311 998
312 656
313 314
313 1315
314 38
315 316
315 782
316 1234
317 318
317 1422
318 804
319 320
319 945
320 1237
321 322
321 993
322 609
323 267
323 324
324 1610
325 326
325 1127
326 1
327 328
327 753
328 231
329 31
329 330
330 184
331 332
331 1481
332 1552
333 334
333 1260
334 820
335 336
335 710
336 304
337 338
337 470
338 880
339 307
339 340
340 172
341 342
341 543
342 1264
343 105
343 344
344 1102
345 346
345 1141
346 1126
347 348
347 862
348 836
349 350
349 1515
350 398
351 352
351 1071
352 1452
353 354
353 513
354 434
355 4
355 356
356 441
357 358
357 1537
358 127
359 360
359 495
360 389
361 362
361 1408
362 508
363 364
363 1285
364 638
365 366
365 1023
366 1308
367 44
367 368
368 841
369 36
369 370
370 173
371 372
371 678
372 658
373 374
373 1303
374 1256
375 376
375 673
376 1011
377 378
377 1461
378 201
379 227
379 380
380 1456
381 382
381 1206
382 1544
383 384
383 711
384 842
385 386
385 1574
386 1443
387 388
387 1200
388 1266
389 390
389 426
390 167
391 392
391 630
392 1325
393 394
393 1359
394 298
395 396
395 1341
396 464
397 398
397 596
398 1578
399 400
399 1004
400 1402
401 402
401 1159
402 1114
403 321
403 404
404 94
405 406
405 1286
406 256
407 408
407 1575
408 443
409 410
409 916
410 683
411 412
411 585
412 649
413 414
413 693
414 115
415 416
415 1215
416 420
417 418
417 1500
418 1580
419 420
419 1477
420 1417
421 422
421 983
422 1448
423 424
423 1425
424 449
425 93
425 426
426 1144
427 428
427 1009
428 1188
429 430
429 1267
430 877
431 157
431 432
432 109
433 434
433 886
434 70
435 120
435 436
436 868
437 438
437 1042
438 1044
439 440
439 537
440 183
441 442
441 1131
442 1226
443 444
443 1377
444 951
445 446
445 1391
446 1459
447 97
447 448
448 1040
449 450
449 645
450 902
451 390
451 452
452 522
453 454
453 823
454 1269
455 456
455 1135
456 370
457 458
457 773
458 922
459 460
459 617
460 1349
461 462
461 631
462 738
463 464
463 578
464 1208
465 466
465 1589
466 1600
467 306
467 468
468 1128
469 470
469 973
470 345
471 472
471 1561
472 1343
473 263
473 474
474 1490
475 476
475 1228
476 86
477 478
477 1351
478 313
479 65
479 480
480 414
481 482
481 799
482 1354
483 484
483 1218
484 402
485 56
485 486
486 966
487 286
487 488
488 1454
489 490
489 1465
490 1224
491 8
491 492
492 1078
493 337
493 494
494 719
495 496
495 1449
496 949
497 498
497 713
498 1572
499 500
499 1261
500 569
501 502
501 1291
502 848
503 504
503 1105
504 682
505 506
505 837
506 500
507 508
507 1491
508 26
509 510
509 735
510 472
511 512
511 1503
512 559
513 514
513 608
514 838
515 516
515 1347
516 1032
517 518
517 1243
518 1338
519 520
519 881
520 161
521 522
521 1064
522 1436
523 121
523 524
524 12
525 367
525 526
526 217
527 528
527 1253
528 514
529 403
529 530
530 851
531 512
531 532
532 1276
533 421
533 534
534 276
535 59
535 536
536 1472
537 538
537 688
538 1376
539 540
539 1268
540 1192
541 542
541 813
542 911
543 544
543 549
544 154
545 546
545 954
546 336
547 397
547 548
548 309
549 223
549 550
550 1396
551 552
551 815
552 1318
553 554
553 675
554 1535
555 556
555 785
556 1365
557 171
557 558
558 1166
559 560
559 1118
560 1539
561 562
561 987
562 988
563 564
563 1519
564 1014
565 566
565 1435
566 1174
567 98
567 568
568 1517
569 570
569 952
570 11
571 565
571 572
572 99
573 144
573 574
574 1557
575 51
575 576
576 1594
577 578
577 1113
578 1162
579 580
579 1424
580 870
581 582
581 955
582 486
583 584
583 1005
584 1104
585 405
585 586
586 80
587 588
587 941
588 1549
589 181
589 590
590 1331
591 407
591 592
592 632
593 14
593 594
594 1300
595 596
595 1587
596 1161
597 598
597 1522
598 914
599 600
599 1025
600 1244
601 241
601 602
602 197
603 604
603 1270
604 130
605 40
605 606
606 1464
607 155
607 608
608 1089
609 610
609 1455
610 1070
611 612
611 1252
612 242
613 614
613 1595
614 292
615 616
615 999
616 82
617 618
617 671
618 594
619 620
619 1149
620 438
621 494
621 622
622 310
623 579
623 624
624 980
625 626
625 1529
626 188
627 264
627 628
628 909
629 301
629 630
630 869
631 632
631 733
632 768
633 634
633 1405
634 410
635 281
635 636
636 1488
637 114
637 638
638 879
639 640
639 1190
640 510
641 642
641 1411
642 251
643 191
643 644
644 515
645 177
645 646
646 406
647 252
647 648
648 1576
649 650
649 1059
650 381
651 652
651 1297
652 818
653 605
653 654
654 1120
655 490
655 656
656 212
657 225
657 658
658 700
659 163
659 660
660 876
661 662
661 1427
662 822
663 664
663 991
664 899
665 666
665 997
666 417
667 572
667 668
668 1222
669 339
669 670
670 1180
671 257
671 672
672 1336
673 657
673 674
674 328
675 676
675 1277
676 1541
677 371
677 678
678 202
679 680
679 992
680 1356
681 682
681 1272
682 1067
683 684
683 1163
684 917
685 686
685 1145
686 37
687 688
687 1087
688 277
689 427
689 690
690 344
691 380
691 692
692 662
693 17
693 694
694 1606
695 45
695 696
696 551
697 299
697 698
698 1132
699 696
699 700
700 828
701 702
701 1355
702 1525
703 593
703 704
704 972
705 706
705 1116
706 1108
707 708
707 1458
708 626
709 710
709 1186
710 1296
711 218
711 712
712 150
713 714
713 1072
714 411
715 716
715 1153
716 760
717 718
717 1111
718 1309
719 720
719 1121
720 749
721 563
721 722
722 564
723 724
723 1409
724 878
725 726
725 1433
726 890
727 459
727 728
728 789
729 730
729 1489
730 436
731 496
731 732
732 452
733 734
733 1457
734 1579
735 736
735 1091
736 1262
737 637
737 738
738 437
739 740
739 1257
740 1220
741 409
741 742
742 528
743 744
743 1577
744 962
745 746
745 1301
746 1124
747 695
747 748
748 691
749 368
749 750
750 1550
751 752
751 1057
752 246
753 199
753 754
754 1480
755 331
755 756
756 538
757 758
757 1614
758 854
759 760
759 1177
760 912
761 505
761 762
762 20
763 764
763 1081
764 3
765 766
765 1520
766 574
767 685
767 768
768 466
769 433
769 770
770 90
771 35
771 772
772 338
773 774
773 943
774 1310
775 776
775 873
776 502
777 619
777 778
778 1570
779 243
779 780
780 468
781 480
781 782
782 395
783 784
783 1329
784 721
785 489
785 786
786 616
787 788
787 1404
788 124
789 790
789 1524
790 757
791 189
791 792
792 1054
793 794
793 976
794 67
795 520
795 796
796 400
797 798
797 1282
798 260
799 702
799 800
800 1357
801 385
801 802
802 666
803 804
803 1385
804 332
805 806
805 1173
806 358
807 808
807 1279
808 1471
809 54
809 810
810 592
811 812
811 1369
812 274
813 698
813 814
814 598
815 793
815 816
816 1566
817 818
817 1117
818 1110
819 820
819 1251
820 1068
821 546
821 822
822 1259
823 84
823 824
824 1605
825 686
825 826
826 786
827 650
827 828
828 620
829 633
829 830
830 1098
831 664
831 832
832 9
833 834
833 1442
834 415
835 836
835 1445
836 68
837 838
837 1136
838 932
839 50
839 840
840 445
841 809
841 842
842 1599
843 819
843 844
844 752
845 846
845 895
846 581
847 848
847 859
848 64
849 850
849 981
850 896
851 852
851 1219
852 1198
853 359
853 854
854 326
855 856
855 1205
856 112
857 6
857 858
858 830
859 860
859 1611
860 1298
861 175
861 862
862 507
863 864
863 927
864 1532
865 866
865 905
866 1010
867 139
867 868
868 974
869 795
869 870
870 1154
871 872
871 989
872 1478
873 79
873 874
874 288
875 458
875 876
876 1400
877 872
877 878
878 622
879 222
879 880
880 284
881 179
881 882
882 1176
883 364
883 884
884 1505
885 886
885 1049
886 63
887 159
887 888
888 1278
889 890
889 1573
890 1370
891 511
891 892
892 765
893 894
893 1210
894 1562
895 896
895 1185
896 1428
897 23
897 898
898 1590
899 353
899 900
900 570
901 720
901 902
902 475
903 615
903 904
904 34
905 32
905 906
906 236
907 373
907 908
908 1447
909 25
909 910
910 1312
911 864
911 912
912 1542
913 914
913 1603
914 1236
915 916
915 1495
916 73
917 357
917 918
918 1274
919 576
919 920
920 1060
921 208
921 922
922 1501
923 478
923 924
924 1512
925 926
925 1473
926 1483
927 135
927 928
928 465
929 349
929 930
930 1438
931 77
931 932
932 461
933 228
933 934
934 1024
935 936
935 1546
936 970
937 898
937 938
938 226
939 940
939 1140
940 1214
941 942
941 1146
942 776
943 944
943 1241
944 238
945 701
945 946
946 1504
947 273
947 948
948 1415
949 934
949 950
950 906
951 952
951 1556
952 1168
953 954
953 1189
954 1366
955 956
955 1093
956 268
957 958
957 1096
958 892
959 960
959 1034
960 116
961 239
961 962
962 476
963 544
963 964
964 346
965 517
965 966
966 1496
967 762
967 968
968 866
969 104
969 970
970 990
971 853
971 972
972 1142
973 974
973 1123
974 1382
975 214
975 976
976 734
977 763
977 978
978 33
979 980
979 1239
980 1090
981 982
981 1333
982 699
983 984
983 1523
984 1130
985 66
985 986
986 1395
987 759
987 988
988 729
989 392
989 990
990 442
991 992
991 1077
992 504
993 305
993 994
994 283
995 634
995 996
996 169
997 690
997 998
998 440
999 1000
999 1467
1000 245
1001 230
1001 1002
1002 888
1003 925
1003 1004
1004 963
1005 341
1005 1006
1006 1063
1007 1008
1007 1307
1008 1048
1009 493
1009 1010
1010 92
1011 1012
1011 1487
1012 1280
1013 291
1013 1014
1014 318
1015 845
1015 1016
1016 1553
1017 272
1017 1018
1018 1289
1019 1020
1019 1084
1020 681
1021 1022
1021 1204
1022 918
1023 153
1023 1024
1024 1569
1025 568
1025 1026
1026 22
1027 1028
1027 1353
1028 1053
1029 865
1029 1030
1030 558
1031 1032
1031 1043
1032 162
1033 308
1033 1034
1034 1249
1035 530
1035 1036
1036 1582
1037 1038
1037 1419
1038 186
1039 1040
1039 1151
1040 1431
1041 170
1041 1042
1042 340
1043 13
1043 1044
1044 324
1045 903
1045 1046
1046 69
1047 908
1047 1048
1048 118
1049 996
1049 1050
1050 1075
1051 1052
1051 1155
1052 1223
1053 833
1053 1054
1054 858
1055 1056
1055 1403
1056 1119
1057 1058
1057 1319
1058 1482
1059 266
1059 1060
1060 482
1061 91
1061 1062
1062 174
1063 1064
1063 1492
1064 652
1065 778
1065 1066
1066 716
1067 1068
1067 1598
1068 1602
1069 811
1069 1070
1070 521
1071 83
1071 1072
1072 1172
1073 1074
1073 1511
1074 653
1075 542
1075 1076
1076 1498
1077 137
1077 1078
1078 806
1079 1080
1079 1227
1080 42
1081 1082
1081 1393
1082 807
1083 1045
1083 1084
1084 527
1085 747
1085 1086
1086 884
1087 1088
1087 1521
1088 1246
1089 599
1089 1090
1090 856
1091 253
1091 1092
1092 1320
1093 247
1093 1094
1094 335
1095 107
1095 1096
1096 1306
1097 1036
1097 1098
1098 516
1099 399
1099 1100
1100 612
1101 939
1101 1102
1102 1202
1103 1104
1103 1302
1104 636
1105 1015
1105 1106
1106 1083
1107 554
1107 1108
1108 1080
1109 867
1109 1110
1110 534
1111 709
1111 1112
1112 1591
1113 548
1113 1114
1114 1530
1115 204
1115 1116
1116 948
1117 138
1117 1118
1118 1181
1119 936
1119 1120
1120 314
1121 193
1121 1122
1122 541
1123 211
1123 1124
1124 560
1125 1126
1125 1583
1126 333
1127 1000
1127 1128
1128 1326
1129 363
1129 1130
1130 950
1131 1132
1131 1247
1132 986
1133 95
1133 1134
1134 1330
1135 727
1135 1136
1136 1565
1137 893
1137 1138
1138 798
1139 846
1139 1140
1140 290
1141 958
1141 1142
1142 1232
1143 1144
1143 1462
1144 1586
1145 1146
1145 1225
1146 1283
1147 953
1147 1148
1148 1292
1149 1150
1149 1294
1150 1115
1151 1152
1151 1184
1152 801
1153 89
1153 1154
1154 1258
1155 1156
1155 1293
1156 1148
1157 379
1157 1158
1158 1138
1159 41
1159 1160
1160 1167
1161 1017
1161 1162
1162 1216
1163 383
1163 1164
1164 704
1165 821
1165 1166
1166 294
1167 1168
1167 1526
1168 342
1169 455
1169 1170
1170 100
1171 1172
1171 1571
1172 628
1173 1174
1173 1434
1174 146
1175 844
1175 1176
1176 312
1177 1178
1177 1383
1178 384
1179 647
1179 1180
1180 362
1181 959
1181 1182
1182 1499
1183 791
1183 1184
1184 1284
1185 1047
1185 1186
1186 424
1187 930
1187 1188
1188 900
1189 1103
1189 1190
1190 72
1191 5
1191 1192
1192 1421
1193 1194
1193 1271
1194 971
1195 1196
1195 1398
1196 1020
1197 1107
1197 1198
1198 471
1199 1200
1199 1423
1200 1016
1201 761
1201 1202
1202 1406
1203 780
1203 1204
1204 750
1205 590
1205 1206
1206 485
1207 1208
1207 1379
1208 816
1209 1210
1209 1397
1210 1175
1211 663
1211 1212
1212 1196
1213 329
1213 1214
1214 484
1215 1026
1215 1216
1216 1187
1217 921
1217 1218
1218 1212
1219 1220
1219 1469
1220 60
1221 771
1221 1222
1222 378
1223 603
1223 1224
1224 1528
1225 627
1225 1226
1226 1133
1227 707
1227 1228
1228 618
1229 432
1229 1230
1230 1460
1231 1139
1231 1232
1232 736
1233 1195
1233 1234
1234 285
1235 1236
1235 1607
1236 724
1237 1238
1237 1420
1238 703
1239 275
1239 1240
1240 1531
1241 1183
1241 1242
1242 1538
1243 1109
1243 1244
1244 229
1245 577
1245 1246
1246 827
1247 287
1247 1248
1248 448
1249 2
1249 1250
1250 1476
1251 1252
1251 1281
1252 740
1253 1254
1253 1581
1254 730
1255 15
1255 1256
1256 1046
1257 852
1257 1258
1258 744
1259 165
1259 1260
1260 1388
1261 103
1261 1262
1262 9
1263 1134
1263 1264
1264 580
1265 835
1265 1266
1266 919
1267 601
1267 1268
1268 1231
1269 1270
1269 1275
1270 1592
1271 85
1271 1272
1272 187
1273 509
1273 1274
1274 672
1275 87
1275 1276
1276 369
1277 203
1277 1278
1278 1065
1279 271
1279 1280
1280 178
1281 365
1281 1282
1282 322
1283 356
1283 1284
1284 1509
1285 1286
1285 1559
1286 125
1287 840
1287 1288
1288 1352
1289 625
1289 1290
1290 1021
1291 1230
1291 1292
1292 832
1293 533
1293 1294
1294 147
1295 52
1295 1296
1296 611
1297 133
1297 1298
1298 1182
1299 195
1299 1300
1300 102
1301 651
1301 1302
1302 460
1303 1129
1303 1304
1304 497
1305 718
1305 1306
1306 354
1307 1062
1307 1308
1308 772
1309 1310
1309 1361
1310 418
1311 46
1311 1312
1312 1418
1313 1314
1313 1335
1314 1235
1315 969
1315 1316
1316 209
1317 967
1317 1318
1318 311
1319 293
1319 1320
1320 1323
1321 1092
1321 1322
1322 1564
1323 1288
1323 1324
1324 117
1325 221
1325 1326
1326 1399
1327 648
1327 1328
1328 1548
1329 1106
1329 1330
1330 1322
1331 487
1331 1332
1332 920
1333 1069
1333 1334
1334 624
1335 48
1335 1336
1336 1486
1337 1171
1337 1338
1338 1518
1339 787
1339 1340
1340 1466
1341 1157
1341 1342
1342 110
1343 361
1343 1344
1344 488
1345 1150
1345 1346
1346 1052
1347 1348
1347 1551
1348 1584
1349 623
1349 1350
1350 758
1351 674
1351 1352
1352 55
1353 901
1353 1354
1354 1439
1355 1356
1355 1613
1356 450
1357 1345
1357 1358
1358 960
1359 889
1359 1360
1360 926
1361 422
1361 1362
1362 462
1363 957
1363 1364
1364 692
1365 621
1365 1366
1366 182
1367 607
1367 1368
1368 802
1369 27
1369 1370
1370 897
1371 783
1371 1372
1372 289
1373 412
1373 1374
1374 855
1375 1376
1375 1612
1376 1165
1377 1378
1377 1389
1378 315
1379 687
1379 1380
1380 1479
1381 589
1381 1382
1382 1328
1383 454
1383 1384
1384 640
1385 1386
1385 1453
1386 1007
1387 964
1387 1388
1388 136
1389 491
1389 1390
1390 1295
1391 425
1391 1392
1392 614
1393 1394
1393 1507
1394 907
1395 885
1395 1396
1396 74
1397 477
1397 1398
1398 408
1399 1178
1399 1400
1400 394
1401 532
1401 1402
1402 451
1403 413
1403 1404
1404 300
1405 928
1405 1406
1406 1143
1407 994
1407 1408
1408 1374
1409 453
1409 1410
1410 457
1411 377
1411 1412
1412 347
1413 913
1413 1414
1414 1311
1415 904
1415 1416
1416 10
1417 1290
1417 1418
1418 1440
1419 1420
1419 1609
1420 937
1421 968
1421 1422
1422 924
1423 635
1423 1424
1424 1513
1425 1313
1425 1426
1426 871
1427 141
1427 1428
1428 473
1429 1378
1429 1430
1430 894
1431 1137
1431 1432
1432 352
1433 571
1433 1434
1434 825
1435 985
1435 1436
1436 140
1437 1438
1437 1597
1438 396
1439 320
1439 1440
1440 192
1441 584
1441 1442
1442 1248
1443 501
1443 1444
1444 430
1445 790
1445 1446
1446 1028
1447 1410
1447 1448
1448 874
1449 523
1449 1450
1450 1019
1451 557
1451 1452
1452 956
1453 1451
1453 1454
1454 754
1455 196
1455 1456
1456 1179
1457 261
1457 1458
1458 961
1459 1441
1459 1460
1460 76
1461 1462
1461 1463
1462 1386
1463 723
1463 1464
1464 96
1465 327
1465 1466
1466 756
1467 1394
1467 1468
1468 1001
1469 531
1469 1470
1470 206
1471 492
1471 1472
1472 474
1473 351
1473 1474
1474 297
1475 831
1475 1476
1476 1209
1477 1299
1477 1478
1478 1164
1479 1480
1479 1567
1480 1350
1481 1390
1481 1482
1482 1158
1483 769
1483 1484
1484 1444
1485 219
1485 1486
1486 1066
1487 863
1487 1488
1488 58
1489 1490
1489 1540
1490 108
1491 1339
1491 1492
1492 1429
1493 71
1493 1494
1494 1534
1495 499
1495 1496
1496 122
1497 643
1497 1498
1498 910
1499 857
1499 1500
1500 1604
1501 739
1501 1502
1502 600
1503 113
1503 1504
1504 1027
1505 646
1505 1506
1506 1156
1507 1061
1507 1508
1508 1207
1509 498
1509 1510
1510 366
1511 1085
1511 1512
1512 1263
1513 1514
1513 1555
1514 148
1515 1414
1515 1516
1516 1470
1517 180
1517 1518
1518 1373
1519 642
1519 1520
1520 547
1521 481
1521 1522
1522 965
1523 401
1523 1524
1524 270
1525 641
1525 1526
1526 770
1527 529
1527 1528
1528 1432
1529 360
1529 1530
1530 1342
1531 545
1531 1532
1532 535
1533 303
1533 1534
1534 134
1535 1233
1535 1536
1536 393
1537 935
1537 1538
1538 824
1539 81
1539 1540
1540 843
1541 1018
1541 1542
1542 550
1543 697
1543 1544
1544 860
1545 131
1545 1546
1546 726
1547 1287
1547 1548
1548 444
1549 7
1549 1550
1550 1558
1551 152
1551 1552
1552 280
1553 1514
1553 1554
1554 940
1555 1194
1555 1556
1556 586
1557 1558
1557 1588
1558 302
1559 1412
1559 1560
1560 1242
1561 53
1561 1562
1562 350
1563 882
1563 1564
1564 814
1565 233
1565 1566
1566 1324
1567 1122
1567 1568
1568 1364
1569 1245
1569 1570
1570 158
1571 419
1571 1572
1572 766
1573 573
1573 1574
1574 295
1575 1381
1575 1576
1576 372
1577 915
1577 1578
1578 1076
1579 216
1579 1580
1580 602
1581 575
1581 1582
1582 388
1583 1086
1583 1584
1584 694
1585 1265
1585 1586
1586 1074
1587 323
1587 1588
1588 1380
1589 1372
1589 1590
1590 1125
1591 588
1591 1592
1592 731
1593 975
1593 1594
1594 810
1595 317
1595 1596
1596 62
1597 1474
1597 1598
1598 660
1599 1152
1599 1600
1600 610
1601 249
1601 1602
1602 732
1603 1346
1603 1604
1604 164
1605 1100
1605 1606
1606 88
1607 1494
1607 1608
1608 142
1609 644
1609 1610
1610 680
1611 947
1611 1612
1612 78
1613 1199
1613 1614
1614 850
