0 823
0 961
3 38
3 753
4 880
4 919
6 1020
5 656
7 859
7 1245
8 311
8 925
10 1146
9 733
11 898
11 1537
13 8
13 114
15 63
15 707
17 80
17 511
19 836
19 1065
21 332
21 930
23 24
23 457
24 1256
25 26
25 667
26 64
27 28
27 262
28 675
29 30
29 92
30 596
31 32
31 837
32 949
33 34
33 1439
34 992
35 36
35 256
36 1295
37 38
37 951
38 628
39 40
39 1435
40 1582
41 42
41 1129
42 662
43 44
43 309
44 203
45 46
45 1503
46 1227
47 48
47 214
48 469
49 50
49 1109
50 208
51 52
51 1186
52 1216
53 54
53 765
54 1038
55 56
55 491
56 1514
57 58
57 1436
58 428
59 60
59 1469
60 1602
61 62
61 334
62 1078
63 64
63 427
64 258
65 66
65 1440
66 1458
67 68
67 537
68 449
69 70
69 1546
70 796
71 72
71 79
72 824
73 74
73 1485
74 250
75 76
75 557
76 968
77 78
77 1529
78 578
79 80
79 1323
80 920
81 82
81 809
82 1252
83 84
83 871
84 1414
85 86
85 1376
86 802
87 88
87 269
88 1472
89 90
89 515
90 263
91 41
91 92
92 659
93 94
93 564
94 1262
95 96
95 240
96 42
97 98
97 691
98 1209
99 100
99 521
100 351
101 102
101 1457
102 1222
103 104
103 1235
104 843
105 106
105 155
106 750
107 108
107 437
108 908
109 110
109 165
110 455
111 112
111 1284
112 459
113 114
113 647
114 1119
115 116
115 1298
116 5
117 118
117 911
118 1286
119 120
119 1588
120 1214
121 122
121 379
122 192
123 124
123 744
124 1187
125 123
125 126
126 644
127 128
127 558
128 1456
129 130
129 1531
130 5
131 132
131 902
132 1450
133 134
133 677
134 1387
135 136
135 195
136 296
137 138
137 544
138 184
139 140
139 747
140 849
141 142
141 991
142 986
143 144
143 169
144 694
145 146
145 989
146 543
147 148
147 955
148 795
149 150
149 1247
150 251
151 152
151 1165
152 917
153 154
153 934
154 354
155 156
155 1183
156 1355
157 158
157 1523
158 174
159 160
159 1226
160 405
161 50
161 162
162 30
163 164
163 175
164 1568
165 10
165 166
166 1306
167 168
167 1166
168 1532
169 170
169 1453
170 126
171 172
171 1292
172 350
173 174
173 921
174 841
175 176
175 939
176 233
177 178
177 323
178 1154
179 180
179 868
180 574
181 182
181 517
182 863
183 184
183 926
184 720
185 186
185 1087
186 341
187 188
187 832
188 276
189 190
189 1215
190 598
191 192
191 292
192 1206
193 194
193 975
194 160
195 196
195 1124
196 358
197 198
197 423
198 497
199 200
199 665
200 242
201 158
201 202
202 392
203 204
203 1528
204 196
205 206
205 529
206 982
207 208
207 1551
208 1161
209 210
209 1315
210 294
211 212
211 371
212 530
213 214
213 281
214 1141
215 216
215 569
216 642
217 218
217 509
218 1492
219 220
219 1591
220 978
221 222
221 380
222 44
223 224
223 475
224 807
225 226
225 1522
226 814
227 228
227 754
228 721
229 230
229 1139
230 1609
231 232
231 1327
232 1471
233 234
233 894
234 1148
235 236
235 1233
236 1000
237 148
237 238
238 1213
239 10
239 240
240 739
241 242
241 1041
242 1134
243 244
243 1326
244 864
245 246
245 317
246 996
247 248
247 365
248 1512
249 250
249 1304
250 718
251 252
251 254
252 308
253 254
253 1385
254 248
255 256
255 831
256 1019
257 201
257 258
258 74
259 260
259 507
260 1411
261 262
261 1569
262 648
263 121
263 264
264 228
265 266
265 338
266 384
267 268
267 551
268 668
269 270
269 1257
270 303
271 272
271 1359
272 1037
273 274
273 681
274 344
275 276
275 608
276 808
277 278
277 1093
278 787
279 280
279 893
280 889
281 111
281 282
282 110
283 284
283 923
284 678
285 286
285 1534
286 1280
287 288
287 1208
288 847
289 290
289 1218
290 1373
291 292
291 1465
292 611
293 294
293 1025
294 960
295 296
295 1554
296 548
297 298
297 1507
298 684
299 300
299 355
300 928
301 302
301 390
302 28
303 304
303 1481
304 463
305 306
305 619
306 84
307 133
307 308
308 1390
309 310
309 850
310 1552
311 293
311 312
312 1366
313 314
313 782
314 77
315 316
315 1023
316 1444
317 268
317 318
318 1540
319 320
319 1026
320 1021
321 322
321 655
322 786
323 324
323 1158
324 844
325 326
325 725
326 505
327 328
327 966
328 938
329 330
329 581
330 1097
331 332
331 997
332 1424
333 334
333 1499
334 1605
335 336
335 855
336 46
337 129
337 338
338 1313
339 340
339 1398
340 398
341 342
341 1237
342 1137
343 344
343 440
344 70
345 346
345 705
346 822
347 90
347 348
348 285
349 350
349 792
350 724
351 352
351 1264
352 1296
353 354
353 1399
354 1040
355 356
355 1336
356 1538
357 358
357 1316
358 576
359 360
359 1378
360 1096
361 362
361 729
362 480
363 364
363 657
364 862
365 366
365 1225
366 813
367 368
367 1338
368 434
369 370
369 626
370 194
371 372
371 896
372 1487
373 374
373 1363
374 108
375 87
375 376
376 264
377 378
377 1283
378 734
379 380
379 387
380 1177
381 382
381 1317
382 1391
383 384
383 1101
384 164
385 386
385 518
386 1478
387 388
387 674
388 1302
389 390
389 780
390 622
391 392
391 1437
392 68
393 394
393 899
394 1590
395 396
395 1474
396 1054
397 398
397 617
398 690
399 400
399 641
400 481
401 402
401 1417
402 1589
403 9
403 404
404 1365
405 406
405 1377
406 136
407 118
407 408
408 462
409 410
409 1393
410 588
411 412
411 1567
412 135
413 414
413 1600
414 922
415 416
415 1367
416 458
417 277
417 418
418 869
419 357
419 420
420 806
421 313
421 422
422 1253
423 424
423 1443
424 676
425 83
425 426
426 816
427 243
427 428
428 454
429 138
429 430
430 1372
431 231
431 432
432 846
433 143
433 434
434 246
435 436
435 461
436 445
437 377
437 438
438 321
439 272
439 440
440 72
441 442
441 477
442 1320
443 444
443 740
444 489
445 446
445 1361
446 12
447 448
447 1243
448 1130
449 450
449 854
450 1335
451 452
451 1360
452 429
453 454
453 1548
454 1098
455 456
455 1195
456 1586
457 171
457 458
458 205
459 460
459 874
460 1180
461 462
461 495
462 1496
463 464
463 468
464 1402
465 466
465 1462
466 238
467 339
467 468
468 1501
469 470
469 1608
470 413
471 472
471 1231
472 1236
473 474
473 1197
474 1114
475 476
475 1395
476 621
477 478
477 1009
478 359
479 480
479 1345
480 1324
481 482
481 1047
482 884
483 484
483 798
484 634
485 486
485 1431
486 760
487 488
487 1486
488 1452
489 490
489 946
490 746
491 492
491 762
492 562
493 494
493 985
494 582
495 496
495 767
496 367
497 498
497 936
498 664
499 500
499 819
500 1056
501 502
501 639
502 866
503 504
503 1035
504 1174
505 506
505 1519
506 436
507 508
507 873
508 728
509 510
509 715
510 1516
511 274
511 512
512 1234
513 514
513 706
514 699
515 433
515 516
516 646
517 422
517 518
518 1344
519 520
519 967
520 408
521 522
521 727
522 683
523 213
523 524
524 1238
525 526
525 1275
526 852
527 528
527 875
528 257
529 530
529 1202
530 1058
531 283
531 532
532 19
533 93
533 534
534 1410
535 536
535 1075
536 1060
537 361
537 538
538 800
539 540
539 877
540 439
541 324
541 542
542 161
543 544
543 731
544 432
545 546
545 697
546 1392
547 548
547 717
548 1142
549 519
549 550
550 1071
551 473
551 552
552 1447
553 554
553 1612
554 430
555 411
555 556
556 834
557 404
557 558
558 840
559 107
559 560
560 1143
561 179
561 562
562 546
563 564
563 815
564 1461
565 89
565 566
566 20
567 568
567 1518
568 222
569 570
569 929
570 395
571 421
571 572
572 1042
573 539
573 574
574 1346
575 58
575 576
576 1144
577 187
577 578
578 1104
579 580
579 1404
580 964
581 130
581 582
582 904
583 91
583 584
584 970
585 586
585 1113
586 1028
587 588
587 770
588 533
589 441
589 590
590 1467
591 592
591 1193
592 1052
593 594
593 633
594 1258
595 596
595 711
596 237
597 598
597 1572
598 738
599 502
599 600
600 401
601 602
601 682
602 66
603 604
603 971
604 1289
605 606
605 827
606 615
607 556
607 608
608 820
609 162
609 610
610 756
611 612
611 803
612 1265
613 614
613 954
614 168
615 616
615 1571
616 513
617 618
617 1103
618 1194
619 620
619 828
620 771
621 249
621 622
622 591
623 624
623 635
624 1205
625 626
625 1229
626 768
627 331
627 628
628 977
629 376
629 630
630 1388
631 632
631 669
632 1357
633 634
633 965
634 510
635 636
635 957
636 499
637 638
637 906
638 1118
639 273
639 640
640 1066
641 642
641 783
642 1190
643 644
643 1120
644 886
645 646
645 1535
646 553
647 648
647 1273
648 1068
649 650
649 927
650 748
651 652
651 1520
652 1386
653 654
653 907
654 26
655 140
655 656
656 643
657 658
657 879
658 826
659 660
659 1305
660 516
661 595
661 662
662 552
663 664
663 1599
664 848
665 400
665 666
666 660
667 661
667 668
668 1016
669 670
669 1033
670 1420
671 672
671 867
672 1232
673 4
673 674
674 632
675 676
675 1266
676 442
677 678
677 962
678 1401
679 141
679 680
680 340
681 682
681 1423
682 40
683 132
683 684
684 1460
685 349
685 686
686 374
687 688
687 1179
688 116
689 271
689 690
690 220
691 692
691 742
692 1164
693 694
693 1475
694 1596
695 696
695 818
696 137
697 698
697 838
698 1434
699 261
699 700
700 860
701 702
701 757
702 1352
703 704
703 743
704 1321
705 587
705 706
706 265
707 227
707 708
708 1308
709 710
709 1354
710 119
711 712
711 1145
712 76
713 714
713 1454
714 1337
715 716
715 1445
716 1581
717 59
717 718
718 1105
719 720
719 1259
720 322
721 607
721 722
722 597
723 724
723 1394
724 448
725 726
725 1088
726 514
727 728
727 1073
728 900
729 594
729 730
730 620
731 305
731 732
732 1008
733 734
733 1027
734 1429
735 736
735 737
736 56
737 738
737 784
738 1498
739 740
739 1427
740 1396
741 742
741 853
742 1595
743 391
743 744
744 99
745 104
745 746
746 1244
747 403
747 748
748 1466
749 750
749 1069
750 732
751 48
751 752
752 1312
753 673
753 754
754 232
755 756
755 1543
756 1246
757 758
757 1479
758 1111
759 493
759 760
760 1285
761 762
761 1221
762 1473
763 585
763 764
764 1156
765 766
765 895
766 698
767 151
767 768
768 426
769 230
769 770
770 373
771 764
771 772
772 218
773 774
773 1415
774 183
775 485
775 776
776 1279
777 778
777 1050
778 81
779 780
779 1099
780 159
781 259
781 782
782 749
783 784
783 1463
784 1318
785 786
785 1293
786 942
787 788
787 1511
788 520
789 417
789 790
790 86
791 792
791 1169
792 758
793 645
793 794
794 266
795 796
795 1138
796 590
797 798
797 1249
798 613
799 406
799 800
800 1362
801 210
801 802
802 554
803 804
803 1565
804 34
805 550
805 806
806 912
807 547
807 808
808 144
809 810
809 1405
810 1288
811 147
811 812
812 356
813 814
813 1419
814 1220
815 816
815 1123
816 1084
817 703
817 818
818 443
819 820
819 1412
820 730
821 822
821 1379
822 612
823 535
823 824
824 1438
825 761
825 826
826 1351
827 828
827 983
828 1250
829 476
829 830
830 1184
831 832
831 1171
832 320
833 834
833 1433
834 362
835 124
835 836
836 1011
837 409
837 838
838 193
839 649
839 840
840 716
841 842
841 1559
842 1030
843 844
843 994
844 467
845 830
845 846
846 532
847 364
847 848
848 1593
849 850
849 969
850 1276
851 852
851 1278
852 538
853 854
853 993
854 752
855 304
855 856
856 122
857 858
857 1491
858 1382
859 860
859 861
860 1196
861 862
861 1007
862 270
863 864
863 1614
864 386
865 866
865 979
866 1001
867 378
867 868
868 1557
869 629
869 870
870 805
871 872
871 1274
872 211
873 425
873 874
874 1570
875 876
875 1319
876 1604
877 878
877 941
878 1147
879 651
879 880
880 693
881 410
881 882
882 212
883 785
883 884
884 1364
885 886
885 1224
886 1102
887 310
887 888
888 22
889 890
889 1062
890 736
891 892
891 1155
892 1200
893 894
893 1282
894 801
895 95
895 896
896 466
897 774
897 898
898 1575
899 483
899 900
900 1502
901 31
901 902
902 1241
903 904
903 1495
904 1095
905 906
905 1210
906 579
907 908
907 1556
908 496
909 375
909 910
910 326
911 500
911 912
912 526
913 914
913 1112
914 1121
915 223
915 916
916 301
917 394
917 918
918 963
919 503
919 920
920 1578
921 922
921 1348
922 120
923 924
923 1239
924 1015
925 926
925 1163
926 1560
927 928
927 1061
928 708
929 797
929 930
930 153
931 352
931 932
932 1490
933 934
933 972
934 1542
935 260
935 936
936 453
937 938
937 981
938 851
939 638
939 940
940 799
941 942
941 1299
942 1022
943 312
943 944
944 950
945 666
945 946
946 1090
947 719
947 948
948 60
949 944
949 950
950 460
951 952
951 1092
952 474
953 255
953 954
954 128
955 69
955 956
956 1506
957 479
957 958
958 27
959 960
959 1561
960 287
961 817
961 962
962 1107
963 336
963 964
964 1432
965 559
965 966
966 1189
967 968
967 1159
968 452
969 219
969 970
970 1583
971 345
971 972
972 471
973 903
973 974
974 1585
975 609
975 976
976 1476
977 584
977 978
978 702
979 149
979 980
980 722
981 57
981 982
982 1594
983 984
983 1426
984 337
985 679
985 986
986 21
987 988
987 1311
988 776
989 671
989 990
990 601
991 695
991 992
992 297
993 994
993 1375
994 1573
995 996
995 1031
996 244
997 998
997 1067
998 24
999 1000
999 1334
1000 73
1001 909
1001 1002
1002 940
1003 216
1003 1004
1004 1408
1005 883
1005 1006
1006 45
1007 540
1007 1008
1008 117
1009 51
1009 1010
1010 1110
1011 1012
1011 1482
1012 154
1013 1014
1013 1173
1014 67
1015 1016
1015 1533
1016 918
1017 1018
1017 1074
1018 221
1019 1020
1019 1263
1020 1122
1021 389
1021 1022
1022 1198
1023 1024
1023 1170
1024 446
1025 775
1025 1026
1026 450
1027 315
1027 1028
1028 1160
1029 901
1029 1030
1030 630
1031 3
1031 1032
1032 486
1033 1034
1033 1281
1034 492
1035 1036
1035 1300
1036 876
1037 267
1037 1038
1038 1192
1039 1
1039 1040
1040 1340
1041 1042
1041 1601
1042 102
1043 1044
1043 1255
1044 1018
1045 53
1045 1046
1046 1150
1047 319
1047 1048
1048 914
1049 435
1049 1050
1050 589
1051 845
1051 1052
1052 700
1053 1054
1053 1175
1054 328
1055 788
1055 1056
1056 370
1057 1058
1057 1125
1058 1464
1059 330
1059 1060
1060 1527
1061 833
1061 1062
1062 1587
1063 980
1063 1064
1064 1544
1065 456
1065 1066
1066 1322
1067 279
1067 1068
1068 1269
1069 763
1069 1070
1070 726
1071 913
1071 1072
1072 1242
1073 295
1073 1074
1074 284
1075 1076
1075 1333
1076 207
1077 1078
1077 1470
1078 653
1079 145
1079 1080
1080 652
1081 1082
1081 1339
1082 43
1083 347
1083 1084
1084 1406
1085 146
1085 1086
1086 306
1087 781
1087 1088
1088 71
1089 870
1089 1090
1090 602
1091 1092
1091 1607
1092 1442
1093 47
1093 1094
1094 1343
1095 937
1095 1096
1096 420
1097 382
1097 1098
1098 472
1099 1100
1099 1368
1100 1272
1101 1102
1101 1500
1102 575
1103 150
1103 1104
1104 1188
1105 490
1105 1106
1106 18
1107 96
1107 1108
1108 685
1109 1110
1109 1579
1110 488
1111 528
1111 1112
1112 773
1113 325
1113 1114
1114 302
1115 1116
1115 1403
1116 290
1117 431
1117 1118
1118 531
1119 1120
1119 1329
1120 897
1121 1122
1121 1162
1122 1428
1123 1079
1123 1124
1124 614
1125 931
1125 1126
1126 882
1127 191
1127 1128
1128 447
1129 88
1129 1130
1130 958
1131 1132
1131 1562
1132 275
1133 872
1133 1134
1134 560
1135 1136
1135 1558
1136 1524
1137 835
1137 1138
1138 1574
1139 105
1139 1140
1140 225
1141 1142
1141 1301
1142 1353
1143 6
1143 1144
1144 1477
1145 125
1145 1146
1146 623
1147 892
1147 1148
1148 812
1149 561
1149 1150
1150 1510
1151 1005
1151 1152
1152 245
1153 98
1153 1154
1154 856
1155 1116
1155 1156
1156 723
1157 1149
1157 1158
1158 779
1159 1160
1159 1291
1160 202
1161 189
1161 1162
1162 1606
1163 185
1163 1164
1164 17
1165 1166
1165 1381
1166 933
1167 1014
1167 1168
1168 1083
1169 769
1169 1170
1170 1521
1171 593
1171 1172
1172 1006
1173 163
1173 1174
1174 1418
1175 288
1175 1176
1176 11
1177 6
1177 1178
1178 1459
1179 15
1179 1180
1180 1230
1181 1182
1181 1610
1182 988
1183 186
1183 1184
1184 696
1185 1091
1185 1186
1186 1505
1187 1117
1187 1188
1188 226
1189 416
1189 1190
1190 1152
1191 1192
1191 1267
1192 984
1193 1178
1193 1194
1194 368
1195 363
1195 1196
1196 1480
1197 631
1197 1198
1198 710
1199 49
1199 1200
1200 235
1201 565
1201 1202
1202 1089
1203 555
1203 1204
1204 772
1205 198
1205 1206
1206 156
1207 571
1207 1208
1208 1140
1209 745
1209 1210
1210 166
1211 229
1211 1212
1212 1350
1213 1214
1213 1400
1214 2
1215 1216
1215 1446
1216 1064
1217 33
1217 1218
1218 1383
1219 286
1219 1220
1220 94
1221 1222
1221 1553
1222 396
1223 1181
1223 1224
1224 1051
1225 343
1225 1226
1226 990
1227 206
1227 1228
1228 952
1229 1230
1229 1297
1230 1448
1231 1232
1231 1254
1232 1212
1233 536
1233 1234
1234 568
1235 1203
1235 1236
1236 172
1237 399
1237 1238
1238 142
1239 415
1239 1240
1240 372
1241 534
1241 1242
1242 686
1243 995
1243 1244
1244 204
1245 573
1245 1246
1246 1328
1247 1248
1247 1325
1248 1135
1249 603
1249 1250
1250 624
1251 627
1251 1252
1252 1039
1253 139
1253 1254
1254 755
1255 419
1255 1256
1256 1012
1257 1258
1257 1517
1258 839
1259 1002
1259 1260
1260 1488
1261 973
1261 1262
1262 360
1263 291
1263 1264
1264 804
1265 1059
1265 1266
1266 654
1267 1151
1267 1268
1268 465
1269 1240
1269 1270
1270 794
1271 1272
1271 1577
1272 640
1273 215
1273 1274
1274 821
1275 1276
1275 1425
1276 464
1277 1076
1277 1278
1278 170
1279 1280
1279 1564
1280 1010
1281 549
1281 1282
1282 25
1283 224
1283 1284
1284 1347
1285 987
1285 1286
1286 393
1287 527
1287 1288
1288 1024
1289 881
1289 1290
1290 385
1291 865
1291 1292
1292 1017
1293 381
1293 1294
1294 523
1295 1043
1295 1296
1296 577
1297 1207
1297 1298
1298 29
1299 689
1299 1300
1300 75
1301 524
1301 1302
1302 1070
1303 103
1303 1304
1304 1536
1305 567
1305 1306
1306 1451
1307 54
1307 1308
1308 234
1309 506
1309 1310
1310 1430
1311 789
1311 1312
1312 316
1313 586
1313 1314
1314 444
1315 1211
1315 1316
1316 402
1317 1185
1317 1318
1318 412
1319 857
1319 1320
1320 1550
1321 888
1321 1322
1322 298
1323 600
1323 1324
1324 23
1325 1217
1325 1326
1326 1449
1327 606
1327 1328
1328 1342
1329 1330
1329 1513
1330 1397
1331 1201
1331 1332
1332 494
1333 1029
1333 1334
1334 342
1335 905
1335 1336
1336 112
1337 1338
1337 1598
1338 1132
1339 1332
1339 1340
1340 14
1341 239
1341 1342
1342 383
1343 115
1343 1344
1344 1034
1345 282
1345 1346
1346 998
1347 9
1347 1348
1348 1592
1349 713
1349 1350
1350 335
1351 616
1351 1352
1352 566
1353 1081
1353 1354
1354 1082
1355 1356
1355 1484
1356 842
1357 173
1357 1358
1358 592
1359 741
1359 1360
1360 438
1361 1260
1361 1362
1362 618
1363 181
1363 1364
1364 1108
1365 759
1365 1366
1366 542
1367 701
1367 1368
1368 217
1369 1370
1369 1526
1370 712
1371 353
1371 1372
1372 1219
1373 36
1373 1374
1374 1356
1375 1303
1375 1376
1376 1493
1377 498
1377 1378
1378 1046
1379 953
1379 1380
1380 1541
1381 791
1381 1382
1382 1086
1383 1384
1383 1389
1384 1127
1385 525
1385 1386
1386 1055
1387 714
1387 1388
1388 188
1389 687
1389 1390
1390 1036
1391 1271
1391 1392
1392 688
1393 915
1393 1394
1394 709
1395 7
1395 1396
1396 97
1397 1045
1397 1398
1398 134
1399 663
1399 1400
1400 878
1401 1223
1401 1402
1402 810
1403 1384
1403 1404
1404 1468
1405 1406
1405 1409
1406 1080
1407 604
1407 1408
1408 16
1409 101
1409 1410
1410 541
1411 501
1411 1412
1412 610
1413 1003
1413 1414
1414 478
1415 131
1415 1416
1416 522
1417 793
1417 1418
1418 348
1419 1085
1419 1420
1420 932
1421 1199
1421 1422
1422 82
1423 605
1423 1424
1424 1168
1425 1426
1425 1441
1426 209
1427 1167
1427 1428
1428 1176
1429 650
1429 1430
1430 78
1431 1432
1431 1613
1432 1048
1433 61
1433 1434
1434 178
1435 1153
1435 1436
1436 956
1437 289
1437 1438
1438 1032
1439 13
1439 1440
1440 1380
1441 1442
1441 1539
1442 1131
1443 1077
1443 1444
1444 508
1445 777
1445 1446
1446 252
1447 1448
1447 1611
1448 887
1449 1371
1449 1450
1450 766
1451 545
1451 1452
1452 300
1453 109
1453 1454
1454 1330
1455 182
1455 1456
1456 885
1457 346
1457 1458
1458 1566
1459 1204
1459 1460
1460 1310
1461 1248
1461 1462
1462 1597
1463 1251
1463 1464
1464 858
1465 1466
1465 1509
1466 1547
1467 1106
1467 1468
1468 1004
1469 197
1469 1470
1470 333
1471 637
1471 1472
1472 1157
1473 1290
1473 1474
1474 236
1475 329
1475 1476
1476 1584
1477 790
1477 1478
1478 414
1479 1480
1479 1515
1480 948
1481 482
1481 1482
1482 397
1483 327
1483 1484
1484 484
1485 1044
1485 1486
1486 1370
1487 1172
1487 1488
1488 704
1489 976
1489 1490
1490 1530
1491 924
1491 1492
1492 1489
1493 692
1493 1494
1494 55
1495 935
1495 1496
1496 735
1497 241
1497 1498
1498 1309
1499 1421
1499 1500
1500 200
1501 947
1501 1502
1502 504
1503 190
1503 1504
1504 180
1505 451
1505 1506
1506 570
1507 65
1507 1508
1508 1182
1509 825
1509 1510
1510 1270
1511 891
1511 1512
1512 424
1513 253
1513 1514
1514 1228
1515 563
1515 1516
1516 1374
1517 625
1517 1518
1518 62
1519 113
1519 1520
1520 1349
1521 167
1521 1522
1522 1268
1523 959
1523 1524
1524 916
1525 1128
1525 1526
1526 1455
1527 636
1527 1528
1528 1576
1529 1416
1529 1530
1530 890
1531 247
1531 1532
1532 580
1533 1483
1533 1534
1534 152
1535 910
1535 1536
1536 35
1537 1314
1537 1538
1538 1100
1539 199
1539 1540
1540 1504
1541 1542
1541 1555
1542 1053
1543 1331
1543 1544
1544 512
1545 127
1545 1546
1546 39
1547 1277
1547 1548
1548 37
1549 1369
1549 1550
1550 680
1551 1552
1551 1603
1552 572
1553 157
1553 1554
1554 1341
1555 1549
1555 1556
1556 1508
1557 176
1557 1558
1558 1413
1559 974
1559 1560
1560 945
1561 1049
1561 1562
1562 1057
1563 1287
1563 1564
1564 369
1565 1013
1565 1566
1566 1072
1567 1261
1567 1568
1568 487
1569 299
1569 1570
1570 52
1571 1572
1571 1580
1572 1494
1573 672
1573 1574
1574 85
1575 1422
1575 1576
1576 470
1577 811
1577 1578
1578 1358
1579 829
1579 1580
1580 1525
1581 1307
1581 1582
1582 1407
1583 751
1583 1584
1584 1126
1585 278
1585 1586
1586 943
1587 1094
1587 1588
1588 670
1589 366
1589 1590
1590 280
1591 100
1591 1592
1592 1563
1593 388
1593 1594
1594 314
1595 583
1595 1596
1596 1136
1597 407
1597 1598
1598 106
1599 1115
1599 1600
1600 32
1601 1133
1601 1602
1602 318
1603 307
1603 1604
1604 658
1605 999
1605 1606
1606 1063
1607 1294
1607 1608
1608 418
1609 1191
1609 1610
1610 778
1611 177
1611 1612
1612 1497
1613 599
1613 1614
1614 1545
