0 753
0 831
2 827
2 1253
3 56
3 1385
4 347
4 1433
5 382
6 306
7 817
7 1115
9 259
8 39
8 839
10 624
13 36
13 404
15 989
15 1600
17 253
17 1410
19 1401
19 1456
21 1030
21 1057
23 24
23 1449
24 694
25 26
25 451
26 72
27 26
27 28
28 1366
29 30
29 1462
30 68
31 32
31 109
32 768
33 34
33 1278
34 168
35 36
35 1397
36 91
37 38
37 217
38 1108
39 40
39 145
40 153
41 42
41 1135
42 1562
43 44
43 819
44 224
45 46
45 931
46 1130
47 48
47 1240
48 25
49 50
49 850
50 557
51 52
51 207
52 369
53 54
53 1309
54 1068
55 56
55 564
56 929
57 58
57 1102
58 216
59 60
59 1363
60 211
61 62
61 551
62 154
63 64
63 1161
64 744
65 66
65 1337
66 201
67 68
67 605
68 1446
69 70
69 1065
70 1514
71 72
71 1055
72 1035
73 74
73 693
74 1298
75 76
75 1423
76 1169
77 78
77 875
78 1539
79 80
79 1565
80 442
81 82
81 1247
82 1106
83 84
83 1272
84 508
85 86
85 197
86 32
87 88
87 1258
88 1182
89 90
89 1358
90 1299
91 92
91 623
92 58
93 76
93 94
94 1268
95 92
95 96
96 814
97 98
97 1137
98 536
99 100
99 527
100 586
101 102
101 1493
102 966
103 104
103 413
104 983
105 106
105 1291
106 560
107 108
107 1372
108 860
109 110
109 155
110 994
111 112
111 873
112 375
113 114
113 1198
114 110
115 116
115 1510
116 1280
117 118
117 691
118 1609
119 120
119 656
120 24
121 122
121 139
122 74
123 67
123 124
124 1134
125 126
125 699
126 1610
127 118
127 128
128 102
129 130
129 1123
130 578
131 132
131 1263
132 940
133 29
133 134
134 1458
135 136
135 907
136 1050
137 138
137 469
138 893
139 140
139 845
140 350
141 142
141 1197
142 786
143 144
143 811
144 570
145 146
145 1352
146 386
147 37
147 148
148 996
149 150
149 263
150 549
151 152
151 446
152 1242
153 154
153 1568
154 6
155 156
155 951
156 878
157 158
157 1276
158 411
159 160
159 1511
160 1336
161 162
161 175
162 834
163 164
163 1453
164 17
165 166
165 1151
166 1530
167 168
167 796
168 1558
169 43
169 170
170 1273
171 172
171 1029
172 1571
173 174
173 455
174 1417
175 176
175 771
176 331
177 178
177 398
178 942
179 86
179 180
180 688
181 182
181 1595
182 1007
183 184
183 1187
184 910
185 186
185 373
186 34
187 188
187 277
188 240
189 190
189 210
190 298
191 192
191 813
192 806
193 194
193 1573
194 1205
195 196
195 379
196 71
197 198
197 820
198 1210
199 172
199 200
200 135
201 202
201 690
202 726
203 204
203 1443
204 458
205 206
205 1217
206 652
207 208
207 1312
208 1554
209 210
209 233
210 725
211 212
211 909
212 1584
213 53
213 214
214 642
215 191
215 216
216 1315
217 218
217 559
218 1448
219 220
219 1304
220 597
221 222
221 1089
222 755
223 224
223 1419
224 419
225 226
225 891
226 308
227 196
227 228
228 894
229 230
229 1459
230 1380
231 232
231 376
232 938
233 234
233 425
234 1249
235 236
235 963
236 636
237 238
237 1020
238 1226
239 240
239 626
240 632
241 242
241 1045
242 1508
243 244
243 575
244 1334
245 246
245 1116
246 1329
247 248
247 603
248 868
249 250
249 522
250 327
251 252
251 1482
252 122
253 254
253 1465
254 867
255 256
255 1323
256 1349
257 258
257 318
258 212
259 164
259 260
260 441
261 262
261 1037
262 754
263 264
263 727
264 1575
265 203
265 266
266 348
267 268
267 1461
268 662
269 270
269 435
270 1271
271 272
271 577
272 1179
273 274
273 665
274 1127
275 276
275 1193
276 1398
277 278
277 544
278 1254
279 280
279 464
280 818
281 282
281 295
282 775
283 284
283 731
284 1184
285 45
285 286
286 906
287 8
287 288
288 466
289 87
289 290
290 1566
291 292
291 1107
292 1442
293 294
293 614
294 1326
295 296
295 311
296 474
297 298
297 1491
298 677
299 300
299 829
300 1540
301 302
301 872
302 676
303 304
303 941
304 82
305 306
305 556
306 1122
307 308
307 1061
308 1388
309 310
309 801
310 314
311 312
311 1168
312 126
313 314
313 1255
314 1425
315 316
315 599
316 1211
317 318
317 393
318 436
319 320
319 521
320 573
321 322
321 1267
322 1422
323 286
323 324
324 1534
325 326
325 1290
326 1430
327 317
327 328
328 1317
329 330
329 714
330 492
331 65
331 332
332 160
333 334
333 463
334 760
335 336
335 1396
336 1016
337 215
337 338
338 500
339 340
339 1227
340 1583
341 342
341 849
342 324
343 344
343 985
344 854
345 346
345 1099
346 561
347 348
347 1327
348 594
349 350
349 491
350 911
351 352
351 429
352 476
353 354
353 1204
354 1269
355 282
355 356
356 280
357 358
357 457
358 501
359 360
359 576
360 856
361 362
361 1463
362 715
363 181
363 364
364 1172
365 366
365 1403
366 258
367 368
367 647
368 78
369 370
369 423
370 956
371 372
371 613
372 254
373 40
373 374
374 1440
375 376
375 679
376 1390
377 378
377 723
378 1230
379 174
379 380
380 289
381 382
381 1073
382 50
383 384
383 1009
384 88
385 386
385 1561
386 520
387 388
387 1288
388 1367
389 302
389 390
390 1518
391 392
391 1437
392 1604
393 319
393 394
394 1486
395 396
395 1235
396 1185
397 398
397 722
398 538
399 400
399 1225
400 822
401 402
401 589
402 408
403 307
403 404
404 1124
405 406
405 1441
406 1196
407 408
407 606
408 1190
409 179
409 410
410 1310
411 412
411 1376
412 1228
413 395
413 414
414 1215
415 416
415 1162
416 316
417 418
417 461
418 805
419 420
419 896
420 762
421 422
421 1026
422 924
423 367
423 424
424 581
425 138
425 426
426 1346
427 428
427 982
428 1470
429 430
429 1431
430 1071
431 405
431 432
432 790
433 434
433 1560
434 1131
435 351
435 436
436 1473
437 123
437 438
438 808
439 440
439 971
440 473
441 442
441 1048
442 1370
443 246
443 444
444 432
445 446
445 1043
446 740
447 448
447 954
448 582
449 450
449 1384
450 305
451 452
451 837
452 1412
453 454
453 1523
454 848
455 456
455 1427
456 384
457 458
457 1153
458 292
459 15
459 460
460 1501
461 462
461 934
462 763
463 464
463 950
464 1484
465 466
465 1265
466 1188
467 468
467 1340
468 1606
469 199
469 470
470 1357
471 396
471 472
472 936
473 474
473 734
474 1069
475 476
475 495
476 1103
477 388
477 478
478 1361
479 480
479 1208
480 666
481 112
481 482
482 1577
483 325
483 484
484 780
485 486
485 1049
486 452
487 488
487 975
488 222
489 490
489 1549
490 1590
491 492
491 1303
492 779
493 31
493 494
494 1084
495 428
495 496
496 1594
497 195
497 498
498 830
499 500
499 1435
500 127
501 502
501 1203
502 226
503 504
503 1241
504 106
505 275
505 506
506 821
507 272
507 508
508 1296
509 281
509 510
510 900
511 512
511 962
512 550
513 514
513 833
514 364
515 401
515 516
516 646
517 518
517 1383
518 598
519 520
519 785
520 1331
521 522
521 1091
522 1213
523 182
523 524
524 293
525 218
525 526
526 334
527 528
527 1248
528 921
529 530
529 1382
530 490
531 532
531 949
532 1243
533 534
533 730
534 558
535 287
535 536
536 1014
537 538
537 1344
538 482
539 143
539 540
540 1552
541 542
541 1451
542 1339
543 544
543 1542
544 884
545 546
545 1469
546 1377
547 548
547 901
548 773
549 214
549 550
550 370
551 552
551 835
552 42
553 554
553 713
554 1502
555 556
555 1343
556 1393
557 60
557 558
558 698
559 560
559 1612
560 732
561 562
561 638
562 62
563 564
563 1199
564 38
565 93
565 566
566 1040
567 568
567 583
568 1148
569 417
569 570
570 132
571 4
571 572
572 874
573 574
573 1553
574 1307
575 576
575 1145
576 769
577 578
577 965
578 231
579 371
579 580
580 89
581 415
581 582
582 736
583 584
583 1311
584 1351
585 586
585 1234
586 1608
587 9
587 588
588 729
589 590
589 611
590 256
591 592
591 1285
592 158
593 594
593 977
594 1141
595 596
595 898
596 326
597 598
597 1528
598 1516
599 600
599 739
600 1083
601 602
601 1379
602 608
603 604
603 1613
604 630
605 606
605 1421
606 930
607 608
607 997
608 689
609 456
609 610
610 687
611 612
611 1498
612 777
613 223
613 614
614 186
615 616
615 1591
616 242
617 618
617 1292
618 1256
619 620
619 847
620 470
621 622
621 840
622 738
623 621
623 624
624 978
625 626
625 876
626 644
627 345
627 628
628 1581
629 601
629 630
630 987
631 632
631 1371
632 70
633 634
633 1450
634 825
635 636
635 1455
636 1386
637 149
637 638
638 119
639 640
639 903
640 1274
641 642
641 1467
642 902
643 644
643 1330
644 572
645 646
645 1175
646 1487
647 497
647 648
648 184
649 650
649 1219
650 1157
651 266
651 652
652 410
653 654
653 1054
654 682
655 593
655 656
656 1132
657 658
657 1345
658 516
659 660
659 1527
660 758
661 662
661 1167
662 537
663 664
663 1325
664 1342
665 666
665 842
666 485
667 509
667 668
668 514
669 63
669 670
670 555
671 672
671 1497
672 659
673 128
673 674
674 116
675 676
675 846
676 974
677 678
677 904
678 651
679 248
679 680
680 566
681 682
681 1506
682 915
683 684
683 1011
684 1178
685 686
685 1531
686 517
687 688
687 1218
688 1364
689 690
689 1445
690 979
691 692
691 1033
692 1415
693 694
693 1111
694 1319
695 392
695 696
696 1142
697 698
697 1176
698 322
699 700
699 1551
700 1582
701 702
701 1252
702 1322
703 433
703 704
704 1284
705 706
705 1324
706 890
707 708
707 1567
708 851
709 510
709 710
710 1206
711 712
711 1521
712 905
713 714
713 1597
714 372
715 716
715 895
716 1158
717 718
717 1149
718 1010
719 720
719 865
720 728
721 465
721 722
722 797
723 77
723 724
724 1202
725 726
725 1144
726 696
727 627
727 728
728 152
729 730
729 1237
730 709
731 732
731 1006
732 496
733 101
733 734
734 1246
735 736
735 809
736 323
737 738
737 972
738 278
739 190
739 740
740 764
741 206
741 742
742 1556
743 209
743 744
744 1052
745 675
745 746
746 262
747 748
747 1328
748 1074
749 18
749 750
750 512
751 735
751 752
752 1004
753 615
753 754
754 1503
755 756
755 1085
756 1244
757 52
757 758
758 477
759 238
759 760
760 1457
761 531
761 762
762 502
763 764
763 1302
764 804
765 513
765 766
766 926
767 768
767 981
768 1090
769 692
769 770
770 604
771 185
771 772
772 1087
773 774
773 1119
774 228
775 51
775 776
776 631
777 503
777 778
778 1426
779 780
779 1490
780 973
781 541
781 782
782 114
783 784
783 1589
784 273
785 786
785 1408
786 1098
787 788
787 1313
788 1362
789 115
789 790
790 529
791 686
791 792
792 1072
793 285
793 794
794 1438
795 519
795 796
796 1064
797 798
797 1041
798 1025
799 800
799 1066
800 1474
801 802
801 1533
802 337
803 471
803 804
804 420
805 683
805 806
806 1295
807 532
807 808
808 130
809 810
809 1409
810 1159
811 812
811 1281
812 953
813 147
813 814
814 299
815 59
815 816
816 303
817 818
817 944
818 1578
819 584
819 820
820 1097
821 822
821 1143
822 622
823 657
823 824
824 1341
825 480
825 826
826 402
827 772
827 828
828 481
829 778
829 830
830 628
831 832
831 1305
832 1023
833 834
833 1293
834 1012
835 591
835 836
836 394
837 310
837 838
838 991
839 49
839 840
840 658
841 842
841 1150
842 908
843 844
843 1093
844 1356
845 453
845 846
846 1170
847 787
847 848
848 810
849 743
849 850
850 587
851 751
851 852
852 1154
853 365
853 854
854 478
855 856
855 1368
856 1529
857 858
857 1555
858 1191
859 486
859 860
860 1316
861 862
861 870
862 296
863 864
863 952
864 268
865 234
865 866
866 1059
867 105
867 868
868 1095
869 870
869 993
870 1400
871 872
871 1129
872 156
873 563
873 874
874 1018
875 439
875 876
876 1544
877 341
877 878
878 142
879 649
879 880
880 609
881 882
881 1481
882 858
883 3
883 884
884 524
885 886
885 1121
886 1354
887 888
887 998
888 1008
889 890
889 1480
890 484
891 235
891 892
892 400
893 377
893 894
894 366
895 896
895 1019
896 1000
897 898
897 1547
898 745
899 881
899 900
900 1496
901 328
901 902
902 620
903 64
903 904
904 255
905 887
905 906
906 198
907 908
907 1541
908 1275
909 910
909 1614
910 1524
911 612
911 912
912 511
913 914
913 1507
914 718
915 916
915 1046
916 1070
917 681
917 918
918 1233
919 357
919 920
920 192
921 617
921 922
922 146
923 443
923 924
924 1177
925 824
925 926
926 1436
927 928
927 1550
928 1489
929 930
929 1146
930 241
931 313
931 932
932 1509
933 7
933 934
934 1136
935 936
935 1079
936 749
937 938
937 1101
938 332
939 940
939 1532
940 467
941 219
941 942
942 389
943 944
943 1592
944 927
945 434
945 946
946 260
947 948
947 1133
948 1174
949 385
949 950
950 546
951 671
951 952
952 667
953 954
953 969
954 1374
955 229
955 956
956 151
957 958
957 1350
958 12
959 595
959 960
960 1601
961 315
961 962
962 812
963 117
963 964
964 312
965 227
965 966
966 28
967 346
967 968
968 1483
969 970
969 1232
970 697
971 535
971 972
972 1112
973 974
973 1306
974 232
975 131
975 976
976 113
977 427
977 978
978 554
979 945
979 980
980 1192
981 982
981 1434
982 99
983 540
983 984
984 1078
985 986
985 1439
986 862
987 988
987 1428
988 1262
989 897
989 990
990 85
991 607
991 992
992 1200
993 245
993 994
994 776
995 700
995 996
996 84
997 998
997 1598
998 1117
999 1000
999 1536
1000 844
1001 23
1001 1002
1002 1164
1003 205
1003 1004
1004 747
1005 159
1005 1006
1006 1286
1007 565
1007 1008
1008 859
1009 1010
1009 1333
1010 412
1011 562
1011 1012
1012 1183
1013 141
1013 1014
1014 1464
1015 712
1015 1016
1016 826
1017 338
1017 1018
1018 10
1019 672
1019 1020
1020 1492
1021 793
1021 1022
1022 673
1023 374
1023 1024
1024 69
1025 96
1025 1026
1026 1214
1027 362
1027 1028
1028 1297
1029 567
1029 1030
1030 1081
1031 1032
1031 1201
1032 269
1033 61
1033 1034
1034 1360
1035 1036
1035 1522
1036 886
1037 301
1037 1038
1038 356
1039 648
1039 1040
1040 668
1041 1042
1041 1321
1042 986
1043 459
1043 1044
1044 387
1045 1046
1045 1605
1046 530
1047 1048
1047 1062
1048 344
1049 988
1049 1050
1050 912
1051 1052
1051 1447
1052 247
1053 1054
1053 1171
1054 815
1055 140
1055 1056
1056 183
1057 504
1057 1058
1058 1488
1059 204
1059 1060
1060 1063
1061 1062
1061 1335
1062 506
1063 616
1063 1064
1064 194
1065 1066
1065 1519
1066 1156
1067 1001
1067 1068
1068 828
1069 1070
1069 1212
1070 10
1071 450
1071 1072
1072 276
1073 836
1073 1074
1074 424
1075 1076
1075 1224
1076 1082
1077 1078
1077 1579
1078 230
1079 1080
1079 1607
1080 294
1081 378
1081 1082
1082 807
1083 1084
1083 1381
1084 980
1085 1086
1085 1277
1086 1017
1087 1088
1087 1593
1088 1114
1089 661
1089 1090
1090 167
1091 1092
1091 1413
1092 1570
1093 1094
1093 1338
1094 925
1095 170
1095 1096
1096 866
1097 414
1097 1098
1098 880
1099 947
1099 1100
1100 1022
1101 877
1101 1102
1102 767
1103 741
1103 1104
1104 1028
1105 913
1105 1106
1106 1092
1107 1108
1107 1207
1108 472
1109 100
1109 1110
1110 507
1111 653
1111 1112
1112 922
1113 761
1113 1114
1114 284
1115 1116
1115 1221
1116 637
1117 6
1117 1118
1118 274
1119 1120
1119 1126
1120 336
1121 1122
1121 1373
1122 1348
1123 571
1123 1124
1124 1603
1125 660
1125 1126
1126 539
1127 257
1127 1128
1128 416
1129 939
1129 1130
1130 1404
1131 19
1131 1132
1132 737
1133 1134
1133 1387
1134 55
1135 403
1135 1136
1136 499
1137 1094
1137 1138
1138 750
1139 407
1139 1140
1140 438
1141 1142
1141 1222
1142 460
1143 711
1143 1144
1144 1015
1145 343
1145 1146
1146 48
1147 1148
1147 1181
1148 354
1149 1150
1149 1238
1150 445
1151 869
1151 1152
1152 11
1153 2
1153 1154
1154 157
1155 1156
1155 1259
1156 640
1157 430
1157 1158
1158 548
1159 525
1159 1160
1160 148
1161 1162
1161 1559
1162 1420
1163 339
1163 1164
1164 270
1165 1147
1165 1166
1166 680
1167 173
1167 1168
1168 816
1169 397
1169 1170
1170 444
1171 641
1171 1172
1172 353
1173 1034
1173 1174
1174 569
1175 701
1175 1176
1176 710
1177 1178
1177 1416
1178 1152
1179 635
1179 1180
1180 1100
1181 643
1181 1182
1182 634
1183 340
1183 1184
1184 1308
1185 1186
1185 1460
1186 454
1187 792
1187 1188
1188 104
1189 1190
1189 1209
1190 1236
1191 358
1191 1192
1192 166
1193 297
1193 1194
1194 1318
1195 73
1195 1196
1196 1118
1197 265
1197 1198
1198 748
1199 1013
1199 1200
1200 494
1201 663
1201 1202
1202 333
1203 1204
1203 1520
1204 342
1205 1206
1205 1504
1206 568
1207 1208
1207 1245
1208 335
1209 1210
1209 1574
1210 1389
1211 654
1211 1212
1212 702
1213 489
1213 1214
1214 782
1215 1216
1215 1429
1216 90
1217 1218
1217 1611
1218 288
1219 523
1219 1220
1220 271
1221 1222
1221 1231
1222 1086
1223 250
1223 1224
1224 923
1225 955
1225 1226
1226 30
1227 1228
1227 1525
1228 794
1229 1230
1229 1580
1230 528
1231 781
1231 1232
1232 202
1233 309
1233 1234
1234 1155
1235 475
1235 1236
1236 1036
1237 1238
1237 1512
1238 1105
1239 75
1239 1240
1240 579
1241 795
1241 1242
1242 518
1243 390
1243 1244
1244 16
1245 133
1245 1246
1246 766
1247 213
1247 1248
1248 1500
1249 1194
1249 1250
1250 784
1251 1252
1251 1499
1252 999
1253 1254
1253 1369
1254 1058
1255 1256
1255 1294
1256 236
1257 1110
1257 1258
1258 574
1259 861
1259 1260
1260 1411
1261 633
1261 1262
1262 79
1263 1264
1263 1505
1264 1047
1265 943
1265 1266
1266 946
1267 1260
1267 1268
1268 107
1269 1270
1269 1418
1270 1602
1271 976
1271 1272
1272 1476
1273 208
1273 1274
1274 108
1275 239
1275 1276
1276 380
1277 21
1277 1278
1278 1391
1279 857
1279 1280
1280 188
1281 968
1281 1282
1282 252
1283 717
1283 1284
1284 1104
1285 917
1285 1286
1286 984
1287 251
1287 1288
1288 121
1289 1264
1289 1290
1290 449
1291 719
1291 1292
1292 1557
1293 176
1293 1294
1294 838
1295 1060
1295 1296
1296 892
1297 237
1297 1298
1298 290
1299 592
1299 1300
1300 957
1301 283
1301 1302
1302 1548
1303 35
1303 1304
1304 1163
1305 1306
1305 1543
1306 1042
1307 448
1307 1308
1308 774
1309 163
1309 1310
1310 304
1311 487
1311 1312
1312 1027
1313 9
1313 1314
1314 1494
1315 1316
1315 1563
1316 720
1317 843
1317 1318
1318 899
1319 798
1319 1320
1320 178
1321 600
1321 1322
1322 1120
1323 1324
1323 1424
1324 879
1325 1326
1325 1537
1326 368
1327 1251
1327 1328
1328 437
1329 629
1329 1330
1330 1479
1331 1332
1331 1432
1332 704
1333 1003
1333 1334
1334 1189
1335 1336
1335 1535
1336 1402
1337 1223
1337 1338
1338 1283
1339 1053
1339 1340
1340 610
1341 650
1341 1342
1342 440
1343 585
1343 1344
1344 1109
1345 1314
1345 1346
1346 391
1347 46
1347 1348
1348 1466
1349 1350
1349 1394
1350 462
1351 752
1351 1352
1352 1021
1353 291
1353 1354
1354 888
1355 54
1355 1356
1356 1261
1357 639
1357 1358
1358 552
1359 129
1359 1360
1360 1125
1361 1362
1361 1596
1362 1576
1363 1287
1363 1364
1364 80
1365 1180
1365 1366
1366 533
1367 1368
1367 1406
1368 1301
1369 1067
1369 1370
1370 1472
1371 970
1371 1372
1372 706
1373 177
1373 1374
1374 742
1375 363
1375 1376
1376 321
1377 355
1377 1378
1378 144
1379 329
1379 1380
1380 852
1381 1096
1381 1382
1382 1056
1383 959
1383 1384
1384 684
1385 708
1385 1386
1386 799
1387 1388
1387 1405
1388 916
1389 664
1389 1390
1390 674
1391 264
1391 1392
1392 705
1393 580
1393 1394
1394 791
1395 193
1395 1396
1396 789
1397 1355
1397 1398
1398 1139
1399 361
1399 1400
1400 1454
1401 1378
1401 1402
1402 98
1403 1375
1403 1404
1404 803
1405 765
1405 1406
1406 1257
1407 57
1407 1408
1408 1173
1409 243
1409 1410
1410 783
1411 180
1411 1412
1412 1300
1413 1414
1413 1477
1414 1032
1415 95
1415 1416
1416 882
1417 1075
1417 1418
1418 1478
1419 1420
1419 1587
1420 13
1421 1422
1421 1538
1422 22
1423 669
1423 1424
1424 871
1425 5
1425 1426
1426 920
1427 1031
1427 1428
1428 695
1429 967
1429 1430
1430 1076
1431 320
1431 1432
1432 1564
1433 553
1433 1434
1434 1005
1435 1436
1435 1471
1436 800
1437 543
1437 1438
1438 20
1439 200
1439 1440
1440 1229
1441 724
1441 1442
1442 864
1443 1113
1443 1444
1444 770
1445 935
1445 1446
1446 788
1447 431
1447 1448
1448 1128
1449 221
1449 1450
1450 418
1451 493
1451 1452
1452 1526
1453 267
1453 1454
1454 488
1455 1456
1455 1513
1456 1468
1457 534
1457 1458
1458 756
1459 47
1459 1460
1460 1569
1461 1462
1461 1545
1462 150
1463 937
1463 1464
1464 1166
1465 1051
1465 1466
1466 261
1467 111
1467 1468
1468 885
1469 515
1469 1470
1470 1599
1471 483
1471 1472
1472 889
1473 964
1473 1474
1474 1138
1475 161
1475 1476
1476 426
1477 225
1477 1478
1478 995
1479 602
1479 1480
1480 279
1481 1414
1481 1482
1482 422
1483 14
1483 1484
1484 1320
1485 919
1485 1486
1486 5
1487 1024
1487 1488
1488 1270
1489 381
1489 1490
1490 83
1491 757
1491 1492
1492 992
1493 1077
1493 1494
1494 863
1495 670
1495 1496
1496 187
1497 1239
1497 1498
1498 1407
1499 383
1499 1500
1500 588
1501 406
1501 1502
1502 958
1503 1279
1503 1504
1504 716
1505 137
1505 1506
1506 619
1507 1195
1507 1508
1508 409
1509 330
1509 1510
1510 359
1511 41
1511 1512
1512 703
1513 479
1513 1514
1514 1332
1515 1359
1515 1516
1516 526
1517 1039
1517 1518
1518 1140
1519 1165
1519 1520
1520 1444
1521 97
1521 1522
1522 360
1523 1524
1523 1588
1524 498
1525 44
1525 1526
1526 1585
1527 721
1527 1528
1528 1186
1529 447
1529 1530
1530 914
1531 124
1531 1532
1532 1002
1533 1347
1533 1534
1534 134
1535 505
1535 1536
1536 841
1537 81
1537 1538
1538 832
1539 300
1539 1540
1540 596
1541 249
1541 1542
1542 1395
1543 707
1543 1544
1544 1
1545 933
1545 1546
1546 94
1547 1216
1547 1548
1548 1365
1549 1515
1549 1550
1550 547
1551 853
1551 1552
1552 1452
1553 1353
1553 1554
1554 961
1555 678
1555 1556
1556 162
1557 928
1557 1558
1558 1088
1559 171
1559 1560
1560 1572
1561 1475
1561 1562
1562 590
1563 66
1563 1564
1564 1517
1565 136
1565 1566
1566 1160
1567 1485
1567 1568
1568 733
1569 948
1569 1570
1570 27
1571 125
1571 1572
1572 1495
1573 1392
1573 1574
1574 1266
1575 960
1575 1576
1576 1038
1577 1289
1577 1578
1578 618
1579 883
1579 1580
1580 545
1581 1080
1581 1582
1582 468
1583 1584
1583 1586
1584 1282
1585 855
1585 1586
1586 220
1587 823
1587 1588
1588 932
1589 918
1589 1590
1590 1546
1591 542
1591 1592
1592 685
1593 165
1593 1594
1594 421
1595 1399
1595 1596
1596 990
1597 169
1597 1598
1598 103
1599 349
1599 1600
1600 189
1601 746
1601 1602
1602 625
1603 33
1603 1604
1604 1250
1605 244
1605 1606
1606 759
1607 1044
1607 1608
1608 1220
1609 120
1609 1610
1610 352
1611 802
1611 1612
1612 399
1613 655
1613 1614
1614 645
