0 827
0 1063
2 531
2 972
3 585
3 901
4 697
4 949
5 1485
6 537
7 683
7 1289
8 636
8 1217
9 940
10 928
13 180
13 1424
15 983
15 1439
17 713
17 1376
19 455
19 1147
21 1057
21 1090
23 24
23 545
24 341
25 26
25 995
26 812
27 28
27 1072
28 72
29 30
29 932
30 429
31 32
31 1075
32 35
33 34
33 1191
34 453
35 25
35 36
36 980
37 38
37 1455
38 422
39 40
39 1317
40 331
41 42
41 368
42 1588
43 44
43 899
44 828
45 46
45 376
46 727
47 48
47 1432
48 355
49 50
49 102
50 316
51 45
51 52
52 100
53 54
53 1354
54 335
55 38
55 56
56 1590
57 58
57 1076
58 440
59 60
59 894
60 566
61 62
61 799
62 347
63 64
63 556
64 1562
65 62
65 66
66 1302
67 68
67 1542
68 744
69 70
69 689
70 1514
71 72
71 308
72 17
73 74
73 1435
74 752
75 76
75 506
76 1202
77 78
77 876
78 256
79 80
79 818
80 1474
81 82
81 1330
82 1046
83 84
83 85
84 1017
85 86
85 109
86 1088
87 88
87 358
88 1356
89 90
89 134
90 820
91 92
91 188
92 402
93 94
93 1150
94 577
95 96
95 254
96 939
97 98
97 840
98 1264
99 100
99 615
100 830
101 102
101 1338
102 1543
103 104
103 1561
104 52
105 22
105 106
106 246
107 89
107 108
108 1303
109 110
109 372
110 1009
111 112
111 129
112 1392
113 114
113 1487
114 841
115 116
115 1195
116 631
117 118
117 1015
118 463
119 120
119 225
120 692
121 122
121 921
122 1218
123 124
123 1265
124 1331
125 126
125 478
126 1312
127 128
127 1399
128 1604
129 130
129 1401
130 448
131 132
131 1246
132 736
133 134
133 866
134 1064
135 136
135 1342
136 608
137 4
137 138
138 947
139 140
139 833
140 1194
141 142
141 217
142 104
143 144
143 661
144 988
145 146
145 1005
146 946
147 148
147 695
148 67
149 150
149 670
150 1326
151 152
151 1473
152 263
153 154
153 1395
154 548
155 156
155 707
156 125
157 158
157 400
158 626
159 160
159 694
160 526
161 162
161 1281
162 419
163 164
163 1175
164 923
165 166
165 466
166 1519
167 168
167 1556
168 1586
169 170
169 599
170 777
171 142
171 172
172 312
173 174
173 1341
174 1205
175 176
175 512
176 1486
177 178
177 1183
178 666
179 180
179 1059
180 1538
181 182
181 259
182 83
183 184
183 659
184 786
185 186
185 1593
186 1603
187 188
187 406
188 1160
189 190
189 1304
190 1156
191 192
191 836
192 884
193 194
193 407
194 1388
195 196
195 481
196 218
197 198
197 517
198 1587
199 128
199 200
200 1444
201 77
201 202
202 1420
203 204
203 295
204 958
205 84
205 206
206 846
207 208
207 1149
208 172
209 210
209 1348
210 75
211 212
211 681
212 205
213 214
213 233
214 845
215 216
215 1339
216 1043
217 218
217 982
218 66
219 220
219 766
220 230
221 222
221 880
222 362
223 224
223 1403
224 977
225 226
225 724
226 1087
227 228
227 811
228 1364
229 230
229 1226
230 216
231 232
231 521
232 69
233 234
233 1377
234 518
235 190
235 236
236 782
237 238
237 760
238 1316
239 240
239 1500
240 286
241 242
241 1501
242 96
243 244
243 1040
244 1133
245 246
245 1381
246 1186
247 161
247 248
248 1546
249 250
249 412
250 543
251 252
251 1595
252 706
253 24
253 254
254 847
255 256
255 687
256 621
257 258
257 1143
258 369
259 260
259 283
260 388
261 262
261 1575
262 289
263 215
263 264
264 1103
265 266
265 787
266 220
267 198
267 268
268 499
269 270
269 1353
270 378
271 272
271 1085
272 297
273 274
273 1368
274 279
275 276
275 1287
276 1426
277 278
277 723
278 1193
279 280
279 746
280 1268
281 282
281 374
282 522
283 115
283 284
284 1374
285 286
285 690
286 1082
287 288
287 1068
288 171
289 290
289 1097
290 1012
291 292
291 557
292 56
293 294
293 333
294 311
295 296
295 1373
296 714
297 298
297 858
298 44
299 300
299 1601
300 1578
301 302
301 813
302 1197
303 227
303 304
304 420
305 182
305 306
306 1096
307 308
307 767
308 425
309 310
309 1431
310 87
311 312
311 1038
312 800
313 314
313 1382
314 1024
315 316
315 1094
316 668
317 318
317 1240
318 598
319 320
319 613
320 458
321 322
321 1129
322 175
323 324
323 1505
324 924
325 53
325 326
326 918
327 328
327 1425
328 1229
329 277
329 330
330 1224
331 332
331 565
332 386
333 334
333 1508
334 152
335 336
335 617
336 788
337 338
337 1470
338 1022
339 340
339 739
340 1000
341 342
341 485
342 789
343 344
343 853
344 266
345 346
345 1255
346 680
347 348
347 1155
348 10
349 350
349 1003
350 1529
351 352
351 611
352 570
353 354
353 530
354 704
355 356
355 1056
356 304
357 358
357 1488
358 1296
359 360
359 394
360 984
361 55
361 362
362 306
363 148
363 364
364 170
365 366
365 502
366 351
367 368
367 1414
368 965
369 144
369 370
370 280
371 372
371 837
372 159
373 374
373 925
374 579
375 376
375 593
376 574
377 378
377 755
378 662
379 380
379 1142
380 497
381 382
381 567
382 121
383 384
383 569
384 154
385 386
385 693
386 1018
387 388
387 1467
388 1294
389 390
389 1050
390 80
391 392
391 1137
392 821
393 394
393 607
394 430
395 396
395 1122
396 897
397 398
397 1209
398 568
399 400
399 1025
400 133
401 402
401 516
402 991
403 404
403 1482
404 389
405 406
405 1163
406 336
407 57
407 408
408 975
409 410
409 421
410 926
411 412
411 691
412 536
413 414
413 427
414 1344
415 183
415 416
416 110
417 228
417 418
418 318
419 276
419 420
420 480
421 422
421 505
422 1252
423 424
423 801
424 401
425 426
425 509
426 1238
427 428
427 805
428 698
429 430
429 1179
430 806
431 432
431 1509
432 561
433 434
433 803
434 202
435 354
435 436
436 141
437 438
437 1609
438 469
439 71
439 440
440 1498
441 442
441 1215
442 999
443 444
443 854
444 1310
445 446
445 1503
446 922
447 448
447 645
448 229
449 450
449 1204
450 1210
451 452
451 1177
452 892
453 454
453 1221
454 778
455 456
455 1231
456 13
457 458
457 629
458 203
459 460
459 1239
460 1152
461 462
461 790
462 200
463 464
463 467
464 487
465 466
465 1569
466 236
467 468
467 675
468 199
469 470
469 1074
470 1257
471 472
471 1115
472 1158
473 474
473 1271
474 1359
475 476
475 688
476 361
477 478
477 957
478 177
479 103
479 480
480 1292
481 482
481 705
482 98
483 484
483 738
484 1262
485 486
485 669
486 65
487 488
487 1159
488 1345
489 490
489 1459
490 904
491 49
491 492
492 210
493 494
493 1535
494 769
495 268
495 496
496 1028
497 498
497 1406
498 140
499 500
499 1235
500 1014
501 502
501 931
502 865
503 504
503 913
504 46
505 506
505 775
506 348
507 508
507 781
508 1184
509 179
509 510
510 444
511 512
511 794
512 147
513 514
513 656
514 726
515 516
515 1283
516 594
517 518
517 1207
518 998
519 520
519 1089
520 442
521 519
521 522
522 1422
523 524
523 628
524 722
525 526
525 1461
526 50
527 528
527 1349
528 1610
529 307
529 530
530 1079
531 281
531 532
532 774
533 320
533 534
534 294
535 536
535 1396
536 1397
537 538
537 1378
538 12
539 540
539 1462
540 1360
541 542
541 1107
542 1510
543 290
543 544
544 398
545 546
545 1323
546 1256
547 325
547 548
548 1472
549 550
549 1176
550 287
551 552
551 810
552 553
553 554
553 1592
554 206
555 441
555 556
556 1370
557 558
557 823
558 500
559 19
559 560
560 471
561 562
561 954
562 387
563 416
563 564
564 395
565 270
565 566
566 446
567 568
567 1212
568 1456
569 451
569 570
570 28
571 213
571 572
572 873
573 574
573 1525
574 627
575 399
575 576
576 716
577 405
577 578
578 551
579 580
579 824
580 1423
581 582
581 1337
582 146
583 529
583 584
584 9
585 153
585 586
586 802
587 251
587 588
588 168
589 264
589 590
590 1274
591 249
591 592
592 1033
593 594
593 1001
594 1168
595 329
595 596
596 1016
597 571
597 598
598 604
599 600
599 883
600 524
601 602
601 1582
602 584
603 604
603 963
604 1536
605 606
605 1253
606 119
607 195
607 608
608 454
609 257
609 610
610 70
611 612
611 981
612 808
613 130
613 614
614 549
615 391
615 616
616 996
617 470
617 618
618 1052
619 123
619 620
620 221
621 622
621 729
622 403
623 479
623 624
624 1511
625 626
625 1241
626 465
627 328
627 628
628 920
629 623
629 630
630 1438
631 632
631 1055
632 1130
633 309
633 634
634 1453
635 636
635 791
636 1602
637 638
637 1451
638 9
639 640
639 1145
640 99
641 603
641 642
642 1481
643 186
643 644
644 1174
645 646
645 881
646 700
647 648
647 850
648 1504
649 650
649 849
650 634
651 652
651 795
652 1522
653 654
653 1379
654 776
655 397
655 656
656 1405
657 658
657 1066
658 523
659 371
659 660
660 1030
661 662
661 1479
662 622
663 664
663 1523
664 176
665 666
665 927
666 684
667 94
667 668
668 313
669 670
669 1533
670 1029
671 672
671 798
672 436
673 423
673 674
674 550
675 345
675 676
676 491
677 633
677 678
678 855
679 680
679 1565
680 1327
681 682
681 1540
682 76
683 684
683 1290
684 237
685 686
685 1034
686 160
687 452
687 688
688 1513
689 690
689 1305
690 1460
691 692
691 1181
692 474
693 678
693 694
694 1192
695 552
695 696
696 1182
697 473
697 698
698 226
699 700
699 1550
700 235
701 663
701 702
702 1062
703 247
703 704
704 1576
705 117
705 706
706 1045
707 708
707 1067
708 1023
709 710
709 1449
710 893
711 712
711 974
712 1190
713 363
713 714
714 212
715 716
715 1071
716 1389
717 718
717 1230
718 292
719 720
719 1448
720 618
721 515
721 722
722 539
723 703
723 724
724 1434
725 3
725 726
726 832
727 710
727 728
728 507
729 464
729 730
730 193
731 201
731 732
732 112
733 734
733 1291
734 111
735 736
735 1607
736 558
737 738
737 905
738 1280
739 322
739 740
740 1324
741 742
741 919
742 650
743 299
743 744
744 796
745 746
745 1232
746 1612
747 748
747 1058
748 654
749 750
749 1164
750 1600
751 677
751 752
752 79
753 754
753 1320
754 370
755 359
755 756
756 1222
757 653
757 758
758 1234
759 760
759 1552
760 1580
761 762
761 868
762 1335
763 764
763 1465
764 1118
765 2
765 766
766 1110
767 768
767 1469
768 1010
769 673
769 770
770 1061
771 772
771 895
772 1172
773 494
773 774
774 719
775 776
775 867
776 326
777 778
777 979
778 278
779 780
779 785
780 1386
781 456
781 782
782 380
783 234
783 784
784 1108
785 6
785 786
786 784
787 788
787 1208
788 1092
789 790
789 1477
790 323
791 792
791 1547
792 1124
793 300
793 794
794 1039
795 293
795 796
796 1404
797 798
797 1390
798 424
799 800
799 1019
800 1178
801 166
801 802
802 305
803 504
803 804
804 1136
805 806
805 1417
806 758
807 356
807 808
808 546
809 810
809 1471
810 572
811 353
811 812
812 162
813 814
813 1334
814 1299
815 816
815 1260
816 916
817 197
817 818
818 1185
819 624
819 820
820 562
821 34
821 822
822 1125
823 824
823 872
824 138
825 826
825 1301
826 1111
827 828
827 971
828 768
829 830
829 1491
830 1054
831 476
831 832
832 1496
833 601
833 834
834 1436
835 155
835 836
836 493
837 838
837 1211
838 1144
839 640
839 840
840 590
841 842
841 1117
842 282
843 844
843 1530
844 742
845 82
845 846
846 870
847 848
847 1545
848 60
849 850
849 1026
850 1409
851 609
851 852
852 1102
853 73
853 854
854 1007
855 856
855 1361
856 639
857 496
857 858
858 483
859 860
859 911
860 339
861 862
861 1581
862 209
863 718
863 864
864 272
865 866
865 1365
866 969
867 868
867 1259
868 459
869 702
869 870
870 756
871 375
871 872
872 255
873 592
873 874
874 1277
875 715
875 876
876 1244
877 597
877 878
878 532
879 880
879 1311
880 135
881 882
881 1042
882 842
883 357
883 884
884 542
885 194
885 886
886 754
887 888
887 1120
888 11
889 890
889 1083
890 554
891 29
891 892
892 605
893 894
893 1196
894 1583
895 735
895 896
896 1307
897 898
897 1445
898 1278
899 900
899 1347
900 450
901 625
901 902
902 915
903 498
903 904
904 792
905 906
905 1119
906 1139
907 908
907 941
908 106
909 910
909 1524
910 1123
911 912
911 1589
912 1574
913 432
913 914
914 586
915 916
915 1596
916 1375
917 665
917 918
918 886
919 649
919 920
920 1528
921 671
921 922
922 10
923 657
923 924
924 1492
925 573
925 926
926 428
927 759
927 928
928 1126
929 930
929 1608
930 224
931 932
931 993
932 31
933 797
933 934
934 1
935 936
935 1300
936 414
937 269
937 938
938 966
939 600
939 940
940 1350
941 942
941 1493
942 1069
943 944
943 1285
944 1013
945 917
945 946
946 5
947 948
947 1078
948 18
949 950
949 1109
950 929
951 835
951 952
952 243
953 954
953 1080
954 651
955 956
955 1314
956 484
957 365
957 958
958 404
959 960
959 1266
960 81
961 582
961 962
962 1572
963 964
963 1387
964 1558
965 460
965 966
966 187
967 968
967 1128
968 332
969 815
969 970
970 1254
971 972
971 1429
972 885
973 124
973 974
974 1077
975 41
975 976
976 938
977 978
977 994
978 1223
979 909
979 980
980 878
981 982
981 1541
982 340
983 143
983 984
984 8
985 976
985 986
986 848
987 852
987 988
988 1553
989 962
989 990
990 1020
991 59
991 992
992 882
993 113
993 994
994 1146
995 996
995 1282
996 1002
997 93
997 998
998 1036
999 1000
999 1549
1000 488
1001 1002
1001 1101
1002 528
1003 1004
1003 1247
1004 61
1005 1006
1005 1269
1006 1329
1007 1008
1007 1385
1008 1606
1009 1010
1009 1021
1010 338
1011 658
1011 1012
1012 890
1013 42
1013 1014
1014 1598
1015 501
1015 1016
1016 381
1017 844
1017 1018
1018 1502
1019 620
1019 1020
1020 1134
1021 1022
1021 1104
1022 410
1023 27
1023 1024
1024 990
1025 951
1025 1026
1026 1173
1027 930
1027 1028
1028 1412
1029 763
1029 1030
1030 1116
1031 43
1031 1032
1032 1170
1033 762
1033 1034
1034 956
1035 302
1035 1036
1036 740
1037 741
1037 1038
1038 900
1039 1040
1039 1306
1040 131
1041 1042
1041 1199
1042 185
1043 564
1043 1044
1044 132
1045 1046
1045 1188
1046 748
1047 541
1047 1048
1048 1564
1049 6
1049 1050
1050 989
1051 635
1051 1052
1052 540
1053 583
1053 1054
1054 250
1055 732
1055 1056
1056 588
1057 793
1057 1058
1058 1095
1059 385
1059 1060
1060 860
1061 843
1061 1062
1062 674
1063 575
1063 1064
1064 232
1065 78
1065 1066
1066 1352
1067 725
1067 1068
1068 1408
1069 1070
1069 1288
1070 903
1071 449
1071 1072
1072 731
1073 1074
1073 1457
1074 745
1075 343
1075 1076
1076 1267
1077 1078
1077 1605
1078 1245
1079 1080
1079 1577
1080 733
1081 245
1081 1082
1082 1270
1083 1084
1083 1127
1084 86
1085 163
1085 1086
1086 1198
1087 1088
1087 1366
1088 902
1089 1090
1089 1325
1090 262
1091 165
1091 1092
1092 1328
1093 1094
1093 1411
1094 619
1095 896
1095 1096
1096 1468
1097 105
1097 1098
1098 413
1099 207
1099 1100
1100 1051
1101 39
1101 1102
1102 1555
1103 1104
1103 1227
1104 952
1105 364
1105 1106
1106 367
1107 319
1107 1108
1108 610
1109 1110
1109 1441
1110 780
1111 728
1111 1112
1112 64
1113 1114
1113 1458
1114 1216
1115 676
1115 1116
1116 122
1117 737
1117 1118
1118 443
1119 1120
1119 1333
1120 1512
1121 1122
1121 1263
1122 1008
1123 1124
1123 1138
1124 192
1125 240
1125 1126
1126 1032
1127 1128
1127 1559
1128 1516
1129 253
1129 1130
1130 964
1131 1132
1131 1309
1132 1427
1133 862
1133 1134
1134 602
1135 1136
1135 1308
1136 1428
1137 350
1137 1138
1138 967
1139 1140
1139 1521
1140 238
1141 1142
1141 1599
1142 54
1143 145
1143 1144
1144 149
1145 875
1145 1146
1146 1100
1147 167
1147 1148
1148 1048
1149 655
1149 1150
1150 23
1151 834
1151 1152
1152 136
1153 1154
1153 1237
1154 433
1155 1156
1155 1358
1156 36
1157 107
1157 1158
1158 1442
1159 101
1159 1160
1160 664
1161 445
1161 1162
1162 239
1163 301
1163 1164
1164 1233
1165 1151
1165 1166
1166 1106
1167 273
1167 1168
1168 1526
1169 1170
1169 1567
1170 1560
1171 757
1171 1172
1172 33
1173 1174
1173 1249
1174 1534
1175 708
1175 1176
1176 822
1177 1178
1177 1367
1178 1114
1179 108
1179 1180
1180 831
1181 223
1181 1182
1182 208
1183 1184
1183 1363
1184 1113
1185 120
1185 1186
1186 544
1187 174
1187 1188
1188 814
1189 520
1189 1190
1190 482
1191 1192
1191 1463
1192 783
1193 864
1193 1194
1194 1410
1195 943
1195 1196
1196 91
1197 711
1197 1198
1198 324
1199 1200
1199 1351
1200 1357
1201 274
1201 1202
1202 1250
1203 1204
1203 1440
1204 447
1205 1206
1205 1273
1206 804
1207 349
1207 1208
1208 933
1209 315
1209 1210
1210 1584
1211 114
1211 1212
1212 1343
1213 1153
1213 1214
1214 1563
1215 1216
1215 1539
1216 538
1217 1218
1217 1219
1218 1258
1219 935
1219 1220
1220 955
1221 267
1221 1222
1222 150
1223 1224
1223 1544
1224 252
1225 555
1225 1226
1226 1200
1227 1228
1227 1464
1228 490
1229 1230
1229 1402
1230 285
1231 1232
1231 1520
1232 1060
1233 1180
1233 1234
1234 730
1235 770
1235 1236
1236 344
1237 576
1237 1238
1238 908
1239 1171
1239 1240
1240 248
1241 871
1241 1242
1242 910
1243 461
1243 1244
1244 51
1245 1081
1245 1246
1246 1105
1247 373
1247 1248
1248 334
1249 366
1249 1250
1250 652
1251 1252
1251 1591
1252 1098
1253 987
1253 1254
1254 1517
1255 825
1255 1256
1256 260
1257 95
1257 1258
1258 887
1259 877
1259 1260
1260 1557
1261 495
1261 1262
1262 288
1263 863
1263 1264
1264 492
1265 1266
1265 1371
1266 914
1267 685
1267 1268
1268 1476
1269 1073
1269 1270
1270 1228
1271 63
1271 1272
1272 1418
1273 275
1273 1274
1274 1286
1275 7
1275 1276
1276 88
1277 408
1277 1278
1278 184
1279 30
1279 1280
1280 1466
1281 1041
1281 1282
1282 1391
1283 1284
1283 1419
1284 468
1285 1286
1285 1613
1286 244
1287 1161
1287 1288
1288 1415
1289 1276
1289 1290
1290 534
1291 157
1291 1292
1292 396
1293 1294
1293 1506
1294 1298
1295 717
1295 1296
1296 1213
1297 178
1297 1298
1298 682
1299 630
1299 1300
1300 1571
1301 761
1301 1302
1302 48
1303 581
1303 1304
1304 508
1305 1243
1305 1306
1306 392
1307 379
1307 1308
1308 525
1309 997
1309 1310
1310 1004
1311 819
1311 1312
1312 360
1313 879
1313 1314
1314 1047
1315 1316
1315 1594
1316 486
1317 211
1317 1318
1318 660
1319 945
1319 1320
1320 158
1321 1322
1321 1443
1322 861
1323 1225
1323 1324
1324 912
1325 411
1325 1326
1326 222
1327 1251
1327 1328
1328 1421
1329 438
1329 1330
1330 97
1331 1332
1331 1393
1332 1346
1333 1131
1333 1334
1334 1203
1335 265
1335 1336
1336 434
1337 772
1337 1338
1338 616
1339 68
1339 1340
1340 1489
1341 37
1341 1342
1342 1499
1343 74
1343 1344
1344 1086
1345 92
1345 1346
1346 462
1347 503
1347 1348
1348 377
1349 771
1349 1350
1350 390
1351 647
1351 1352
1352 417
1353 32
1353 1354
1354 839
1355 291
1355 1356
1356 1570
1357 40
1357 1358
1358 1398
1359 1201
1359 1360
1360 934
1361 1167
1361 1362
1362 851
1363 511
1363 1364
1364 258
1365 1366
1365 1369
1366 14
1367 751
1367 1368
1368 1573
1369 415
1369 1370
1370 1483
1371 679
1371 1372
1372 533
1373 1242
1373 1374
1374 1554
1375 116
1375 1376
1376 720
1377 127
1377 1378
1378 1315
1379 637
1379 1380
1380 181
1381 1121
1381 1382
1382 807
1383 838
1383 1384
1384 638
1385 1132
1385 1386
1386 563
1387 1388
1387 1394
1388 126
1389 1141
1389 1390
1390 352
1391 1027
1391 1392
1392 1527
1393 1091
1393 1394
1394 271
1395 1093
1395 1396
1396 547
1397 1398
1397 1597
1398 1284
1399 859
1399 1400
1400 888
1401 591
1401 1402
1402 889
1403 809
1403 1404
1404 26
1405 1053
1405 1406
1406 1332
1407 641
1407 1408
1408 826
1409 950
1409 1410
1410 986
1411 721
1411 1412
1412 948
1413 21
1413 1414
1414 58
1415 1416
1415 1433
1416 1297
1417 139
1417 1418
1418 1044
1419 383
1419 1420
1420 1272
1421 580
1421 1422
1422 1148
1423 1236
1423 1424
1424 1475
1425 1426
1425 1585
1426 589
1427 578
1427 1428
1428 696
1429 560
1429 1430
1430 317
1431 15
1431 1432
1432 1450
1433 337
1433 1434
1434 1293
1435 409
1435 1436
1436 765
1437 303
1437 1438
1438 1275
1439 1440
1439 1532
1440 1187
1441 1442
1441 1478
1442 1336
1443 393
1443 1444
1444 648
1445 1112
1445 1446
1446 644
1447 632
1447 1448
1448 712
1449 942
1449 1450
1450 874
1451 1380
1451 1452
1452 1189
1453 1154
1453 1454
1454 330
1455 891
1455 1456
1456 298
1457 1437
1457 1458
1458 204
1459 1460
1459 1507
1460 606
1461 1140
1461 1462
1462 472
1463 856
1463 1464
1464 1340
1465 643
1465 1466
1466 90
1467 1468
1467 1568
1468 20
1469 1355
1469 1470
1470 1495
1471 667
1471 1472
1472 1318
1473 1474
1473 1537
1474 1518
1475 426
1475 1476
1476 816
1477 773
1477 1478
1478 953
1479 817
1479 1480
1480 219
1481 1065
1481 1482
1482 296
1483 1484
1483 1566
1484 747
1485 642
1485 1486
1486 614
1487 1488
1487 1515
1488 231
1489 164
1489 1490
1490 1135
1491 191
1491 1492
1492 1011
1493 937
1493 1494
1494 1372
1495 1407
1495 1496
1496 242
1497 1362
1497 1498
1498 1494
1499 1248
1499 1500
1500 1454
1501 750
1501 1502
1502 612
1503 137
1503 1504
1504 936
1505 559
1505 1506
1506 475
1507 327
1507 1508
1508 1383
1509 118
1509 1510
1510 686
1511 513
1511 1512
1512 196
1513 1322
1513 1514
1514 1446
1515 173
1515 1516
1516 672
1517 1220
1517 1518
1518 1400
1519 169
1519 1520
1520 1452
1521 970
1521 1522
1522 1206
1523 907
1523 1524
1524 587
1525 1099
1525 1526
1526 1166
1527 1447
1527 1528
1528 16
1529 961
1529 1530
1530 906
1531 1313
1531 1532
1532 261
1533 1037
1533 1534
1534 314
1535 151
1535 1536
1536 1384
1537 342
1537 1538
1538 1084
1539 1531
1539 1540
1540 321
1541 457
1541 1542
1542 857
1543 435
1543 1544
1544 1165
1545 749
1545 1546
1546 189
1547 535
1547 1548
1548 1162
1549 595
1549 1550
1550 1548
1551 1035
1551 1552
1552 437
1553 1214
1553 1554
1554 985
1555 1551
1555 1556
1556 960
1557 1558
1557 1614
1558 1490
1559 346
1559 1560
1560 968
1561 431
1561 1562
1562 944
1563 596
1563 1564
1564 418
1565 1321
1565 1566
1566 156
1567 1568
1567 1611
1568 284
1569 1480
1569 1570
1570 47
1571 1416
1571 1572
1572 898
1573 1497
1573 1574
1574 764
1575 973
1575 1576
1576 1413
1577 829
1577 1578
1578 1295
1579 709
1579 1580
1580 646
1581 310
1581 1582
1582 779
1583 699
1583 1584
1584 241
1585 1279
1585 1586
1586 992
1587 510
1587 1588
1588 514
1589 527
1589 1590
1590 753
1591 1031
1591 1592
1592 1484
1593 1319
1593 1594
1594 978
1595 382
1595 1596
1596 214
1597 1579
1597 1598
1598 1430
1599 959
1599 1600
1600 869
1601 1157
1601 1602
1602 1261
1603 5
1603 1604
1604 384
1605 743
1605 1606
1606 1070
1607 477
1607 1608
1608 489
1609 701
1609 1610
1610 1169
1611 1006
1611 1612
1612 1049
1613 439
1613 1614
1614 734
