0 1025
0 1133
1 19
1 198
3 740
3 1290
4 658
4 1152
5 546
6 8
9 574
9 1204
10 939
10 1353
12 149
11 12
13 136
13 1154
15 145
15 315
17 248
17 1186
19 64
19 502
21 705
21 968
23 24
23 645
24 891
25 26
25 1197
26 662
27 28
27 1368
28 566
29 30
29 1201
30 212
31 32
31 1444
32 1221
33 34
33 1505
34 1470
35 36
35 652
36 1416
37 38
37 1030
38 1098
39 40
39 1104
40 1450
41 42
41 644
42 1306
43 44
43 1329
44 1240
45 46
45 1401
46 1364
47 48
47 445
48 863
49 16
49 50
50 957
51 52
51 883
52 1052
53 54
53 642
54 294
55 56
55 884
56 1577
57 58
57 1590
58 139
59 60
59 190
60 89
61 62
61 1139
62 258
63 64
63 1558
64 1376
65 66
65 1549
66 309
67 68
67 832
68 828
69 70
69 216
70 372
71 72
71 166
72 298
73 74
73 225
74 1546
75 76
75 956
76 943
77 13
77 78
78 838
79 80
79 1060
80 1200
81 82
81 385
82 484
83 84
83 649
84 208
85 86
85 949
86 632
87 88
87 181
88 1578
89 90
89 1421
90 1322
91 92
91 338
92 349
93 94
93 1191
94 996
95 96
95 771
96 779
97 98
97 1043
98 404
99 100
99 589
100 519
101 47
101 102
102 1587
103 104
103 959
104 1433
105 106
105 521
106 107
107 108
107 938
108 184
109 110
109 475
110 893
111 112
111 942
112 1046
113 114
113 1427
114 1381
115 116
115 543
116 355
117 118
117 1289
118 776
119 120
119 169
120 798
121 122
121 896
122 1580
123 124
123 335
124 750
125 126
125 1339
126 1391
127 128
127 365
128 667
129 130
129 393
130 1014
131 132
131 239
132 1328
133 134
133 836
134 759
135 136
135 1423
136 1528
137 138
137 381
138 1020
139 140
139 1054
140 180
141 142
141 1041
142 442
143 144
143 360
144 424
145 146
145 597
146 994
147 148
147 1045
148 423
149 150
149 1023
150 1320
151 152
151 1276
152 1361
153 154
153 1572
154 236
155 156
155 611
156 789
157 158
157 273
158 1019
159 119
159 160
160 325
161 162
161 1347
162 1244
163 164
163 553
164 138
165 166
165 384
166 1326
167 168
167 1540
168 912
169 170
169 1275
170 345
171 121
171 172
172 706
173 152
173 174
174 98
175 176
175 1096
176 857
177 178
177 1180
178 23
179 180
179 405
180 1092
181 182
181 631
182 71
183 184
183 1239
184 318
185 186
185 321
186 911
187 188
187 1503
188 283
189 190
189 715
190 796
191 192
191 1469
192 100
193 194
193 1455
194 328
195 196
195 934
196 1044
197 198
197 616
198 1388
199 200
199 627
200 168
201 202
201 1523
202 1126
203 204
203 1031
204 270
205 206
205 1267
206 988
207 208
207 1123
208 498
209 210
209 593
210 26
211 212
211 569
212 206
213 214
213 1061
214 286
215 124
215 216
216 1492
217 218
217 930
218 448
219 161
219 220
220 143
221 42
221 222
222 1033
223 224
223 1219
224 1256
225 226
225 457
226 1305
227 228
227 455
228 873
229 230
229 1299
230 497
231 232
231 1385
232 656
233 234
233 1016
234 312
235 236
235 859
236 1270
237 238
237 1377
238 1603
239 240
239 721
240 1294
241 103
241 242
242 1124
243 126
243 244
244 436
245 246
245 278
246 310
247 248
247 775
248 376
249 250
249 1311
250 34
251 252
251 614
252 24
253 254
253 795
254 1397
255 256
255 704
256 668
257 258
257 1613
258 1430
259 185
259 260
260 868
261 262
261 1237
262 170
263 15
263 264
264 279
265 266
265 1519
266 964
267 268
267 799
268 1584
269 270
269 594
270 846
271 272
271 783
272 555
273 274
273 831
274 626
275 276
275 944
276 210
277 278
277 641
278 1408
279 280
279 1494
280 494
281 282
281 1375
282 1432
283 284
283 952
284 1021
285 286
285 685
286 1576
287 288
287 720
288 1591
289 290
289 601
290 411
291 292
291 1593
292 808
293 294
293 1117
294 1000
295 296
295 1209
296 1048
297 298
297 1165
298 96
299 271
299 300
300 183
301 302
301 1348
302 49
303 304
303 623
304 1217
305 306
305 398
306 1296
307 308
307 1231
308 754
309 310
309 1428
310 970
311 312
311 605
312 1314
313 314
313 921
314 227
315 302
315 316
316 871
317 318
317 525
318 1410
319 320
319 1595
320 261
321 84
321 322
322 660
323 324
323 1386
324 576
325 326
325 713
326 38
327 328
327 755
328 1340
329 330
329 908
330 242
331 332
331 697
332 830
333 334
333 401
334 1287
335 336
335 639
336 1304
337 59
337 338
338 113
339 340
339 1084
340 612
341 308
341 342
342 760
343 344
343 669
344 1065
345 346
345 1110
346 246
347 127
347 348
348 1497
349 350
349 1205
350 557
351 352
351 1552
352 1142
353 354
353 1188
354 1218
355 356
355 590
356 214
357 358
357 469
358 1462
359 360
359 679
360 1452
361 362
361 625
362 222
363 364
363 751
364 872
365 366
365 765
366 643
367 368
367 417
368 10
369 370
369 409
370 718
371 118
371 372
372 1184
373 374
373 865
374 560
375 376
375 1424
376 1352
377 378
377 1453
378 1242
379 380
379 1169
380 18
381 382
381 742
382 104
383 384
383 1333
384 460
385 4
385 386
386 1461
387 27
387 388
388 320
389 390
389 452
390 86
391 392
391 951
392 1422
393 394
393 823
394 504
395 396
395 815
396 1121
397 398
397 1323
398 399
399 400
399 1295
400 922
401 402
401 609
402 106
403 404
403 613
404 1466
405 406
405 1266
406 232
407 43
407 408
408 894
409 410
409 1114
410 1308
411 54
411 412
412 1490
413 414
413 1198
414 1476
415 416
415 1137
416 1566
417 418
417 1211
418 33
419 420
419 918
420 989
421 422
421 584
422 1393
423 424
423 1390
424 203
425 426
425 1190
426 410
427 428
427 824
428 1372
429 430
429 492
430 296
431 370
431 432
432 1482
433 434
433 947
434 1089
435 436
435 1553
436 92
437 157
437 438
438 1128
439 440
439 1415
440 1051
441 173
441 442
442 1006
443 444
443 1097
444 238
445 446
445 849
446 1024
447 448
447 1269
448 1511
449 450
449 1192
450 240
451 452
451 1057
452 449
453 400
453 454
454 178
455 456
455 478
456 800
457 458
457 785
458 862
459 460
459 1443
460 977
461 462
461 465
462 137
463 464
463 822
464 926
465 120
465 466
466 1605
467 468
467 1159
468 591
469 470
469 999
470 251
471 472
471 483
472 1161
473 237
473 474
474 1040
475 476
475 993
476 690
477 478
477 666
478 653
479 480
479 909
480 1513
481 141
481 482
482 61
483 53
483 484
484 722
485 486
485 1599
486 1474
487 488
487 1002
488 1411
489 419
489 490
490 472
491 492
491 825
492 1449
493 494
493 636
494 1542
495 496
495 867
496 1318
497 301
497 498
498 1609
499 500
499 1571
500 244
501 502
501 1436
502 753
503 504
503 1241
504 45
505 368
505 506
506 813
507 508
507 1301
508 1007
509 510
509 1335
510 1608
511 512
511 573
512 696
513 514
513 665
514 533
515 516
515 1507
516 444
517 518
517 1271
518 1429
519 520
519 1268
520 924
521 522
521 1187
522 844
523 269
523 524
524 672
525 467
525 526
526 1313
527 528
527 752
528 700
529 530
529 535
530 1366
531 450
531 532
532 724
533 534
533 1090
534 726
535 266
535 536
536 6
537 538
537 1520
538 1315
539 540
539 1055
540 646
541 542
541 1548
542 804
543 544
543 933
544 1396
545 280
545 546
546 914
547 51
547 548
548 197
549 207
549 550
550 768
551 291
551 552
552 150
553 235
553 554
554 1370
555 556
555 693
556 1458
557 558
557 1402
558 1264
559 560
559 1413
560 807
561 562
561 875
562 1091
563 564
563 1512
564 1279
565 566
565 820
566 902
567 568
567 1195
568 422
569 570
569 629
570 1537
571 572
571 1399
572 22
573 574
573 1369
574 373
575 330
575 576
576 962
577 324
577 578
578 878
579 213
579 580
580 1062
581 582
581 1069
582 1168
583 584
583 801
584 1107
585 586
585 673
586 177
587 588
587 1249
588 1346
589 580
589 590
590 1220
591 592
591 1501
592 1160
593 594
593 948
594 1035
595 596
595 931
596 712
597 598
597 1499
598 272
599 600
599 1493
600 732
601 189
601 602
602 1536
603 568
603 604
604 1272
605 606
605 1116
606 78
607 513
607 608
608 153
609 610
609 661
610 1042
611 263
611 612
612 701
613 614
613 714
614 250
615 616
615 1053
616 1550
617 618
617 689
618 1232
619 620
619 1509
620 879
621 440
621 622
622 134
623 443
623 624
624 17
625 626
625 1581
626 29
627 628
627 1063
628 1472
629 435
629 630
630 556
631 632
631 1297
632 1119
633 159
633 634
634 960
635 101
635 636
636 786
637 638
637 794
638 1610
639 554
639 640
640 1194
641 642
641 1559
642 1604
643 241
643 644
644 925
645 426
645 646
646 2
647 648
647 1248
648 851
649 337
649 650
650 32
651 652
651 1439
652 1395
653 366
653 654
654 1496
655 656
655 1225
656 1611
657 131
657 658
658 1260
659 660
659 1282
660 116
661 551
661 662
662 354
663 664
663 1459
664 1274
665 666
665 923
666 579
667 668
667 1068
668 814
669 230
669 670
670 572
671 303
671 672
672 464
673 674
673 1181
674 843
675 676
675 1488
676 1500
677 678
677 1419
678 1387
679 680
679 781
680 676
681 471
681 682
682 1210
683 684
683 803
684 342
685 686
685 1481
686 1015
687 688
687 905
688 733
689 481
689 690
690 855
691 156
691 692
692 990
693 694
693 852
694 1288
695 696
695 1003
696 738
697 698
697 1013
698 1136
699 700
699 1592
700 1302
701 702
701 1224
702 412
703 704
703 1525
704 218
705 706
705 967
706 316
707 708
707 945
708 1147
709 710
709 1321
710 773
711 289
711 712
712 1324
713 714
713 1285
714 91
715 716
715 1135
716 606
717 718
717 763
718 1382
719 720
719 723
720 1105
721 477
721 722
722 430
723 724
723 929
724 716
725 726
725 1150
726 408
727 719
727 728
728 259
729 730
729 937
730 866
731 285
731 732
732 1510
733 734
733 901
734 490
735 736
735 1246
736 582
737 738
737 1029
738 122
739 217
739 740
740 941
741 299
741 742
742 1312
743 459
743 744
744 564
745 746
745 1342
746 969
747 748
747 842
748 267
749 707
749 750
750 548
751 729
751 752
752 500
753 621
753 754
754 1130
755 295
755 756
756 1532
757 758
757 1049
758 221
759 46
759 760
760 1612
761 762
761 1050
762 67
763 87
763 764
764 1336
765 233
765 766
766 1108
767 768
767 979
768 913
769 587
769 770
770 802
771 114
771 772
772 510
773 702
773 774
774 670
775 344
775 776
776 630
777 778
777 1526
778 680
779 780
779 1155
780 1414
781 782
781 973
782 552
783 155
783 784
784 792
785 786
785 833
786 1367
787 456
787 788
788 858
789 790
789 1585
790 380
791 561
791 792
792 744
793 794
793 1460
794 1145
795 796
795 1011
796 963
797 798
797 1475
798 761
799 389
799 800
800 524
801 219
801 802
802 1522
803 520
803 804
804 1253
805 132
805 806
806 522
807 21
807 808
808 202
809 810
809 869
810 194
811 3
811 812
812 699
813 501
813 814
814 955
815 816
815 1317
816 14
817 818
817 881
818 1344
819 307
819 820
820 834
821 822
821 1283
822 1238
823 415
823 824
824 1529
825 826
825 1079
826 1441
827 390
827 828
828 1544
829 305
829 830
830 1345
831 674
831 832
832 874
833 834
833 1243
834 340
835 836
835 1489
836 5
837 838
837 1163
838 1291
839 840
839 1384
840 111
841 797
841 842
842 1583
843 85
843 844
844 1362
845 846
845 1199
846 558
847 848
847 1483
848 681
849 383
849 850
850 640
851 852
851 1178
852 998
853 282
853 854
854 458
855 853
855 856
856 892
857 88
857 858
858 628
859 9
859 860
860 386
861 862
861 1185
862 778
863 243
863 864
864 421
865 866
865 1371
866 1292
867 480
867 868
868 1118
869 175
869 870
870 784
871 300
871 872
872 205
873 37
873 874
874 375
875 876
875 1157
876 142
877 397
877 878
878 788
879 743
879 880
880 730
881 274
881 882
882 1516
883 884
883 1213
884 1407
885 511
885 886
886 506
887 888
887 1538
888 1373
889 671
889 890
890 348
891 892
891 986
892 1122
893 894
893 1491
894 56
895 896
895 1543
896 514
897 898
897 1247
898 128
899 69
899 900
900 12
901 902
901 1589
902 406
903 904
903 1066
904 1330
905 906
905 1017
906 20
907 229
907 908
908 920
909 277
909 910
910 527
911 827
911 912
912 94
913 339
913 914
914 1228
915 619
915 916
916 1420
917 485
917 918
918 317
919 920
919 1141
920 39
921 567
921 922
922 647
923 924
923 1365
924 1602
925 926
925 1170
926 637
927 928
927 1259
928 1028
929 930
929 1077
930 889
931 932
931 1215
932 1257
933 934
933 1100
934 1206
935 936
935 1588
936 1177
937 361
937 938
938 966
939 329
939 940
940 431
941 650
941 942
942 1394
943 944
943 1358
944 1351
945 93
945 946
946 192
947 427
947 948
948 741
949 25
949 950
950 1095
951 952
951 1230
952 260
953 864
953 954
954 1223
955 956
955 1343
956 604
957 608
957 958
958 323
959 306
959 960
960 140
961 468
961 962
962 1081
963 747
963 964
964 223
965 31
965 966
966 694
967 343
967 968
968 774
969 188
969 970
970 1140
971 972
971 975
972 165
973 264
973 974
974 887
975 976
975 1527
976 1034
977 978
977 1464
978 1574
979 980
979 1005
980 80
981 976
981 982
982 780
983 984
983 1166
984 394
985 986
985 1357
986 204
987 988
987 1485
988 1556
989 35
989 990
990 850
991 899
991 992
992 1575
993 994
993 1293
994 438
995 256
995 996
996 7
997 470
997 998
998 402
999 81
999 1000
1000 810
1001 1002
1001 1039
1002 531
1003 363
1003 1004
1004 1551
1005 635
1005 1006
1006 906
1007 1
1007 1008
1008 388
1009 1010
1009 1102
1010 414
1011 83
1011 1012
1012 1586
1013 1014
1013 1255
1014 1570
1015 1016
1015 1378
1016 489
1017 359
1017 1018
1018 1356
1019 1020
1019 1562
1020 710
1021 70
1021 1022
1022 112
1023 1024
1023 1417
1024 571
1025 581
1025 1026
1026 90
1027 1028
1027 1286
1028 654
1029 1030
1029 1337
1030 1111
1031 1032
1031 1579
1032 537
1033 1034
1033 1106
1034 692
1035 1036
1035 1115
1036 158
1037 1038
1037 1309
1038 1189
1039 1040
1039 1349
1040 1280
1041 1042
1041 1103
1042 196
1043 1044
1043 1442
1044 66
1045 495
1045 1046
1046 358
1047 224
1047 1048
1048 790
1049 821
1049 1050
1050 547
1051 41
1051 1052
1052 746
1053 526
1053 1054
1054 1406
1055 1056
1055 1487
1056 876
1057 73
1057 1058
1058 1524
1059 1027
1059 1060
1060 787
1061 663
1061 1062
1062 1047
1063 544
1063 1064
1064 854
1065 474
1065 1066
1066 793
1067 1068
1067 1473
1068 1216
1069 695
1069 1070
1070 745
1071 691
1071 1072
1072 1075
1073 117
1073 1074
1074 82
1075 1076
1075 1171
1076 683
1077 1078
1077 1557
1078 659
1079 950
1079 1080
1080 60
1081 1082
1081 1212
1082 734
1083 826
1083 1084
1084 1284
1085 125
1085 1086
1086 352
1087 995
1087 1088
1088 982
1089 174
1089 1090
1090 336
1091 541
1091 1092
1092 839
1093 735
1093 1094
1094 1032
1095 767
1095 1096
1096 1515
1097 1098
1097 1252
1098 540
1099 493
1099 1100
1100 319
1101 877
1101 1102
1102 927
1103 1104
1103 1431
1104 1530
1105 437
1105 1106
1106 268
1107 418
1107 1108
1108 600
1109 1110
1109 1158
1110 36
1111 603
1111 1112
1112 508
1113 304
1113 1114
1114 199
1115 1116
1115 1227
1116 293
1117 1118
1117 1426
1118 252
1119 44
1119 1120
1120 1448
1121 231
1121 1122
1122 1146
1123 1073
1123 1124
1124 1008
1125 1126
1125 1307
1126 984
1127 961
1127 1128
1128 523
1129 1130
1129 1555
1130 1600
1131 1132
1131 1175
1132 559
1133 55
1133 1134
1134 1071
1135 677
1135 1136
1136 108
1137 1037
1137 1138
1138 488
1139 586
1139 1140
1140 432
1141 1142
1141 1229
1142 382
1143 1144
1143 1281
1144 772
1145 518
1145 1146
1146 1447
1147 11
1147 1148
1148 1010
1149 769
1149 1150
1150 1143
1151 144
1151 1152
1152 1471
1153 1154
1153 1325
1154 1354
1155 1086
1155 1156
1156 30
1157 1158
1157 1531
1158 550
1159 757
1159 1160
1160 1398
1161 992
1161 1162
1162 1074
1163 727
1163 1164
1164 1457
1165 50
1165 1166
1166 1534
1167 1004
1167 1168
1168 356
1169 193
1169 1170
1170 678
1171 517
1171 1172
1172 1350
1173 1174
1173 1418
1174 446
1175 1176
1175 1478
1176 602
1177 275
1177 1178
1178 981
1179 585
1179 1180
1180 1504
1181 333
1181 1182
1182 392
1183 439
1183 1184
1184 882
1185 509
1185 1186
1186 1468
1187 758
1187 1188
1188 1208
1189 311
1189 1190
1190 99
1191 1192
1191 1207
1192 95
1193 870
1193 1194
1194 1498
1195 1196
1195 1484
1196 1596
1197 915
1197 1198
1198 160
1199 1200
1199 1235
1200 378
1201 154
1201 1202
1202 1606
1203 1204
1203 1539
1204 549
1205 1174
1205 1206
1206 371
1207 147
1207 1208
1208 997
1209 1210
1209 1332
1210 1338
1211 1085
1211 1212
1212 1094
1213 728
1213 1214
1214 1262
1215 1216
1215 1535
1216 1038
1217 167
1217 1218
1218 1254
1219 1220
1219 1277
1220 1564
1221 186
1221 1222
1222 1392
1223 987
1223 1224
1224 292
1225 1226
1225 1273
1226 1545
1227 717
1227 1228
1228 736
1229 395
1229 1230
1230 187
1231 1001
1231 1232
1232 1151
1233 845
1233 1234
1234 1173
1235 1236
1235 1261
1236 1076
1237 638
1237 1238
1238 353
1239 179
1239 1240
1240 936
1241 972
1241 1242
1242 322
1243 1153
1243 1244
1244 1554
1245 739
1245 1246
1246 1300
1247 847
1247 1248
1248 171
1249 1134
1249 1250
1250 1383
1251 1149
1251 1252
1252 570
1253 1138
1253 1254
1254 756
1255 805
1255 1256
1256 624
1257 731
1257 1258
1258 1070
1259 288
1259 1260
1260 512
1261 657
1261 1262
1262 817
1263 916
1263 1264
1264 276
1265 516
1265 1266
1266 958
1267 1268
1267 1614
1268 133
1269 135
1269 1270
1270 146
1271 253
1271 1272
1272 1112
1273 651
1273 1274
1274 1109
1275 749
1275 1276
1276 123
1277 708
1277 1278
1278 565
1279 1214
1279 1280
1280 503
1281 379
1281 1282
1282 1026
1283 809
1283 1284
1284 1446
1285 331
1285 1286
1286 953
1287 1288
1287 1360
1288 164
1289 1072
1289 1290
1290 766
1291 1078
1291 1292
1292 326
1293 819
1293 1294
1294 1018
1295 367
1295 1296
1296 1480
1297 11
1297 1298
1298 1412
1299 505
1299 1300
1300 1234
1301 1302
1301 1521
1302 1120
1303 1304
1303 1601
1304 903
1305 1306
1305 1389
1306 562
1307 57
1307 1308
1308 200
1309 599
1309 1310
1310 255
1311 48
1311 1312
1312 254
1313 1059
1313 1314
1314 904
1315 980
1315 1316
1316 530
1317 1318
1317 1467
1318 1310
1319 1320
1319 1517
1320 698
1321 978
1321 1322
1322 176
1323 226
1323 1324
1324 1400
1325 1326
1325 1563
1326 709
1327 407
1327 1328
1328 314
1329 1330
1329 1541
1330 425
1331 919
1331 1332
1332 115
1333 1129
1333 1334
1334 528
1335 620
1335 1336
1336 172
1337 228
1337 1338
1338 684
1339 835
1339 1340
1340 928
1341 396
1341 1342
1342 1156
1343 75
1343 1344
1344 534
1345 1346
1345 1463
1346 940
1347 447
1347 1348
1348 148
1349 334
1349 1350
1350 577
1351 195
1351 1352
1352 1222
1353 1354
1353 1502
1354 1176
1355 888
1355 1356
1356 40
1357 1250
1357 1358
1358 1202
1359 897
1359 1360
1360 211
1361 1362
1361 1508
1362 1162
1363 391
1363 1364
1364 1374
1365 257
1365 1366
1366 5
1367 898
1367 1368
1368 1087
1369 433
1369 1370
1370 1319
1371 1372
1371 1594
1372 357
1373 682
1373 1374
1374 454
1375 829
1375 1376
1376 895
1377 687
1377 1378
1378 841
1379 1164
1379 1380
1380 935
1381 890
1381 1382
1382 1456
1383 1125
1383 1384
1384 1036
1385 617
1385 1386
1386 1438
1387 162
1387 1388
1388 777
1389 539
1389 1390
1390 791
1391 1167
1391 1392
1392 770
1393 664
1393 1394
1394 52
1395 618
1395 1396
1396 563
1397 191
1397 1398
1398 77
1399 764
1399 1400
1400 284
1401 262
1401 1402
1402 1518
1403 1404
1403 1514
1404 598
1405 1193
1405 1406
1406 182
1407 28
1407 1408
1408 1056
1409 1265
1409 1410
1410 622
1411 362
1411 1412
1412 1088
1413 313
1413 1414
1414 812
1415 247
1415 1416
1416 1080
1417 1379
1417 1418
1418 105
1419 655
1419 1420
1420 297
1421 1236
1421 1422
1422 848
1423 1424
1423 1533
1424 58
1425 675
1425 1426
1426 486
1427 1428
1427 1445
1428 482
1429 429
1429 1430
1430 1440
1431 1432
1431 1495
1432 1435
1433 1064
1433 1434
1434 860
1435 416
1435 1436
1436 369
1437 965
1437 1438
1438 463
1439 287
1439 1440
1440 1434
1441 347
1441 1442
1442 466
1443 265
1443 1444
1444 420
1445 615
1445 1446
1446 1263
1447 806
1447 1448
1448 1560
1449 234
1449 1450
1450 1012
1451 151
1451 1452
1452 1196
1453 1144
1453 1454
1454 811
1455 748
1455 1456
1456 1404
1457 1183
1457 1458
1458 762
1459 1363
1459 1460
1460 377
1461 6
1461 1462
1462 532
1463 461
1463 1464
1464 462
1465 1451
1465 1466
1466 1058
1467 1067
1467 1468
1468 1582
1469 387
1469 1470
1470 634
1471 1093
1471 1472
1472 1334
1473 1179
1473 1474
1474 1607
1475 1476
1475 1597
1476 816
1477 607
1477 1478
1478 473
1479 491
1479 1480
1480 515
1481 1479
1481 1482
1482 74
1483 109
1483 1484
1484 686
1485 1278
1485 1486
1486 1182
1487 885
1487 1488
1488 374
1489 861
1489 1490
1490 818
1491 1101
1491 1492
1492 1303
1493 1359
1493 1494
1494 1565
1495 711
1495 1496
1496 72
1497 332
1497 1498
1498 1082
1499 1233
1499 1500
1500 1506
1501 163
1501 1502
1502 1573
1503 1504
1503 1561
1504 1568
1505 1409
1505 1506
1506 542
1507 583
1507 1508
1508 403
1509 1245
1509 1510
1510 588
1511 886
1511 1512
1512 737
1513 1203
1513 1514
1514 1341
1515 65
1515 1516
1516 1486
1517 1099
1517 1518
1518 1226
1519 1132
1519 1520
1520 290
1521 1131
1521 1522
1522 1172
1523 129
1523 1524
1524 453
1525 1113
1525 1526
1526 341
1527 476
1527 1528
1528 536
1529 209
1529 1530
1530 1425
1531 249
1531 1532
1532 578
1533 907
1533 1534
1534 529
1535 110
1535 1536
1536 1258
1537 932
1537 1538
1538 1569
1539 499
1539 1540
1540 725
1541 201
1541 1542
1542 991
1543 76
1543 1544
1544 1316
1545 364
1545 1546
1546 1022
1547 633
1547 1548
1548 434
1549 1127
1549 1550
1550 220
1551 1465
1551 1552
1552 428
1553 479
1553 1554
1554 79
1555 507
1555 1556
1556 1148
1557 451
1557 1558
1558 1083
1559 837
1559 1560
1560 880
1561 917
1561 1562
1562 130
1563 1477
1563 1564
1564 68
1565 281
1565 1566
1566 327
1567 575
1567 1568
1568 1355
1569 97
1569 1570
1570 954
1571 1251
1571 1572
1572 688
1573 441
1573 1574
1574 1567
1575 1298
1575 1576
1576 782
1577 62
1577 1578
1578 538
1579 496
1579 1580
1580 1380
1581 1331
1581 1582
1582 1454
1583 413
1583 1584
1584 350
1585 1403
1585 1586
1586 346
1587 983
1587 1588
1588 592
1589 985
1589 1590
1590 545
1591 1405
1591 1592
1592 610
1593 1327
1593 1594
1594 974
1595 215
1595 1596
1596 1437
1597 63
1597 1598
1598 648
1599 1547
1599 1600
1600 351
1601 1009
1601 1602
1602 596
1603 703
1603 1604
1604 487
1605 900
1605 1606
1606 245
1607 102
1607 1608
1608 910
1609 971
1609 1610
1610 946
1611 840
1611 1612
1612 856
1613 595
1613 1614
1614 1598
