0 1215
0 1273
3 1345
3 1387
4 415
4 1325
6 448
5 561
7 955
7 1163
8 308
8 386
9 356
10 1514
11 349
11 654
13 805
13 965
15 203
15 259
17 272
17 1313
19 462
19 657
21 127
21 900
23 24
23 303
24 106
25 26
25 952
26 1416
27 28
27 1346
28 564
29 30
29 827
30 373
31 32
31 911
32 273
33 34
33 749
34 300
35 36
35 752
36 328
37 38
37 531
38 725
39 40
39 110
40 455
41 42
41 673
42 152
43 44
43 1539
44 1232
45 46
45 1027
46 1147
47 48
47 222
48 1086
49 50
49 1285
50 494
51 52
51 1581
52 989
53 54
53 232
54 1226
55 56
55 1183
56 818
57 56
57 58
58 428
59 60
59 675
60 1211
61 62
61 507
62 244
63 64
63 102
64 326
65 66
65 1270
66 693
67 68
67 668
68 240
69 70
69 304
70 378
71 72
71 775
72 81
73 74
73 1577
74 950
75 76
75 711
76 951
77 78
77 483
78 516
79 80
79 286
80 1170
81 43
81 82
82 235
83 84
83 1359
84 996
85 86
85 449
86 1598
87 88
87 492
88 1197
89 90
89 1082
90 393
91 92
91 1222
92 137
93 94
93 1328
94 1151
95 96
95 1567
96 1241
97 98
97 1150
98 1573
99 100
99 1315
100 1612
101 102
101 618
102 1506
103 104
103 246
104 1333
105 106
105 1090
106 619
107 108
107 354
108 1510
109 13
109 110
110 49
111 112
111 705
112 1020
113 114
113 627
114 1053
115 116
115 582
116 474
117 118
117 717
118 982
119 120
119 313
120 768
121 115
121 122
122 940
123 124
123 1105
124 840
125 126
125 992
126 424
127 128
127 1460
128 612
129 130
129 988
130 1288
131 132
131 1210
132 1056
133 134
133 518
134 495
135 136
135 622
136 822
137 138
137 453
138 78
139 140
139 1244
140 316
141 142
141 1101
142 983
143 144
143 229
144 796
145 146
145 1293
146 35
147 148
147 753
148 488
149 150
149 1255
150 1334
151 152
151 387
152 9
153 154
153 1139
154 559
155 156
155 1022
156 626
157 158
157 1075
158 508
159 160
159 794
160 486
161 162
161 1609
162 1161
163 164
163 1479
164 724
165 166
165 1569
166 101
167 168
167 936
168 974
169 170
169 942
170 1496
171 172
171 1143
172 1300
173 174
173 1312
174 1194
175 8
175 176
176 696
177 178
177 251
178 460
179 180
179 514
180 964
181 182
181 441
182 568
183 184
183 731
184 689
185 186
185 461
186 1342
187 188
187 971
188 98
189 190
189 1343
190 993
191 69
191 192
192 126
193 194
193 1330
194 284
195 196
195 1118
196 1378
197 198
197 1326
198 1498
199 200
199 1131
200 760
201 202
201 848
202 234
203 204
203 447
204 312
205 206
205 803
206 491
207 208
207 533
208 1425
209 210
209 1548
210 739
211 212
211 1286
212 948
213 214
213 778
214 748
215 216
215 1472
216 836
217 218
217 1420
218 242
219 45
219 220
220 786
221 222
221 712
222 1427
223 224
223 655
224 1311
225 226
225 1296
226 193
227 188
227 228
228 934
229 230
229 743
230 1372
231 117
231 232
232 715
233 234
233 550
234 663
235 236
235 1133
236 962
237 238
237 1169
238 591
239 240
239 451
240 484
241 5
241 242
242 226
243 244
243 1517
244 292
245 246
245 1297
246 1175
247 248
247 343
248 903
249 250
249 1399
250 180
251 217
251 252
252 22
253 254
253 367
254 443
255 256
255 1093
256 1102
257 125
257 258
258 857
259 260
259 1084
260 1557
261 262
261 444
262 530
263 264
263 310
264 318
265 266
265 1203
266 1438
267 268
267 1502
268 598
269 270
269 1214
270 868
271 272
271 1331
272 1165
273 274
273 1302
274 473
275 271
275 276
276 765
277 278
277 1535
278 348
279 280
279 999
280 628
281 282
281 341
282 1162
283 284
283 1204
284 1280
285 169
285 286
286 103
287 288
287 943
288 1284
289 290
289 1303
290 1574
291 191
291 292
292 182
293 294
293 1423
294 520
295 296
295 881
296 236
297 298
297 835
298 270
299 300
299 916
300 18
301 302
301 814
302 1550
303 304
303 1533
304 319
305 306
305 1097
306 1468
307 308
307 851
308 248
309 163
309 310
310 320
311 312
311 1537
312 831
313 314
313 790
314 816
315 316
315 1441
316 1230
317 318
317 404
318 1556
319 320
319 1307
320 1229
321 322
321 1127
322 121
323 176
323 324
324 1310
325 184
325 326
326 464
327 328
327 787
328 652
329 330
329 616
330 1551
331 332
331 625
332 1588
333 215
333 334
334 1521
335 263
335 336
336 1014
337 338
337 541
338 630
339 340
339 347
340 1258
341 342
341 767
342 1045
343 344
343 1419
344 904
345 325
345 346
346 538
347 348
347 853
348 1507
349 114
349 350
350 1469
351 352
351 1044
352 165
353 6
353 354
354 1172
355 356
355 418
356 1336
357 358
357 583
358 866
359 360
359 1009
360 128
361 362
361 960
362 869
363 364
363 880
364 566
365 366
365 819
366 651
367 142
367 368
368 1595
369 370
369 589
370 1335
371 143
371 372
372 301
373 370
373 374
374 66
375 376
375 1545
376 62
377 378
377 959
378 590
379 380
379 783
380 849
381 72
381 382
382 680
383 384
383 905
384 1357
385 386
385 1135
386 405
387 388
387 509
388 276
389 390
389 1553
390 1529
391 392
391 468
392 1478
393 394
393 1012
394 660
395 396
395 785
396 9
397 398
397 889
398 1246
399 400
399 907
400 1240
401 402
401 1349
402 976
403 91
403 404
404 1146
405 406
405 522
406 596
407 408
407 1279
408 220
409 410
409 1237
410 1098
411 412
411 730
412 357
413 414
413 1575
414 792
415 416
415 1250
416 825
417 418
417 1536
418 925
419 420
419 1083
420 1606
421 422
421 1409
422 419
423 424
423 1386
424 1155
425 351
425 426
426 812
427 428
427 599
428 476
429 93
429 430
430 636
431 432
431 1452
432 586
433 434
433 1592
434 122
435 25
435 436
436 1508
437 438
437 1448
438 807
439 440
439 741
440 526
441 442
441 1117
442 1039
443 444
443 527
444 755
445 446
445 1205
446 1201
447 369
447 448
448 554
449 450
449 1571
450 1120
451 452
451 1582
452 751
453 454
453 1360
454 1016
455 456
455 1424
456 1440
457 458
457 604
458 1436
459 460
459 1174
460 858
461 462
461 1233
462 296
463 464
463 1467
464 238
465 466
465 809
466 1481
467 468
467 823
468 314
469 470
469 1486
470 465
471 472
471 1491
472 144
473 474
473 1354
474 585
475 476
475 852
476 862
477 478
477 897
478 323
479 480
479 817
480 544
481 385
481 482
482 995
483 484
483 1274
484 86
485 83
485 486
486 135
487 471
487 488
488 1403
489 109
489 490
490 718
491 492
491 923
492 1576
493 494
493 1495
494 606
495 496
495 1088
496 396
497 445
497 498
498 800
499 500
499 609
500 887
501 502
501 1381
502 813
503 504
503 1422
504 395
505 82
505 506
506 601
507 233
507 508
508 228
509 510
509 1193
510 148
511 512
511 574
512 864
513 514
513 1200
514 1224
515 516
515 909
516 252
517 162
517 518
518 331
519 520
519 872
520 706
521 522
521 1186
522 1017
523 99
523 524
524 454
525 526
525 1587
526 764
527 425
527 528
528 257
529 309
529 530
530 212
531 14
531 532
532 1418
533 534
533 841
534 1402
535 536
535 653
536 315
537 538
537 558
538 875
539 540
539 863
540 788
541 542
541 555
542 1253
543 544
543 737
544 799
545 345
545 546
546 164
547 548
547 891
548 1610
549 550
549 1128
550 834
551 539
551 552
552 414
553 554
553 1107
554 987
555 556
555 1451
556 1394
557 558
557 738
558 288
559 239
559 560
560 119
561 431
561 562
562 74
563 564
563 860
564 713
565 566
565 1129
566 716
567 568
567 761
568 726
569 570
569 874
570 456
571 523
571 572
572 1443
573 574
573 946
574 364
575 576
575 1011
576 899
577 578
577 1515
578 1268
579 371
579 580
580 804
581 582
581 1501
582 1238
583 24
583 584
584 1499
585 586
585 759
586 1152
587 588
587 871
588 1149
589 590
589 1565
590 1407
591 592
591 621
592 1584
593 594
593 1383
594 844
595 409
595 596
596 132
597 598
597 1611
598 640
599 600
599 1411
600 1513
601 602
601 647
602 980
603 60
603 604
604 112
605 61
605 606
606 204
607 608
607 1376
608 839
609 588
609 610
610 294
611 578
611 612
612 97
613 614
613 1321
614 1122
615 616
615 945
616 59
617 277
617 618
618 917
619 620
619 1341
620 1492
621 622
621 691
622 1266
623 624
623 659
624 1154
625 626
625 1073
626 1166
627 628
627 1119
628 1362
629 630
629 1442
630 211
631 632
631 1115
632 1558
633 579
633 634
634 681
635 636
635 1209
636 1475
637 333
637 638
638 1181
639 640
639 1121
640 282
641 642
641 795
642 192
643 644
643 1003
644 225
645 646
645 1247
646 256
647 648
647 884
648 482
649 650
649 1579
650 394
651 652
651 666
652 1540
653 485
653 654
654 307
655 656
655 771
656 1066
657 15
657 658
658 70
659 660
659 662
660 1265
661 662
661 914
662 140
663 664
663 1042
664 218
665 666
665 1179
666 392
667 668
667 1072
668 970
669 534
669 670
670 36
671 498
671 672
672 107
673 674
673 1578
674 344
675 524
675 676
676 1018
677 71
677 678
678 90
679 680
679 721
680 811
681 459
681 682
682 423
683 684
683 1153
684 1398
685 565
685 686
686 33
687 645
687 688
688 572
689 100
689 690
690 758
691 692
691 956
692 1026
693 26
693 694
694 426
695 696
695 735
696 978
697 698
697 1176
698 1304
699 700
699 1035
700 108
701 479
701 702
702 832
703 688
703 704
704 1112
705 379
705 706
706 10
707 708
707 719
708 1051
709 710
709 763
710 380
711 712
711 1177
712 1465
713 714
713 774
714 50
715 603
715 716
716 512
717 718
717 1390
718 327
719 183
719 720
720 1134
721 722
721 957
722 672
723 724
723 1256
724 64
725 279
725 726
726 745
727 11
727 728
728 540
729 171
729 730
730 563
731 732
731 1461
732 435
733 734
733 1271
734 1095
735 736
735 1067
736 876
737 738
737 920
738 1298
739 740
739 1196
740 928
741 742
741 1580
742 198
743 467
743 744
744 1319
745 746
745 1560
746 1094
747 487
747 748
748 1395
749 77
749 750
750 791
751 361
751 752
752 1038
753 637
753 754
754 391
755 756
755 997
756 1184
757 758
757 981
758 1392
759 760
759 895
760 1006
761 173
761 762
762 990
763 4
763 764
764 1474
765 649
765 766
766 1490
767 551
767 768
768 458
769 196
769 770
770 216
771 285
771 772
772 1476
773 38
773 774
774 1314
775 337
775 776
776 878
777 778
777 1049
778 1187
779 536
779 780
780 201
781 782
781 1069
782 1189
783 321
783 784
784 262
785 786
785 1524
786 1439
787 788
787 1412
788 436
789 617
789 790
790 27
791 683
791 792
792 702
793 794
793 939
794 1087
795 796
795 931
796 896
797 388
797 798
798 168
799 258
799 800
800 267
801 802
801 1318
802 1366
803 442
803 804
804 1100
805 806
805 1001
806 661
807 506
807 808
808 250
809 810
809 954
810 1538
811 692
811 812
812 1608
813 814
813 1526
814 750
815 732
815 816
816 537
817 818
817 1593
818 623
819 820
819 1089
820 968
821 822
821 985
822 1520
823 824
823 915
824 470
825 826
825 966
826 1410
827 828
827 1079
828 1015
829 830
829 1190
830 1048
831 156
831 832
832 324
833 605
833 834
834 829
835 836
835 1023
836 1404
837 838
837 1605
838 335
839 141
839 840
840 167
841 842
841 1563
842 1483
843 844
843 1391
844 720
845 261
845 846
846 289
847 44
847 848
848 439
849 463
849 850
850 511
851 852
851 910
852 973
853 854
853 1185
854 58
855 856
855 941
856 417
857 96
857 858
858 1480
859 667
859 860
860 206
861 297
861 862
862 921
863 643
863 864
864 802
865 866
865 1180
866 1077
867 430
867 868
868 1126
869 870
869 1192
870 268
871 757
871 872
872 902
873 237
873 874
874 1208
875 283
875 876
876 1494
877 878
877 1337
878 368
879 777
879 880
880 1034
881 213
881 882
882 1463
883 884
883 1248
884 302
885 886
885 1029
886 1370
887 105
887 888
888 861
889 37
889 890
890 1254
891 620
891 892
892 334
893 581
893 894
894 674
895 896
895 1374
896 1482
897 898
897 1433
898 1199
899 224
899 900
900 68
901 595
901 902
902 1356
903 904
903 918
904 1484
905 906
905 1221
906 1031
907 908
907 1614
908 186
909 727
909 910
910 427
911 912
911 1091
912 908
913 914
913 1379
914 1543
915 631
915 916
916 1182
917 806
917 918
918 532
919 920
919 1413
920 489
921 922
921 1030
922 873
923 139
923 924
924 129
925 429
925 926
926 843
927 928
927 1400
928 336
929 930
929 1251
930 1363
931 932
931 1290
932 548
933 174
933 934
934 457
935 223
935 936
936 830
937 938
937 1114
938 994
939 797
939 940
940 1607
941 781
941 942
942 1380
943 641
943 944
944 1352
945 946
945 1384
946 700
947 948
947 1447
948 658
949 950
949 1043
950 1040
951 952
951 1111
952 1002
953 954
953 1036
954 1355
955 40
955 956
956 1278
957 958
957 1301
958 438
959 677
959 960
960 359
961 593
961 962
962 1137
963 149
963 964
964 1156
965 966
965 1007
966 1504
967 503
967 968
968 420
969 970
969 1471
970 1449
971 21
971 972
972 170
973 961
973 974
974 138
975 375
975 976
976 52
977 978
977 1227
978 1368
979 698
979 980
980 10
981 3
981 982
982 669
983 984
983 1488
984 870
985 986
985 1024
986 1198
987 32
987 988
988 723
989 990
989 1308
990 1212
991 172
991 992
992 358
993 178
993 994
994 1078
995 382
995 996
996 214
997 207
997 998
998 1559
999 131
999 1000
1000 1050
1001 1002
1001 1057
1002 159
1003 147
1003 1004
1004 1239
1005 231
1005 1006
1006 938
1007 913
1007 1008
1008 1055
1009 1010
1009 1455
1010 1430
1011 383
1011 1012
1012 1512
1013 355
1013 1014
1014 648
1015 1016
1015 1561
1016 769
1017 57
1017 1018
1018 984
1019 846
1019 1020
1020 150
1021 633
1021 1022
1022 1348
1023 824
1023 1024
1024 547
1025 1026
1025 1464
1026 80
1027 847
1027 1028
1028 342
1029 275
1029 1030
1030 1324
1031 1032
1031 1568
1032 639
1033 570
1033 1034
1034 20
1035 729
1035 1036
1036 340
1037 113
1037 1038
1038 644
1039 545
1039 1040
1040 136
1041 1042
1041 1373
1042 682
1043 953
1043 1044
1044 5
1045 1046
1045 1544
1046 146
1047 377
1047 1048
1048 614
1049 1019
1049 1050
1050 684
1051 497
1051 1052
1052 552
1053 1054
1053 1160
1054 1148
1055 1056
1055 1450
1056 510
1057 1058
1057 1531
1058 576
1059 1060
1059 1397
1060 1444
1061 1062
1061 1603
1062 185
1063 893
1063 1064
1064 1532
1065 1066
1065 1358
1066 432
1067 1068
1067 1446
1068 496
1069 856
1069 1070
1070 1525
1071 1058
1071 1072
1072 30
1073 1074
1073 1141
1074 12
1075 1076
1075 1554
1076 199
1077 46
1077 1078
1078 1329
1079 403
1079 1080
1080 656
1081 826
1081 1082
1082 87
1083 389
1083 1084
1084 352
1085 1086
1085 1249
1086 155
1087 1088
1087 1493
1088 65
1089 1090
1089 1389
1090 1340
1091 709
1091 1092
1092 890
1093 412
1093 1094
1094 472
1095 1096
1095 1596
1096 177
1097 515
1097 1098
1098 1385
1099 1100
1099 1454
1100 546
1101 1102
1101 1415
1102 298
1103 421
1103 1104
1104 703
1105 1106
1105 1485
1106 200
1107 919
1107 1108
1108 1294
1109 635
1109 1110
1110 205
1111 963
1111 1112
1112 944
1113 1114
1113 1547
1114 287
1115 153
1115 1116
1116 607
1117 901
1117 1118
1118 608
1119 1120
1119 1509
1120 1317
1121 883
1121 1122
1122 1417
1123 842
1123 1124
1124 894
1125 958
1125 1126
1126 1106
1127 1128
1127 1457
1128 1327
1129 1130
1129 1367
1130 293
1131 610
1131 1132
1132 762
1133 1033
1133 1134
1134 1076
1135 1136
1135 1195
1136 821
1137 521
1137 1138
1138 770
1139 1140
1139 1445
1140 54
1141 502
1141 1142
1142 504
1143 1021
1143 1144
1144 366
1145 166
1145 1146
1146 1000
1147 278
1147 1148
1148 28
1149 53
1149 1150
1150 1217
1151 1046
1151 1152
1152 676
1153 584
1153 1154
1154 1434
1155 784
1155 1156
1156 48
1157 525
1157 1158
1158 1287
1159 567
1159 1160
1160 854
1161 350
1161 1162
1162 1458
1163 306
1163 1164
1164 744
1165 374
1165 1166
1166 1388
1167 19
1167 1168
1168 1242
1169 1144
1169 1170
1170 556
1171 695
1171 1172
1172 1534
1173 365
1173 1174
1174 1103
1175 855
1175 1176
1176 782
1177 475
1177 1178
1178 798
1179 773
1179 1180
1180 1096
1181 406
1181 1182
1182 1282
1183 221
1183 1184
1184 833
1185 23
1185 1186
1186 694
1187 249
1187 1188
1188 118
1189 104
1189 1190
1190 867
1191 549
1191 1192
1192 1602
1193 1194
1193 1401
1194 1351
1195 1130
1195 1196
1196 1518
1197 1060
1197 1198
1198 1
1199 1200
1199 1600
1200 924
1201 592
1201 1202
1202 1562
1203 747
1203 1204
1204 1364
1205 947
1205 1206
1206 1473
1207 1208
1207 1344
1208 1272
1209 776
1209 1210
1210 390
1211 88
1211 1212
1212 632
1213 949
1213 1214
1214 175
1215 975
1215 1216
1216 780
1217 317
1217 1218
1218 1292
1219 1220
1219 1339
1220 400
1221 837
1221 1222
1222 1305
1223 401
1223 1224
1224 243
1225 1226
1225 1323
1226 714
1227 1228
1227 1497
1228 1552
1229 1230
1229 1546
1230 1125
1231 31
1231 1232
1232 1225
1233 998
1233 1234
1234 926
1235 1085
1235 1236
1236 322
1237 1223
1237 1238
1238 600
1239 1013
1239 1240
1240 690
1241 450
1241 1242
1242 42
1243 92
1243 1244
1244 932
1245 481
1245 1246
1246 1262
1247 733
1247 1248
1248 241
1249 587
1249 1250
1250 859
1251 73
1251 1252
1252 1037
1253 879
1253 1254
1254 157
1255 697
1255 1256
1256 17
1257 1258
1257 1549
1258 1361
1259 1108
1259 1260
1260 1353
1261 384
1261 1262
1262 1074
1263 161
1263 1264
1264 865
1265 120
1265 1266
1266 376
1267 1268
1267 1462
1268 967
1269 1270
1269 1377
1270 754
1271 291
1271 1272
1272 912
1273 1235
1273 1274
1274 95
1275 79
1275 1276
1276 1459
1277 280
1277 1278
1278 116
1279 1243
1279 1280
1280 986
1281 810
1281 1282
1282 2
1283 1158
1283 1284
1284 1277
1285 219
1285 1286
1286 1168
1287 687
1287 1288
1288 1589
1289 305
1289 1290
1290 411
1291 882
1291 1292
1292 1530
1293 1294
1293 1541
1294 1283
1295 145
1295 1296
1296 434
1297 597
1297 1298
1298 906
1299 543
1299 1300
1300 189
1301 181
1301 1302
1302 1062
1303 1109
1303 1304
1304 493
1305 707
1305 1306
1306 75
1307 500
1307 1308
1308 972
1309 1061
1309 1310
1310 194
1311 679
1311 1312
1312 1116
1313 801
1313 1314
1314 158
1315 557
1315 1316
1316 1005
1317 416
1317 1318
1318 1406
1319 1320
1319 1590
1320 742
1321 977
1321 1322
1322 265
1323 888
1323 1324
1324 624
1325 254
1325 1326
1326 1028
1327 1328
1327 1431
1328 793
1329 1202
1329 1330
1330 398
1331 1332
1331 1453
1332 269
1333 1145
1333 1334
1334 1281
1335 501
1335 1336
1336 1218
1337 845
1337 1338
1338 1505
1339 1338
1339 1340
1340 1263
1341 1136
1341 1342
1342 766
1343 969
1343 1344
1344 734
1345 577
1345 1346
1346 1104
1347 1348
1347 1365
1348 94
1349 789
1349 1350
1350 469
1351 134
1351 1352
1352 927
1353 247
1353 1354
1354 1092
1355 311
1355 1356
1356 704
1357 260
1357 1358
1358 466
1359 1041
1359 1360
1360 1269
1361 1362
1361 1429
1362 362
1363 722
1363 1364
1364 569
1365 665
1365 1366
1366 16
1367 1289
1367 1368
1368 650
1369 154
1369 1370
1370 736
1371 1157
1371 1372
1372 1008
1373 1374
1373 1405
1374 1124
1375 991
1375 1376
1376 1309
1377 1378
1377 1516
1378 1264
1379 1167
1379 1380
1380 1350
1381 1070
1381 1382
1382 1178
1383 1032
1383 1384
1384 519
1385 1386
1385 1572
1386 513
1387 535
1387 1388
1388 1522
1389 935
1389 1390
1390 1245
1391 1142
1391 1392
1392 1428
1393 937
1393 1394
1394 1320
1395 1052
1395 1396
1396 1138
1397 1398
1397 1601
1398 299
1399 1400
1399 1503
1400 329
1401 195
1401 1402
1402 1234
1403 446
1403 1404
1404 850
1405 699
1405 1406
1406 1332
1407 1396
1407 1408
1408 746
1409 1213
1409 1410
1410 1347
1411 1047
1411 1412
1412 1564
1413 1173
1413 1414
1414 264
1415 1416
1415 1604
1416 922
1417 898
1417 1418
1418 933
1419 1291
1419 1420
1420 772
1421 571
1421 1422
1422 39
1423 6
1423 1424
1424 1171
1425 529
1425 1426
1426 1594
1427 407
1427 1428
1428 1276
1429 1421
1429 1430
1430 230
1431 1316
1431 1432
1432 1555
1433 671
1433 1434
1434 670
1435 477
1435 1436
1436 130
1437 399
1437 1438
1438 179
1439 1220
1439 1440
1440 1228
1441 1059
1441 1442
1442 1216
1443 1081
1443 1444
1444 274
1445 1257
1445 1446
1446 1523
1447 1432
1447 1448
1448 1064
1449 1435
1449 1450
1450 1025
1451 1252
1451 1452
1452 1599
1453 452
1453 1454
1454 756
1455 1456
1455 1613
1456 499
1457 1458
1457 1585
1458 638
1459 190
1459 1460
1460 1382
1461 1159
1461 1462
1462 1322
1463 397
1463 1464
1464 678
1465 828
1465 1466
1466 642
1467 1123
1467 1468
1468 410
1469 133
1469 1470
1470 815
1471 41
1471 1472
1472 1591
1473 1236
1473 1474
1474 1570
1475 67
1475 1476
1476 1500
1477 84
1477 1478
1478 34
1479 47
1479 1480
1480 1466
1481 187
1481 1482
1482 664
1483 480
1483 1484
1484 1068
1485 685
1485 1486
1486 528
1487 245
1487 1488
1488 1275
1489 505
1489 1490
1490 1586
1491 55
1491 1492
1492 1054
1493 1099
1493 1494
1494 440
1495 227
1495 1496
1496 1080
1497 1071
1497 1498
1498 808
1499 89
1499 1500
1500 1426
1501 710
1501 1502
1502 1110
1503 1259
1503 1504
1504 1261
1505 1369
1505 1506
1506 202
1507 1489
1507 1508
1508 838
1509 1510
1509 1511
1510 330
1511 1295
1511 1512
1512 1542
1513 1207
1513 1514
1514 160
1515 413
1515 1516
1516 1393
1517 573
1517 1518
1518 346
1519 560
1519 1520
1520 402
1521 290
1521 1522
1522 562
1523 208
1523 1524
1524 1065
1525 1306
1525 1526
1526 1519
1527 634
1527 1528
1528 255
1529 1004
1529 1530
1530 886
1531 29
1531 1532
1532 7
1533 1375
1533 1534
1534 372
1535 253
1535 1536
1536 686
1537 437
1537 1538
1538 478
1539 885
1539 1540
1540 1408
1541 613
1541 1542
1542 266
1543 1063
1543 1544
1544 433
1545 1371
1545 1546
1546 580
1547 123
1547 1548
1548 1456
1549 575
1549 1550
1550 602
1551 1206
1551 1552
1552 1583
1553 877
1553 1554
1554 1010
1555 209
1555 1556
1556 1477
1557 517
1557 1558
1558 363
1559 1560
1559 1566
1560 892
1561 353
1561 1562
1562 1132
1563 1260
1563 1564
1564 124
1565 339
1565 1566
1566 1470
1567 542
1567 1568
1568 295
1569 708
1569 1570
1570 594
1571 1219
1571 1572
1572 1528
1573 728
1573 1574
1574 1164
1575 929
1575 1576
1576 490
1577 1113
1577 1578
1578 151
1579 779
1579 1580
1580 63
1581 422
1581 1582
1582 281
1583 360
1583 1584
1584 1414
1585 1527
1585 1586
1586 197
1587 1487
1587 1588
1588 820
1589 338
1589 1590
1590 740
1591 1231
1591 1592
1592 1188
1593 76
1593 1594
1594 210
1595 85
1595 1596
1596 408
1597 1437
1597 1598
1598 979
1599 381
1599 1600
1600 1597
1601 1267
1601 1602
1602 615
1603 51
1603 1604
1604 111
1605 1299
1605 1606
1606 646
1607 1140
1607 1608
1608 332
1609 701
1609 1610
1610 930
1611 553
1611 1612
1612 611
1613 1191
1613 1614
1614 629
