0 183
0 653
1 61
1 247
3 637
3 778
5 1477
4 1035
4 1511
6 940
9 1063
9 1569
10 105
10 819
11 961
12 842
13 475
13 1191
15 732
15 1401
17 226
17 878
19 557
19 608
21 1318
21 1328
23 24
23 59
24 902
25 26
25 1034
26 1537
27 28
27 497
28 596
29 30
29 481
30 1083
31 32
31 1201
32 565
33 34
33 1445
34 632
35 36
35 1604
36 592
37 38
37 374
38 702
39 40
39 1347
40 591
41 42
41 431
42 1190
43 44
43 1228
44 1422
45 46
45 529
46 332
47 48
47 1091
48 536
49 50
49 914
50 1200
51 52
51 1142
52 964
53 54
53 88
54 1002
55 56
55 1317
56 864
57 58
57 339
58 302
59 60
59 214
60 126
61 62
61 1215
62 1095
63 64
63 425
64 993
65 66
65 1585
66 382
67 68
67 619
68 1213
69 70
69 1087
70 616
71 72
71 1064
72 1600
73 57
73 74
74 733
75 76
75 831
76 791
77 78
77 433
78 440
79 80
79 845
80 1490
81 82
81 923
82 333
83 84
83 542
84 1494
85 86
85 1236
86 730
87 56
87 88
88 836
89 90
89 421
90 395
91 92
91 334
92 194
93 94
93 550
94 1614
95 96
95 1109
96 246
97 98
97 241
98 582
99 100
99 987
100 381
101 102
101 371
102 118
103 76
103 104
104 862
105 106
105 509
106 600
107 108
107 197
108 1241
109 110
109 456
110 22
111 112
111 555
112 1523
113 114
113 1208
114 598
115 116
115 567
116 1384
117 118
117 837
118 414
119 120
119 1071
120 1310
121 122
121 1065
122 1332
123 124
123 262
124 537
125 126
125 638
126 120
127 128
127 641
128 1291
129 119
129 130
130 354
131 132
131 717
132 782
133 134
133 1325
134 257
135 136
135 1435
136 900
137 74
137 138
138 1538
139 140
139 1255
140 789
141 133
141 142
142 7
143 144
143 571
144 716
145 146
145 245
146 415
147 148
147 198
148 711
149 150
149 1231
150 1168
151 152
151 739
152 581
153 154
153 1259
154 814
155 156
155 881
156 1390
157 158
157 1596
158 1480
159 160
159 839
160 1484
161 162
161 407
162 1554
163 164
163 1072
164 946
165 166
165 1462
166 137
167 168
167 1541
168 580
169 170
169 351
170 41
171 172
171 1365
172 1206
173 174
173 833
174 538
175 176
175 411
176 286
177 178
177 911
178 1359
179 180
179 284
180 272
181 182
181 651
182 1151
183 184
183 1303
184 816
185 186
185 1239
186 269
187 188
187 1338
188 1271
189 190
189 1464
190 1546
191 192
191 779
192 282
193 194
193 448
194 114
195 196
195 649
196 708
197 68
197 198
198 1539
199 200
199 1143
200 1264
201 202
201 1517
202 508
203 204
203 1376
204 1299
205 206
205 948
206 1488
207 208
207 969
208 1048
209 210
209 1474
210 218
211 212
211 480
212 325
213 214
213 838
214 231
215 187
215 216
216 388
217 218
217 1117
218 1493
219 220
219 303
220 1240
221 222
221 656
222 1528
223 224
223 1296
224 614
225 177
225 226
226 154
227 228
227 1281
228 694
229 230
229 1380
230 1256
231 232
231 1409
232 20
233 234
233 543
234 276
235 236
235 454
236 906
237 238
237 1427
238 1341
239 240
239 1099
240 1421
241 242
241 1209
242 610
243 244
243 905
244 1548
245 246
245 808
246 1218
247 248
247 1057
248 973
249 250
249 893
250 931
251 252
251 369
252 92
253 254
253 1345
254 1182
255 256
255 1047
256 1578
257 202
257 258
258 1412
259 260
259 1565
260 951
261 262
261 1187
262 1088
263 264
263 1423
264 406
265 237
265 266
266 455
267 268
267 1361
268 1286
269 270
269 1612
270 1452
271 272
271 795
272 1454
273 274
273 695
274 417
275 276
275 1265
276 1406
277 278
277 1169
278 597
279 280
279 751
280 1156
281 282
281 631
282 611
283 165
283 284
284 267
285 286
285 807
286 52
287 288
287 347
288 698
289 26
289 290
290 1305
291 292
291 1531
292 1560
293 294
293 1223
294 93
295 296
295 1274
296 211
297 298
297 1567
298 869
299 300
299 335
300 1496
301 146
301 302
302 476
303 304
303 773
304 1031
305 23
305 306
306 662
307 308
307 533
308 1054
309 310
309 671
310 1199
311 312
311 1527
312 1058
313 314
313 1089
314 612
315 316
315 525
316 522
317 318
317 617
318 405
319 115
319 320
320 1069
321 322
321 813
322 920
323 289
323 324
324 870
325 326
325 1280
326 244
327 328
327 1257
328 65
329 330
329 341
330 1196
331 67
331 332
332 630
333 334
333 383
334 1549
335 336
335 1235
336 686
337 338
337 613
338 1525
339 340
339 1141
340 942
341 147
341 342
342 1507
343 344
343 998
344 443
345 86
345 346
346 1323
347 348
347 584
348 1164
349 350
349 1595
350 1024
351 352
351 1518
352 1442
353 294
353 354
354 577
355 356
355 1301
356 1460
357 358
357 1066
358 1492
359 360
359 1132
360 1222
361 362
361 742
362 877
363 364
363 749
364 164
365 366
365 950
366 444
367 368
367 707
368 424
369 287
369 370
370 1433
371 372
371 983
372 1123
373 374
373 798
374 647
375 376
375 569
376 650
377 228
377 378
378 426
379 380
379 1316
380 824
381 382
381 1602
382 200
383 384
383 1023
384 396
385 77
385 386
386 594
387 388
387 1593
388 1418
389 311
389 390
390 313
391 392
391 485
392 748
393 394
393 605
394 688
395 172
395 396
396 278
397 398
397 1010
398 1542
399 400
399 962
400 216
401 402
401 1224
402 872
403 404
403 1370
404 1457
405 406
405 1267
406 1466
407 4
407 408
408 1432
409 410
409 873
410 377
411 412
411 805
412 1183
413 189
413 414
414 574
415 416
415 1497
416 150
417 418
417 1555
418 720
419 420
419 1022
420 1096
421 243
421 422
422 1499
423 233
423 424
424 166
425 426
425 740
426 264
427 428
427 1502
428 1262
429 430
429 1465
430 737
431 432
431 823
432 254
433 434
433 1413
434 895
435 436
435 673
436 1545
437 438
437 1495
438 575
439 440
439 531
440 49
441 442
441 818
442 1456
443 444
443 1322
444 234
445 446
445 500
446 675
447 448
447 1333
448 1308
449 450
449 628
450 1526
451 452
451 633
452 1362
453 307
453 454
454 1476
455 456
455 1013
456 868
457 458
457 982
458 957
459 460
459 1158
460 469
461 462
461 1451
462 604
463 464
463 1185
464 672
465 466
465 967
466 620
467 468
467 505
468 810
469 470
469 492
470 220
471 472
471 547
472 1330
473 315
473 474
474 1558
475 476
475 888
476 654
477 478
477 1284
478 1468
479 480
479 1295
480 413
481 263
481 482
482 1070
483 484
483 1253
484 1387
485 486
485 1261
486 1530
487 488
487 1481
488 60
489 490
489 719
490 1594
491 492
491 750
492 978
493 494
493 1161
494 310
495 496
495 1111
496 830
497 498
497 691
498 190
499 195
499 500
500 1146
501 502
501 1375
502 1424
503 217
503 504
504 163
505 392
505 506
506 934
507 508
507 1536
508 1144
509 510
509 1579
510 352
511 158
511 512
512 1366
513 514
513 1220
514 316
515 516
515 885
516 669
517 506
517 518
518 1448
519 520
519 736
520 1572
521 397
521 522
522 1232
523 524
523 1606
524 449
525 526
525 1211
526 768
527 528
527 991
528 84
529 530
529 1431
530 936
531 532
531 623
532 432
533 534
533 1081
534 595
535 536
535 755
536 1491
537 538
537 1552
538 1230
539 178
539 540
540 548
541 542
541 1293
542 37
543 544
543 1402
544 646
545 546
545 1101
546 1148
547 548
547 1258
548 359
549 550
549 1601
550 1090
551 290
551 552
552 706
553 554
553 1568
554 1051
555 556
555 1167
556 1533
557 558
557 1535
558 954
559 356
559 560
560 1032
561 562
561 1015
562 142
563 191
563 564
564 1290
565 566
565 1419
566 1356
567 568
567 971
568 1203
569 30
569 570
570 298
571 572
571 714
572 1166
573 574
573 1389
574 534
575 576
575 801
576 6
577 386
577 578
578 1342
579 580
579 1205
580 700
581 582
581 674
582 196
583 584
583 1269
584 1591
585 586
585 956
586 1436
587 87
587 588
588 122
589 590
589 937
590 764
591 592
591 1500
592 270
593 594
593 603
594 540
595 90
595 596
596 412
597 598
597 941
598 1478
599 600
599 701
600 642
601 201
601 602
602 511
603 439
603 604
604 1050
605 606
605 1130
606 799
607 608
607 1597
608 296
609 610
609 1252
610 85
611 612
611 1396
612 852
613 100
613 614
614 210
615 616
615 1608
616 1288
617 618
617 1505
618 683
619 620
619 847
620 1078
621 622
621 1353
622 429
623 624
623 1379
624 486
625 626
625 1570
626 64
627 507
627 628
628 1391
629 95
629 630
630 666
631 632
631 935
632 394
633 634
633 1001
634 460
635 636
635 1587
636 1145
637 161
637 638
638 1403
639 135
639 640
640 986
641 642
641 1319
642 1136
643 644
643 916
644 1094
645 89
645 646
646 1312
647 648
647 724
648 256
649 192
649 650
650 212
651 652
651 1127
652 322
653 654
653 1543
654 410
655 265
655 656
656 1272
657 363
657 658
658 1307
659 660
659 1519
660 1441
661 662
661 1414
662 160
663 664
663 907
664 1584
665 666
665 721
666 1037
667 47
667 668
668 199
669 343
669 670
670 532
671 672
671 697
672 38
673 674
673 1515
674 337
675 676
675 760
676 180
677 209
677 678
678 1270
679 5
679 680
680 324
681 682
681 1329
682 1040
683 684
683 770
684 466
685 686
685 1250
686 1116
687 688
687 1155
688 1268
689 690
689 713
690 843
691 692
691 1302
692 1119
693 694
693 1581
694 1439
695 696
695 753
696 145
697 698
697 997
698 402
699 700
699 1559
700 590
701 83
701 702
702 474
703 704
703 1134
704 1277
705 586
705 706
706 519
707 708
707 853
708 494
709 681
709 710
710 66
711 563
711 712
712 977
713 714
713 1583
714 390
715 239
715 716
716 128
717 367
717 718
718 1544
719 720
719 1049
720 1011
721 479
721 722
722 1020
723 724
723 812
724 1014
725 726
725 1577
726 644
727 728
727 1443
728 51
729 157
729 730
730 300
731 1
731 732
732 321
733 734
733 1212
734 1434
735 152
735 736
736 116
737 738
737 1512
738 756
739 740
739 859
740 11
741 742
741 1425
742 758
743 744
743 1234
744 365
745 746
745 1025
746 972
747 748
747 891
748 350
749 423
749 750
750 796
751 291
751 752
752 441
753 483
753 754
754 117
755 756
755 913
756 336
757 645
757 758
758 169
759 409
759 760
760 806
761 762
761 1551
762 18
763 588
763 764
764 1026
765 204
765 766
766 96
767 768
767 1449
768 832
769 770
769 1417
770 94
771 696
771 772
772 932
773 774
773 1121
774 1509
775 248
775 776
776 50
777 693
777 778
778 1244
779 780
779 1506
780 1471
781 782
781 1397
782 1404
783 434
783 784
784 175
785 786
785 979
786 1348
787 99
787 788
788 208
789 144
789 790
790 727
791 792
791 1398
792 306
793 430
793 794
794 109
795 796
795 1346
796 1086
797 798
797 1245
798 1043
799 330
799 800
800 464
801 593
801 802
802 1382
803 323
803 804
804 1112
805 553
805 806
806 1160
807 808
807 1463
808 759
809 810
809 1170
810 1153
811 812
811 1383
812 1450
813 280
813 814
814 517
815 462
815 816
816 326
817 606
817 818
818 1055
819 361
819 820
820 1217
821 186
821 822
822 634
823 521
823 824
824 1416
825 587
825 826
826 820
827 14
827 828
828 170
829 515
829 830
830 1104
831 832
831 1263
832 1357
833 689
833 834
834 883
835 836
835 1298
836 1184
837 838
837 1378
838 1315
839 840
839 1453
840 399
841 842
841 1197
842 766
843 288
843 844
844 1122
845 846
845 1021
846 1331
847 848
847 887
848 927
849 729
849 850
850 578
851 852
851 1369
852 1138
853 854
853 1351
854 1076
855 275
855 856
856 1075
857 858
857 1311
858 174
859 329
859 860
860 728
861 849
861 862
862 734
863 731
863 864
864 1125
865 841
865 866
866 143
867 821
867 868
868 366
869 870
869 1227
870 704
871 281
871 872
872 1514
873 874
873 1006
874 376
875 29
875 876
876 1204
877 878
877 949
878 776
879 880
879 1479
880 379
881 827
881 882
882 1392
883 884
883 1249
884 988
885 277
885 886
886 24
887 437
887 888
888 1279
889 890
889 1061
890 450
891 745
891 892
892 762
893 273
893 894
894 663
895 55
895 896
896 545
897 526
897 898
898 1503
899 452
899 900
900 793
901 173
901 902
902 1520
903 495
903 904
904 570
905 906
905 921
906 1360
907 141
907 908
908 960
909 910
909 1374
910 1260
911 42
911 912
912 308
913 516
913 914
914 12
915 777
915 916
916 1469
917 918
917 1400
918 1192
919 709
919 920
920 8
921 922
921 1129
922 78
923 741
923 924
924 953
925 238
925 926
926 1344
927 928
927 1563
928 679
929 930
929 1598
930 910
931 648
931 932
932 992
933 934
933 1107
934 11
935 875
935 936
936 1135
937 938
937 1214
938 1152
939 589
939 940
940 1248
941 942
941 1018
942 685
943 636
943 944
944 558
945 364
945 946
946 1176
947 948
947 1189
948 338
949 950
949 1411
950 458
951 952
951 1085
952 752
953 73
953 954
954 63
955 956
955 1147
956 299
957 609
957 958
958 504
959 924
959 960
960 1394
961 876
961 962
962 491
963 585
963 964
964 763
965 966
965 1275
966 344
967 181
967 968
968 31
969 970
969 1343
970 561
971 865
971 972
972 1067
973 124
973 974
974 1410
975 576
975 976
976 420
977 898
977 978
978 471
979 980
979 1304
980 378
981 982
981 1195
982 451
983 984
983 1575
984 82
985 345
985 986
986 129
987 988
987 1115
988 5
989 75
989 990
990 250
991 992
991 1039
992 722
993 994
993 1472
994 1388
995 353
995 996
996 502
997 797
997 998
998 668
999 1000
999 1534
1000 518
1001 297
1001 1002
1002 527
1003 1004
1003 1177
1004 1247
1005 266
1005 1006
1006 624
1007 355
1007 1008
1008 1180
1009 771
1009 1010
1010 1420
1011 91
1011 1012
1012 182
1013 1014
1013 1029
1014 854
1015 925
1015 1016
1016 640
1017 473
1017 1018
1018 803
1019 373
1019 1020
1020 235
1021 465
1021 1022
1022 919
1023 185
1023 1024
1024 866
1025 1026
1025 1118
1026 1000
1027 851
1027 1028
1028 493
1029 661
1029 1030
1030 1016
1031 811
1031 1032
1032 738
1033 97
1033 1034
1034 1042
1035 725
1035 1036
1036 692
1037 835
1037 1038
1038 1131
1039 419
1039 1040
1040 17
1041 659
1041 1042
1042 357
1043 1044
1043 1487
1044 1368
1045 857
1045 1046
1046 1516
1047 1048
1047 1589
1048 404
1049 225
1049 1050
1050 786
1051 19
1051 1052
1052 1221
1053 438
1053 1054
1054 1038
1055 1056
1055 1102
1056 1074
1057 947
1057 1058
1058 1314
1059 35
1059 1060
1060 1582
1061 523
1061 1062
1062 1106
1063 1064
1063 1573
1064 370
1065 639
1065 1066
1066 1186
1067 676
1067 1068
1068 1586
1069 222
1069 1070
1070 1120
1071 599
1071 1072
1072 790
1073 240
1073 1074
1074 974
1075 965
1075 1076
1076 1046
1077 499
1077 1078
1078 21
1079 761
1079 1080
1080 703
1081 943
1081 1082
1082 1178
1083 111
1083 1084
1084 110
1085 1086
1085 1321
1086 138
1087 1088
1087 1113
1088 81
1089 1073
1089 1090
1090 236
1091 1092
1091 1415
1092 1012
1093 1094
1093 1207
1094 1603
1095 908
1095 1096
1096 1354
1097 259
1097 1098
1098 1407
1099 207
1099 1100
1100 1098
1101 1102
1101 1246
1102 206
1103 40
1103 1104
1104 710
1105 422
1105 1106
1106 229
1107 1108
1107 1154
1108 980
1109 643
1109 1110
1110 822
1111 1112
1111 1473
1112 387
1113 260
1113 1114
1114 15
1115 1116
1115 1395
1116 1276
1117 1118
1117 1273
1118 861
1119 44
1119 1120
1120 794
1121 757
1121 1122
1122 562
1123 601
1123 1124
1124 1470
1125 295
1125 1126
1126 826
1127 268
1127 1128
1128 546
1129 1130
1129 1605
1130 825
1131 230
1131 1132
1132 442
1133 328
1133 1134
1134 566
1135 140
1135 1136
1136 1557
1137 784
1137 1138
1138 976
1139 188
1139 1140
1140 788
1141 1142
1141 1364
1142 800
1143 468
1143 1144
1144 39
1145 541
1145 1146
1146 1508
1147 1148
1147 1229
1148 975
1149 293
1149 1150
1150 1292
1151 103
1151 1152
1152 772
1153 984
1153 1154
1154 544
1155 349
1155 1156
1156 535
1157 928
1157 1158
1158 1254
1159 403
1159 1160
1160 996
1161 1162
1161 1447
1162 1438
1163 312
1163 1164
1164 252
1165 1166
1165 1377
1166 995
1167 573
1167 1168
1168 520
1169 33
1169 1170
1170 1114
1171 1172
1171 1446
1172 1068
1173 10
1173 1174
1174 896
1175 1176
1175 1540
1176 1336
1177 167
1177 1178
1178 625
1179 944
1179 1180
1180 1355
1181 457
1181 1182
1182 1282
1183 318
1183 1184
1184 539
1185 305
1185 1186
1186 43
1187 227
1187 1188
1188 1510
1189 1190
1189 1501
1190 912
1191 989
1191 1192
1192 775
1193 1194
1193 1352
1194 1610
1195 1196
1195 1553
1196 1486
1197 489
1197 1198
1198 1339
1199 1163
1199 1200
1200 746
1201 255
1201 1202
1202 1313
1203 855
1203 1204
1204 314
1205 1206
1205 1297
1206 1004
1207 156
1207 1208
1208 744
1209 203
1209 1210
1210 514
1211 1052
1211 1212
1212 401
1213 319
1213 1214
1214 1521
1215 1216
1215 1320
1216 219
1217 459
1217 1218
1218 168
1219 781
1219 1220
1220 148
1221 45
1221 1222
1222 1278
1223 1224
1223 1483
1224 664
1225 1226
1225 1349
1226 428
1227 48
1227 1228
1228 1198
1229 1202
1229 1230
1230 670
1231 607
1231 1232
1232 446
1233 139
1233 1234
1234 453
1235 1059
1235 1236
1236 224
1237 301
1237 1238
1238 867
1239 98
1239 1240
1240 652
1241 27
1241 1242
1242 6
1243 215
1243 1244
1244 1547
1245 1246
1245 1467
1246 1561
1247 899
1247 1248
1248 1562
1249 699
1249 1250
1250 253
1251 153
1251 1252
1252 70
1253 447
1253 1254
1254 1251
1255 331
1255 1256
1256 1157
1257 783
1257 1258
1258 1056
1259 884
1259 1260
1260 892
1261 393
1261 1262
1262 705
1263 1219
1263 1264
1264 850
1265 309
1265 1266
1266 503
1267 918
1267 1268
1268 1532
1269 568
1269 1270
1270 1124
1271 846
1271 1272
1272 904
1273 1028
1273 1274
1274 54
1275 1139
1275 1276
1276 858
1277 360
1277 1278
1278 564
1279 1045
1279 1280
1280 792
1281 1282
1281 1475
1282 80
1283 1284
1283 1571
1284 1009
1285 501
1285 1286
1286 1326
1287 615
1287 1288
1288 1237
1289 34
1289 1290
1290 1162
1291 726
1291 1292
1292 408
1293 780
1293 1294
1294 1238
1295 342
1295 1296
1296 242
1297 1298
1297 1334
1298 123
1299 1300
1299 1337
1300 1008
1301 667
1301 1302
1302 1524
1303 1233
1303 1304
1304 79
1305 1300
1305 1306
1306 58
1307 1308
1307 1611
1308 427
1309 155
1309 1310
1310 205
1311 1309
1311 1312
1312 990
1313 765
1313 1314
1314 1350
1315 802
1315 1316
1316 304
1317 1041
1317 1318
1318 348
1319 1320
1319 1428
1320 1607
1321 787
1321 1322
1322 1019
1323 25
1323 1324
1324 1306
1325 1326
1325 1485
1326 279
1327 69
1327 1328
1328 1084
1329 678
1329 1330
1330 860
1331 134
1331 1332
1332 882
1333 385
1333 1334
1334 1371
1335 461
1335 1336
1336 1405
1337 1159
1337 1338
1338 32
1339 358
1339 1340
1340 496
1341 1342
1341 1522
1342 1210
1343 809
1343 1344
1344 1444
1345 1346
1345 1372
1346 1426
1347 723
1347 1348
1348 1030
1349 735
1349 1350
1350 176
1351 389
1351 1352
1352 513
1353 391
1353 1354
1354 1324
1355 874
1355 1356
1356 682
1357 1062
1357 1358
1358 1588
1359 340
1359 1360
1360 1550
1361 747
1361 1362
1362 125
1363 101
1363 1364
1364 1100
1365 327
1365 1366
1366 400
1367 1082
1367 1368
1368 72
1369 848
1369 1370
1370 880
1371 1372
1371 1381
1372 1242
1373 223
1373 1374
1374 36
1375 171
1375 1376
1376 901
1377 283
1377 1378
1378 554
1379 121
1379 1380
1380 1173
1381 660
1381 1382
1382 477
1383 159
1383 1384
1384 909
1385 113
1385 1386
1386 658
1387 251
1387 1388
1388 999
1389 1390
1389 1576
1390 917
1391 292
1391 1392
1392 258
1393 3
1393 1394
1394 958
1395 1003
1395 1396
1396 467
1397 677
1397 1398
1398 552
1399 1285
1399 1400
1400 579
1401 915
1401 1402
1402 1599
1403 602
1403 1404
1404 62
1405 1406
1405 1592
1406 512
1407 1408
1407 1430
1408 1566
1409 622
1409 1410
1410 1092
1411 445
1411 1412
1412 938
1413 1216
1413 1414
1414 621
1415 1416
1415 1455
1416 1385
1417 828
1417 1418
1418 1194
1419 108
1419 1420
1420 1079
1421 856
1421 1422
1422 528
1423 894
1423 1424
1424 1564
1425 1077
1425 1426
1426 718
1427 1428
1427 1461
1428 285
1429 1430
1429 1489
1430 102
1431 767
1431 1432
1432 482
1433 1093
1433 1434
1434 922
1435 375
1435 1436
1436 1150
1437 1386
1437 1438
1438 1408
1439 945
1439 1440
1440 680
1441 1442
1441 1459
1442 398
1443 1171
1443 1444
1444 1340
1445 1446
1445 1513
1446 1128
1447 955
1447 1448
1448 926
1449 687
1449 1450
1450 897
1451 829
1451 1452
1452 1036
1453 1193
1453 1454
1454 560
1455 71
1455 1456
1456 510
1457 1080
1457 1458
1458 1108
1459 715
1459 1460
1460 1174
1461 261
1461 1462
1462 1363
1463 9
1463 1464
1464 743
1465 629
1465 1466
1466 12
1467 774
1467 1468
1468 1126
1469 968
1469 1470
1470 1105
1471 1017
1471 1472
1472 804
1473 249
1473 1474
1474 1053
1475 274
1475 1476
1476 1289
1477 1478
1477 1482
1478 16
1479 863
1479 1480
1480 1590
1481 1005
1481 1482
1482 959
1483 380
1483 1484
1484 1440
1485 981
1485 1486
1486 1149
1487 1367
1487 1488
1488 572
1489 769
1489 1490
1490 1060
1491 815
1491 1492
1492 184
1493 1494
1493 1609
1494 320
1495 149
1495 1496
1496 1179
1497 963
1497 1498
1498 472
1499 1133
1499 1500
1500 1556
1501 903
1501 1502
1502 1225
1503 952
1503 1504
1504 418
1505 127
1505 1506
1506 53
1507 1097
1507 1508
1508 346
1509 1510
1509 1529
1510 559
1511 1287
1511 1512
1512 933
1513 665
1513 1514
1514 232
1515 1283
1515 1516
1516 1103
1517 785
1517 1518
1518 112
1519 583
1519 1520
1520 966
1521 1033
1521 1522
1522 1175
1523 1429
1523 1524
1524 362
1525 524
1525 1526
1526 271
1527 107
1527 1528
1528 416
1529 655
1529 1530
1530 929
1531 1027
1531 1532
1532 994
1533 193
1533 1534
1534 130
1535 436
1535 1536
1536 1574
1537 488
1537 1538
1538 1458
1539 1399
1539 1540
1540 886
1541 1007
1541 1542
1542 490
1543 151
1543 1544
1544 690
1545 627
1545 1546
1546 1358
1547 626
1547 1548
1548 1294
1549 1044
1549 1550
1550 890
1551 985
1551 1552
1552 840
1553 1335
1553 1554
1554 487
1555 1165
1555 1556
1556 384
1557 136
1557 1558
1558 844
1559 162
1559 1560
1560 1504
1561 1373
1561 1562
1562 618
1563 1181
1563 1564
1564 2
1565 635
1565 1566
1566 1226
1567 435
1567 1568
1568 213
1569 871
1569 1570
1570 817
1571 1393
1571 1572
1572 498
1573 179
1573 1574
1574 657
1575 317
1575 1576
1576 484
1577 1137
1577 1578
1578 712
1579 28
1579 1580
1580 1498
1581 549
1581 1582
1582 930
1583 13
1583 1584
1584 530
1585 889
1585 1586
1586 684
1587 463
1587 1588
1588 104
1589 754
1589 1590
1590 970
1591 1327
1591 1592
1592 1110
1593 132
1593 1594
1594 1172
1595 1437
1595 1596
1596 46
1597 879
1597 1598
1598 1266
1599 1600
1599 1613
1600 1580
1601 372
1601 1602
1602 1188
1603 106
1603 1604
1604 556
1605 131
1605 1606
1606 478
1607 939
1607 1608
1608 834
1609 221
1609 1610
1610 470
1611 368
1611 1612
1612 1140
1613 1243
1613 1614
1614 551
